0 0.3495435393258427 0.7080992509363296 0.3572682584269663 0.7165262172284644 0.35410814606741575 0.7268258426966292 0.3532303370786517 0.739934456928839 0.3590238764044944 0.7553838951310862 0.355688202247191 0.761938202247191 0.3491924157303371 0.7670880149812734 0.3298806179775281 0.7588951310861424 0.3246137640449438 0.7516385767790262 0.3237359550561798 0.7453183520599251 0.3258426966292135 0.7223782771535581 0.3493679775280899 0.7080992509363296
0 0.6099016853932584 0.5224719101123596 0.6169241573033708 0.5259831460674157 0.6199087078651685 0.5311329588014981 0.6227176966292135 0.547752808988764 0.6200842696629213 0.5582865168539326 0.6097261235955056 0.5646067415730337 0.6004213483146067 0.5625 0.5939255617977528 0.5571161048689138 0.5912921348314607 0.536750936329588 0.5972612359550562 0.5259831460674157 0.6097261235955056 0.5224719101123596
0 0.6339536516853933 0.5933988764044944 0.6481741573033708 0.6025280898876404 0.6548455056179775 0.6156367041198502 0.6550210674157303 0.6271067415730337 0.6523876404494382 0.6357677902621723 0.6439606741573034 0.6423220973782772 0.6285112359550562 0.6374063670411985 0.6221910112359551 0.6156367041198502 0.621313202247191 0.6088483146067416 0.6255266853932584 0.5957397003745318 0.6337780898876404 0.5933988764044944
0 0.3140800561797753 0.7125468164794008 0.3200491573033708 0.7167602996254682 0.32514044943820225 0.7343164794007491 0.32110252808988765 0.7544475655430711 0.30407303370786515 0.7588951310861424 0.293188202247191 0.7588951310861424 0.2893258426966292 0.7549157303370787 0.29564606741573035 0.7296348314606742 0.29933286516853935 0.7223782771535581 0.3063553370786517 0.7151217228464419 0.31390449438202245 0.7127808988764045
0 0.5479283707865169 0.5287921348314607 0.5537219101123596 0.5323033707865169 0.558813202247191 0.5395599250936329 0.5603932584269663 0.5545411985018727 0.5565308988764045 0.5653089887640449 0.5433637640449438 0.5732677902621723 0.5398525280898876 0.572565543071161 0.5324789325842697 0.5641385767790262 0.5301966292134831 0.5479868913857678 0.5317766853932584 0.5388576779026217 0.5354634831460674 0.5327715355805244 0.5433637640449438 0.5283239700374532 0.547752808988764 0.5287921348314607
0 0.5233497191011236 0.524812734082397 0.53125 0.5355805243445693 0.5287921348314607 0.5571161048689138 0.5224719101123596 0.5678838951310862 0.5138693820224719 0.5711610486891385 0.5040379213483146 0.5688202247191011 0.49912219101123595 0.5641385767790262 0.4977176966292135 0.540496254681648 0.5075491573033708 0.5292602996254682 0.5231741573033708 0.524812734082397
0 0.27018960674157305 0.5337078651685393 0.2717696629213483 0.5433052434456929 0.28072331460674155 0.5503277153558053 0.28423455056179775 0.5573501872659176 0.272998595505618 0.5737359550561798 0.27247191011235955 0.5941011235955056 0.2659761235955056 0.5973782771535581 0.26264044943820225 0.5950374531835206 0.25509129213483145 0.5798220973782772 0.25298455056179775 0.5639044943820225 0.25474016853932585 0.5564138576779026 0.2612359550561798 0.5472846441947565 0.26035814606741575 0.5362827715355806 0.2700140449438202 0.5337078651685393
0 0.4898174157303371 0.7036516853932584 0.5022823033707865 0.7080992509363296 0.507373595505618 0.7235486891385767 0.5061446629213483 0.7343164794007491 0.5028089887640449 0.7406367041198502 0.4982443820224719 0.7453183520599251 0.4922752808988764 0.7467228464419475 0.4799859550561798 0.7425093632958801 0.4762991573033708 0.7249531835205992 0.4768258426966292 0.7167602996254682 0.480688202247191 0.7073970037453183 0.48964185393258425 0.7036516853932584
0 0.7110252808988764 0.6437265917602997 0.7220856741573034 0.6542602996254682 0.7252457865168539 0.6645599250936329 0.7238412921348315 0.6779026217228464 0.7134831460674157 0.6863295880149812 0.7062851123595506 0.68562734082397 0.6959269662921348 0.6790730337078652 0.6908356741573034 0.6587078651685393 0.6969803370786517 0.6472378277153558 0.7108497191011236 0.6437265917602997
0 0.4529494382022472 0.5290262172284644 0.4612008426966292 0.5323033707865169 0.46804775280898875 0.5409644194756554 0.47191011235955055 0.5561797752808989 0.46962780898876405 0.5669475655430711 0.46348314606741575 0.5711610486891385 0.45224719101123595 0.5730337078651685 0.445751404494382 0.5713951310861424 0.43855337078651685 0.5632022471910112 0.43644662921348315 0.5517322097378277 0.43837780898876405 0.5395599250936329 0.44592696629213485 0.5308988764044944 0.4527738764044944 0.5292602996254682
0 0.2535112359550562 0.7155898876404494 0.25860252808988765 0.7200374531835206 0.2580758426966292 0.7277621722846442 0.2636938202247191 0.7516385767790262 0.25860252808988765 0.7579588014981273 0.24771769662921347 0.7598314606741573 0.23753511235955055 0.7595973782771536 0.23402387640449437 0.7570224719101124 0.22945926966292135 0.7490636704119851 0.2266502808988764 0.7382958801498127 0.2205056179775281 0.7343164794007491 0.22033005617977527 0.7301029962546817 0.22366573033707865 0.7221441947565543 0.23086376404494383 0.7249531835205992 0.23893960674157302 0.7195692883895131 0.25333567415730335 0.7155898876404494
0 0.682935393258427 0.5615636704119851 0.6897823033707865 0.5709269662921348 0.6901334269662921 0.5821629213483146 0.6799508426966292 0.5990168539325843 0.671875 0.6041666666666666 0.6643258426966292 0.6032303370786517 0.6544943820224719 0.5969101123595506 0.6474719101123596 0.5987827715355806 0.6455407303370787 0.5919943820224719 0.6509831460674157 0.5849719101123596 0.6502808988764045 0.574438202247191 0.6539676966292135 0.5676498127340824 0.6678370786516854 0.5617977528089888 0.6827598314606742 0.5615636704119851
0 0.2868679775280899 0.6334269662921348 0.2905547752808989 0.636938202247191 0.28616573033707865 0.6439606741573034 0.2893258426966292 0.6718164794007491 0.2768609550561798 0.6795411985018727 0.27018960674157305 0.6809456928838952 0.2612359550561798 0.6790730337078652 0.2556179775280899 0.6711142322097379 0.25280898876404495 0.6509831460674157 0.2542134831460674 0.6439606741573034 0.25860252808988765 0.638810861423221 0.2866924157303371 0.6334269662921348
0 0.3026685393258427 0.6278089887640449 0.3179424157303371 0.6294475655430711 0.32514044943820225 0.6341292134831461 0.3265449438202247 0.641619850187266 0.3246137640449438 0.651685393258427 0.3167134831460674 0.6647940074906367 0.3007373595505618 0.6711142322097379 0.293188202247191 0.670880149812734 0.289501404494382 0.6657303370786517 0.2873946629213483 0.6582397003745318 0.2873946629213483 0.647003745318352 0.28844803370786515 0.6406835205992509 0.29213483146067415 0.635065543071161 0.3024929775280899 0.6278089887640449
0 0.43662219101123595 0.7078651685393258 0.4431179775280899 0.7137172284644194 0.4450491573033708 0.7207397003745318 0.4432935393258427 0.7401685393258427 0.4396067415730337 0.74812734082397 0.43030196629213485 0.7528089887640449 0.42275280898876405 0.7514044943820225 0.41660814606741575 0.7448501872659176 0.4141502808988764 0.7378277153558053 0.41520365168539325 0.725187265917603 0.4178370786516854 0.7144194756554307 0.4215238764044944 0.709503745318352 0.43644662921348315 0.7078651685393258
0 0.5784761235955056 0.5264513108614233 0.5883075842696629 0.5334737827715356 0.5923455056179775 0.5430711610486891 0.5895365168539326 0.5603932584269663 0.5804073033707865 0.5669475655430711 0.5675912921348315 0.5636704119850188 0.5626755617977528 0.5578183520599251 0.5607443820224719 0.547752808988764 0.5607443820224719 0.5397940074906367 0.5644311797752809 0.5306647940074907 0.5709269662921348 0.5259831460674157 0.5783005617977528 0.5264513108614233
0 0.6613412921348315 0.6814138576779026 0.6732794943820225 0.6910112359550562 0.6875 0.6961610486891385 0.691186797752809 0.711376404494382 0.6882022471910112 0.7235486891385767 0.6781952247191011 0.7301029962546817 0.6685393258426966 0.7272940074906367 0.663623595505618 0.721441947565543 0.6550210674157303 0.68937265917603 0.6611657303370787 0.6816479400749064
0 0.4083567415730337 0.701310861423221 0.41151685393258425 0.7034176029962547 0.4155547752808989 0.7134831460674157 0.4141502808988764 0.7301029962546817 0.4078300561797753 0.7443820224719101 0.39975421348314605 0.7495318352059925 0.39009831460674155 0.7485955056179775 0.38570926966292135 0.7446161048689138 0.3850070224719101 0.7207397003745318 0.38957162921348315 0.7111423220973783 0.4081811797752809 0.701310861423221
0 0.6039325842696629 0.6081460674157303 0.6178019662921348 0.6118913857677902 0.6232443820224719 0.6193820224719101 0.6251755617977528 0.62687265917603 0.6253511235955056 0.6409176029962547 0.6206109550561798 0.648876404494382 0.6132373595505618 0.651685393258427 0.602001404494382 0.6474719101123596 0.597436797752809 0.6411516853932584 0.5944522471910112 0.6317883895131086 0.5930477528089888 0.6196161048689138 0.5949789325842697 0.6128277153558053 0.5986657303370787 0.6086142322097379 0.6037570224719101 0.6081460674157303
0 0.5788272471910112 0.6956928838951311 0.5918188202247191 0.7010767790262172 0.5963834269662921 0.7059925093632958 0.6023525280898876 0.7272940074906367 0.5991924157303371 0.7382958801498127 0.5955056179775281 0.7436797752808989 0.585498595505618 0.7476591760299626 0.5746137640449438 0.7413389513108615 0.5709269662921348 0.7308052434456929 0.5695224719101124 0.7200374531835206 0.5705758426966292 0.7029494382022472 0.574438202247191 0.6970973782771536 0.5786516853932584 0.6956928838951311
0 0.402563202247191 0.6596441947565543 0.4080056179775281 0.661750936329588 0.4125702247191011 0.6690074906367042 0.41309691011235955 0.6781367041198502 0.40923455056179775 0.6961610486891385 0.40098314606741575 0.7055243445692884 0.38746488764044945 0.7106741573033708 0.3790379213483146 0.7031835205992509 0.37816011235955055 0.6926498127340824 0.37991573033707865 0.6821161048689138 0.386938202247191 0.6685393258426966 0.39764747191011235 0.6601123595505618 0.4023876404494382 0.6596441947565543
0 0.25263342696629215 0.6739232209737828 0.2575491573033708 0.6818820224719101 0.25526685393258425 0.7080992509363296 0.2482443820224719 0.7134831460674157 0.2384129213483146 0.7151217228464419 0.22981039325842698 0.7134831460674157 0.22401685393258428 0.7034176029962547 0.22963483146067415 0.6825842696629213 0.2341994382022472 0.6781367041198502 0.25245786516853935 0.6739232209737828
0 0.375 0.6624531835205992 0.3827247191011236 0.6715823970037453 0.37798455056179775 0.6872659176029963 0.3769311797752809 0.7034176029962547 0.37166432584269665 0.7090355805243446 0.3609550561797753 0.7125468164794008 0.3551615168539326 0.7104400749063671 0.34901685393258425 0.6996722846441947 0.35059691011235955 0.6823501872659176 0.35797050561797755 0.6699438202247191 0.3688553370786517 0.6629213483146067 0.3748244382022472 0.6624531835205992
0 0.3769311797752809 0.7069288389513109 0.38009129213483145 0.7078651685393258 0.38395365168539325 0.714185393258427 0.38360252808988765 0.7408707865168539 0.3804424157303371 0.7483614232209738 0.36973314606741575 0.7563202247191011 0.359375 0.7535112359550562 0.3539325842696629 0.7443820224719101 0.35287921348314605 0.7340823970037453 0.35481039325842695 0.7237827715355806 0.359375 0.7153558052434457 0.3767556179775281 0.7069288389513109
0 0.36850421348314605 0.5468164794007491 0.3732443820224719 0.5491573033707865 0.3767556179775281 0.5554775280898876 0.3751755617977528 0.5779494382022472 0.3686797752808989 0.5856741573033708 0.3595505617977528 0.5896535580524345 0.34673455056179775 0.5812265917602997 0.3455056179775281 0.5639044943820225 0.3479634831460674 0.5550093632958801 0.3516502808988764 0.5503277153558053 0.3591994382022472 0.5465823970037453 0.36832865168539325 0.5468164794007491
0 0.2830056179775281 0.7153558052434457 0.29002808988764045 0.7228464419475655 0.29195926966292135 0.7375936329588015 0.2868679775280899 0.7551498127340824 0.2772120786516854 0.7567883895131086 0.2691362359550562 0.7556179775280899 0.26457162921348315 0.7516385767790262 0.2614115168539326 0.7235486891385767 0.2621137640449438 0.7202715355805244 0.2828300561797753 0.7153558052434457
0 0.5572331460674157 0.7020131086142322 0.5653089887640449 0.7080992509363296 0.5682935393258427 0.713249063670412 0.5711025280898876 0.7331460674157303 0.5691713483146067 0.7446161048689138 0.5574087078651685 0.7523408239700374 0.5502106741573034 0.7511704119850188 0.5428370786516854 0.7446161048689138 0.5384480337078652 0.7256554307116105 0.5387991573033708 0.7165262172284644 0.5424859550561798 0.7083333333333334 0.5570575842696629 0.7020131086142322
0 0.5277387640449438 0.6970973782771536 0.5308988764044944 0.6987359550561798 0.5373946629213483 0.7099719101123596 0.5382724719101124 0.7315074906367042 0.532127808988764 0.7411048689138576 0.5228230337078652 0.7448501872659176 0.5115870786516854 0.7378277153558053 0.5080758426966292 0.7127808988764045 0.5107092696629213 0.7052902621722846 0.5143960674157303 0.7017790262172284 0.527563202247191 0.6970973782771536
0 0.675561797752809 0.5187265917602997 0.6864466292134831 0.528558052434457 0.6885533707865169 0.540496254681648 0.686622191011236 0.5529026217228464 0.6811797752808989 0.5587546816479401 0.6738061797752809 0.56062734082397 0.6581811797752809 0.5540730337078652 0.6541432584269663 0.5468164794007491 0.6537921348314607 0.535814606741573 0.65625 0.5259831460674157 0.6597612359550562 0.5222378277153558 0.6674859550561798 0.5182584269662921 0.6753862359550562 0.5187265917602997
0 0.7078651685393258 0.6863295880149812 0.7166432584269663 0.68937265917603 0.7238412921348315 0.6982677902621723 0.7264747191011236 0.7062265917602997 0.727001404494382 0.713249063670412 0.7238412921348315 0.7228464419475655 0.7136587078651685 0.7305711610486891 0.7027738764044944 0.7275280898876404 0.6952247191011236 0.7167602996254682 0.692064606741573 0.7080992509363296 0.6913623595505618 0.6963951310861424 0.695751404494382 0.6872659176029963 0.707689606741573 0.6863295880149812
0 0.39905196629213485 0.5463483146067416 0.40326544943820225 0.5503277153558053 0.40537219101123595 0.5564138576779026 0.4064255617977528 0.5746722846441947 0.4018609550561798 0.5821629213483146 0.3941362359550562 0.5870786516853933 0.38553370786516855 0.5859082397003745 0.3793890449438202 0.5800561797752809 0.3765800561797753 0.5716292134831461 0.3771067415730337 0.5617977528089888 0.3793890449438202 0.5531367041198502 0.3865870786516854 0.545880149812734 0.398876404494382 0.5463483146067416
0 0.433813202247191 0.6575374531835206 0.4397823033707865 0.660814606741573 0.44469803370786515 0.6685393258426966 0.44452247191011235 0.6968632958801498 0.44013342696629215 0.7036516853932584 0.42889747191011235 0.7085674157303371 0.421875 0.7078651685393258 0.418188202247191 0.7034176029962547 0.41520365168539325 0.68562734082397 0.42433286516853935 0.6612827715355806 0.42889747191011235 0.6573033707865169 0.4336376404494382 0.6575374531835206
0 0.3142556179775281 0.5531367041198502 0.3163623595505618 0.5580524344569289 0.3140800561797753 0.5777153558052435 0.30372191011235955 0.5952715355805244 0.2945926966292135 0.600187265917603 0.2872191011235955 0.5997191011235955 0.2754564606741573 0.5943352059925093 0.2714185393258427 0.5821629213483146 0.27247191011235955 0.5742041198501873 0.2793188202247191 0.5625 0.28634129213483145 0.5559456928838952 0.300561797752809 0.5571161048689138 0.3063553370786517 0.5536048689138576 0.3140800561797753 0.5531367041198502
0 0.5877808988764045 0.6505149812734082 0.597436797752809 0.6577715355805244 0.6035814606741573 0.6809456928838952 0.6028792134831461 0.68937265917603 0.5991924157303371 0.6961610486891385 0.5921699438202247 0.6985018726591761 0.574438202247191 0.6912453183520599 0.569873595505618 0.6832865168539326 0.5679424157303371 0.6720505617977528 0.5675912921348315 0.6622191011235955 0.5704002808988764 0.6544943820224719 0.5876053370786517 0.6505149812734082
0 0.48525280898876405 0.5280898876404494 0.4957865168539326 0.5400280898876404 0.49736657303370785 0.5575842696629213 0.4924508426966292 0.5688202247191011 0.48139044943820225 0.5793539325842697 0.4762991573033708 0.5788857677902621 0.47015449438202245 0.5742041198501873 0.46927668539325845 0.5674157303370787 0.47173455056179775 0.5573501872659176 0.4683988764044944 0.5395599250936329 0.47349016853932585 0.5325374531835206 0.48507724719101125 0.5280898876404494
0 0.49280196629213485 0.6544943820224719 0.4980688202247191 0.6575374531835206 0.5021067415730337 0.6659644194756554 0.504564606741573 0.6889044943820225 0.5021067415730337 0.7008426966292135 0.49490870786516855 0.7057584269662921 0.48349719101123595 0.7038857677902621 0.4780547752808989 0.6963951310861424 0.47559691011235955 0.6863295880149812 0.47735252808988765 0.6701779026217228 0.480688202247191 0.6594101123595506 0.48718398876404495 0.6542602996254682 0.492626404494382 0.6544943820224719
0 0.31179775280898875 0.6711142322097379 0.3182935393258427 0.6783707865168539 0.31706460674157305 0.7097378277153558 0.3142556179775281 0.7127808988764045 0.3044241573033708 0.7146535580524345 0.2945926966292135 0.7111423220973783 0.288623595505618 0.6926498127340824 0.2887991573033708 0.6825842696629213 0.2949438202247191 0.6741573033707865 0.31162219101123595 0.6711142322097379
0 0.24473314606741572 0.6345973782771536 0.2556179775280899 0.6371722846441947 0.25263342696629215 0.6495786516853933 0.2540379213483146 0.6650280898876404 0.2461376404494382 0.6750936329588015 0.23560393258426968 0.6786048689138576 0.22735252808988765 0.6760299625468165 0.22401685393258428 0.6701779026217228 0.22208567415730338 0.6615168539325843 0.2226123595505618 0.6509831460674157 0.22612359550561797 0.6434925093632958 0.23367275280898878 0.636938202247191 0.24455758426966293 0.6345973782771536
0 0.4202949438202247 0.538623595505618 0.4278441011235955 0.5416666666666666 0.433813202247191 0.5482209737827716 0.43802668539325845 0.5636704119850188 0.43504213483146065 0.5777153558052435 0.4297752808988764 0.5830992509363296 0.421875 0.5842696629213483 0.41485252808988765 0.5826310861423221 0.41116573033707865 0.5781835205992509 0.40484550561797755 0.5540730337078652 0.4064255617977528 0.5461142322097379 0.41116573033707865 0.5395599250936329 0.4201193820224719 0.538623595505618
0 0.7175210674157303 0.5933988764044944 0.7227879213483146 0.5987827715355806 0.7229634831460674 0.6022940074906367 0.7182233146067416 0.6090823970037453 0.7206811797752809 0.6196161048689138 0.7203300561797753 0.6301498127340824 0.7124297752808989 0.641619850187266 0.6966292134831461 0.6451310861423221 0.6925912921348315 0.6441947565543071 0.6862710674157303 0.6287453183520599 0.6787219101123596 0.62312734082397 0.6776685393258427 0.6161048689138576 0.6803019662921348 0.6039325842696629 0.683813202247191 0.5990168539325843 0.6890800561797753 0.5969101123595506 0.7101474719101124 0.6018258426966292 0.7143609550561798 0.5945692883895131 0.7173455056179775 0.5933988764044944
0 0.5607443820224719 0.5627340823970037 0.5679424157303371 0.5674157303370787 0.5639044943820225 0.5777153558052435 0.5672401685393258 0.5950374531835206 0.5647823033707865 0.6072097378277154 0.558813202247191 0.6135299625468165 0.5470505617977528 0.6198501872659176 0.539501404494382 0.6170411985018727 0.5347612359550562 0.6095505617977528 0.5347612359550562 0.5884831460674157 0.5373946629213483 0.5779494382022472 0.543188202247191 0.5713951310861424 0.5503862359550562 0.5697565543071161 0.5605688202247191 0.5629681647940075
0 0.613061797752809 0.6872659176029963 0.6232443820224719 0.6954588014981273 0.6299157303370787 0.7134831460674157 0.6271067415730337 0.7275280898876404 0.6169241573033708 0.733380149812734 0.6039325842696629 0.7286985018726592 0.5979634831460674 0.7102059925093633 0.5984901685393258 0.7006086142322098 0.6053370786516854 0.6884363295880149 0.6128862359550562 0.6872659176029963
0 0.3358497191011236 0.5475187265917603 0.34252106741573035 0.5503277153558053 0.3458567415730337 0.5547752808988764 0.3453300561797753 0.5781835205992509 0.340063202247191 0.5868445692883895 0.32865168539325845 0.589185393258427 0.32127808988764045 0.5868445692883895 0.31706460674157305 0.5816947565543071 0.31566011235955055 0.5646067415730337 0.320751404494382 0.5522003745318352 0.32759831460674155 0.5482209737827716 0.3356741573033708 0.5475187265917603
0 0.7038272471910112 0.5198970037453183 0.7148876404494382 0.5259831460674157 0.7185744382022472 0.5397940074906367 0.7182233146067416 0.5472846441947565 0.7152387640449438 0.5545411985018727 0.706811797752809 0.5613295880149812 0.6964536516853933 0.5599250936329588 0.6890800561797753 0.5536048689138576 0.6892556179775281 0.5393258426966292 0.6857443820224719 0.5259831460674157 0.6941713483146067 0.5205992509363296 0.7036516853932584 0.5198970037453183
0 0.27615870786516855 0.5955056179775281 0.28441011235955055 0.5990168539325843 0.29037921348314605 0.6053370786516854 0.2910814606741573 0.6165730337078652 0.28405898876404495 0.6310861423220974 0.26615168539325845 0.637874531835206 0.25860252808988765 0.636938202247191 0.25509129213483145 0.6327247191011236 0.25298455056179775 0.6233614232209738 0.2535112359550562 0.6128277153558053 0.2598314606741573 0.6022940074906367 0.27598314606741575 0.5955056179775281
0 0.5990168539325843 0.5664794007490637 0.6127106741573034 0.5685861423220974 0.6234199438202247 0.577247191011236 0.625 0.5919943820224719 0.6199087078651685 0.6048689138576779 0.6162219101123596 0.6081460674157303 0.6086727528089888 0.6086142322097379 0.5991924157303371 0.6065074906367042 0.5953300561797753 0.6008895131086143 0.5911165730337079 0.5889513108614233 0.5911165730337079 0.5779494382022472 0.594627808988764 0.5702247191011236 0.5988412921348315 0.5667134831460674
0 0.46734550561797755 0.7050561797752809 0.47366573033707865 0.7099719101123596 0.4762991573033708 0.7375936329588015 0.4689255617977528 0.7497659176029963 0.46418539325842695 0.7514044943820225 0.45435393258426965 0.74812734082397 0.4475070224719101 0.7413389513108615 0.4454002808988764 0.7345505617977528 0.44592696629213485 0.7200374531835206 0.44856039325842695 0.711376404494382 0.4534761235955056 0.7057584269662921 0.4671699438202247 0.7050561797752809
0 0.6353581460674157 0.5152153558052435 0.6450140449438202 0.5184925093632958 0.6511587078651685 0.5243445692883895 0.6548455056179775 0.5536048689138576 0.6546699438202247 0.5564138576779026 0.6381671348314607 0.5596910112359551 0.6255266853932584 0.5538389513108615 0.621313202247191 0.5299625468164794 0.6221910112359551 0.5222378277153558 0.6248244382022472 0.5180243445692884 0.6299157303370787 0.5145131086142322 0.6351825842696629 0.5152153558052435
0 0.28002106741573035 0.6811797752808989 0.28651685393258425 0.6835205992509363 0.29353932584269665 0.7134831460674157 0.2698384831460674 0.7181647940074907 0.2617626404494382 0.7155898876404494 0.25702247191011235 0.7069288389513109 0.25649578651685395 0.6853932584269663 0.25877808988764045 0.6825842696629213 0.27984550561797755 0.6811797752808989
0 0.35235252808988765 0.5877808988764045 0.3558637640449438 0.5922284644194756 0.35077247191011235 0.5948033707865169 0.3534058988764045 0.6025280898876404 0.35024578651685395 0.6203183520599251 0.34234550561797755 0.6287453183520599 0.3283005617977528 0.6336610486891385 0.31759129213483145 0.6301498127340824 0.31355337078651685 0.6233614232209738 0.3140800561797753 0.6170411985018727 0.32338483146067415 0.5952715355805244 0.33128511235955055 0.5889513108614233 0.3497191011235955 0.591058052434457 0.35217696629213485 0.5880149812734082
0 0.460498595505618 0.6558988764044944 0.472436797752809 0.6610486891385767 0.47735252808988765 0.6683052434456929 0.47542134831460675 0.6959269662921348 0.4706811797752809 0.7017790262172284 0.4645365168539326 0.7043539325842697 0.44978932584269665 0.7008426966292135 0.4450491573033708 0.68937265917603 0.4454002808988764 0.6788389513108615 0.449438202247191 0.6640917602996255 0.453125 0.6575374531835206 0.46032303370786515 0.6558988764044944
1 0.23950491573033708 0.5944101123595505 0.027229634831460674 0.07302902621722847
1 0.3059936797752809 0.6060393258426966 0.022097963483146067 0.04166432584269663
1 0.44378160112359555 0.6198525280898877 0.17712254213483145 0.056811797752808986
1 0.43073209269662915 0.639257958801498 0.20135182584269665 0.02071395131086142
1 0.47136587078651687 0.6167439138576779 0.12461200842696629 0.06307818352059925
1 0.4850877808988764 0.6080969101123596 0.09704880617977528 0.08323735955056179
1 0.5641151685393259 0.6299250936329588 0.05730512640449439 0.02701310861423221
1 0.5778967696629214 0.6034503745318353 0.022835323033707864 0.07238061797752808
1 0.6363570926966292 0.5745201310861423 0.028565660112359552 0.03948970037453183
1 0.62796875 0.6619452247191011 0.053923806179775276 0.03955992509363296
1 0.6662780898876405 0.6208333333333332 0.028718398876404497 0.041603464419475655
1 0.7019259129213483 0.5789794007490637 0.027447331460674157 0.034363295880149816