0 0.35077247191011235 0.31062734082397003 0.35042134831460675 0.32045880149812733 0.35235252808988765 0.32818352059925093 0.3549859550561798 0.33286516853932585 0.3628862359550562 0.3387172284644195 0.36604634831460675 0.33965355805243447 0.3692064606741573 0.33918539325842695 0.3748244382022472 0.33590823970037453 0.3765800561797753 0.3333333333333333 0.3804424157303371 0.3227996254681648 0.3806179775280899 0.32092696629213485 0.378686797752809 0.3171816479400749 0.37447331460674155 0.3038389513108614 0.37201544943820225 0.300561797752809 0.3692064606741573 0.29868913857677903 0.36271067415730335 0.29728464419475653 0.35603932584269665 0.299625468164794 0.35235252808988765 0.30454119850187267
0 0.38553370786516855 0.32865168539325845 0.3850070224719101 0.33146067415730335 0.3862359550561798 0.34222846441947563 0.38764044943820225 0.34527153558052437 0.38781601123595505 0.3487827715355805 0.3902738764044944 0.352059925093633 0.39378511235955055 0.35346441947565543 0.4004564606741573 0.35369850187265917 0.40537219101123595 0.3522940074906367 0.40888342696629215 0.3487827715355805 0.4097612359550562 0.34176029962546817 0.41116573033707865 0.33848314606741575 0.41081460674157305 0.3342696629213483 0.41151685393258425 0.3312265917602996 0.40870786516853935 0.32467228464419473 0.4060744382022472 0.32162921348314605 0.39764747191011235 0.31741573033707865 0.39325842696629215 0.3176498127340824 0.390625 0.3213951310861423 0.386938202247191 0.32467228464419473
0 0.42082162921348315 0.3227996254681648 0.42064606741573035 0.32841760299625467 0.421875 0.33497191011235955 0.4241573033707865 0.33965355805243447 0.4276685393258427 0.3433988764044944 0.4320575842696629 0.3445692883895131 0.4376755617977528 0.34363295880149813 0.441186797752809 0.3408239700374532 0.44469803370786515 0.33497191011235955 0.4452247191011236 0.33146067415730335 0.44469803370786515 0.3211610486891386 0.4431179775280899 0.31647940074906367 0.4390800561797753 0.3113295880149813 0.43293539325842695 0.3094569288389513 0.4273174157303371 0.31062734082397003 0.4253862359550562 0.31226591760299627 0.4222261235955056 0.3171816479400749
0 0.45049157303370785 0.3295880149812734 0.45014044943820225 0.3352059925093633 0.4511938202247191 0.3403558052434457 0.4554073033707865 0.34808052434456926 0.460498595505618 0.350187265917603 0.4664676966292135 0.3485486891385768 0.4705056179775281 0.34901685393258425 0.47401685393258425 0.3464419475655431 0.4762991573033708 0.33146067415730335 0.47384129213483145 0.32162921348314605 0.46980337078651685 0.3176498127340824 0.4671699438202247 0.31647940074906367 0.4606741573033708 0.3157771535580524 0.45646067415730335 0.3169475655430712 0.4529494382022472 0.3211610486891386
0 0.4840238764044944 0.3288857677902622 0.48384831460674155 0.33192883895131087 0.4847261235955056 0.335440074906367 0.48771067415730335 0.34269662921348315 0.4906952247191011 0.34480337078651685 0.49104634831460675 0.34573970037453183 0.48964185393258425 0.3487827715355805 0.49122191011235955 0.34948501872659177 0.492626404494382 0.3487827715355805 0.49280196629213485 0.34737827715355807 0.4940308988764045 0.34620786516853935 0.49736657303370785 0.34901685393258425 0.5022823033707865 0.34948501872659177 0.5080758426966292 0.33707865168539325 0.5093047752808989 0.33029026217228463 0.5087780898876404 0.3237359550561798 0.5064957865168539 0.31624531835205993 0.5042134831460674 0.31390449438202245 0.4982443820224719 0.3113295880149813 0.4945575842696629 0.3113295880149813 0.49087078651685395 0.31296816479400746 0.4882373595505618 0.31530898876404495 0.48525280898876405 0.3213951310861423
0 0.5133426966292135 0.3274812734082397 0.5131671348314607 0.33146067415730335 0.5161516853932584 0.3398876404494382 0.5212429775280899 0.34480337078651685 0.5198384831460674 0.34831460674157305 0.5177317415730337 0.34925093632958804 0.5198384831460674 0.350187265917603 0.5226474719101124 0.3487827715355805 0.5237008426966292 0.3497191011235955 0.5294943820224719 0.3506554307116105 0.5347612359550562 0.3487827715355805 0.5335323033707865 0.3455056179775281 0.534936797752809 0.3431647940074906 0.5384480337078652 0.33146067415730335 0.538623595505618 0.3249063670411985 0.5380969101123596 0.31788389513108617 0.534936797752809 0.31390449438202245 0.5287921348314607 0.3113295880149813 0.5191362359550562 0.31413857677902624 0.5149227528089888 0.3211610486891386
0 0.5452949438202247 0.3312265917602996 0.5451193820224719 0.33941947565543074 0.5458216292134831 0.34480337078651685 0.5466994382022472 0.3485486891385768 0.5503862359550562 0.35369850187265917 0.5535463483146067 0.35580524344569286 0.5607443820224719 0.35557116104868913 0.5640800561797753 0.35252808988764045 0.5667134831460674 0.34831460674157305 0.5688202247191011 0.3408239700374532 0.5693469101123596 0.33169475655430714 0.5681179775280899 0.3274812734082397 0.566186797752809 0.32420411985018727 0.5619733146067416 0.3197565543071161 0.5570575842696629 0.31858614232209737 0.5521418539325843 0.3202247191011236 0.5489817415730337 0.323501872659176
0 0.5737359550561798 0.33590823970037453 0.5739115168539326 0.34901685393258425 0.5747893258426966 0.3522940074906367 0.5779494382022472 0.35674157303370785 0.5847963483146067 0.3600187265917603 0.5919943820224719 0.35814606741573035 0.5960323033707865 0.35580524344569286 0.6000702247191011 0.34901685393258425 0.6016502808988764 0.34129213483146065 0.6018258426966292 0.3345037453183521 0.6000702247191011 0.32771535580524347 0.5963834269662921 0.32256554307116103 0.5916432584269663 0.3202247191011236 0.5856741573033708 0.3202247191011236 0.5814606741573034 0.32209737827715357 0.5761938202247191 0.32818352059925093 0.574438202247191 0.3321629213483146
0 0.5684691011235955 0.3904494382022472 0.5682935393258427 0.39747191011235955 0.5753160112359551 0.4014513108614232 0.5779494382022472 0.40472846441947563 0.5849719101123596 0.4054307116104869 0.59375 0.4028558052434457 0.5970856741573034 0.3993445692883895 0.5995435393258427 0.3934925093632959 0.6000702247191011 0.3892790262172285 0.5993679775280899 0.37640449438202245 0.5970856741573034 0.3698501872659176 0.5916432584269663 0.3647003745318352 0.5851474719101124 0.36282771535580527 0.5779494382022472 0.3642322097378277 0.5733848314606742 0.36961610486891383
0 0.516502808988764 0.3663389513108614 0.515625 0.37312734082397003 0.5163272471910112 0.3794475655430712 0.5184339887640449 0.38459737827715357 0.5221207865168539 0.38881086142322097 0.5249297752808989 0.38974719101123595 0.5298455056179775 0.3895131086142322 0.5333567415730337 0.3881086142322097 0.5375702247191011 0.38412921348314605 0.5402036516853933 0.37640449438202245 0.5405547752808989 0.36961610486891383 0.5379213483146067 0.3616573033707865 0.5330056179775281 0.35557116104868913 0.5258075842696629 0.3553370786516854 0.5217696629213483 0.35697565543071164 0.5182584269662921 0.3609550561797753
0 0.49087078651685395 0.3663389513108614 0.4898174157303371 0.3817883895131086 0.4903441011235955 0.39068352059925093 0.49332865168539325 0.39442883895131087 0.4982443820224719 0.39864232209737827 0.5028089887640449 0.3993445692883895 0.5061446629213483 0.3981741573033708 0.5112359550561798 0.3904494382022472 0.5115870786516854 0.38249063670411987 0.5108848314606742 0.374063670411985 0.5100070224719101 0.37125468164794007 0.5075491573033708 0.36797752808988765 0.5021067415730337 0.36540262172284643 0.4984199438202247 0.3663389513108614 0.4959620786516854 0.36563670411985016
0 0.4548806179775281 0.36961610486891383 0.45417837078651685 0.37687265917602997 0.4552317415730337 0.38670411985018727 0.45610955056179775 0.3904494382022472 0.4587429775280899 0.39396067415730335 0.4664676966292135 0.39653558052434457 0.47138342696629215 0.3967696629213483 0.4762991573033708 0.39536516853932585 0.4789325842696629 0.3920880149812734 0.48103932584269665 0.3801498127340824 0.48121488764044945 0.37265917602996257 0.4803370786516854 0.3684456928838951 0.47717696629213485 0.3618913857677903 0.47401685393258425 0.35908239700374533 0.4708567415730337 0.35767790262172283 0.4666432584269663 0.3579119850187266 0.4606741573033708 0.3609550561797753
0 0.3844803370786517 0.3698501872659176 0.3843047752808989 0.37359550561797755 0.38535814606741575 0.37991573033707865 0.390625 0.39115168539325845 0.40098314606741575 0.3913857677902622 0.40326544943820225 0.3904494382022472 0.4085323033707865 0.3801498127340824 0.4097612359550562 0.37312734082397003 0.40905898876404495 0.36657303370786515 0.4066011235955056 0.3616573033707865 0.40115870786516855 0.35720973782771537 0.39396067415730335 0.35697565543071164 0.38816713483146065 0.3604868913857678 0.3850070224719101 0.3661048689138577
0 0.35287921348314605 0.35908239700374533 0.35270365168539325 0.3661048689138577 0.3537570224719101 0.3693820224719101 0.35849719101123595 0.3775749063670412 0.36271067415730335 0.38108614232209737 0.36604634831460675 0.38202247191011235 0.36990870786516855 0.3813202247191011 0.37640449438202245 0.37687265917602997 0.37780898876404495 0.3728932584269663 0.3793890449438202 0.36282771535580527 0.37833567415730335 0.35580524344569286 0.3771067415730337 0.35252808988764045 0.3748244382022472 0.350187265917603 0.3695575842696629 0.3466760299625468 0.36639747191011235 0.34573970037453183 0.3628862359550562 0.3464419475655431 0.359375 0.34831460674157305 0.3549859550561798 0.3522940074906367
0 0.3539325842696629 0.40098314606741575 0.3539325842696629 0.4075374531835206 0.3551615168539326 0.41175093632958804 0.35814606741573035 0.41830524344569286 0.359375 0.4199438202247191 0.36218398876404495 0.42134831460674155 0.36990870786516855 0.4220505617977528 0.37605337078651685 0.4199438202247191 0.37833567415730335 0.4173689138576779 0.3809691011235955 0.4080056179775281 0.38026685393258425 0.39747191011235955 0.37798455056179775 0.39325842696629215 0.37552668539325845 0.39068352059925093 0.366748595505618 0.386938202247191 0.363061797752809 0.38717228464419473 0.359375 0.39021535580524347 0.3553370786516854 0.39630149812734083
0 0.39729634831460675 0.4014513108614232 0.3969452247191011 0.40402621722846443 0.39378511235955055 0.4112827715355805 0.394311797752809 0.41830524344569286 0.39554073033707865 0.42017790262172283 0.3964185393258427 0.42392322097378277 0.398876404494382 0.4276685393258427 0.40730337078651685 0.43258426966292135 0.41134129213483145 0.43047752808988765 0.41537921348314605 0.42579588014981273 0.4178370786516854 0.41830524344569286 0.41731039325842695 0.4112827715355805 0.4157303370786517 0.4033239700374532 0.4118679775280899 0.398876404494382 0.4081811797752809 0.39747191011235955 0.40098314606741575 0.39747191011235955
0 0.4274929775280899 0.40941011235955055 0.4273174157303371 0.41502808988764045 0.4297752808988764 0.42134831460674155 0.4352176966292135 0.42743445692883897 0.4390800561797753 0.43000936329588013 0.44610252808988765 0.4302434456928839 0.44978932584269665 0.42532771535580527 0.45224719101123595 0.41853932584269665 0.45224719101123595 0.4110486891385768 0.45066713483146065 0.4044943820224719 0.4469803370786517 0.398876404494382 0.44259129213483145 0.39630149812734083 0.4357443820224719 0.39630149812734083 0.42889747191011235 0.40004681647940077 0.4281952247191011 0.40098314606741575 0.4294241573033708 0.40426029962546817
0 0.4608497191011236 0.4147940074906367 0.45979634831460675 0.42532771535580527 0.460498595505618 0.43211610486891383 0.46225421348314605 0.43469101123595505 0.4648876404494382 0.43703183520599254 0.46997893258426965 0.43913857677902624 0.477001404494382 0.43679775280898875 0.4787570224719101 0.43469101123595505 0.48139044943820225 0.4288389513108614 0.4824438202247191 0.4164325842696629 0.48103932584269665 0.4110486891385768 0.47787921348314605 0.4066011235955056 0.47401685393258425 0.40519662921348315 0.4669943820224719 0.4066011235955056 0.46207865168539325 0.41081460674157305
0 0.48946629213483145 0.41151685393258425 0.4882373595505618 0.4154962546816479 0.48964185393258425 0.4323501872659176 0.49332865168539325 0.4363295880149813 0.4980688202247191 0.43890449438202245 0.5049157303370787 0.43796816479400746 0.5084269662921348 0.43562734082397003 0.511060393258427 0.43211610486891383 0.5128160112359551 0.42392322097378277 0.5128160112359551 0.4178370786516854 0.511060393258427 0.4112827715355805 0.5080758426966292 0.4070692883895131 0.5052668539325843 0.40519662921348315 0.4984199438202247 0.4044943820224719 0.49280196629213485 0.40730337078651685
0 0.515625 0.4080056179775281 0.5152738764044944 0.41502808988764045 0.5158005617977528 0.41970973782771537 0.5177317415730337 0.4250936329588015 0.5194873595505618 0.4276685393258427 0.5228230337078652 0.43000936329588013 0.5296699438202247 0.4311797752808989 0.5319522471910112 0.4297752808988764 0.535814606741573 0.42532771535580527 0.5379213483146067 0.41830524344569286 0.5377457865168539 0.41081460674157305 0.5356390449438202 0.40308988764044945 0.5328300561797753 0.39864232209737827 0.5263342696629213 0.3967696629213483 0.5222963483146067 0.3972378277153558 0.5177317415730337 0.40191947565543074
0 0.5454705056179775 0.4112827715355805 0.5449438202247191 0.4297752808988764 0.5454705056179775 0.4328183520599251 0.5482794943820225 0.43796816479400746 0.5509129213483146 0.4405430711610487 0.5544241573033708 0.4417134831460674 0.5603932584269663 0.44545880149812733 0.5640800561797753 0.4426498127340824 0.5665379213483146 0.43890449438202245 0.5688202247191011 0.4323501872659176 0.5679424157303371 0.42579588014981273 0.5681179775280899 0.41807116104868913 0.5665379213483146 0.41245318352059923 0.5632022471910112 0.40847378277153557 0.557935393258427 0.4066011235955056 0.5500351123595506 0.4070692883895131
0 0.5763693820224719 0.4152621722846442 0.5758426966292135 0.4302434456928839 0.5751404494382022 0.43211610486891383 0.5807584269662921 0.4405430711610487 0.5840941011235955 0.44147940074906367 0.5862008426966292 0.44358614232209737 0.5837429775280899 0.44592696629213485 0.5886587078651685 0.44592696629213485 0.6000702247191011 0.43562734082397003 0.601123595505618 0.4323501872659176 0.6005969101123596 0.41853932584269665 0.5995435393258427 0.41502808988764045 0.5956811797752809 0.4096441947565543 0.5919943820224719 0.40730337078651685 0.5851474719101124 0.40823970037453183 0.5791783707865169 0.4110486891385768
0 0.6067415730337079 0.41807116104868913 0.6065660112359551 0.425561797752809 0.6051615168539326 0.43211610486891383 0.6053370786516854 0.43586142322097376 0.609375 0.4386704119850187 0.6132373595505618 0.43890449438202245 0.6163974719101124 0.4405430711610487 0.6228932584269663 0.4400749063670412 0.6279845505617978 0.43703183520599254 0.6311446629213483 0.43211610486891383 0.6316713483146067 0.42181647940074907 0.6307935393258427 0.4152621722846442 0.629564606741573 0.4112827715355805 0.6253511235955056 0.40730337078651685 0.6193820224719101 0.4056647940074906 0.6121839887640449 0.40847378277153557 0.6086727528089888 0.41151685393258425
0 0.6004213483146067 0.4681647940074906 0.601123595505618 0.4777621722846442 0.6041081460674157 0.48525280898876405 0.6079705056179775 0.4887640449438202 0.6127106741573034 0.49063670411985016 0.6162219101123596 0.48993445692883897 0.6207865168539326 0.4866573033707865 0.6234199438202247 0.4798689138576779 0.6255266853932584 0.4772940074906367 0.6251755617977528 0.47425093632958804 0.6271067415730337 0.4705056179775281 0.6251755617977528 0.4669943820224719 0.6253511235955056 0.46512172284644193 0.6265800561797753 0.46465355805243447 0.6267556179775281 0.46301498127340823 0.6255266853932584 0.46301498127340823 0.6244733146067416 0.46441947565543074 0.6225421348314607 0.461376404494382 0.6230688202247191 0.4559925093632959 0.6211376404494382 0.4541198501872659 0.616748595505618 0.45224719101123595 0.6091994382022472 0.4520131086142322 0.6076193820224719 0.4529494382022472 0.604810393258427 0.4562265917602996 0.6023525280898876 0.46114232209737827
0 0.5997191011235955 0.5121722846441947 0.6000702247191011 0.5159176029962547 0.5995435393258427 0.5189606741573034 0.6014747191011236 0.5236423220973783 0.6027036516853933 0.524812734082397 0.6025280898876404 0.5280898876404494 0.6012991573033708 0.5294943820224719 0.6081460674157303 0.5316011235955056 0.6192064606741573 0.5308988764044944 0.6218398876404494 0.5292602996254682 0.6230688202247191 0.5241104868913857 0.6265800561797753 0.5168539325842697 0.6276334269662921 0.5051498127340824 0.6269311797752809 0.5032771535580525 0.6214887640449438 0.4969569288389513 0.6163974719101124 0.49414794007490637 0.6091994382022472 0.4943820224719101 0.6055126404494382 0.49625468164794007 0.602001404494382 0.5004681647940075 0.6005969101123596 0.5051498127340824
0 0.5718047752808989 0.46629213483146065 0.5716292134831461 0.47191011235955055 0.5726825842696629 0.4772940074906367 0.5747893258426966 0.4824438202247191 0.578125 0.48782771535580527 0.5849719101123596 0.4875936329588015 0.5879564606741573 0.48642322097378277 0.5921699438202247 0.48220973782771537 0.5939255617977528 0.47752808988764045 0.5942766853932584 0.46980337078651685 0.5933988764044944 0.46512172284644193 0.5907654494382022 0.4576310861423221 0.5884831460674157 0.4550561797752809 0.5814606741573034 0.4538857677902622 0.5777738764044944 0.4559925093632959 0.5737359550561798 0.4602059925093633
0 0.5704002808988764 0.5042134831460674 0.5705758426966292 0.5189606741573034 0.5728581460674157 0.5224719101123596 0.578125 0.5269194756554307 0.5821629213483146 0.5271535580524345 0.5847963483146067 0.5283239700374532 0.5884831460674157 0.5278558052434457 0.5918188202247191 0.5250468164794008 0.5953300561797753 0.5187265917602997 0.5960323033707865 0.5140449438202247 0.5933988764044944 0.49812734082397003 0.5881320224719101 0.49250936329588013 0.585498595505618 0.4911048689138577 0.5805828651685393 0.4911048689138577 0.5746137640449438 0.49391385767790263 0.5711025280898876 0.49812734082397003
0 0.5400280898876404 0.46676029962546817 0.5409058988764045 0.4714419475655431 0.5398525280898876 0.47401685393258425 0.5433637640449438 0.476123595505618 0.5437148876404494 0.48080524344569286 0.5510884831460674 0.4866573033707865 0.5538974719101124 0.48735955056179775 0.5593398876404494 0.4857209737827715 0.5632022471910112 0.48174157303370785 0.5651334269662921 0.4772940074906367 0.5651334269662921 0.46629213483146065 0.5637289325842697 0.45646067415730335 0.5607443820224719 0.4517790262172285 0.5572331460674157 0.45014044943820225 0.5503862359550562 0.44967228464419473 0.5449438202247191 0.45271535580524347 0.5428370786516854 0.45669475655430714
0 0.5419592696629213 0.49812734082397003 0.5412570224719101 0.5053838951310862 0.5398525280898876 0.5088951310861424 0.5416081460674157 0.5182584269662921 0.5445926966292135 0.5231741573033708 0.5495084269662921 0.526685393258427 0.555126404494382 0.5269194756554307 0.5570575842696629 0.5264513108614233 0.5607443820224719 0.5236423220973783 0.5639044943820225 0.5189606741573034 0.5653089887640449 0.5145131086142322 0.5653089887640449 0.5046816479400749 0.5642556179775281 0.49953183520599254 0.5609199438202247 0.49297752808988765 0.5502106741573034 0.4911048689138577 0.5449438202247191 0.49391385767790263
0 0.508251404494382 0.48408239700374533 0.5079002808988764 0.4913389513108614 0.5093047752808989 0.4978932584269663 0.511938202247191 0.5035112359550562 0.514747191011236 0.5065543071161048 0.5187851123595506 0.5086610486891385 0.5207162921348315 0.5079588014981273 0.5259831460674157 0.5086610486891385 0.5316011235955056 0.5042134831460674 0.5333567415730337 0.4955524344569288 0.5333567415730337 0.4875936329588015 0.5317766853932584 0.48103932584269665 0.5282654494382022 0.4772940074906367 0.5231741573033708 0.47495318352059923 0.5173806179775281 0.475187265917603 0.511060393258427 0.4791666666666667
0 0.5131671348314607 0.44592696629213485 0.5121137640449438 0.45224719101123595 0.5129915730337079 0.460440074906367 0.5142205056179775 0.4639513108614232 0.5191362359550562 0.46886704119850187 0.523876404494382 0.4700374531835206 0.5291432584269663 0.4695692883895131 0.5335323033707865 0.4648876404494382 0.5365168539325843 0.4583333333333333 0.5368679775280899 0.4515449438202247 0.5361657303370787 0.44592696629213485 0.5354634831460674 0.4426498127340824 0.5328300561797753 0.43820224719101125 0.5294943820224719 0.436563670411985 0.5222963483146067 0.43562734082397003 0.514747191011236 0.4419475655430712
0 0.48507724719101125 0.4571629213483146 0.48490168539325845 0.46348314606741575 0.48577949438202245 0.46769662921348315 0.4903441011235955 0.4747191011235955 0.4938553370786517 0.477059925093633 0.49754213483146065 0.4779962546816479 0.5015800561797753 0.4777621722846442 0.5066713483146067 0.47448501872659177 0.5087780898876404 0.47027153558052437 0.5098314606741573 0.46348314606741575 0.5093047752808989 0.45646067415730335 0.5064957865168539 0.44897003745318353 0.5035112359550562 0.44592696629213485 0.49736657303370785 0.44499063670411987 0.4906952247191011 0.4473314606741573 0.48560393258426965 0.45271535580524347
0 0.4554073033707865 0.45341760299625467 0.4547050561797753 0.4562265917602996 0.4550561797752809 0.4683988764044944 0.45610955056179775 0.47401685393258425 0.46383426966292135 0.4777621722846442 0.46787219101123595 0.47846441947565543 0.47401685393258425 0.47635767790262173 0.4762991573033708 0.4735486891385768 0.4789325842696629 0.46348314606741575 0.4789325842696629 0.45646067415730335 0.4782303370786517 0.4529494382022472 0.47542134831460675 0.44709737827715357 0.4703300561797753 0.4442883895131086 0.46365870786516855 0.4447565543071161 0.45821629213483145 0.448501872659176
0 0.421875 0.4499063670411985 0.42117275280898875 0.45271535580524347 0.4216994382022472 0.461376404494382 0.42521067415730335 0.4695692883895131 0.42854634831460675 0.47237827715355807 0.43258426966292135 0.4726123595505618 0.4353932584269663 0.4737827715355805 0.4392556179775281 0.47237827715355807 0.44276685393258425 0.46769662921348315 0.44627808988764045 0.4653558052434457 0.44820926966292135 0.45997191011235955 0.44803370786516855 0.45341760299625467 0.44469803370786515 0.44288389513108617 0.4373244382022472 0.43796816479400746 0.4318820224719101 0.43726591760299627 0.4280196629213483 0.438436329588015 0.42450842696629215 0.44241573033707865
0 0.3927317415730337 0.4524812734082397 0.3925561797752809 0.460440074906367 0.394311797752809 0.46512172284644193 0.3941362359550562 0.46676029962546817 0.39764747191011235 0.47073970037453183 0.4041432584269663 0.4747191011235955 0.4081811797752809 0.47495318352059923 0.4101123595505618 0.4737827715355805 0.413623595505618 0.4627808988764045 0.4162570224719101 0.45692883895131087 0.4159058988764045 0.4529494382022472 0.4123946629213483 0.4447565543071161 0.4080056179775281 0.4405430711610487 0.40379213483146065 0.44124531835205993 0.4008075842696629 0.43984082397003743 0.3965941011235955 0.4431179775280899 0.394311797752809 0.44662921348314605
0 0.35410814606741575 0.43586142322097376 0.3535814606741573 0.44241573033707865 0.35481039325842695 0.45014044943820225 0.35797050561797755 0.4550561797752809 0.36271067415730335 0.4585674157303371 0.36990870786516855 0.45786516853932585 0.37359550561797755 0.45482209737827717 0.37570224719101125 0.4541198501872659 0.37974016853932585 0.4461610486891386 0.37991573033707865 0.43937265917602997 0.3785112359550562 0.4339887640449438 0.3771067415730337 0.4318820224719101 0.37429775280898875 0.4302434456928839 0.3695575842696629 0.425561797752809 0.36235955056179775 0.424625468164794 0.359375 0.42602996254681647 0.35621488764044945 0.42907303370786515
0 0.352001404494382 0.4875936329588015 0.351123595505618 0.50187265917603 0.3534058988764045 0.5056179775280899 0.3595505617977528 0.510065543071161 0.3686797752808989 0.5093632958801498 0.375 0.5060861423220974 0.37798455056179775 0.5028089887640449 0.3846558988764045 0.48478464419475653 0.3848314606741573 0.4772940074906367 0.38009129213483145 0.46722846441947563 0.36253511235955055 0.4658239700374532 0.35814606741573035 0.4695692883895131 0.3555126404494382 0.47401685393258425
0 0.3827247191011236 0.49625468164794007 0.38342696629213485 0.5051498127340824 0.3865870786516854 0.510065543071161 0.39396067415730335 0.5133426966292135 0.3981741573033708 0.5140449438202247 0.402563202247191 0.5117041198501873 0.4044943820224719 0.5081928838951311 0.4066011235955056 0.5070224719101124 0.40677668539325845 0.5051498127340824 0.40905898876404495 0.50187265917603 0.4102879213483146 0.49461610486891383 0.4078300561797753 0.4897003745318352 0.40765449438202245 0.48431647940074907 0.4008075842696629 0.48010299625468167 0.39378511235955055 0.4791666666666667 0.390625 0.47963483146067415 0.3871137640449438 0.4833801498127341 0.38360252808988765 0.49157303370786515
0 0.35059691011235955 0.5264513108614233 0.35042134831460675 0.5344101123595506 0.35235252808988765 0.5430711610486891 0.359375 0.5503277153558053 0.3655196629213483 0.5512640449438202 0.3695575842696629 0.5500936329588015 0.37587780898876405 0.5451779026217228 0.37833567415730335 0.5411985018726592 0.38009129213483145 0.5297284644194756 0.38009129213483145 0.5229400749063671 0.3767556179775281 0.5187265917602997 0.37394662921348315 0.5177902621722846 0.36815308988764045 0.5135767790262172 0.36218398876404495 0.5131086142322098 0.3576193820224719 0.5149812734082397 0.3532303370786517 0.5191947565543071
0 0.34831460674157305 0.5723314606741573 0.34831460674157305 0.5781835205992509 0.35042134831460675 0.5849719101123596 0.3534058988764045 0.5894194756554307 0.3551615168539326 0.5905898876404494 0.3591994382022472 0.5922284644194756 0.36639747191011235 0.5922284644194756 0.36973314606741575 0.5896535580524345 0.37183988764044945 0.5859082397003745 0.37359550561797755 0.5849719101123596 0.37166432584269665 0.5816947565543071 0.3728932584269663 0.5695224719101124 0.37254213483146065 0.5641385767790262 0.3707865168539326 0.5603932584269663 0.36604634831460675 0.5557116104868914 0.3591994382022472 0.5552434456928839 0.3534058988764045 0.5589887640449438 0.3500702247191011 0.5639044943820225
0 0.3456811797752809 0.6128277153558053 0.34515449438202245 0.6200842696629213 0.34655898876404495 0.62312734082397 0.34655898876404495 0.6266385767790262 0.34849016853932585 0.6282771535580525 0.35094803370786515 0.6327247191011236 0.35445926966292135 0.6348314606741573 0.3628862359550562 0.6364700374531835 0.36639747191011235 0.6345973782771536 0.37008426966292135 0.6301498127340824 0.371313202247191 0.6266385767790262 0.3711376404494382 0.6116573033707865 0.37166432584269665 0.6090823970037453 0.36587078651685395 0.601123595505618 0.3591994382022472 0.5999531835205992 0.3558637640449438 0.6015917602996255 0.3497191011235955 0.6055711610486891
0 0.34691011235955055 0.661750936329588 0.34655898876404495 0.6692415730337079 0.3472612359550562 0.6750936329588015 0.34849016853932585 0.6783707865168539 0.3518258426966292 0.6821161048689138 0.3572682584269663 0.6839887640449438 0.36235955056179775 0.6837546816479401 0.36604634831460675 0.6816479400749064 0.36832865168539325 0.6786048689138576 0.3707865168539326 0.6701779026217228 0.3714887640449438 0.6631554307116105 0.36973314606741575 0.6509831460674157 0.3674508426966292 0.6495786516853933 0.36657303370786515 0.6474719101123596 0.3590238764044944 0.6460674157303371 0.35463483146067415 0.6484082397003745 0.35094803370786515 0.6521535580524345 0.34849016853932585 0.6566011235955056
0 0.37763342696629215 0.6612827715355806 0.3772823033707865 0.6669007490636704 0.378686797752809 0.6753277153558053 0.3809691011235955 0.6786048689138576 0.38184691011235955 0.6818820224719101 0.3850070224719101 0.6846910112359551 0.38992275280898875 0.6867977528089888 0.39378511235955055 0.6858614232209738 0.39764747191011235 0.6828183520599251 0.4023876404494382 0.6753277153558053 0.40379213483146065 0.6650280898876404 0.40344101123595505 0.6612827715355806 0.40133426966292135 0.6528558052434457 0.39905196629213485 0.6495786516853933 0.39308286516853935 0.6479400749063671 0.38360252808988765 0.6500468164794008 0.37974016853932585 0.6542602996254682
0 0.37394662921348315 0.6334269662921348 0.37780898876404495 0.6360018726591761 0.3772823033707865 0.6385767790262172 0.37359550561797755 0.6404494382022472 0.37552668539325845 0.6423220973782772 0.37798455056179775 0.6474719101123596 0.3790379213483146 0.6479400749063671 0.382373595505618 0.6474719101123596 0.38588483146067415 0.6444288389513109 0.39554073033707865 0.6409176029962547 0.39712078651685395 0.6371722846441947 0.3965941011235955 0.6334269662921348 0.39922752808988765 0.6266385767790262 0.3985252808988764 0.6196161048689138 0.3964185393258427 0.6147003745318352 0.3925561797752809 0.6100187265917603 0.38728932584269665 0.6076779026217228 0.38360252808988765 0.6081460674157303 0.37956460674157305 0.6116573033707865 0.37622893258426965 0.6179775280898876
0 0.383251404494382 0.574438202247191 0.38412921348314605 0.577247191011236 0.382373595505618 0.5814606741573034 0.38360252808988765 0.584503745318352 0.3829002808988764 0.5884831460674157 0.3846558988764045 0.5917602996254682 0.38781601123595505 0.5948033707865169 0.39132724719101125 0.5999531835205992 0.3950140449438202 0.6006554307116105 0.40115870786516855 0.5994850187265918 0.40572331460674155 0.5955056179775281 0.4085323033707865 0.588249063670412 0.40941011235955055 0.5786516853932584 0.4080056179775281 0.572565543071161 0.4043188202247191 0.5683520599250936 0.3981741573033708 0.5641385767790262 0.3927317415730337 0.5632022471910112 0.3864115168539326 0.5676498127340824 0.3867626404494382 0.5702247191011236 0.3862359550561798 0.5723314606741573
0 0.3871137640449438 0.535814606741573 0.3871137640449438 0.5435393258426966 0.38764044943820225 0.5447097378277154 0.38992275280898875 0.548689138576779 0.3946629213483146 0.5514981273408239 0.40308988764044945 0.5522003745318352 0.41134129213483145 0.5493913857677902 0.4125702247191011 0.5468164794007491 0.4123946629213483 0.5320692883895131 0.41081460674157305 0.5259831460674157 0.4080056179775281 0.5215355805243446 0.39782303370786515 0.5187265917602997 0.39308286516853935 0.5210674157303371 0.3890449438202247 0.5259831460674157
0 0.40870786516853935 0.648876404494382 0.4085323033707865 0.6575374531835206 0.4102879213483146 0.6657303370786517 0.4116924157303371 0.6680711610486891 0.41151685393258425 0.6718164794007491 0.41537921348314605 0.6748595505617978 0.421875 0.6788389513108615 0.4320575842696629 0.6650280898876404 0.43275983146067415 0.6591760299625468 0.4320575842696629 0.6500468164794008 0.43047752808988765 0.6453651685393258 0.4276685393258427 0.6423220973782772 0.421875 0.6404494382022472 0.41520365168539325 0.6411516853932584 0.41134129213483145 0.6432584269662921
0 0.4238061797752809 0.3637640449438202 0.42257724719101125 0.36961610486891383 0.42310393258426965 0.3728932584269663 0.4257373595505618 0.37991573033707865 0.42907303370786515 0.38342696629213485 0.4353932584269663 0.38647003745318353 0.4390800561797753 0.3857677902621723 0.44592696629213485 0.38249063670411987 0.4496137640449438 0.37663857677902624 0.44838483146067415 0.36282771535580527 0.4475070224719101 0.35931647940074907 0.44399578651685395 0.35463483146067415 0.4392556179775281 0.35159176029962547 0.43275983146067415 0.352059925093633 0.42837078651685395 0.3544007490636704 0.42503511235955055 0.35931647940074907
0 0.4081811797752809 0.6128277153558053 0.40712780898876405 0.6191479400749064 0.40765449438202245 0.6266385767790262 0.4097612359550562 0.6306179775280899 0.41467696629213485 0.6355337078651685 0.42433286516853935 0.6371722846441947 0.4280196629213483 0.635065543071161 0.43469101123595505 0.6334269662921348 0.4390800561797753 0.6301498127340824 0.4375 0.6266385767790262 0.4371488764044944 0.6238295880149812 0.43627106741573035 0.6233614232209738 0.43679775280898875 0.6184456928838952 0.4373244382022472 0.6175093632958801 0.43890449438202245 0.6175093632958801 0.4392556179775281 0.6151685393258427 0.43802668539325845 0.6132958801498127 0.43697331460674155 0.6090823970037453 0.43223314606741575 0.6032303370786517 0.4239817415730337 0.6008895131086143 0.41660814606741575 0.6015917602996255 0.41134129213483145 0.6041666666666666 0.40923455056179775 0.6081460674157303
0 0.42485955056179775 0.56062734082397 0.4239817415730337 0.5735018726591761 0.421875 0.5852059925093633 0.42503511235955055 0.5912921348314607 0.42872191011235955 0.5948033707865169 0.43504213483146065 0.5978464419475655 0.44030898876404495 0.596441947565543 0.44452247191011235 0.5924625468164794 0.44662921348314605 0.5877808988764045 0.4473314606741573 0.5669475655430711 0.4454002808988764 0.5641385767790262 0.4396067415730337 0.5603932584269663
0 0.41924157303370785 0.5259831460674157 0.4201193820224719 0.5297284644194756 0.41889044943820225 0.5360486891385767 0.41941713483146065 0.5428370786516854 0.4202949438202247 0.5465823970037453 0.42275280898876405 0.5503277153558053 0.4278441011235955 0.5540730337078652 0.43240870786516855 0.5543071161048689 0.43662219101123595 0.5519662921348315 0.44030898876404495 0.5475187265917603 0.4417134831460674 0.5435393258426966 0.4418890449438202 0.5397940074906367 0.441186797752809 0.5327715355805244 0.4392556179775281 0.5259831460674157 0.4357443820224719 0.5229400749063671 0.42889747191011235 0.5205992509363296 0.421875 0.5224719101123596
0 0.4489115168539326 0.5360486891385767 0.44838483146067415 0.5433052434456929 0.449438202247191 0.5479868913857678 0.45207162921348315 0.5533707865168539 0.45575842696629215 0.5568820224719101 0.45997191011235955 0.5585205992509363 0.4705056179775281 0.5573501872659176 0.4708567415730337 0.5561797752808989 0.47384129213483145 0.5550093632958801 0.4745435393258427 0.5538389513108615 0.4750702247191011 0.5465823970037453 0.47384129213483145 0.5390917602996255 0.47173455056179775 0.5290262172284644 0.4706811797752809 0.5259831460674157 0.4689255617977528 0.5241104868913857 0.46383426966292135 0.5217696629213483 0.4548806179775281 0.522003745318352 0.45172050561797755 0.5255149812734082
0 0.44627808988764045 0.49625468164794007 0.44627808988764045 0.5016385767790262 0.44803370786516855 0.5086610486891385 0.45189606741573035 0.5131086142322098 0.45628511235955055 0.514747191011236 0.46032303370786515 0.5154494382022472 0.46348314606741575 0.5149812734082397 0.46576544943820225 0.5135767790262172 0.4689255617977528 0.5091292134831461 0.4706811797752809 0.5021067415730337 0.46927668539325845 0.4913389513108614 0.4669943820224719 0.4857209737827715 0.46225421348314605 0.4829119850187266 0.45646067415730335 0.48103932584269665 0.4511938202247191 0.4836142322097378 0.44856039325842695 0.4866573033707865 0.4469803370786517 0.4913389513108614
0 0.45224719101123595 0.5788857677902621 0.4527738764044944 0.5870786516853933 0.45558286516853935 0.5931647940074907 0.45646067415730335 0.5945692883895131 0.4627808988764045 0.5987827715355806 0.46945224719101125 0.5980805243445693 0.47384129213483145 0.5952715355805244 0.4762991573033708 0.5898876404494382 0.47752808988764045 0.5847378277153558 0.47752808988764045 0.5777153558052435 0.4750702247191011 0.5676498127340824 0.4703300561797753 0.5627340823970037 0.4624297752808989 0.5622659176029963 0.45646067415730335 0.5636704119850188 0.45435393258426965 0.5676498127340824 0.45435393258426965 0.5713951310861424 0.4527738764044944 0.574438202247191
0 0.44662921348314605 0.6170411985018727 0.44610252808988765 0.6235955056179775 0.4490870786516854 0.6331928838951311 0.4529494382022472 0.6392790262172284 0.4575140449438202 0.6418539325842697 0.46400983146067415 0.6418539325842697 0.46752106741573035 0.6404494382022472 0.47191011235955055 0.6261704119850188 0.47401685393258425 0.6224250936329588 0.47401685393258425 0.6158707865168539 0.47173455056179775 0.613061797752809 0.47138342696629215 0.6093164794007491 0.4703300561797753 0.6069756554307116 0.46945224719101125 0.6058052434456929 0.460498595505618 0.6020599250936329 0.45628511235955055 0.6022940074906367 0.4510182584269663 0.6060393258426966 0.4489115168539326 0.6095505617977528
0 0.43872893258426965 0.6577715355805244 0.43855337078651685 0.6647940074906367 0.4452247191011236 0.6750936329588015 0.44978932584269665 0.6764981273408239 0.45435393258426965 0.673689138576779 0.46014747191011235 0.6664325842696629 0.46225421348314605 0.6615168539325843 0.4629564606741573 0.6519194756554307 0.46155196629213485 0.6474719101123596 0.45804073033707865 0.6439606741573034 0.4534761235955056 0.641619850187266 0.4489115168539326 0.6411516853932584 0.44592696629213485 0.6423220973782772 0.4417134831460674 0.6474719101123596 0.4390800561797753 0.6540262172284644
0 0.47208567415730335 0.6612827715355806 0.47138342696629215 0.6685393258426966 0.4731390449438202 0.6753277153558053 0.47524578651685395 0.6776685393258427 0.47594803370786515 0.6802434456928839 0.47542134831460675 0.6823501872659176 0.4762991573033708 0.6835205992509363 0.4805126404494382 0.6853932584269663 0.4878862359550562 0.6858614232209738 0.49122191011235955 0.6835205992509363 0.4943820224719101 0.6786048689138576 0.496313202247191 0.6713483146067416 0.49683988764044945 0.6645599250936329 0.49350421348314605 0.6547284644194756 0.4906952247191011 0.6509831460674157 0.48771067415730335 0.6495786516853933 0.47735252808988765 0.6479400749063671 0.4743679775280899 0.6512172284644194 0.4741924157303371 0.6547284644194756
0 0.47717696629213485 0.625 0.477001404494382 0.6299157303370787 0.4784058988764045 0.6404494382022472 0.47981039325842695 0.6432584269662921 0.48174157303370785 0.6448970037453183 0.49157303370786515 0.6479400749063671 0.49736657303370785 0.6446629213483146 0.5005266853932584 0.6411516853932584 0.5019311797752809 0.6381086142322098 0.5022823033707865 0.6264044943820225 0.5015800561797753 0.6233614232209738 0.5001755617977528 0.6191479400749064 0.49490870786516855 0.6135299625468165 0.49122191011235955 0.6123595505617978 0.4898174157303371 0.613061797752809 0.4841994382022472 0.6125936329588015 0.48139044943820225 0.6147003745318352 0.4782303370786517 0.6196161048689138
0 0.48297050561797755 0.5800561797752809 0.48297050561797755 0.5945692883895131 0.48349719101123595 0.5987827715355806 0.4845505617977528 0.5999531835205992 0.49104634831460675 0.6039325842696629 0.49473314606741575 0.6044007490636704 0.4982443820224719 0.6041666666666666 0.5015800561797753 0.6025280898876404 0.5056179775280899 0.5990168539325843 0.507373595505618 0.5917602996254682 0.5070224719101124 0.584503745318352 0.5056179775280899 0.5779494382022472 0.5014044943820225 0.5709269662921348 0.49508426966292135 0.5692883895131086 0.49157303370786515 0.5702247191011236 0.4859550561797753 0.5732677902621723 0.4840238764044944 0.5760767790262172
0 0.4782303370786517 0.5365168539325843 0.4780547752808989 0.5419007490636704 0.47963483146067415 0.5517322097378277 0.4803370786516854 0.5538389513108615 0.484375 0.5592228464419475 0.48753511235955055 0.5613295880149812 0.49508426966292135 0.5610955056179775 0.503686797752809 0.5571161048689138 0.5054424157303371 0.550561797752809 0.5056179775280899 0.5428370786516854 0.5050912921348315 0.5381554307116105 0.500877808988764 0.5259831460674157 0.49666432584269665 0.523876404494382 0.4920997191011236 0.5229400749063671 0.484375 0.5243445692883895 0.4827949438202247 0.5259831460674157 0.48165379213483145 0.5303136704119851 0.47981039325842695 0.5325374531835206
0 0.47981039325842695 0.49461610486891383 0.4789325842696629 0.4978932584269663 0.4789325842696629 0.5060861423220974 0.4803370786516854 0.5131086142322098 0.48191713483146065 0.5154494382022472 0.4878862359550562 0.5184925093632958 0.4982443820224719 0.5170880149812734 0.5015800561797753 0.5152153558052435 0.5031601123595506 0.5081928838951311 0.5035112359550562 0.5009363295880149 0.5019311797752809 0.49461610486891383 0.4984199438202247 0.488061797752809 0.49297752808988765 0.4854868913857678 0.4841994382022472 0.4854868913857678 0.48103932584269665 0.49087078651685395
0 0.5052668539325843 0.6624531835205992 0.5047401685393258 0.6645599250936329 0.5050912921348315 0.6786048689138576 0.5087780898876404 0.6858614232209738 0.5136938202247191 0.6891385767790262 0.5189606741573034 0.6898408239700374 0.5235252808988764 0.6882022471910112 0.527563202247191 0.6828183520599251 0.5287921348314607 0.6786048689138576 0.5286165730337079 0.6647940074906367 0.5270365168539326 0.660814606741573 0.5240519662921348 0.6575374531835206 0.5196629213483146 0.6551966292134831 0.511938202247191 0.6549625468164794 0.5086025280898876 0.6566011235955056
0 0.5121137640449438 0.6196161048689138 0.5117626404494382 0.6273408239700374 0.5128160112359551 0.6336610486891385 0.5152738764044944 0.6355337078651685 0.5170294943820225 0.6390449438202247 0.5189606741573034 0.6406835205992509 0.5263342696629213 0.6404494382022472 0.5289676966292135 0.6395131086142322 0.5330056179775281 0.6345973782771536 0.5344101123595506 0.6308520599250936 0.5356390449438202 0.6235955056179775 0.5354634831460674 0.6207865168539326 0.5345856741573034 0.6165730337078652 0.5323033707865169 0.6118913857677902 0.5233497191011236 0.6093164794007491 0.5179073033707865 0.6104868913857678 0.5145716292134831 0.6139981273408239
0 0.5158005617977528 0.5774812734082397 0.515625 0.5852059925093633 0.5172050561797753 0.5933988764044944 0.5163272471910112 0.5987827715355806 0.5173806179775281 0.5999531835205992 0.5222963483146067 0.6027621722846442 0.5277387640449438 0.6022940074906367 0.5328300561797753 0.5994850187265918 0.5363412921348315 0.5948033707865169 0.5389747191011236 0.5854400749063671 0.539501404494382 0.579119850187266 0.5368679775280899 0.5716292134831461 0.5337078651685393 0.5676498127340824 0.5298455056179775 0.5660112359550562 0.5258075842696629 0.5655430711610487 0.5203651685393258 0.5695224719101124 0.5172050561797753 0.5735018726591761
0 0.5079002808988764 0.5311329588014981 0.5075491573033708 0.5330056179775281 0.5086025280898876 0.5411985018726592 0.5136938202247191 0.5489232209737828 0.5161516853932584 0.5507958801498127 0.5205407303370787 0.5512640449438202 0.5256320224719101 0.549625468164794 0.5284410112359551 0.545880149812734 0.5305477528089888 0.540496254681648 0.5305477528089888 0.5271535580524345 0.5296699438202247 0.5227059925093633 0.5224719101123596 0.5177902621722846 0.5186095505617978 0.5175561797752809 0.511938202247191 0.5215355805243446 0.5091292134831461 0.5259831460674157
0 0.5393258426966292 0.5472846441947565 0.5391502808988764 0.5575842696629213 0.5407303370786517 0.5636704119850188 0.5463483146067416 0.5685861423220974 0.5507373595505618 0.5697565543071161 0.5572331460674157 0.5681179775280899 0.5605688202247191 0.5629681647940075 0.5621488764044944 0.5575842696629213 0.5623244382022472 0.5526685393258427 0.5607443820224719 0.540496254681648 0.5598665730337079 0.5388576779026217 0.5540730337078652 0.5355805243445693 0.5466994382022472 0.536750936329588 0.5421348314606742 0.5400280898876404 0.5402036516853933 0.5433052434456929
0 0.5452949438202247 0.588249063670412 0.5447682584269663 0.5919943820224719 0.5451193820224719 0.5990168539325843 0.5510884831460674 0.6060393258426966 0.5535463483146067 0.6076779026217228 0.5574087078651685 0.6081460674157303 0.5617977528089888 0.6072097378277154 0.5656601123595506 0.6039325842696629 0.5684691011235955 0.5987827715355806 0.5688202247191011 0.5915262172284644 0.567064606741573 0.5805243445692884 0.5651334269662921 0.5765449438202247 0.5617977528089888 0.5742041198501873 0.5558286516853933 0.5732677902621723 0.550561797752809 0.5749063670411985 0.547752808988764 0.579119850187266
0 0.5438904494382022 0.6301498127340824 0.5437148876404494 0.6409176029962547 0.5452949438202247 0.6453651685393258 0.5475772471910112 0.6486423220973783 0.5535463483146067 0.6519194756554307 0.5584620786516854 0.651685393258427 0.5619733146067416 0.649812734082397 0.5651334269662921 0.6441947565543071 0.5674157303370787 0.6374063670411985 0.5675912921348315 0.6331928838951311 0.5665379213483146 0.6266385767790262 0.5639044943820225 0.6221910112359551 0.5607443820224719 0.6191479400749064 0.5502106741573034 0.6163389513108615 0.5449438202247191 0.6257022471910112
0 0.5342345505617978 0.6640917602996255 0.5337078651685393 0.6821161048689138 0.5354634831460674 0.68562734082397 0.5393258426966292 0.6900749063670412 0.546875 0.6928838951310862 0.5502106741573034 0.6924157303370787 0.5549508426966292 0.6891385767790262 0.5591643258426966 0.6825842696629213 0.5603932584269663 0.6783707865168539 0.5614466292134831 0.6669007490636704 0.5602176966292135 0.6610486891385767 0.5575842696629213 0.6568352059925093 0.5538974719101124 0.6549625468164794 0.5479283707865169 0.653558052434457 0.5412570224719101 0.6549625468164794 0.5363412921348315 0.6580056179775281
0 0.5691713483146067 0.660814606741573 0.5693469101123596 0.6753277153558053 0.5714536516853933 0.6799314138576779 0.5714536516853933 0.6825842696629213 0.5704002808988764 0.68562734082397 0.570751404494382 0.6872659176029963 0.5723314606741573 0.6891385767790262 0.5747893258426966 0.6898408239700374 0.5774227528089888 0.6886704119850188 0.5805828651685393 0.6903089887640449 0.5851474719101124 0.6903089887640449 0.5884831460674157 0.6891385767790262 0.5914676966292135 0.68562734082397 0.592872191011236 0.6795411985018727 0.5933988764044944 0.6645599250936329 0.5905898876404494 0.6577715355805244 0.5839185393258427 0.6533239700374532 0.5779494382022472 0.651685393258427 0.5719803370786517 0.6561329588014981
0 0.5768960674157303 0.6163389513108615 0.5753160112359551 0.6264044943820225 0.5753160112359551 0.6336610486891385 0.5761938202247191 0.6362359550561798 0.5763693820224719 0.6404494382022472 0.5791783707865169 0.6460674157303371 0.5819873595505618 0.648876404494382 0.589185393258427 0.6512172284644194 0.5919943820224719 0.6514513108614233 0.5972612359550562 0.6491104868913857 0.6002457865168539 0.6441947565543071 0.6021769662921348 0.6376404494382022 0.6018258426966292 0.6301498127340824 0.5988412921348315 0.6193820224719101 0.5955056179775281 0.6158707865168539 0.5930477528089888 0.614934456928839 0.5779494382022472 0.6154026217228464
0 0.5740870786516854 0.577247191011236 0.5739115168539326 0.5802902621722846 0.5756671348314607 0.5856741573033708 0.5737359550561798 0.5987827715355806 0.5758426966292135 0.6036985018726592 0.5795294943820225 0.6086142322097379 0.5851474719101124 0.611189138576779 0.5902387640449438 0.6114232209737828 0.5930477528089888 0.6107209737827716 0.5979634831460674 0.6065074906367042 0.5997191011235955 0.6022940074906367 0.6000702247191011 0.5980805243445693 0.5981390449438202 0.5816947565543071 0.5960323033707865 0.5777153558052435 0.5884831460674157 0.5735018726591761 0.5777738764044944 0.5735018726591761
0 0.5702247191011236 0.5472846441947565 0.5702247191011236 0.5517322097378277 0.5732092696629213 0.5646067415730337 0.5761938202247191 0.5683520599250936 0.5809339887640449 0.5709269662921348 0.5853230337078652 0.5709269662921348 0.5918188202247191 0.5676498127340824 0.594627808988764 0.5639044943820225 0.5969101123595506 0.5571161048689138 0.594627808988764 0.550561797752809 0.5951544943820225 0.5461142322097379 0.5939255617977528 0.5397940074906367 0.5876053370786517 0.5330056179775281 0.5847963483146067 0.5325374531835206 0.5812851123595506 0.5334737827715356 0.5783005617977528 0.5320692883895131 0.5770716292134831 0.5325374531835206 0.5760182584269663 0.5351123595505618 0.5739115168539326 0.5365168539325843 0.5733848314606742 0.5395599250936329
0 0.6035814606741573 0.6683052434456929 0.6034058988764045 0.6725187265917603 0.6025280898876404 0.6753277153558053 0.6044592696629213 0.6851591760299626 0.6091994382022472 0.6931179775280899 0.6128862359550562 0.6961610486891385 0.6195575842696629 0.6973314606741573 0.624122191011236 0.6966292134831461 0.628686797752809 0.6933520599250936 0.6311446629213483 0.6896067415730337 0.6334269662921348 0.6781367041198502 0.6309691011235955 0.6650280898876404 0.6300912921348315 0.6629213483146067 0.6269311797752809 0.6594101123595506 0.6200842696629213 0.6568352059925093 0.6127106741573034 0.6568352059925093 0.6058637640449438 0.6631554307116105
0 0.608497191011236 0.6301498127340824 0.6088483146067416 0.6371722846441947 0.6083216292134831 0.6409176029962547 0.6099016853932584 0.6474719101123596 0.613061797752809 0.6509831460674157 0.613939606741573 0.6530898876404494 0.6202598314606742 0.6542602996254682 0.6267556179775281 0.653558052434457 0.6307935393258427 0.6479400749063671 0.6334269662921348 0.6371722846441947 0.6336025280898876 0.6327247191011236 0.632373595505618 0.6296816479400749 0.6297401685393258 0.62687265917603 0.6283356741573034 0.62312734082397 0.6235955056179775 0.6189138576779026 0.6153441011235955 0.6182116104868914 0.610252808988764 0.6203183520599251 0.609375 0.6226591760299626
0 0.6037570224719101 0.5870786516853933 0.6028792134831461 0.5919943820224719 0.6044592696629213 0.6022940074906367 0.6088483146067416 0.608380149812734 0.6120084269662921 0.6093164794007491 0.6148174157303371 0.6114232209737828 0.6197331460674157 0.6118913857677902 0.6257022471910112 0.6079119850187266 0.6285112359550562 0.6048689138576779 0.6309691011235955 0.5985486891385767 0.6311446629213483 0.5931647940074907 0.6293890449438202 0.5849719101123596 0.6281601123595506 0.5819288389513109 0.6230688202247191 0.576310861423221 0.6199087078651685 0.575374531835206 0.6127106741573034 0.5756086142322098 0.6062148876404494 0.5814606741573034
0 0.6030547752808989 0.5512640449438202 0.6023525280898876 0.5573501872659176 0.6041081460674157 0.5622659176029963 0.6088483146067416 0.5695224719101124 0.6127106741573034 0.5720973782771536 0.6230688202247191 0.572565543071161 0.624122191011236 0.5718632958801498 0.6269311797752809 0.5676498127340824 0.6304424157303371 0.5578183520599251 0.6300912921348315 0.5503277153558053 0.6278089887640449 0.5437734082397003 0.6228932584269663 0.5390917602996255 0.616748595505618 0.535814606741573 0.609375 0.5381554307116105 0.6046348314606742 0.5463483146067416
1 0.42503511235955055 0.4887640449438202 0.42521067415730335 0.4948501872659176 0.42433286516853935 0.49859550561797755 0.42310393258426965 0.5009363295880149 0.42134831460674155 0.5016385767790262 0.4220505617977528 0.50187265917603 0.42310393258426965 0.5058520599250936 0.421875 0.5084269662921348 0.4222261235955056 0.5121722846441947 0.42854634831460675 0.5140449438202247 0.43609550561797755 0.5126404494382022 0.4415379213483146 0.5145131086142322 0.4429424157303371 0.5145131086142322 0.4455758426966292 0.5121722846441947 0.4452247191011236 0.5049157303370787 0.4434691011235955 0.4955524344569288 0.4418890449438202 0.4913389513108614 0.44224016853932585 0.48782771535580527 0.42872191011235955 0.4854868913857678 0.4262640449438202 0.48642322097378277
2 0.6402154143258427 0.3136704119850187 0.6355337078651685 0.6983457397003745 0.34058988764044945 0.6858614232209738 0.351123595505618 0.30196629213483145