0 0.4046699438202247 0.5269194756554307 0.4125702247191011 0.5323033707865169 0.4164325842696629 0.5437734082397003 0.4125702247191011 0.5571161048689138 0.4044943820224719 0.5627340823970037 0.39747191011235955 0.5615636704119851 0.3925561797752809 0.5573501872659176 0.39009831460674155 0.5470505617977528 0.39343398876404495 0.5337078651685393 0.4044943820224719 0.5269194756554307
0 0.5547752808988764 0.4068352059925094 0.5642556179775281 0.41807116104868913 0.5653089887640449 0.42930711610486894 0.5617977528089888 0.43913857677902624 0.5537219101123596 0.44499063670411987 0.5416081460674157 0.43913857677902624 0.538623595505618 0.42275280898876405 0.5398525280898876 0.4147940074906367 0.5545997191011236 0.4068352059925094
0 0.4671699438202247 0.579119850187266 0.47384129213483145 0.5849719101123596 0.47594803370786515 0.5990168539325843 0.4708567415730337 0.610252808988764 0.46418539325842695 0.6125936329588015 0.4552317415730337 0.6095505617977528 0.45031601123595505 0.5985486891385767 0.45400280898876405 0.584503745318352 0.4633075842696629 0.5786516853932584 0.4669943820224719 0.579119850187266
0 0.5472261235955056 0.363998127340824 0.5537219101123596 0.3661048689138577 0.561622191011236 0.37663857677902624 0.5607443820224719 0.3916198501872659 0.5560042134831461 0.3981741573033708 0.5507373595505618 0.40051498127340823 0.5396769662921348 0.3993445692883895 0.5347612359550562 0.39068352059925093 0.5359901685393258 0.37312734082397003 0.5470505617977528 0.363998127340824
0 0.37429775280898875 0.6118913857677902 0.3813202247191011 0.6193820224719101 0.3829002808988764 0.6303838951310862 0.38009129213483145 0.6413857677902621 0.36973314606741575 0.6465355805243446 0.35990168539325845 0.6427902621722846 0.3572682584269663 0.6226591760299626 0.36393960674157305 0.6142322097378277 0.37412219101123595 0.6118913857677902
0 0.488061797752809 0.3574438202247191 0.49719101123595505 0.36142322097378277 0.5031601123595506 0.3728932584269663 0.500877808988764 0.3874063670411985 0.4980688202247191 0.39115168539325845 0.49157303370786515 0.39302434456928836 0.4808637640449438 0.3892790262172285 0.4782303370786517 0.37663857677902624 0.47945926966292135 0.3661048689138577 0.4878862359550562 0.3574438202247191
0 0.36639747191011235 0.3099250936329588 0.37359550561797755 0.31741573033707865 0.375 0.3279494382022472 0.37166432584269665 0.33848314606741575 0.36271067415730335 0.3443352059925094 0.3574438202247191 0.34269662921348315 0.35217696629213485 0.3368445692883895 0.35024578651685395 0.32420411985018727 0.3553370786516854 0.31320224719101125 0.36622191011235955 0.3099250936329588
0 0.4643609550561798 0.5346441947565543 0.47191011235955055 0.538623595505618 0.47559691011235955 0.5465823970037453 0.4750702247191011 0.5587546816479401 0.4669943820224719 0.5683520599250936 0.45646067415730335 0.5657771535580525 0.4513693820224719 0.5547752808988764 0.45207162921348315 0.5421348314606742 0.46418539325842695 0.5346441947565543
0 0.39957865168539325 0.31296816479400746 0.40712780898876405 0.32092696629213485 0.4081811797752809 0.3309925093632959 0.40554775280898875 0.3398876404494382 0.39764747191011235 0.34527153558052437 0.3865870786516854 0.34222846441947563 0.3825491573033708 0.3352059925093633 0.382373595505618 0.3265449438202247 0.3864115168539326 0.31624531835205993 0.39378511235955055 0.31226591760299627 0.39940308988764045 0.31296816479400746
0 0.4606741573033708 0.39840823970037453 0.4708567415730337 0.4054307116104869 0.4731390449438202 0.4164325842696629 0.47155898876404495 0.42579588014981273 0.4668188202247191 0.4318820224719101 0.4606741573033708 0.43375468164794007 0.45400280898876405 0.43211610486891383 0.44785814606741575 0.42228464419475653 0.4471558988764045 0.4157303370786517 0.4511938202247191 0.40215355805243447 0.460498595505618 0.39840823970037453
0 0.4924508426966292 0.39864232209737827 0.49912219101123595 0.40519662921348315 0.5014044943820225 0.41830524344569286 0.49666432584269665 0.4297752808988764 0.4882373595505618 0.43375468164794007 0.4824438202247191 0.43141385767790263 0.4762991573033708 0.4225187265917603 0.4766502808988764 0.40941011235955055 0.4808637640449438 0.4012172284644195 0.4922752808988764 0.39864232209737827
0 0.3616573033707865 0.5592228464419475 0.3765800561797753 0.5641385767790262 0.37780898876404495 0.5732677902621723 0.3772823033707865 0.579119850187266 0.3730688202247191 0.5854400749063671 0.3632373595505618 0.5922284644194756 0.3574438202247191 0.5896535580524345 0.3516502808988764 0.5798220973782772 0.3500702247191011 0.5711610486891385 0.35445926966292135 0.56062734082397 0.3614817415730337 0.5592228464419475
0 0.45997191011235955 0.48525280898876405 0.46787219101123595 0.4897003745318352 0.47173455056179775 0.5021067415730337 0.4691011235955056 0.5154494382022472 0.46594101123595505 0.5191947565543071 0.4590941011235955 0.5208333333333334 0.45259831460674155 0.5203651685393258 0.4469803370786517 0.5156835205992509 0.44469803370786515 0.5121722846441947 0.44399578651685395 0.5011704119850188 0.4489115168539326 0.4892322097378277 0.4529494382022472 0.4859550561797753 0.45979634831460675 0.48525280898876405
0 0.4274929775280899 0.3146067415730337 0.4355688202247191 0.31858614232209737 0.44013342696629215 0.32935393258426965 0.4394311797752809 0.3424625468164794 0.43240870786516855 0.34925093632958804 0.42047050561797755 0.34620786516853935 0.41660814606741575 0.34222846441947563 0.4141502808988764 0.33497191011235955 0.4141502808988764 0.32771535580524347 0.4174859550561798 0.31999063670411987 0.4216994382022472 0.3157771535580524 0.4273174157303371 0.3146067415730337
0 0.582689606741573 0.3637640449438202 0.5909410112359551 0.36914794007490637 0.5941011235955056 0.3792134831460674 0.5923455056179775 0.3892790262172285 0.5832162921348315 0.39653558052434457 0.5705758426966292 0.39279026217228463 0.5675912921348315 0.38038389513108617 0.5714536516853933 0.36704119850187267 0.5825140449438202 0.3637640449438202
0 0.3707865168539326 0.6500468164794008 0.37798455056179775 0.6575374531835206 0.3785112359550562 0.675561797752809 0.37394662921348315 0.6849250936329588 0.3632373595505618 0.6910112359550562 0.3558637640449438 0.68937265917603 0.34901685393258425 0.6816479400749064 0.3477879213483146 0.6647940074906367 0.35481039325842695 0.6523876404494382 0.3706109550561798 0.6500468164794008
0 0.3948384831460674 0.351123595505618 0.402563202247191 0.3548689138576779 0.40677668539325845 0.36282771535580527 0.40625 0.37336142322097376 0.40344101123595505 0.38038389513108617 0.3941362359550562 0.38553370786516855 0.3871137640449438 0.38342696629213485 0.38342696629213485 0.3782771535580524 0.3807935393258427 0.36235955056179775 0.38377808988764045 0.35557116104868913 0.3946629213483146 0.351123595505618
0 0.4274929775280899 0.4913389513108614 0.4390800561797753 0.49765917602996257 0.4410112359550562 0.5102996254681648 0.4392556179775281 0.5191947565543071 0.4355688202247191 0.523876404494382 0.4295997191011236 0.5262172284644194 0.41871488764044945 0.5227059925093633 0.4141502808988764 0.5135767790262172 0.41520365168539325 0.49812734082397003 0.4202949438202247 0.49297752808988765 0.4273174157303371 0.4913389513108614
0 0.4273174157303371 0.40426029962546817 0.43486657303370785 0.40847378277153557 0.44013342696629215 0.42134831460674155 0.43697331460674155 0.43375468164794007 0.42889747191011235 0.43820224719101125 0.4183637640449438 0.43726591760299627 0.41467696629213485 0.4250936329588015 0.4174859550561798 0.40941011235955055 0.42714185393258425 0.40426029962546817
0 0.5207162921348315 0.40823970037453183 0.5305477528089888 0.4173689138576779 0.532127808988764 0.4342228464419476 0.5286165730337079 0.4417134831460674 0.5191362359550562 0.44592696629213485 0.5086025280898876 0.43984082397003743 0.5050912921348315 0.4328183520599251 0.5049157303370787 0.4272003745318352 0.5096558988764045 0.413623595505618 0.5205407303370787 0.40823970037453183
0 0.39905196629213485 0.488061797752809 0.4066011235955056 0.49391385767790263 0.409936797752809 0.5065543071161048 0.40923455056179775 0.512874531835206 0.4058988764044944 0.5187265917602997 0.39782303370786515 0.5231741573033708 0.38606039325842695 0.5175561797752809 0.38360252808988765 0.5009363295880149 0.3867626404494382 0.49297752808988765 0.398876404494382 0.488061797752809
0 0.5265098314606742 0.31390449438202245 0.5363412921348315 0.3256086142322097 0.5370435393258427 0.33497191011235955 0.5301966292134831 0.3487827715355805 0.5240519662921348 0.35042134831460675 0.5189606741573034 0.3497191011235955 0.5089536516853933 0.3429307116104869 0.5077247191011236 0.33146067415730335 0.5154494382022472 0.3155430711610487 0.5263342696629213 0.31390449438202245
0 0.5291432584269663 0.45318352059925093 0.5363412921348315 0.45739700374531833 0.5403792134831461 0.4695692883895131 0.5380969101123596 0.48057116104868913 0.5300210674157303 0.4866573033707865 0.5212429775280899 0.48478464419475653 0.5145716292134831 0.47495318352059923 0.5159761235955056 0.4597378277153558 0.5219452247191011 0.45435393258426965 0.5289676966292135 0.45318352059925093
0 0.4648876404494382 0.31062734082397003 0.47401685393258425 0.3190543071161049 0.47594803370786515 0.33239700374531833 0.47191011235955055 0.3445692883895131 0.46365870786516855 0.34831460674157305 0.456811797752809 0.3471441947565543 0.45172050561797755 0.34152621722846443 0.4492626404494382 0.3312265917602996 0.45365168539325845 0.3169475655430712 0.45997191011235955 0.31062734082397003 0.4647120786516854 0.31062734082397003
0 0.42643960674157305 0.3508895131086142 0.43644662921348315 0.35931647940074907 0.4376755617977528 0.3703183520599251 0.4331109550561798 0.38085205992509363 0.4257373595505618 0.38459737827715357 0.4162570224719101 0.38108614232209737 0.4122191011235955 0.3677434456928839 0.4164325842696629 0.3544007490636704 0.4262640449438202 0.3508895131086142
0 0.39922752808988765 0.3958333333333333 0.4080056179775281 0.40051498127340823 0.41151685393258425 0.4056647940074906 0.4123946629213483 0.4133895131086142 0.40941011235955055 0.42696629213483145 0.40098314606741575 0.4330524344569288 0.38974719101123595 0.4323501872659176 0.38377808988764045 0.4229868913857678 0.382373595505618 0.41502808988764045 0.38342696629213485 0.40730337078651685 0.38992275280898875 0.3967696629213483 0.39905196629213485 0.3958333333333333
0 0.3734199438202247 0.5182584269662921 0.3809691011235955 0.525749063670412 0.38377808988764045 0.5402621722846442 0.38202247191011235 0.5472846441947565 0.3765800561797753 0.5550093632958801 0.36973314606741575 0.5566479400749064 0.3574438202247191 0.5468164794007491 0.3576193820224719 0.5360486891385767 0.36183286516853935 0.5243445692883895 0.36622191011235955 0.5201310861423221 0.3732443820224719 0.5182584269662921
0 0.4980688202247191 0.5332397003745318 0.5049157303370787 0.5402621722846442 0.5064957865168539 0.5531367041198502 0.5029845505617978 0.5639044943820225 0.49525983146067415 0.5683520599250936 0.4841994382022472 0.5627340823970037 0.480688202247191 0.5566479400749064 0.4801615168539326 0.5489232209737828 0.4845505617977528 0.5369850187265918 0.4978932584269663 0.5332397003745318
0 0.491748595505618 0.488998127340824 0.49929775280898875 0.4964887640449438 0.5014044943820225 0.5086610486891385 0.4998244382022472 0.5159176029962547 0.496313202247191 0.5208333333333334 0.4882373595505618 0.5241104868913857 0.4840238764044944 0.523876404494382 0.4762991573033708 0.5161516853932584 0.47542134831460675 0.5011704119850188 0.480688202247191 0.49040262172284643 0.49157303370786515 0.488998127340824
0 0.5224719101123596 0.363998127340824 0.5298455056179775 0.37312734082397003 0.5307233146067416 0.3836610486891386 0.5261587078651685 0.3946629213483146 0.5194873595505618 0.39840823970037453 0.5122893258426966 0.3977059925093633 0.5084269662921348 0.3946629213483146 0.5050912921348315 0.3857677902621723 0.5049157303370787 0.3785112359550562 0.507373595505618 0.3693820224719101 0.5108848314606742 0.36540262172284643 0.5222963483146067 0.363998127340824
0 0.3628862359550562 0.3487827715355805 0.37008426966292135 0.3522940074906367 0.3753511235955056 0.3625936329588015 0.37447331460674155 0.37336142322097376 0.371313202247191 0.3801498127340824 0.3628862359550562 0.38436329588014984 0.35217696629213485 0.3780430711610487 0.34884129213483145 0.3663389513108614 0.3534058988764045 0.3522940074906367 0.36271067415730335 0.3487827715355805
0 0.46383426966292135 0.4419475655430712 0.4705056179775281 0.44545880149812733 0.4750702247191011 0.4524812734082397 0.47735252808988765 0.46629213483146065 0.4722612359550562 0.4768258426966292 0.46383426966292135 0.48057116104868913 0.45979634831460675 0.48057116104868913 0.4513693820224719 0.47425093632958804 0.44838483146067415 0.462312734082397 0.4508426966292135 0.44967228464419473 0.46365870786516855 0.4419475655430712
0 0.4058988764044944 0.44499063670411987 0.4123946629213483 0.45271535580524347 0.41274578651685395 0.46652621722846443 0.4080056179775281 0.4758895131086142 0.40115870786516855 0.4789325842696629 0.3908005617977528 0.47495318352059923 0.3865870786516854 0.46324906367041196 0.39167837078651685 0.448501872659176 0.3987008426966292 0.4442883895131086 0.40572331460674155 0.44499063670411987
0 0.43609550561797755 0.5351123595505618 0.44276685393258425 0.5395599250936329 0.4450491573033708 0.5571161048689138 0.44259129213483145 0.5655430711610487 0.43258426966292135 0.5709269662921348 0.421875 0.5648408239700374 0.41906601123595505 0.5531367041198502 0.42064606741573035 0.5435393258426966 0.42485955056179775 0.5379213483146067 0.4359199438202247 0.5351123595505618
0 0.36973314606741575 0.47846441947565543 0.37763342696629215 0.4836142322097378 0.38149578651685395 0.49180711610486894 0.38184691011235955 0.5016385767790262 0.3767556179775281 0.5145131086142322 0.3576193820224719 0.5110018726591761 0.351123595505618 0.5051498127340824 0.3553370786516854 0.48782771535580527 0.36271067415730335 0.4803370786516854 0.3695575842696629 0.47869850187265917
0 0.43486657303370785 0.4538857677902622 0.4429424157303371 0.4618445692883895 0.44417134831460675 0.47401685393258425 0.43644662921348315 0.4845505617977528 0.4315308988764045 0.48618913857677903 0.42503511235955055 0.4859550561797753 0.42082162921348315 0.48174157303370785 0.41695926966292135 0.46558988764044945 0.42327949438202245 0.4550561797752809 0.43469101123595505 0.4538857677902622
0 0.36446629213483145 0.43726591760299627 0.37412219101123595 0.4421816479400749 0.37622893258426965 0.45365168539325845 0.37429775280898875 0.46348314606741575 0.36780196629213485 0.47097378277153557 0.3637640449438202 0.47237827715355807 0.35603932584269665 0.47073970037453183 0.35217696629213485 0.46652621722846443 0.3493679775280899 0.45271535580524347 0.35410814606741575 0.44030898876404495 0.36429073033707865 0.43726591760299627
0 0.5867275280898876 0.4070692883895131 0.592872191011236 0.41385767790262173 0.5948033707865169 0.425561797752809 0.5923455056179775 0.43515917602996257 0.5839185393258427 0.44030898876404495 0.5779494382022472 0.43984082397003743 0.5700491573033708 0.43211610486891383 0.5693469101123596 0.41760299625468167 0.5711025280898876 0.4112827715355805 0.5760182584269663 0.4075374531835206 0.5865519662921348 0.4070692883895131
0 0.5001755617977528 0.44803370786516855 0.5086025280898876 0.45669475655430714 0.5080758426966292 0.47401685393258425 0.5033356741573034 0.48220973782771537 0.49525983146067415 0.4850187265917603 0.488061797752809 0.48220973782771537 0.4840238764044944 0.47752808988764045 0.4820926966292135 0.46254681647940077 0.48332162921348315 0.4562265917602996 0.488061797752809 0.44967228464419473 0.5 0.44803370786516855
0 0.5268609550561798 0.49063670411985016 0.5330056179775281 0.4932116104868914 0.5363412921348315 0.49765917602996257 0.5375702247191011 0.5135767790262172 0.5342345505617978 0.5227059925093633 0.5265098314606742 0.5259831460674157 0.5163272471910112 0.5224719101123596 0.5108848314606742 0.5074906367041199 0.5154494382022472 0.4943820224719101 0.5207162921348315 0.49087078651685395 0.526685393258427 0.49063670411985016
0 0.5621488764044944 0.3160112359550562 0.5681179775280899 0.3237359550561798 0.569873595505618 0.3352059925093633 0.5640800561797753 0.3466760299625468 0.5574087078651685 0.3506554307116105 0.550561797752809 0.34808052434456926 0.5454705056179775 0.3429307116104869 0.5437148876404494 0.3309925093632959 0.5458216292134831 0.323501872659176 0.5507373595505618 0.31647940074906367 0.5619733146067416 0.3160112359550562
0 0.617626404494382 0.31741573033707865 0.6237710674157303 0.3223314606741573 0.6271067415730337 0.33497191011235955 0.6216643258426966 0.34573970037453183 0.6128862359550562 0.3508895131086142 0.6034058988764045 0.3464419475655431 0.5979634831460674 0.33497191011235955 0.598314606741573 0.33146067415730335 0.6051615168539326 0.32045880149812733 0.6111306179775281 0.3171816479400749 0.6174508426966292 0.31741573033707865
0 0.4964887640449438 0.31203183520599254 0.5033356741573034 0.31788389513108617 0.5056179775280899 0.33169475655430714 0.5021067415730337 0.3408239700374532 0.49490870786516855 0.34527153558052437 0.4878862359550562 0.34386704119850187 0.48297050561797755 0.33918539325842695 0.480688202247191 0.32420411985018727 0.48560393258426965 0.31390449438202245 0.496313202247191 0.31203183520599254
0 0.4571629213483146 0.3532303370786517 0.4664676966292135 0.36025280898876405 0.46787219101123595 0.37008426966292135 0.46558988764044945 0.3780430711610487 0.4612008426966292 0.3836610486891386 0.45365168539325845 0.38647003745318353 0.44452247191011235 0.3815543071161049 0.44206460674157305 0.3663389513108614 0.4469803370786517 0.35580524344569286 0.4569873595505618 0.3532303370786517
0 0.36973314606741575 0.3960674157303371 0.3792134831460674 0.4035580524344569 0.38149578651685395 0.4110486891385768 0.37780898876404495 0.42696629213483145 0.3709620786516854 0.4311797752808989 0.3595505617977528 0.4288389513108614 0.3551615168539326 0.42181647940074907 0.35428370786516855 0.4154962546816479 0.3570926966292135 0.40308988764044945 0.3628862359550562 0.3972378277153558 0.3695575842696629 0.3960674157303371
0 0.6206109550561798 0.3176498127340824 0.6265800561797753 0.32209737827715357 0.633251404494382 0.32045880149812733 0.636060393258427 0.3279494382022472 0.6299157303370787 0.3279494382022472 0.6292134831460674 0.3485486891385768 0.6195575842696629 0.3574438202247191 0.6027036516853933 0.3600187265917603 0.5986657303370787 0.35931647940074907 0.5939255617977528 0.3539325842696629 0.5921699438202247 0.34176029962546817 0.6055126404494382 0.3192883895131086 0.6109550561797753 0.31647940074906367 0.620435393258427 0.3176498127340824
0 0.4202949438202247 0.5788857677902621 0.43047752808988765 0.5833333333333334 0.43644662921348315 0.5931647940074907 0.4371488764044944 0.5999531835205992 0.43223314606741575 0.6116573033707865 0.42521067415730335 0.6163389513108615 0.41871488764044945 0.6168071161048689 0.41081460674157305 0.6161048689138576 0.414501404494382 0.6128277153558053 0.40941011235955055 0.6076779026217228 0.40730337078651685 0.598314606741573 0.41134129213483145 0.5854400749063671 0.4201193820224719 0.5788857677902621
0 0.390625 0.5709269662921348 0.4001053370786517 0.5779494382022472 0.40379213483146065 0.5950374531835206 0.40115870786516855 0.6036985018726592 0.39202949438202245 0.6097846441947565 0.3827247191011236 0.6058052434456929 0.37956460674157305 0.6022940074906367 0.37816011235955055 0.5957397003745318 0.38009129213483145 0.5830992509363296 0.3871137640449438 0.572565543071161 0.3904494382022472 0.5709269662921348
2 0.6384597963483146 0.31445060861423224 0.34798718398876405 0.3034597378277154 0.34117275280898873 0.6953953651685393 0.6342124297752809 0.7016011235955055
1 0.6144785814606741 0.5298548689138577 0.0363061797752809 0.3356132958801498
1 0.5806513342696629 0.34275749063670413 0.023662219101123597 0.033206928838951315
1 0.5873191713483146 0.5730898876404494 0.09200842696629215 0.25354634831460676
1 0.569371488764045 0.6109527153558052 0.1228247893258427 0.17165730337078652
1 0.5548753511235955 0.6309152621722847 0.15469276685393257 0.128874063670412
1 0.5070575842696629 0.649812734082397 0.24983672752808989 0.08395599250936331