0 0.3493679775280899 0.7048220973782772 0.35814606741573035 0.7165262172284644 0.35674157303370785 0.7301029962546817 0.3493679775280899 0.74812734082397 0.3421699438202247 0.7567883895131086 0.3362008426966292 0.7595973782771536 0.3246137640449438 0.7551498127340824 0.3205758426966292 0.7450842696629213 0.3204002808988764 0.7340823970037453 0.3242626404494382 0.724250936329588 0.33075842696629215 0.7155898876404494 0.3491924157303371 0.7048220973782772
0 0.366748595505618 0.5856741573033708 0.3730688202247191 0.5889513108614233 0.37745786516853935 0.5955056179775281 0.3751755617977528 0.6198501872659176 0.37254213483146065 0.6247659176029963 0.36025280898876405 0.6280430711610487 0.35217696629213485 0.6235955056179775 0.3479634831460674 0.6163389513108615 0.3421699438202247 0.5917602996254682 0.34620786516853935 0.587312734082397 0.36657303370786515 0.5856741573033708
0 0.49122191011235955 0.6966292134831461 0.4957865168539326 0.7001404494382022 0.5021067415730337 0.711376404494382 0.5050912921348315 0.7312734082397003 0.4982443820224719 0.7469569288389513 0.4878862359550562 0.7507022471910112 0.4764747191011236 0.7427434456928839 0.4745435393258427 0.726123595505618 0.4768258426966292 0.7125468164794008 0.4847261235955056 0.699438202247191 0.49104634831460675 0.6966292134831461
0 0.5544241573033708 0.5821629213483146 0.5642556179775281 0.5922284644194756 0.5654845505617978 0.6058052434456929 0.5612710674157303 0.6172752808988764 0.5507373595505618 0.6217228464419475 0.5442415730337079 0.6200842696629213 0.5391502808988764 0.614934456928839 0.535814606741573 0.6090823970037453 0.5347612359550562 0.5952715355805244 0.5398525280898876 0.5842696629213483 0.554248595505618 0.5821629213483146
0 0.5512640449438202 0.6217228464419475 0.5612710674157303 0.62312734082397 0.5695224719101124 0.6341292134831461 0.5711025280898876 0.6467696629213483 0.569873595505618 0.6547284644194756 0.5672401685393258 0.6615168539325843 0.5609199438202247 0.6669007490636704 0.5461727528089888 0.6615168539325843 0.5382724719101124 0.6441947565543071 0.5405547752808989 0.6294475655430711 0.5466994382022472 0.6228932584269663 0.5510884831460674 0.6217228464419475
0 0.551439606741573 0.6666666666666666 0.5570575842696629 0.6680711610486891 0.5642556179775281 0.6741573033707865 0.5681179775280899 0.6879681647940075 0.5672401685393258 0.6992041198501873 0.5607443820224719 0.7165262172284644 0.5540730337078652 0.7205056179775281 0.546875 0.7188670411985019 0.5433637640449438 0.714185393258427 0.5380969101123596 0.699438202247191 0.5373946629213483 0.6900749063670412 0.5384480337078652 0.6786048689138576 0.5412570224719101 0.672752808988764 0.5512640449438202 0.6666666666666666
0 0.5261587078651685 0.5297284644194756 0.5328300561797753 0.5320692883895131 0.5365168539325843 0.5365168539325843 0.5373946629213483 0.5503277153558053 0.5342345505617978 0.5681179775280899 0.5293188202247191 0.5746722846441947 0.5226474719101124 0.5770131086142322 0.5129915730337079 0.5760767790262172 0.5077247191011236 0.5711610486891385 0.504564606741573 0.5617977528089888 0.5043890449438202 0.5503277153558053 0.5086025280898876 0.5393258426966292 0.5259831460674157 0.5297284644194756
0 0.5196629213483146 0.625 0.5316011235955056 0.6292134831460674 0.5368679775280899 0.6432584269662921 0.5363412921348315 0.6582397003745318 0.5330056179775281 0.6640917602996255 0.5261587078651685 0.6690074906367042 0.511938202247191 0.6638576779026217 0.5059691011235955 0.6512172284644194 0.5084269662921348 0.6310861423220974 0.5122893258426966 0.6266385767790262 0.5194873595505618 0.625
0 0.5363412921348315 0.665496254681648 0.5400280898876404 0.6718164794007491 0.5345856741573034 0.6793071161048689 0.5335323033707865 0.6926498127340824 0.527563202247191 0.7031835205992509 0.5189606741573034 0.7071629213483146 0.5038623595505618 0.7083333333333334 0.4959620786516854 0.6966292134831461 0.49719101123595505 0.6891385767790262 0.5052668539325843 0.6713483146067416 0.5112359550561798 0.6657303370786517 0.5256320224719101 0.6699438202247191 0.5361657303370787 0.6657303370786517
0 0.3962429775280899 0.5447097378277154 0.4058988764044944 0.5503277153558053 0.4085323033707865 0.5594569288389513 0.40870786516853935 0.5718632958801498 0.40098314606741575 0.5835674157303371 0.38746488764044945 0.5849719101123596 0.3785112359550562 0.5742041198501873 0.3792134831460674 0.5566479400749064 0.383251404494382 0.5489232209737828 0.3960674157303371 0.5447097378277154
0 0.49473314606741575 0.5819288389513109 0.5019311797752809 0.5966760299625468 0.5031601123595506 0.6097846441947565 0.5017556179775281 0.6158707865168539 0.4945575842696629 0.6238295880149812 0.4808637640449438 0.6303838951310862 0.47735252808988765 0.6306179775280899 0.47594803370786515 0.6264044943820225 0.472436797752809 0.6036985018726592 0.47349016853932585 0.5924625468164794 0.4808637640449438 0.5840355805243446 0.4945575842696629 0.5821629213483146
0 0.3495435393258427 0.6664325842696629 0.35287921348314605 0.6673689138576779 0.35603932584269665 0.672752808988764 0.3498946629213483 0.6924157303370787 0.34884129213483145 0.7045880149812734 0.3319873595505618 0.712312734082397 0.3246137640449438 0.7097378277153558 0.320751404494382 0.7031835205992509 0.31934691011235955 0.6924157303370787 0.320751404494382 0.6818820224719101 0.32865168539325845 0.6711142322097379 0.3493679775280899 0.6664325842696629
0 0.41906601123595505 0.5388576779026217 0.4331109550561798 0.5430711610486891 0.4375 0.549625468164794 0.4397823033707865 0.5594569288389513 0.44013342696629215 0.5704588014981273 0.43644662921348315 0.5800561797752809 0.4317064606741573 0.5840355805243446 0.42240168539325845 0.586376404494382 0.4180126404494382 0.5854400749063671 0.4102879213483146 0.5746722846441947 0.40730337078651685 0.5510299625468165 0.41116573033707865 0.5423689138576779 0.41889044943820225 0.5388576779026217
0 0.49525983146067415 0.6259363295880149 0.5017556179775281 0.6331928838951311 0.507373595505618 0.6612827715355806 0.5022823033707865 0.6715823970037453 0.49912219101123595 0.6729868913857678 0.4789325842696629 0.6683052434456929 0.47138342696629215 0.6544943820224719 0.47331460674157305 0.636938202247191 0.48753511235955055 0.6264044943820225 0.49508426966292135 0.6259363295880149
0 0.6385182584269663 0.5348782771535581 0.6522120786516854 0.5388576779026217 0.6580056179775281 0.5465823970037453 0.659936797752809 0.5536048689138576 0.6581811797752809 0.5709269662921348 0.6502808988764045 0.5779494382022472 0.6444873595505618 0.5795880149812734 0.633251404494382 0.574438202247191 0.6276334269662921 0.5636704119850188 0.6267556179775281 0.5433052434456929 0.6306179775280899 0.5362827715355806 0.6383426966292135 0.5348782771535581
0 0.6178019662921348 0.5365168539325843 0.6248244382022472 0.5435393258426966 0.6267556179775281 0.5641385767790262 0.6232443820224719 0.5723314606741573 0.613061797752809 0.5760767790262172 0.6074438202247191 0.5751404494382022 0.5984901685393258 0.5676498127340824 0.5965589887640449 0.5468164794007491 0.6023525280898876 0.5369850187265918 0.617626404494382 0.5365168539325843
0 0.24841994382022473 0.7162921348314607 0.25509129213483145 0.7193352059925093 0.2598314606741573 0.7263576779026217 0.26070926966292135 0.7411048689138576 0.2580758426966292 0.7478932584269663 0.2515800561797753 0.7553838951310862 0.23981741573033707 0.7602996254681648 0.23279494382022473 0.7588951310861424 0.22717696629213482 0.7521067415730337 0.22612359550561797 0.7343164794007491 0.2284058988764045 0.7272940074906367 0.234375 0.7202715355805244 0.2482443820224719 0.7162921348314607
0 0.42907303370786515 0.6697097378277154 0.4396067415730337 0.6732209737827716 0.4450491573033708 0.6832865168539326 0.4438202247191011 0.7031835205992509 0.44048455056179775 0.7078651685393258 0.4336376404494382 0.711376404494382 0.421875 0.7076310861423221 0.41678370786516855 0.6961610486891385 0.4178370786516854 0.6837546816479401 0.42099719101123595 0.6750936329588015 0.42889747191011235 0.6697097378277154
0 0.36639747191011235 0.5447097378277154 0.37219101123595505 0.5465823970037453 0.378686797752809 0.5540730337078652 0.37780898876404495 0.5742041198501873 0.3730688202247191 0.5819288389513109 0.36657303370786515 0.5866104868913857 0.3558637640449438 0.5852059925093633 0.34866573033707865 0.5781835205992509 0.34708567415730335 0.5667134831460674 0.34831460674157305 0.5550093632958801 0.3518258426966292 0.5493913857677902 0.36622191011235955 0.5447097378277154
0 0.6418539325842697 0.6598782771535581 0.6487008426966292 0.6631554307116105 0.6578300561797753 0.6734550561797753 0.6646769662921348 0.6743913857677902 0.6664325842696629 0.6788389513108615 0.6653792134831461 0.6858614232209738 0.6578300561797753 0.6865636704119851 0.6509831460674157 0.6989700374531835 0.6444873595505618 0.7029494382022472 0.6336025280898876 0.7008426966292135 0.6262289325842697 0.6961610486891385 0.6193820224719101 0.68562734082397 0.620435393258427 0.6743913857677902 0.6285112359550562 0.663623595505618 0.6334269662921348 0.6596441947565543 0.6416783707865169 0.6598782771535581
0 0.42854634831460675 0.7111423220973783 0.44013342696629215 0.712312734082397 0.44399578651685395 0.7169943820224719 0.445751404494382 0.7235486891385767 0.44013342696629215 0.74812734082397 0.4359199438202247 0.7535112359550562 0.42889747191011235 0.7567883895131086 0.41853932584269665 0.7523408239700374 0.41327247191011235 0.7375936329588015 0.4139747191011236 0.7275280898876404 0.4178370786516854 0.7167602996254682 0.4216994382022472 0.7120786516853933 0.42837078651685395 0.7111423220973783
0 0.5816362359550562 0.5826310861423221 0.5888342696629213 0.5847378277153558 0.5953300561797753 0.5919943820224719 0.6002457865168539 0.6163389513108615 0.5988412921348315 0.6207865168539326 0.5925210674157303 0.6247659176029963 0.5839185393258427 0.6233614232209738 0.5718047752808989 0.6257022471910112 0.566186797752809 0.6125936329588015 0.5668890449438202 0.5941011235955056 0.5695224719101124 0.5854400749063671 0.5814606741573034 0.5826310861423221
0 0.33865870786516855 0.5856741573033708 0.3421699438202247 0.5901217228464419 0.34638342696629215 0.6090823970037453 0.34655898876404495 0.6193820224719101 0.33883426966292135 0.6264044943820225 0.32514044943820225 0.6294475655430711 0.31776685393258425 0.6271067415730337 0.31390449438202245 0.6228932584269663 0.31355337078651685 0.6168071161048689 0.31759129213483145 0.6018258426966292 0.324438202247191 0.5903558052434457 0.33848314606741575 0.5856741573033708
0 0.6169241573033708 0.5784176029962547 0.6265800561797753 0.5847378277153558 0.6311446629213483 0.5962078651685393 0.6300912921348315 0.611189138576779 0.6269311797752809 0.6165730337078652 0.6202598314606742 0.6203183520599251 0.6025280898876404 0.6158707865168539 0.5962078651685393 0.5917602996254682 0.5979634831460674 0.5847378277153558 0.6021769662921348 0.5798220973782772 0.616748595505618 0.5784176029962547
0 0.5933988764044944 0.6669007490636704 0.5986657303370787 0.6753277153558053 0.6042837078651685 0.6942883895131086 0.6023525280898876 0.7027153558052435 0.5956811797752809 0.7097378277153558 0.5816362359550562 0.7076310861423221 0.5740870786516854 0.7029494382022472 0.5704002808988764 0.6961610486891385 0.5677668539325843 0.6839887640449438 0.5686446629213483 0.677434456928839 0.5740870786516854 0.6720505617977528 0.5842696629213483 0.6676029962546817 0.5932233146067416 0.6669007490636704
0 0.27247191011235955 0.5475187265917603 0.28985252808988765 0.5536048689138576 0.2856390449438202 0.5601591760299626 0.28405898876404495 0.5814606741573034 0.2758075842696629 0.5880149812734082 0.2652738764044944 0.5889513108614233 0.25877808988764045 0.5847378277153558 0.25456460674157305 0.5767790262172284 0.25333567415730335 0.5674157303370787 0.25684691011235955 0.5552434456928839 0.2638693820224719 0.5493913857677902 0.27229634831460675 0.547752808988764
0 0.3772823033707865 0.6657303370786517 0.383251404494382 0.6687734082397003 0.38570926966292135 0.6750936329588015 0.37991573033707865 0.699438202247191 0.3730688202247191 0.7099719101123596 0.3628862359550562 0.7130149812734082 0.3555126404494382 0.7080992509363296 0.35094803370786515 0.7006086142322098 0.35077247191011235 0.6924157303370787 0.3553370786516854 0.6757958801498127 0.3595505617977528 0.6704119850187266 0.3771067415730337 0.6657303370786517
0 0.3985252808988764 0.5840355805243446 0.4080056179775281 0.5877808988764045 0.4120435393258427 0.5987827715355806 0.4123946629213483 0.62312734082397 0.4044943820224719 0.6301498127340824 0.3904494382022472 0.6280430711610487 0.3765800561797753 0.6165730337078652 0.3806179775280899 0.591058052434457 0.3864115168539326 0.5859082397003745 0.3983497191011236 0.5840355805243446
0 0.29371488764044945 0.7048220973782772 0.30003511235955055 0.7125468164794008 0.3003862359550562 0.7202715355805244 0.2952949438202247 0.7324438202247191 0.29441713483146065 0.7516385767790262 0.28651685393258425 0.7593632958801498 0.27264747191011235 0.7567883895131086 0.2652738764044944 0.7523408239700374 0.26228932584269665 0.7443820224719101 0.26035814606741575 0.7272940074906367 0.2561446629213483 0.7167602996254682 0.2621137640449438 0.7092696629213483 0.2719452247191011 0.7139513108614233 0.28634129213483145 0.7052902621722846 0.29353932584269665 0.7048220973782772
0 0.46365870786516855 0.7104400749063671 0.4706811797752809 0.7125468164794008 0.4727879213483146 0.7167602996254682 0.4741924157303371 0.7406367041198502 0.47401685393258425 0.7446161048689138 0.46752106741573035 0.7549157303370787 0.46787219101123595 0.7626404494382022 0.46400983146067415 0.764747191011236 0.45997191011235955 0.7635767790262172 0.4585674157303371 0.7565543071161048 0.4496137640449438 0.7507022471910112 0.4454002808988764 0.7413389513108615 0.44838483146067415 0.7179307116104869 0.4566362359550562 0.7116104868913857 0.46348314606741575 0.7104400749063671
0 0.3751755617977528 0.6257022471910112 0.3811446629213483 0.6289794007490637 0.38377808988764045 0.6343632958801498 0.3807935393258427 0.6582397003745318 0.375 0.665496254681648 0.3634129213483146 0.6694756554307116 0.359375 0.6687734082397003 0.3518258426966292 0.6594101123595506 0.3512991573033708 0.6484082397003745 0.3535814606741573 0.6374063670411985 0.3597261235955056 0.6289794007490637 0.375 0.6257022471910112
0 0.6372893258426966 0.6107209737827716 0.6529143258426966 0.6186797752808989 0.6611657303370787 0.6313202247191011 0.6618679775280899 0.641619850187266 0.6594101123595506 0.6514513108614233 0.6508075842696629 0.6594101123595506 0.6374648876404494 0.6561329588014981 0.6321980337078652 0.6484082397003745 0.6271067415730337 0.6228932584269663 0.6306179775280899 0.6142322097378277 0.6371137640449438 0.6107209737827716
0 0.4685744382022472 0.6671348314606742 0.47542134831460675 0.6683052434456929 0.480688202247191 0.6757958801498127 0.48121488764044945 0.6865636704119851 0.47787921348314605 0.7010767790262172 0.4705056179775281 0.7104400749063671 0.4554073033707865 0.7102059925093633 0.4496137640449438 0.7158239700374532 0.44610252808988765 0.7146535580524345 0.4436446629213483 0.7099719101123596 0.4471558988764045 0.6996722846441947 0.44610252808988765 0.6879681647940075 0.44820926966292135 0.6788389513108615 0.45417837078651685 0.6715823970037453 0.4683988764044944 0.6671348314606742
0 0.40712780898876405 0.6701779026217228 0.41292134831460675 0.6788389513108615 0.41274578651685395 0.699438202247191 0.4080056179775281 0.7085674157303371 0.39782303370786515 0.7148876404494382 0.3904494382022472 0.714185393258427 0.38342696629213485 0.7066947565543071 0.38149578651685395 0.6992041198501873 0.3827247191011236 0.68562734082397 0.39009831460674155 0.6739232209737828 0.40695224719101125 0.6701779026217228
0 0.24297752808988765 0.5489232209737828 0.2542134831460674 0.5547752808988764 0.25298455056179775 0.5685861423220974 0.25509129213483145 0.5814606741573034 0.24841994382022473 0.5877808988764045 0.23911516853932585 0.5905898876404494 0.23086376404494383 0.5896535580524345 0.22524578651685392 0.5849719101123596 0.2226123595505618 0.5781835205992509 0.22173455056179775 0.5671816479400749 0.22331460674157302 0.56062734082397 0.22945926966292135 0.5526685393258427 0.24280196629213482 0.5489232209737828
0 0.429248595505618 0.5866104868913857 0.4357443820224719 0.5898876404494382 0.4392556179775281 0.5952715355805244 0.44083567415730335 0.6172752808988764 0.43469101123595505 0.62687265917603 0.42643960674157305 0.6306179775280899 0.41871488764044945 0.6287453183520599 0.4137991573033708 0.6233614232209738 0.4122191011235955 0.6058052434456929 0.4139747191011236 0.5957397003745318 0.41695926966292135 0.5915262172284644 0.42907303370786515 0.5866104868913857
0 0.5886587078651685 0.6238295880149812 0.5969101123595506 0.6343632958801498 0.5988412921348315 0.6542602996254682 0.5902387640449438 0.6647940074906367 0.5751404494382022 0.6692415730337079 0.5711025280898876 0.6690074906367042 0.5682935393258427 0.6615168539325843 0.5705758426966292 0.6486423220973783 0.569873595505618 0.6327247191011236 0.5746137640449438 0.6261704119850188 0.5884831460674157 0.6238295880149812
0 0.30530196629213485 0.5465823970037453 0.31355337078651685 0.5503277153558053 0.3179424157303371 0.5559456928838952 0.31759129213483145 0.574438202247191 0.3105688202247191 0.5842696629213483 0.30214185393258425 0.5877808988764045 0.29353932584269665 0.5870786516853933 0.28985252808988765 0.5842696629213483 0.28581460674157305 0.5742041198501873 0.2854634831460674 0.5660112359550562 0.29178370786516855 0.5498595505617978 0.2972261235955056 0.5468164794007491 0.305126404494382 0.5465823970037453
0 0.456811797752809 0.5360486891385767 0.46418539325842695 0.5388576779026217 0.4703300561797753 0.5468164794007491 0.4741924157303371 0.5676498127340824 0.47015449438202245 0.5779494382022472 0.45839185393258425 0.5805243445692884 0.453125 0.5802902621722846 0.44592696629213485 0.5751404494382022 0.4410112359550562 0.5674157303370787 0.4396067415730337 0.5575842696629213 0.44066011235955055 0.5500936329588015 0.4452247191011236 0.5416666666666666 0.4566362359550562 0.5360486891385767
0 0.5207162921348315 0.5800561797752809 0.5298455056179775 0.5828651685393258 0.5337078651685393 0.5915262172284644 0.5338834269662921 0.6062734082397003 0.5270365168539326 0.6210205992509363 0.515625 0.6245318352059925 0.5089536516853933 0.6205524344569289 0.5040379213483146 0.613061797752809 0.5033356741573034 0.5948033707865169 0.5089536516853933 0.584503745318352 0.5205407303370787 0.5800561797752809
0 0.6144662921348315 0.6214887640449438 0.6265800561797753 0.6273408239700374 0.6306179775280899 0.6399812734082397 0.6307935393258427 0.6505149812734082 0.6279845505617978 0.6577715355805244 0.6237710674157303 0.661750936329588 0.617626404494382 0.6631554307116105 0.6121839887640449 0.6622191011235955 0.6021769662921348 0.6530898876404494 0.5988412921348315 0.6423220973782772 0.5991924157303371 0.6334269662921348 0.6042837078651685 0.62312734082397 0.6142907303370787 0.6214887640449438
0 0.3181179775280899 0.6292134831460674 0.32320926966292135 0.6329588014981273 0.3240870786516854 0.6362359550561798 0.3200491573033708 0.6502808988764045 0.31969803370786515 0.6615168539325843 0.31144662921348315 0.673689138576779 0.30161516853932585 0.6790730337078652 0.2930126404494382 0.6764981273408239 0.28827247191011235 0.6718164794007491 0.28581460674157305 0.6643258426966292 0.288623595505618 0.6481741573033708 0.30003511235955055 0.6355337078651685 0.3179424157303371 0.6292134831460674
0 0.2482443820224719 0.6701779026217228 0.25667134831460675 0.6762640449438202 0.2691362359550562 0.6779026217228464 0.27054073033707865 0.68562734082397 0.26896067415730335 0.6917134831460674 0.26281601123595505 0.6980337078651685 0.25842696629213485 0.7076310861423221 0.24192415730337077 0.7151217228464419 0.23700842696629212 0.7144194756554307 0.2303370786516854 0.7076310861423221 0.22735252808988765 0.7017790262172284 0.22735252808988765 0.6919475655430711 0.23086376404494383 0.6821161048689138 0.24087078651685392 0.672752808988764 0.2480688202247191 0.6701779026217228
0 0.33865870786516855 0.5463483146067416 0.34638342696629215 0.5533707865168539 0.34655898876404495 0.5779494382022472 0.3416432584269663 0.5842696629213483 0.32900280898876405 0.5866104868913857 0.324438202247191 0.5854400749063671 0.3182935393258427 0.5774812734082397 0.31917134831460675 0.5571161048689138 0.32742275280898875 0.5465823970037453 0.33848314606741575 0.5463483146067416
0 0.39747191011235955 0.6294475655430711 0.4078300561797753 0.6315543071161048 0.41309691011235955 0.636938202247191 0.4137991573033708 0.6540262172284644 0.4120435393258427 0.6622191011235955 0.40677668539325845 0.6694756554307116 0.39150280898876405 0.6732209737827716 0.3827247191011236 0.6647940074906367 0.382373595505618 0.6479400749063671 0.38781601123595505 0.6331928838951311 0.39729634831460675 0.6294475655430711
0 0.4606741573033708 0.5840355805243446 0.4671699438202247 0.5868445692883895 0.47191011235955055 0.5948033707865169 0.4726123595505618 0.6203183520599251 0.4741924157303371 0.6228932584269663 0.47384129213483145 0.6278089887640449 0.4703300561797753 0.6273408239700374 0.46348314606741575 0.6343632958801498 0.44592696629213485 0.6240636704119851 0.4413623595505618 0.6004213483146067 0.44206460674157305 0.5952715355805244 0.44592696629213485 0.5901217228464419 0.460498595505618 0.5840355805243446
0 0.5830407303370787 0.5362827715355806 0.5933988764044944 0.5426029962546817 0.5965589887640449 0.5552434456928839 0.5962078651685393 0.5678838951310862 0.5898876404494382 0.5756086142322098 0.5849719101123596 0.5777153558052435 0.5777738764044944 0.5770131086142322 0.5704002808988764 0.5711610486891385 0.5663623595505618 0.5507958801498127 0.5668890449438202 0.5463483146067416 0.5723314606741573 0.5393258426966292 0.5828651685393258 0.5362827715355806
0 0.484375 0.528558052434457 0.484375 0.525749063670412 0.49122191011235955 0.525749063670412 0.49139747191011235 0.5337078651685393 0.4982443820224719 0.5402621722846442 0.5029845505617978 0.5543071161048689 0.5024578651685393 0.5678838951310862 0.4945575842696629 0.5812265917602997 0.47963483146067415 0.5812265917602997 0.4727879213483146 0.5634363295880149 0.47173455056179775 0.5468164794007491 0.4898174157303371 0.5294943820224719 0.484375 0.5287921348314607
0 0.5516151685393258 0.5388576779026217 0.5623244382022472 0.545880149812734 0.5665379213483146 0.56062734082397 0.5642556179775281 0.5742041198501873 0.5607443820224719 0.5786516853932584 0.554248595505618 0.5807584269662921 0.5430126404494382 0.579119850187266 0.5373946629213483 0.5664794007490637 0.5377457865168539 0.5526685393258427 0.5405547752808989 0.5437734082397003 0.5433637640449438 0.5407303370786517 0.551439606741573 0.5388576779026217
0 0.34129213483146065 0.6282771535580525 0.3535814606741573 0.6306179775280899 0.35252808988764045 0.6439606741573034 0.3498946629213483 0.6509831460674157 0.35077247191011235 0.6612827715355806 0.3441011235955056 0.6669007490636704 0.3340941011235955 0.6694756554307116 0.3279494382022472 0.6687734082397003 0.32303370786516855 0.6645599250936329 0.3205758426966292 0.6575374531835206 0.320751404494382 0.6479400749063671 0.32303370786516855 0.6371722846441947 0.3258426966292135 0.6331928838951311 0.3335674157303371 0.6287453183520599 0.34111657303370785 0.6282771535580525
0 0.44996488764044945 0.6282771535580525 0.46945224719101125 0.6420880149812734 0.4691011235955056 0.6544943820224719 0.46365870786516855 0.6657303370786517 0.4434691011235955 0.6729868913857678 0.43433988764044945 0.6647940074906367 0.43275983146067415 0.6577715355805244 0.44206460674157305 0.6331928838951311 0.44610252808988765 0.6285112359550562 0.44978932584269665 0.6282771535580525
0 0.24771769662921347 0.6493445692883895 0.24683988764044945 0.6544943820224719 0.2482443820224719 0.6573033707865169 0.2503511235955056 0.6683052434456929 0.2559691011235955 0.6732209737827716 0.2617626404494382 0.6760299625468165 0.26860955056179775 0.6753277153558053 0.272998595505618 0.6718164794007491 0.27457865168539325 0.6694756554307116 0.2814255617977528 0.6647940074906367 0.28405898876404495 0.6612827715355806 0.2834445224719101 0.6564840823970037 0.28458567415730335 0.6544943820224719 0.2847612359550562 0.6509831460674157 0.2830056179775281 0.6458333333333334 0.2777387640449438 0.638810861423221 0.2700140449438202 0.6352996254681648 0.26264044943820225 0.6352996254681648 0.25702247191011235 0.636938202247191 0.2521067415730337 0.6413857677902621 0.2480688202247191 0.6474719101123596
1 0.31235428370786517 0.6070529026217228 0.02779669943820225 0.042134831460674156
1 0.28265449438202245 0.6078347378277154 0.030430126404494384 0.0351123595505618
1 0.25105337078651685 0.6125163857677903 0.029260884831460672 0.03745318352059925
1 0.2838254915730337 0.6852762172284644 0.030430126404494384 0.03628277153558052
1 0.31527914325842693 0.689566947565543 0.027212078651685394 0.0378441011235955
1 0.31308462078651683 0.7340426029962547 0.026334269662921347 0.037062265917603
1 0.37467872191011237 0.7297518726591761 0.03189431179775281 0.03394194756554307
1 0.4034989466292135 0.7317017790262172 0.02574964887640449 0.033162453183520596
1 0.4314431179775281 0.6464583333333334 0.02779669943820225 0.034332865168539325
1 0.49171875 0.6841058052434457 0.02955231741573034 0.02691947565543071
1 0.5225895365168539 0.7219499063670413 0.025163272471910116 0.02613998127340824
1 0.5502405196629213 0.7229236891385767 0.02838307584269663 0.027310393258426966
1 0.5811095505617978 0.7213647003745318 0.026918890449438203 0.027310393258426966
1 0.6100772471910112 0.7194124531835205 0.028089887640449437 0.02886938202247191
1 0.6127106741573034 0.6848852996254682 0.023994030898876403 0.037062265917603
1 0.6418240870786517 0.5963249063670412 0.025456460674157303 0.034721441947565546
1 0.6450438904494382 0.7164864232209738 0.03306355337078652 0.034721441947565546
1 0.6736551966292135 0.7116104868913857 0.02608321629213483 0.035447097378277156
1 0.6986113061797753 0.7131156367041198 0.02884304775280899 0.03377574906367041
1 0.6698929073033708 0.6714817415730338 0.02407654494382022 0.038122659176029965
1 0.6956004213483146 0.6726521535580525 0.029845505617977528 0.03778792134831461
1 0.6700193117977528 0.6343632958801498 0.021318469101123595 0.038122659176029965
1 0.6957268258426966 0.6325234082397003 0.03260358146067416 0.039794007490636704
1 0.6661323735955056 0.5933988764044944 0.028089887640449437 0.038457397003745314
1 0.6943469101123596 0.5930641385767791 0.03235428370786517 0.041130617977528094
1 0.6668837780898876 0.5529353932584269 0.023576193820224717 0.0351123595505618
1 0.69359375 0.5519335205992509 0.029845505617977528 0.0351123595505618
2 0.22940080758426964 0.5446317883895131 0.7203885182584269 0.5329276685393258 0.7215589887640449 0.7389201779026217 0.2264747191011236 0.7545255149812734