0 0.460498595505618 0.30664794007490637 0.46787219101123595 0.31109550561797755 0.4726123595505618 0.32607677902621723 0.4706811797752809 0.335440074906367 0.46348314606741575 0.34386704119850187 0.45207162921348315 0.33918539325842695 0.44662921348314605 0.32818352059925093 0.449438202247191 0.31273408239700373 0.45435393258426965 0.30758426966292135 0.46032303370786515 0.30664794007490637
0 0.5869030898876404 0.6486423220973783 0.5926966292134831 0.6528558052434457 0.5962078651685393 0.6650280898876404 0.5914676966292135 0.6795411985018727 0.5853230337078652 0.6842228464419475 0.5784761235955056 0.6823501872659176 0.5700491573033708 0.6757958801498127 0.567064606741573 0.6715823970037453 0.5667134831460674 0.6629213483146067 0.5675912921348315 0.6566011235955056 0.5721558988764045 0.6502808988764045 0.5867275280898876 0.6486423220973783
0 0.4253862359550562 0.352059925093633 0.43627106741573035 0.35931647940074907 0.4378511235955056 0.3698501872659176 0.43644662921348315 0.3771067415730337 0.4320575842696629 0.38342696629213485 0.421875 0.38647003745318353 0.4183637640449438 0.3857677902621723 0.4139747191011236 0.37991573033707865 0.4123946629213483 0.36563670411985016 0.41695926966292135 0.3553370786516854 0.42521067415730335 0.352059925093633
0 0.39115168539325845 0.6540262172284644 0.3981741573033708 0.6596441947565543 0.4039676966292135 0.6788389513108615 0.40098314606741575 0.6858614232209738 0.39115168539325845 0.6907771535580525 0.3785112359550562 0.6858614232209738 0.3748244382022472 0.6757958801498127 0.378686797752809 0.6594101123595506 0.38360252808988765 0.6551966292134831 0.3909761235955056 0.6540262172284644
0 0.4046699438202247 0.43352059925093633 0.4116924157303371 0.4386704119850187 0.41485252808988765 0.449438202247191 0.41151685393258425 0.46301498127340823 0.4046699438202247 0.46652621722846443 0.39712078651685395 0.46558988764044945 0.3925561797752809 0.4616104868913858 0.3888693820224719 0.45646067415730335 0.38816713483146065 0.4506086142322097 0.3888693820224719 0.4431179775280899 0.3927317415730337 0.4375 0.39729634831460675 0.4342228464419476 0.4044943820224719 0.43352059925093633
0 0.5858497191011236 0.3211610486891386 0.5919943820224719 0.3232677902621723 0.5956811797752809 0.3279494382022472 0.5984901685393258 0.33965355805243447 0.5958567415730337 0.3527621722846442 0.5909410112359551 0.3600187265917603 0.586376404494382 0.362125468164794 0.574438202247191 0.35908239700374533 0.570751404494382 0.3544007490636704 0.5691713483146067 0.3466760299625468 0.5696980337078652 0.33497191011235955 0.5728581460674157 0.32818352059925093 0.5779494382022472 0.3232677902621723 0.5856741573033708 0.3211610486891386
0 0.6146418539325843 0.45646067415730335 0.6185042134831461 0.45880149812734083 0.6253511235955056 0.47120786516853935 0.6232443820224719 0.48220973782771537 0.6183286516853933 0.4887640449438202 0.6134129213483146 0.49087078651685395 0.601123595505618 0.488998127340824 0.5969101123595506 0.4829119850187266 0.5955056179775281 0.47542134831460675 0.5979634831460674 0.46348314606741575 0.6014747191011236 0.4585674157303371 0.6065660112359551 0.4559925093632959 0.6144662921348315 0.45646067415730335
0 0.5544241573033708 0.3197565543071161 0.5612710674157303 0.32303370786516855 0.5649578651685393 0.3279494382022472 0.5667134831460674 0.34152621722846443 0.561622191011236 0.35346441947565543 0.5538974719101124 0.35580524344569286 0.547752808988764 0.35369850187265917 0.5424859550561798 0.34784644194756553 0.5407303370786517 0.3347378277153558 0.5461727528089888 0.3232677902621723 0.554248595505618 0.3197565543071161
0 0.5279143258426966 0.313436329588015 0.5330056179775281 0.3160112359550562 0.5375702247191011 0.32303370786516855 0.5393258426966292 0.33848314606741575 0.5333567415730337 0.352059925093633 0.5224719101123596 0.35978464419475653 0.5161516853932584 0.35931647940074907 0.507373595505618 0.3522940074906367 0.5061446629213483 0.3487827715355805 0.5079002808988764 0.33286516853932585 0.5150983146067416 0.3160112359550562 0.5277387640449438 0.313436329588015
0 0.551439606741573 0.6601123595505618 0.5589887640449438 0.6645599250936329 0.5628511235955056 0.6783707865168539 0.5614466292134831 0.68937265917603 0.5519662921348315 0.6963951310861424 0.5426615168539326 0.6940543071161048 0.5375702247191011 0.6832865168539326 0.5398525280898876 0.6631554307116105 0.5512640449438202 0.6601123595505618
0 0.5296699438202247 0.6046348314606742 0.5368679775280899 0.6123595505617978 0.5375702247191011 0.6259363295880149 0.5337078651685393 0.635065543071161 0.5254564606741573 0.639747191011236 0.5187851123595506 0.6385767790262172 0.5117626404494382 0.6329588014981273 0.5089536516853933 0.6233614232209738 0.5093047752808989 0.6161048689138576 0.5128160112359551 0.6090823970037453 0.5224719101123596 0.6046348314606742 0.5294943820224719 0.6046348314606742
0 0.36429073033707865 0.3099250936329588 0.37008426966292135 0.3125 0.37359550561797755 0.3171816479400749 0.3753511235955056 0.3279494382022472 0.3709620786516854 0.3403558052434457 0.363061797752809 0.3455056179775281 0.3539325842696629 0.33918539325842695 0.35059691011235955 0.32420411985018727 0.3555126404494382 0.313436329588015 0.36411516853932585 0.3099250936329588
0 0.4808637640449438 0.6502808988764045 0.4924508426966292 0.6554307116104869 0.4980688202247191 0.6647940074906367 0.49859550561797755 0.6753277153558053 0.49508426966292135 0.6837546816479401 0.49122191011235955 0.6879681647940075 0.484375 0.6891385767790262 0.47735252808988765 0.6863295880149812 0.47331460674157305 0.6800093632958801 0.4726123595505618 0.658941947565543 0.47384129213483145 0.6542602996254682 0.480688202247191 0.6505149812734082
0 0.39764747191011235 0.31273408239700373 0.40519662921348315 0.3176498127340824 0.40870786516853935 0.3265449438202247 0.40765449438202245 0.33848314606741575 0.3981741573033708 0.3464419475655431 0.3871137640449438 0.3431647940074906 0.383251404494382 0.3387172284644195 0.38167134831460675 0.33075842696629215 0.382373595505618 0.3211610486891386 0.38553370786516855 0.31624531835205993 0.39747191011235955 0.31273408239700373
0 0.6195575842696629 0.5760767790262172 0.6274578651685393 0.5833333333333334 0.6304424157303371 0.5919943820224719 0.6276334269662921 0.6062734082397003 0.6199087078651685 0.6125936329588015 0.6091994382022472 0.6090823970037453 0.6039325842696629 0.6034644194756554 0.6018258426966292 0.5969101123595506 0.6049859550561798 0.5814606741573034 0.6127106741573034 0.5760767790262172 0.6193820224719101 0.5760767790262172
0 0.4608497191011236 0.3061797752808989 0.46734550561797755 0.3099250936329588 0.4706811797752809 0.3150749063670412 0.4727879213483146 0.32467228464419473 0.47173455056179775 0.3356741573033708 0.4743679775280899 0.34152621722846443 0.46804775280898875 0.34925093632958804 0.46418539325842695 0.35042134831460675 0.45558286516853935 0.3487827715355805 0.44592696629213485 0.3429307116104869 0.4390800561797753 0.33239700374531833 0.43679775280898875 0.32467228464419473 0.4373244382022472 0.3176498127340824 0.44276685393258425 0.3103932584269663 0.453125 0.3061797752808989 0.4606741573033708 0.3061797752808989
0 0.5491573033707865 0.6125936329588015 0.5605688202247191 0.6161048689138576 0.5651334269662921 0.6259363295880149 0.5651334269662921 0.6439606741573034 0.5607443820224719 0.6509831460674157 0.5572331460674157 0.6526217228464419 0.5456460674157303 0.6500468164794008 0.5410814606741573 0.6441947565543071 0.5387991573033708 0.6360018726591761 0.543188202247191 0.6139981273408239 0.5489817415730337 0.6125936329588015
0 0.5214185393258427 0.6575374531835206 0.5307233146067416 0.6631554307116105 0.5340589887640449 0.6748595505617978 0.5314255617977528 0.6875 0.5228230337078652 0.6942883895131086 0.5122893258426966 0.6912453183520599 0.5071980337078652 0.6795411985018727 0.5103581460674157 0.6624531835205992 0.5154494382022472 0.6580056179775281 0.5212429775280899 0.6575374531835206
0 0.616748595505618 0.36540262172284643 0.6239466292134831 0.36961610486891383 0.6278089887640449 0.37663857677902624 0.6285112359550562 0.38412921348314605 0.6253511235955056 0.39419475655430714 0.6165730337078652 0.4014513108614232 0.6055126404494382 0.39747191011235955 0.6016502808988764 0.38764044943820225 0.6028792134831461 0.37336142322097376 0.6086727528089888 0.36797752808988765 0.6165730337078652 0.36540262172284643
0 0.3574438202247191 0.6512172284644194 0.36639747191011235 0.6542602996254682 0.37166432584269665 0.6594101123595506 0.3695575842696629 0.6818820224719101 0.3628862359550562 0.6891385767790262 0.3574438202247191 0.6910112359550562 0.34866573033707865 0.6889044943820225 0.3439255617977528 0.6767322097378277 0.34515449438202245 0.6619850187265918 0.35235252808988765 0.6533239700374532 0.3572682584269663 0.6512172284644194
0 0.37780898876404495 0.5236423220973783 0.3825491573033708 0.5330056179775281 0.3825491573033708 0.5430711610486891 0.38009129213483145 0.550561797752809 0.3732443820224719 0.5582865168539326 0.3637640449438202 0.5561797752808989 0.355688202247191 0.5500936329588015 0.35235252808988765 0.5454119850187266 0.35235252808988765 0.5393258426966292 0.35481039325842695 0.5294943820224719 0.36060393258426965 0.5229400749063671 0.3734199438202247 0.5208333333333334 0.37763342696629215 0.5236423220973783
0 0.37201544943820225 0.4789325842696629 0.37974016853932585 0.4833801498127341 0.3844803370786517 0.4943820224719101 0.38377808988764045 0.5060861423220974 0.3767556179775281 0.5168539325842697 0.3669241573033708 0.5145131086142322 0.35410814606741575 0.5154494382022472 0.35094803370786515 0.5063202247191011 0.35814606741573035 0.48408239700374533 0.363061797752809 0.47963483146067415 0.37183988764044945 0.4789325842696629
0 0.42275280898876405 0.6451310861423221 0.4299508426966292 0.6505149812734082 0.4331109550561798 0.6657303370786517 0.42872191011235955 0.6760299625468165 0.4220505617977528 0.6814138576779026 0.4155547752808989 0.6797752808988764 0.4097612359550562 0.6732209737827716 0.40712780898876405 0.6683052434456929 0.4066011235955056 0.6605805243445693 0.41134129213483145 0.6479400749063671 0.42257724719101125 0.6451310861423221
0 0.4590941011235955 0.3574438202247191 0.46734550561797755 0.3625936329588015 0.4691011235955056 0.3771067415730337 0.4645365168539326 0.38717228464419473 0.4566362359550562 0.3916198501872659 0.44978932584269665 0.39021535580524347 0.4452247191011236 0.3852996254681648 0.4431179775280899 0.3728932584269663 0.4438202247191011 0.3661048689138577 0.44820926966292135 0.3586142322097378 0.4589185393258427 0.3574438202247191
0 0.581811797752809 0.4089419475655431 0.5932233146067416 0.4169007490636704 0.5939255617977528 0.43586142322097376 0.5890098314606742 0.4461610486891386 0.5719803370786517 0.45435393258426965 0.5642556179775281 0.45131086142322097 0.5605688202247191 0.44686329588014984 0.5589887640449438 0.4396067415730337 0.5600421348314607 0.4323501872659176 0.5696980337078652 0.41292134831460675 0.5816362359550562 0.4089419475655431
0 0.40326544943820225 0.5294943820224719 0.409936797752809 0.5334737827715356 0.4137991573033708 0.5423689138576779 0.4125702247191011 0.5578183520599251 0.4078300561797753 0.5648408239700374 0.4043188202247191 0.5662453183520599 0.3886938202247191 0.5601591760299626 0.38377808988764045 0.5468164794007491 0.38728932584269665 0.5334737827715356 0.39396067415730335 0.528558052434457 0.40308988764044945 0.5294943820224719
0 0.5293188202247191 0.31484082397003743 0.5363412921348315 0.3223314606741573 0.5384480337078652 0.3352059925093633 0.5314255617977528 0.3487827715355805 0.5228230337078652 0.351123595505618 0.5108848314606742 0.3443352059925094 0.5089536516853933 0.33146067415730335 0.5152738764044944 0.31647940074906367 0.5217696629213483 0.3136704119850187 0.5291432584269663 0.31484082397003743
0 0.456811797752809 0.4857209737827715 0.4648876404494382 0.4897003745318352 0.4683988764044944 0.5 0.4668188202247191 0.5133426966292135 0.456811797752809 0.5215355805243446 0.44978932584269665 0.5203651685393258 0.44610252808988765 0.5168539325842697 0.4415379213483146 0.5049157303370787 0.44241573033707865 0.4967228464419476 0.4455758426966292 0.49040262172284643 0.4566362359550562 0.4857209737827715
0 0.3672752808988764 0.5596910112359551 0.37640449438202245 0.5639044943820225 0.37974016853932585 0.5678838951310862 0.3804424157303371 0.572565543071161 0.3772823033707865 0.5919943820224719 0.36973314606741575 0.601123595505618 0.355688202247191 0.5926966292134831 0.35217696629213485 0.5884831460674157 0.3498946629213483 0.5788857677902621 0.35077247191011235 0.5711610486891385 0.3558637640449438 0.5617977528089888 0.3670997191011236 0.5596910112359551
0 0.49139747191011235 0.3579119850187266 0.49929775280898875 0.3618913857677903 0.5038623595505618 0.37312734082397003 0.5017556179775281 0.38717228464419473 0.49473314606741575 0.39232209737827717 0.48297050561797755 0.38764044943820225 0.47910814606741575 0.37687265917602997 0.47981039325842695 0.36891385767790263 0.4826193820224719 0.363998127340824 0.48577949438202245 0.35978464419475653 0.49122191011235955 0.3579119850187266
0 0.3946629213483146 0.6088483146067416 0.402563202247191 0.6144662921348315 0.40554775280898875 0.6210205992509363 0.40677668539325845 0.6313202247191011 0.4046699438202247 0.639747191011236 0.39396067415730335 0.648876404494382 0.3862359550561798 0.6481741573033708 0.3811446629213483 0.6444288389513109 0.37745786516853935 0.6371722846441947 0.3765800561797753 0.6282771535580525 0.37833567415730335 0.6186797752808989 0.383251404494382 0.612125468164794 0.3944873595505618 0.6088483146067416
0 0.39729634831460675 0.35369850187265917 0.4046699438202247 0.35931647940074907 0.40625 0.37312734082397003 0.402563202247191 0.3817883895131086 0.3909761235955056 0.386938202247191 0.3825491573033708 0.38085205992509363 0.37956460674157305 0.37265917602996257 0.37974016853932585 0.36282771535580527 0.38728932584269665 0.35346441947565543 0.39712078651685395 0.35369850187265917
0 0.3941362359550562 0.5683520599250936 0.4006320224719101 0.5692883895131086 0.4080056179775281 0.574438202247191 0.40730337078651685 0.5781835205992509 0.4101123595505618 0.5875468164794008 0.4101123595505618 0.5952715355805244 0.39747191011235955 0.6055711610486891 0.38606039325842695 0.6013576779026217 0.3813202247191011 0.5884831460674157 0.3851825842696629 0.5718632958801498 0.39396067415730335 0.5683520599250936
0 0.6165730337078652 0.32467228464419473 0.6246488764044944 0.33169475655430714 0.6260533707865169 0.34269662921348315 0.6246488764044944 0.34995318352059923 0.6162219101123596 0.35814606741573035 0.6095505617977528 0.3574438202247191 0.6049859550561798 0.35346441947565543 0.6009480337078652 0.34691011235955055 0.6005969101123596 0.34058988764044945 0.601123595505618 0.3347378277153558 0.6051615168539326 0.3279494382022472 0.6163974719101124 0.32467228464419473
0 0.363061797752809 0.350187265917603 0.37201544943820225 0.35510299625468167 0.37570224719101125 0.36329588014981273 0.37359550561797755 0.37991573033707865 0.36639747191011235 0.386001872659176 0.3558637640449438 0.38342696629213485 0.351123595505618 0.3771067415730337 0.34884129213483145 0.3663389513108614 0.35287921348314605 0.3544007490636704 0.3628862359550562 0.350187265917603
0 0.40625 0.38974719101123595 0.41467696629213485 0.3955992509363296 0.4201193820224719 0.4080056179775281 0.41344803370786515 0.4262640449438202 0.4078300561797753 0.4297752808988764 0.39975421348314605 0.4286048689138577 0.39922752808988765 0.4250936329588015 0.39396067415730335 0.4232209737827715 0.390625 0.4187734082397004 0.38957162921348315 0.4122191011235955 0.38974719101123595 0.40426029962546817 0.3923806179775281 0.3977059925093633 0.4001053370786517 0.3904494382022472 0.4060744382022472 0.38974719101123595
0 0.3635884831460674 0.6079119850187266 0.3734199438202247 0.6128277153558053 0.37622893258426965 0.62312734082397 0.37429775280898875 0.6367041198501873 0.363061797752809 0.6453651685393258 0.3576193820224719 0.6446629213483146 0.35252808988764045 0.6399812734082397 0.3498946629213483 0.6238295880149812 0.35481039325842695 0.6114232209737828 0.3634129213483146 0.6079119850187266
0 0.6163974719101124 0.5351123595505618 0.6267556179775281 0.5428370786516854 0.6285112359550562 0.552434456928839 0.6267556179775281 0.5629681647940075 0.616748595505618 0.5720973782771536 0.6125351123595506 0.5718632958801498 0.6042837078651685 0.5657771535580525 0.6002457865168539 0.5552434456928839 0.6009480337078652 0.5442415730337079 0.6030547752808989 0.5407303370786517 0.6162219101123596 0.5351123595505618
0 0.4959620786516854 0.313436329588015 0.5024578651685393 0.31788389513108617 0.5064957865168539 0.33075842696629215 0.5026334269662921 0.3441011235955056 0.49666432584269665 0.3487827715355805 0.484375 0.3455056179775281 0.48191713483146065 0.34176029962546817 0.48103932584269665 0.3291198501872659 0.4845505617977528 0.3169475655430712 0.4957865168539326 0.313436329588015
0 0.620435393258427 0.6205524344569289 0.6283356741573034 0.6266385767790262 0.6309691011235955 0.6371722846441947 0.6300912921348315 0.6472378277153558 0.6211376404494382 0.6561329588014981 0.609375 0.6521535580524345 0.6028792134831461 0.6406835205992509 0.6074438202247191 0.6273408239700374 0.6141151685393258 0.6214887640449438 0.6202598314606742 0.6205524344569289
0 0.4901685393258427 0.4833801498127341 0.49719101123595505 0.48782771535580527 0.5010533707865169 0.49812734082397003 0.4982443820224719 0.514747191011236 0.48946629213483145 0.5184925093632958 0.4789325842696629 0.5159176029962547 0.4764747191011236 0.5114700374531835 0.47542134831460675 0.5014044943820225 0.4787570224719101 0.48735955056179775 0.4841994382022472 0.4836142322097378 0.4899929775280899 0.4833801498127341
0 0.36604634831460675 0.43679775280898875 0.3748244382022472 0.4426498127340824 0.37780898876404495 0.45482209737827717 0.37412219101123595 0.46558988764044945 0.36393960674157305 0.4714419475655431 0.35603932584269665 0.46863295880149813 0.3518258426966292 0.46348314606741575 0.3500702247191011 0.45271535580524347 0.352001404494382 0.4426498127340824 0.355688202247191 0.4386704119850187 0.36587078651685395 0.43679775280898875
0 0.5816362359550562 0.3642322097378277 0.589185393258427 0.3682116104868914 0.5926966292134831 0.37312734082397003 0.5941011235955056 0.3801498127340824 0.5919943820224719 0.3955992509363296 0.5853230337078652 0.3991104868913858 0.5721558988764045 0.3960674157303371 0.5675912921348315 0.39091760299625467 0.5702247191011236 0.36961610486891383 0.5814606741573034 0.3642322097378277
0 0.4313553370786517 0.3160112359550562 0.4357443820224719 0.3197565543071161 0.44013342696629215 0.33965355805243447 0.43855337078651685 0.3455056179775281 0.42907303370786515 0.3497191011235955 0.4180126404494382 0.3431647940074906 0.4141502808988764 0.32982209737827717 0.4215238764044944 0.3169475655430712 0.4311797752808989 0.3160112359550562
0 0.6065660112359551 0.4936797752808989 0.6209620786516854 0.49719101123595505 0.6255266853932584 0.5049157303370787 0.6237710674157303 0.5231741573033708 0.6169241573033708 0.5308988764044944 0.6099016853932584 0.5323033707865169 0.601123595505618 0.5306647940074907 0.5990168539325843 0.5198970037453183 0.5972612359550562 0.5189606741573034 0.5990168539325843 0.5163857677902621 0.5970856741573034 0.5053838951310862 0.5986657303370787 0.49859550561797755 0.6023525280898876 0.4943820224719101 0.6063904494382022 0.4936797752808989
0 0.6128862359550562 0.41034644194756553 0.6209620786516854 0.41409176029962547 0.6244733146067416 0.41947565543071164 0.6253511235955056 0.426498127340824 0.6214887640449438 0.4410112359550562 0.6149929775280899 0.44569288389513106 0.6053370786516854 0.4452247191011236 0.601123595505618 0.4400749063670412 0.5986657303370787 0.43211610486891383 0.6012991573033708 0.4143258426966292 0.6127106741573034 0.41034644194756553
0 0.6128862359550562 0.6558988764044944 0.6234199438202247 0.6580056179775281 0.6302668539325843 0.6680711610486891 0.6313202247191011 0.6832865168539326 0.628686797752809 0.6926498127340824 0.6230688202247191 0.6980337078651685 0.6132373595505618 0.6980337078651685 0.6058637640449438 0.6931179775280899 0.6023525280898876 0.6867977528089888 0.6005969101123596 0.6767322097378277 0.602001404494382 0.6657303370786517 0.6055126404494382 0.6601123595505618 0.6127106741573034 0.6561329588014981
0 0.425561797752809 0.5999531835205992 0.43504213483146065 0.6055711610486891 0.4397823033707865 0.6172752808988764 0.433813202247191 0.6336610486891385 0.42275280898876405 0.6385767790262172 0.4120435393258427 0.6329588014981273 0.4081811797752809 0.6161048689138576 0.41116573033707865 0.6081460674157303 0.41941713483146065 0.6008895131086143 0.4253862359550562 0.5999531835205992
0 0.5819873595505618 0.6118913857677902 0.5926966292134831 0.6184456928838952 0.594627808988764 0.6306179775280899 0.5930477528089888 0.6390449438202247 0.581811797752809 0.6477059925093633 0.5716292134831461 0.6446629213483146 0.5682935393258427 0.6301498127340824 0.570751404494382 0.6179775280898876 0.581811797752809 0.6118913857677902
0 0.5198384831460674 0.36282771535580527 0.5268609550561798 0.36563670411985016 0.5314255617977528 0.37429775280898875 0.5298455056179775 0.38881086142322097 0.5263342696629213 0.39489700374531833 0.5196629213483146 0.39840823970037453 0.5080758426966292 0.3958333333333333 0.5057935393258427 0.37663857677902624 0.5096558988764045 0.3661048689138577 0.5196629213483146 0.36282771535580527
0 0.36973314606741575 0.3946629213483146 0.38026685393258425 0.39957865168539325 0.38360252808988765 0.40519662921348315 0.38342696629213485 0.42134831460674155 0.37991573033707865 0.42813670411985016 0.375 0.43164794007490637 0.36271067415730335 0.43141385767790263 0.355688202247191 0.4220505617977528 0.3551615168539326 0.4112827715355805 0.35797050561797755 0.4014513108614232 0.3695575842696629 0.3946629213483146
0 0.5479283707865169 0.36493445692883897 0.5602176966292135 0.37312734082397003 0.5617977528089888 0.39091760299625467 0.5570575842696629 0.4014513108614232 0.5437148876404494 0.40777153558052437 0.5352879213483146 0.3913857677902622 0.5351123595505618 0.3771067415730337 0.5398525280898876 0.36750936329588013 0.547752808988764 0.36493445692883897
0 0.4569873595505618 0.6465355805243446 0.4647120786516854 0.6537921348314607 0.46594101123595505 0.6661985018726592 0.4608497191011236 0.6809456928838952 0.4534761235955056 0.6863295880149812 0.4471558988764045 0.68562734082397 0.44259129213483145 0.6816479400749064 0.43802668539325845 0.6718164794007491 0.4378511235955056 0.6638576779026217 0.44048455056179775 0.649812734082397 0.44627808988764045 0.6458333333333334 0.456811797752809 0.6465355805243446
0 0.4922752808988764 0.6139981273408239 0.5017556179775281 0.6203183520599251 0.5038623595505618 0.6341292134831461 0.5021067415730337 0.6441947565543071 0.4980688202247191 0.6486423220973783 0.491748595505618 0.650749063670412 0.480688202247191 0.6451310861423221 0.47735252808988765 0.6329588014981273 0.48103932584269665 0.6193820224719101 0.4920997191011236 0.6139981273408239
2 0.6384597963483146 0.3136704119850187 0.6334283707865168 0.7042375936329588 0.3401578300561798 0.6932130149812734 0.3485426615168539 0.30497776217228467
1 0.43180828651685393 0.42115402621722847 0.025602176966292137 0.030821629213483144
1 0.4313096910112359 0.46008661048689137 0.02460674157303371 0.033780430711610486
1 0.4014325842696629 0.4984410112359551 0.023369030898876406 0.03558286516853933
1 0.4313009129213483 0.5010697565543072 0.021074438202247192 0.03459737827715356
1 0.43160463483146067 0.5391338951310861 0.022854634831460677 0.03113998127340824
1 0.42946980337078655 0.5817181647940075 0.024434691011235955 0.032036516853932585
1 0.4599420646067416 0.5798010299625468 0.024518960674157302 0.028204588014981272
1 0.4598964185393259 0.6201404494382022 0.023256671348314606 0.02461142322097378
1 0.46200667134831463 0.541558988764045 0.02162570224719101 0.028188202247191013
1 0.4648086376404495 0.46427668539325845 0.022549157303370787 0.03123829588014981
1 0.46415905898876403 0.42192649812734084 0.02125 0.0323689138576779
1 0.49269311797752813 0.42352528089887637 0.024478581460674158 0.02932116104868914
1 0.4918802668539326 0.46335908239700374 0.024023876404494382 0.030962078651685397
1 0.5200474016853933 0.42301966292134835 0.02183813202247191 0.03455056179775281
1 0.5499912219101124 0.4261072097378277 0.02203125 0.02980337078651685
1 0.5183900983146067 0.46495084269662923 0.019691011235955055 0.029463951310861426
1 0.5475456460674157 0.46439606741573036 0.02065133426966292 0.03303604868913858
1 0.5791028792134831 0.4656109550561798 0.022907303370786516 0.026102528089887642
1 0.579352176966292 0.5036470037453183 0.019894662921348314 0.03194756554307116
1 0.5800544241573033 0.5453792134831461 0.022468398876404495 0.03426498127340824
1 0.579352176966292 0.5835088951310862 0.02223490168539326 0.03093632958801498
1 0.5479371488764045 0.5833426966292135 0.020266853932584268 0.027485955056179776
1 0.5176123595505618 0.5811680711610487 0.02047752808988764 0.02469335205992509
1 0.48945224719101127 0.5807233146067415 0.026190308988764045 0.030049157303370787
1 0.48981917134831465 0.5406460674157303 0.02575316011235955 0.031044007490636707
1 0.5180775983146068 0.5408192883895131 0.021408005617977528 0.029826779026217227
1 0.5477106741573035 0.5441128277153557 0.02215238764044944 0.03329588014981274
1 0.5183900983146067 0.5033333333333333 0.022034761235955058 0.03288389513108614
1 0.5489571629213483 0.5045341760299625 0.021135884831460675 0.03528558052434457