0 0.35270365168539325 0.6683052434456929 0.35691713483146065 0.6753277153558053 0.3537570224719101 0.7029494382022472 0.3577949438202247 0.7151217228464419 0.355688202247191 0.7212078651685393 0.34708567415730335 0.7275280898876404 0.3297050561797753 0.7169943820224719 0.3246137640449438 0.7080992509363296 0.3239115168539326 0.7024812734082397 0.328125 0.6760299625468165 0.33514747191011235 0.6767322097378277 0.35252808988764045 0.6683052434456929
0 0.36639747191011235 0.5468164794007491 0.3804424157303371 0.5529026217228464 0.38395365168539325 0.5578183520599251 0.38342696629213485 0.5849719101123596 0.38026685393258425 0.596441947565543 0.3628862359550562 0.5938670411985019 0.35603932584269665 0.5814606741573034 0.35428370786516855 0.5550093632958801 0.35814606741573035 0.5500936329588015 0.36622191011235955 0.5468164794007491
0 0.6207865168539326 0.5105337078651685 0.6279845505617978 0.5149812734082397 0.633251404494382 0.525749063670412 0.6343047752808989 0.5332397003745318 0.6306179775280899 0.5461142322097379 0.6202598314606742 0.5514981273408239 0.609375 0.5482209737827716 0.6044592696629213 0.5433052434456929 0.6025280898876404 0.525749063670412 0.6060393258426966 0.5154494382022472 0.6123595505617978 0.5114700374531835 0.6206109550561798 0.5105337078651685
0 0.6141151685393258 0.5943352059925093 0.6246488764044944 0.5990168539325843 0.6307935393258427 0.611189138576779 0.6314957865168539 0.6196161048689138 0.629564606741573 0.6271067415730337 0.624122191011236 0.6345973782771536 0.6200842696629213 0.6357677902621723 0.6106039325842697 0.635065543071161 0.6053370786516854 0.6299157303370787 0.6018258426966292 0.6228932584269663 0.5986657303370787 0.6062734082397003 0.5990168539325843 0.6020599250936329 0.6034058988764045 0.5955056179775281 0.613939606741573 0.5943352059925093
0 0.6778441011235955 0.5529026217228464 0.6925912921348315 0.5545411985018727 0.6950491573033708 0.5571161048689138 0.6906601123595506 0.5854400749063671 0.6860955056179775 0.5919943820224719 0.6790730337078652 0.5943352059925093 0.6659058988764045 0.5936329588014981 0.657127808988764 0.5838014981273408 0.6558988764044944 0.5770131086142322 0.6578300561797753 0.5603932584269663 0.6688904494382022 0.5529026217228464 0.6776685393258427 0.5529026217228464
0 0.32145365168539325 0.6699438202247191 0.3246137640449438 0.6718164794007491 0.3258426966292135 0.6853932584269663 0.3225070224719101 0.7064606741573034 0.3147823033707865 0.7111423220973783 0.296875 0.7125468164794008 0.2933637640449438 0.712312734082397 0.29002808988764045 0.7048220973782772 0.2991573033707865 0.677434456928839 0.3070575842696629 0.6697097378277154 0.32127808988764045 0.6699438202247191
0 0.5895365168539326 0.5126404494382022 0.5993679775280899 0.5189606741573034 0.6034058988764045 0.5280898876404494 0.6028792134831461 0.5437734082397003 0.5988412921348315 0.5507958801498127 0.5921699438202247 0.5536048689138576 0.5809339887640449 0.5507958801498127 0.5739115168539326 0.5433052434456929 0.5721558988764045 0.5351123595505618 0.5725070224719101 0.522003745318352 0.5746137640449438 0.5173220973782772 0.5812851123595506 0.5133426966292135 0.5893609550561798 0.5126404494382022
0 0.6127106741573034 0.6762640449438202 0.6239466292134831 0.6821161048689138 0.6272823033707865 0.6863295880149812 0.6306179775280899 0.6989700374531835 0.6274578651685393 0.7137172284644194 0.6199087078651685 0.7205056179775281 0.6132373595505618 0.7207397003745318 0.6058637640449438 0.7167602996254682 0.6014747191011236 0.7102059925093633 0.598314606741573 0.699438202247191 0.5986657303370787 0.6872659176029963 0.6055126404494382 0.6776685393258427 0.6125351123595506 0.6764981273408239
0 0.4899929775280899 0.6760299625468165 0.5015800561797753 0.6781367041198502 0.5070224719101124 0.6919475655430711 0.5029845505617978 0.7134831460674157 0.49490870786516855 0.7188670411985019 0.4864817415730337 0.7181647940074907 0.4808637640449438 0.7146535580524345 0.47717696629213485 0.6999063670411985 0.477001404494382 0.6919475655430711 0.4799859550561798 0.6811797752808989 0.484375 0.6764981273408239 0.4898174157303371 0.6760299625468165
0 0.6237710674157303 0.636938202247191 0.6344803370786517 0.6458333333333334 0.6381671348314607 0.6570692883895131 0.636938202247191 0.6687734082397003 0.6264044943820225 0.6800093632958801 0.6192064606741573 0.6790730337078652 0.609375 0.6715823970037453 0.6042837078651685 0.6580056179775281 0.604810393258427 0.6441947565543071 0.6077949438202247 0.6399812734082397 0.6141151685393258 0.6364700374531835 0.6235955056179775 0.636938202247191
0 0.31372893258426965 0.6264044943820225 0.32285814606741575 0.6301498127340824 0.3261938202247191 0.6355337078651685 0.3225070224719101 0.653558052434457 0.3242626404494382 0.6647940074906367 0.32092696629213485 0.6678370786516854 0.30775983146067415 0.6694756554307116 0.30354634831460675 0.6687734082397003 0.29634831460674155 0.6622191011235955 0.2926615168539326 0.6530898876404494 0.29160814606741575 0.6395131086142322 0.2966994382022472 0.6285112359550562 0.31355337078651685 0.6264044943820225
0 0.6383426966292135 0.6711142322097379 0.6522120786516854 0.6776685393258427 0.6594101123595506 0.68937265917603 0.660814606741573 0.699438202247191 0.6595856741573034 0.7120786516853933 0.6548455056179775 0.7169943820224719 0.6485252808988764 0.7186329588014981 0.6402738764044944 0.7169943820224719 0.6330758426966292 0.7111423220973783 0.6313202247191011 0.7066947565543071 0.6281601123595506 0.6821161048689138 0.6334269662921348 0.6741573033707865 0.6381671348314607 0.6711142322097379
0 0.5800561797752809 0.636938202247191 0.5955056179775281 0.6383426966292135 0.6028792134831461 0.6481741573033708 0.6060393258426966 0.6711142322097379 0.6023525280898876 0.6772003745318352 0.5960323033707865 0.6809456928838952 0.5816362359550562 0.6762640449438202 0.5728581460674157 0.6676029962546817 0.5704002808988764 0.6549625468164794 0.5709269662921348 0.6392790262172284 0.574438202247191 0.6364700374531835 0.5798806179775281 0.636938202247191
0 0.4906952247191011 0.5067883895131086 0.4984199438202247 0.5102996254681648 0.5028089887640449 0.5224719101123596 0.5012289325842697 0.5400280898876404 0.4982443820224719 0.5454119850187266 0.4919241573033708 0.5484550561797753 0.47331460674157305 0.5470505617977528 0.46945224719101125 0.5428370786516854 0.46752106741573035 0.5299625468164794 0.47542134831460675 0.511938202247191 0.47981039325842695 0.5084269662921348 0.4905196629213483 0.5067883895131086
0 0.5263342696629213 0.6769662921348315 0.5338834269662921 0.6849250936329588 0.5368679775280899 0.6926498127340824 0.5377457865168539 0.704119850187266 0.5340589887640449 0.7172284644194756 0.5226474719101124 0.7230805243445693 0.5154494382022472 0.7207397003745318 0.5094803370786517 0.7134831460674157 0.5077247191011236 0.6931179775280899 0.5142205056179775 0.6814138576779026 0.5261587078651685 0.6769662921348315
0 0.2770365168539326 0.5905898876404494 0.2889747191011236 0.596441947565543 0.2912570224719101 0.6132958801498127 0.28774578651685395 0.62687265917603 0.27440308988764045 0.6343632958801498 0.2654494382022472 0.6317883895131086 0.26053370786516855 0.6264044943820225 0.2543890449438202 0.6095505617977528 0.2543890449438202 0.6008895131086143 0.25842696629213485 0.5912921348314607 0.2768609550561798 0.5905898876404494
0 0.3109199438202247 0.5854400749063671 0.3186446629213483 0.5889513108614233 0.3283005617977528 0.5976123595505618 0.32865168539325845 0.6090823970037453 0.31759129213483145 0.6238295880149812 0.3012640449438202 0.6275749063670412 0.29599719101123595 0.6261704119850188 0.2926615168539326 0.6191479400749064 0.2912570224719101 0.5987827715355806 0.3023174157303371 0.5877808988764045 0.3107443820224719 0.5854400749063671
0 0.46418539325842695 0.5074906367041199 0.472436797752809 0.5102996254681648 0.47384129213483145 0.5159176029962547 0.4691011235955056 0.5316011235955056 0.46927668539325845 0.5433052434456929 0.46348314606741575 0.5456460674157303 0.4585674157303371 0.5444756554307116 0.4527738764044944 0.5374531835205992 0.45031601123595505 0.5156835205992509 0.45224719101123595 0.5088951310861424 0.46400983146067415 0.5074906367041199
0 0.43609550561797755 0.5479868913857678 0.4454002808988764 0.5533707865168539 0.44662921348314605 0.5636704119850188 0.4454002808988764 0.5781835205992509 0.43697331460674155 0.5840355805243446 0.43100421348314605 0.5828651685393258 0.4241573033707865 0.5765449438202247 0.42082162921348315 0.5648408239700374 0.42485955056179775 0.5538389513108615 0.42907303370786515 0.5493913857677902 0.4359199438202247 0.5479868913857678
0 0.4355688202247191 0.6680711610486891 0.44241573033707865 0.6753277153558053 0.44662921348314605 0.6926498127340824 0.44206460674157305 0.7134831460674157 0.4397823033707865 0.7169943820224719 0.4313553370786517 0.7202715355805244 0.421875 0.7186329588014981 0.4180126404494382 0.7148876404494382 0.41537921348314605 0.7097378277153558 0.41467696629213485 0.699438202247191 0.41924157303370785 0.6821161048689138 0.42872191011235955 0.6694756554307116 0.4353932584269663 0.6680711610486891
0 0.6199087078651685 0.5529026217228464 0.6300912921348315 0.5596910112359551 0.6339536516853933 0.5716292134831461 0.6307935393258427 0.587312734082397 0.6257022471910112 0.5924625468164794 0.6206109550561798 0.5938670411985019 0.6114817415730337 0.5929307116104869 0.604810393258427 0.589185393258427 0.6014747191011236 0.5849719101123596 0.5984901685393258 0.574438202247191 0.5988412921348315 0.5662453183520599 0.6018258426966292 0.5587546816479401 0.605688202247191 0.5554775280898876 0.6197331460674157 0.5529026217228464
0 0.6474719101123596 0.5898876404494382 0.6546699438202247 0.5924625468164794 0.6592345505617978 0.6013576779026217 0.6604634831460674 0.6196161048689138 0.6569522471910112 0.6341292134831461 0.6511587078651685 0.639747191011236 0.639747191011236 0.6390449438202247 0.6371137640449438 0.637874531835206 0.6313202247191011 0.62687265917603 0.6297401685393258 0.5999531835205992 0.6472963483146067 0.5901217228464419
0 0.6799508426966292 0.6006554307116105 0.6899578651685393 0.6032303370786517 0.6950491573033708 0.6170411985018727 0.6934691011235955 0.6315543071161048 0.6843398876404494 0.6385767790262172 0.6736306179775281 0.6345973782771536 0.6671348314606742 0.6264044943820225 0.664501404494382 0.6163389513108615 0.6683637640449438 0.6048689138576779 0.6797752808988764 0.6006554307116105
0 0.6648525280898876 0.6725187265917603 0.6729283707865169 0.6811797752808989 0.6855688202247191 0.6865636704119851 0.6901334269662921 0.6940543071161048 0.6918890449438202 0.7064606741573034 0.6899578651685393 0.7153558052434457 0.6859199438202247 0.7205056179775281 0.6790730337078652 0.7223782771535581 0.6716994382022472 0.7212078651685393 0.6620435393258427 0.7102059925093633 0.657127808988764 0.6783707865168539 0.6601123595505618 0.6739232209737828 0.6646769662921348 0.6725187265917603
0 0.3476123595505618 0.6292134831460674 0.355688202247191 0.6317883895131086 0.359375 0.6441947565543071 0.3498946629213483 0.6659644194756554 0.33707865168539325 0.6729868913857678 0.33128511235955055 0.6720505617977528 0.32338483146067415 0.6647940074906367 0.32162921348314605 0.6547284644194756 0.32338483146067415 0.6448970037453183 0.32689606741573035 0.6374063670411985 0.3335674157303371 0.6315543071161048 0.347436797752809 0.6292134831460674
0 0.28212780898876405 0.48642322097378277 0.28405898876404495 0.4969569288389513 0.29441713483146065 0.5056179775280899 0.2986306179775281 0.5124063670411985 0.3012640449438202 0.5224719101123596 0.29827949438202245 0.5327715355805244 0.28985252808988765 0.5454119850187266 0.2810744382022472 0.5491573033707865 0.2758075842696629 0.5491573033707865 0.2719452247191011 0.5437734082397003 0.2652738764044944 0.5283239700374532 0.2640449438202247 0.5152153558052435 0.2659761235955056 0.5086610486891385 0.2735252808988764 0.49836142322097376 0.27282303370786515 0.48782771535580527 0.28195224719101125 0.48642322097378277
0 0.5331811797752809 0.5517322097378277 0.5382724719101124 0.5568820224719101 0.542310393258427 0.5709269662921348 0.5403792134831461 0.5847378277153558 0.5335323033707865 0.5880149812734082 0.515625 0.5866104868913857 0.5103581460674157 0.5751404494382022 0.5145716292134831 0.5559456928838952 0.5330056179775281 0.5517322097378277
0 0.37974016853932585 0.6647940074906367 0.38606039325842695 0.6725187265917603 0.3850070224719101 0.699438202247191 0.37991573033707865 0.7099719101123596 0.36973314606741575 0.7169943820224719 0.3628862359550562 0.7162921348314607 0.35884831460674155 0.7127808988764045 0.35463483146067415 0.7043539325842697 0.35445926966292135 0.6921816479400749 0.35867275280898875 0.6788389513108615 0.36253511235955055 0.6741573033707865 0.3734199438202247 0.665496254681648 0.37956460674157305 0.6647940074906367
0 0.425561797752809 0.5011704119850188 0.44434691011235955 0.5110018726591761 0.4490870786516854 0.5259831460674157 0.44820926966292135 0.533941947565543 0.44452247191011235 0.5421348314606742 0.4295997191011236 0.5479868913857678 0.4220505617977528 0.5433052434456929 0.418188202247191 0.5374531835205992 0.41485252808988765 0.5149812734082397 0.4183637640449438 0.5049157303370787 0.4253862359550562 0.5011704119850188
0 0.40098314606741575 0.5065543071161048 0.4080056179775281 0.5079588014981273 0.41485252808988765 0.5149812734082397 0.4162570224719101 0.5348782771535581 0.41151685393258425 0.5428370786516854 0.39747191011235955 0.5470505617977528 0.3909761235955056 0.5442415730337079 0.38746488764044945 0.5397940074906367 0.38535814606741575 0.5294943820224719 0.38728932584269665 0.5154494382022472 0.39360955056179775 0.5081928838951311 0.4008075842696629 0.5067883895131086
0 0.26650280898876405 0.6657303370786517 0.28985252808988765 0.6661985018726592 0.2989817415730337 0.6718164794007491 0.289501404494382 0.7038857677902621 0.2770365168539326 0.7106741573033708 0.2714185393258427 0.7099719101123596 0.2654494382022472 0.7055243445692884 0.25509129213483145 0.6846910112359551 0.25491573033707865 0.6781367041198502 0.2577247191011236 0.6715823970037453 0.261938202247191 0.6664325842696629 0.26632724719101125 0.6657303370786517
0 0.711376404494382 0.6399812734082397 0.7219101123595506 0.6465355805243446 0.7275280898876404 0.6580056179775281 0.7257724719101124 0.675561797752809 0.7173455056179775 0.6830524344569289 0.7024227528089888 0.6788389513108615 0.6982092696629213 0.6753277153558053 0.6959269662921348 0.6680711610486891 0.6954002808988764 0.6484082397003745 0.703125 0.6406835205992509 0.7112008426966292 0.6399812734082397
0 0.5175561797752809 0.6310861423220974 0.5338834269662921 0.6327247191011236 0.5384480337078652 0.6420880149812734 0.5391502808988764 0.6514513108614233 0.5345856741573034 0.6661985018726592 0.515625 0.6776685393258427 0.5084269662921348 0.6757958801498127 0.5061446629213483 0.6701779026217228 0.5086025280898876 0.6558988764044944 0.5080758426966292 0.6404494382022472 0.5135182584269663 0.6324906367041199 0.5173806179775281 0.6310861423220974
0 0.4120435393258427 0.6638576779026217 0.4178370786516854 0.6715823970037453 0.41889044943820225 0.6776685393258427 0.4139747191011236 0.6996722846441947 0.4080056179775281 0.7092696629213483 0.3983497191011236 0.714185393258427 0.3904494382022472 0.711376404494382 0.3865870786516854 0.7052902621722846 0.38764044943820225 0.6786048689138576 0.38992275280898875 0.6741573033707865 0.40115870786516855 0.6661985018726592 0.4118679775280899 0.6638576779026217
0 0.2422752808988764 0.5025749063670412 0.2617626404494382 0.5086610486891385 0.2635182584269663 0.5170880149812734 0.26316713483146065 0.5327715355805244 0.25526685393258425 0.5400280898876404 0.24719101123595505 0.5433052434456929 0.22998595505617977 0.5397940074906367 0.22542134831460675 0.5283239700374532 0.22612359550561797 0.5156835205992509 0.22963483146067415 0.5086610486891385 0.2420997191011236 0.5025749063670412
0 0.4669943820224719 0.6301498127340824 0.47787921348314605 0.6355337078651685 0.4808637640449438 0.6427902621722846 0.4782303370786517 0.6650280898876404 0.47559691011235955 0.6718164794007491 0.4705056179775281 0.6767322097378277 0.4496137640449438 0.673689138576779 0.44803370786516855 0.6647940074906367 0.44856039325842695 0.6502808988764045 0.45242275280898875 0.6390449438202247 0.4587429775280899 0.6317883895131086 0.4668188202247191 0.6301498127340824
0 0.4064255617977528 0.548689138576779 0.41537921348314605 0.5589887640449438 0.41678370786516855 0.5713951310861424 0.4123946629213483 0.5830992509363296 0.40168539325842695 0.5894194756554307 0.3941362359550562 0.589185393258427 0.3885182584269663 0.5852059925093633 0.3851825842696629 0.5779494382022472 0.3844803370786517 0.5634363295880149 0.38992275280898875 0.5526685393258427 0.39729634831460675 0.5484550561797753 0.40625 0.548689138576779
0 0.44030898876404495 0.5868445692883895 0.445751404494382 0.5880149812734082 0.4471558988764045 0.5905898876404494 0.44785814606741575 0.6086142322097379 0.44259129213483145 0.6207865168539326 0.4359199438202247 0.6240636704119851 0.42889747191011235 0.6228932584269663 0.42275280898876405 0.6156367041198502 0.4202949438202247 0.6015917602996255 0.42503511235955055 0.5912921348314607 0.4320575842696629 0.5870786516853933 0.44013342696629215 0.5868445692883895
0 0.2556179775280899 0.6221910112359551 0.2698384831460674 0.6355337078651685 0.2694873595505618 0.6474719101123596 0.25702247191011235 0.6615168539325843 0.24157303370786518 0.6683052434456929 0.2345505617977528 0.6647940074906367 0.230688202247191 0.6580056179775281 0.2341994382022472 0.6336610486891385 0.23753511235955055 0.6294475655430711 0.2554424157303371 0.6221910112359551
0 0.46155196629213485 0.548689138576779 0.47120786516853935 0.5538389513108615 0.47559691011235955 0.5676498127340824 0.4745435393258427 0.5816947565543071 0.47120786516853935 0.5866104868913857 0.46348314606741575 0.5908239700374532 0.45382724719101125 0.589185393258427 0.4490870786516854 0.5852059925093633 0.44592696629213485 0.5746722846441947 0.44856039325842695 0.5550093632958801 0.453125 0.549625468164794 0.461376404494382 0.548689138576779
0 0.34462780898876405 0.5053838951310862 0.35832162921348315 0.511938202247191 0.3614817415730337 0.5217696629213483 0.35639044943820225 0.5379213483146067 0.3455056179775281 0.5456460674157303 0.33146067415730335 0.5435393258426966 0.3242626404494382 0.5332397003745318 0.32356039325842695 0.526685393258427 0.324438202247191 0.5189606741573034 0.33146067415730335 0.5084269662921348 0.3379564606741573 0.5049157303370787 0.34445224719101125 0.5053838951310862
0 0.554248595505618 0.6219569288389513 0.5572331460674157 0.62312734082397 0.5593398876404494 0.6303838951310862 0.5684691011235955 0.6362359550561798 0.5696980337078652 0.6395131086142322 0.5719803370786517 0.6690074906367042 0.5691713483146067 0.6788389513108615 0.5625 0.6832865168539326 0.5570575842696629 0.6832865168539326 0.5528441011235955 0.6788389513108615 0.543188202247191 0.661750936329588 0.5412570224719101 0.6544943820224719 0.5419592696629213 0.6406835205992509 0.5496839887640449 0.6301498127340824 0.5498595505617978 0.62312734082397 0.5540730337078652 0.6219569288389513
0 0.5331811797752809 0.5049157303370787 0.5400280898876404 0.5121722846441947 0.5382724719101124 0.5292602996254682 0.5330056179775281 0.5426029962546817 0.5228230337078652 0.5479868913857678 0.5138693820224719 0.5449438202247191 0.5061446629213483 0.536750936329588 0.5054424157303371 0.5255149812734082 0.507373595505618 0.5156835205992509 0.5089536516853933 0.5117041198501873 0.5154494382022472 0.5067883895131086 0.5330056179775281 0.5049157303370787
0 0.40923455056179775 0.5919943820224719 0.41906601123595505 0.6022940074906367 0.41941713483146065 0.6158707865168539 0.40747893258426965 0.6308520599250936 0.397998595505618 0.6345973782771536 0.38974719101123595 0.6313202247191011 0.38360252808988765 0.6203183520599251 0.37622893258426965 0.6219569288389513 0.3746488764044944 0.6161048689138576 0.38149578651685395 0.6114232209737828 0.38606039325842695 0.601123595505618 0.394311797752809 0.5938670411985019 0.40905898876404495 0.5919943820224719
0 0.24841994382022473 0.5852059925093633 0.2556179775280899 0.588249063670412 0.25684691011235955 0.5912921348314607 0.25298455056179775 0.6020599250936329 0.25474016853932585 0.6193820224719101 0.24473314606741572 0.62687265917603 0.23858848314606743 0.6280430711610487 0.230688202247191 0.6233614232209738 0.22735252808988765 0.6170411985018727 0.2266502808988764 0.6020599250936329 0.2341994382022472 0.5898876404494382 0.2482443820224719 0.5852059925093633
0 0.3829002808988764 0.5088951310861424 0.38746488764044945 0.5149812734082397 0.38588483146067415 0.5262172284644194 0.3867626404494382 0.5393258426966292 0.3772823033707865 0.5449438202247191 0.37025983146067415 0.5433052434456929 0.36464185393258425 0.535814606741573 0.3628862359550562 0.5224719101123596 0.3690308988764045 0.5098314606741573 0.37570224719101125 0.5072565543071161 0.3827247191011236 0.5088951310861424
0 0.43091643258426965 0.6431413857677902 0.039150280898876406 0.04049625468164794
0 0.7254213483146067 0.591058052434457 0.730688202247191 0.5994850187265918 0.7255969101123596 0.6062734082397003 0.7259480337078652 0.6198501872659176 0.7238412921348315 0.6285112359550562 0.7169943820224719 0.6383426966292135 0.7029494382022472 0.6390449438202247 0.6980337078651685 0.6385767790262172 0.6941713483146067 0.6336610486891385 0.6946980337078652 0.6170411985018727 0.6915379213483146 0.5952715355805244 0.6971558988764045 0.5938670411985019 0.7171699438202247 0.5971441947565543 0.7252457865168539 0.591058052434457
0 0.7078651685393258 0.6825842696629213 0.7203300561797753 0.6884363295880149 0.727001404494382 0.7008426966292135 0.7271769662921348 0.7104400749063671 0.7238412921348315 0.7200374531835206 0.7136587078651685 0.7268258426966292 0.7003160112359551 0.7202715355805244 0.6936446629213483 0.7099719101123596 0.6924157303370787 0.6961610486891385 0.695751404494382 0.6867977528089888 0.6992626404494382 0.6837546816479401 0.707689606741573 0.6825842696629213
0 0.5207162921348315 0.5880149812734082 0.5330056179775281 0.5915262172284644 0.5379213483146067 0.6041666666666666 0.5379213483146067 0.6203183520599251 0.5337078651685393 0.6275749063670412 0.5259831460674157 0.6317883895131086 0.5121137640449438 0.6285112359550562 0.5077247191011236 0.6182116104868914 0.5079002808988764 0.6055711610486891 0.5103581460674157 0.5978464419475655 0.5154494382022472 0.5896535580524345 0.5205407303370787 0.5880149812734082
0 0.7136587078651685 0.5102996254681648 0.7241924157303371 0.516619850187266 0.7273525280898876 0.5234082397003745 0.7282303370786517 0.5320692883895131 0.7275280898876404 0.5397940074906367 0.7245435393258427 0.5447097378277154 0.7138342696629213 0.5514981273408239 0.6983848314606742 0.5465823970037453 0.6996137640449438 0.5334737827715356 0.6962780898876404 0.5194288389513109 0.6980337078651685 0.5152153558052435 0.703125 0.5121722846441947 0.7134831460674157 0.5102996254681648
0 0.5574087078651685 0.5107677902621723 0.5679424157303371 0.5173220973782772 0.5702247191011236 0.5388576779026217 0.5679424157303371 0.5468164794007491 0.5537219101123596 0.5514981273408239 0.5426615168539326 0.5433052434456929 0.5400280898876404 0.528558052434457 0.5438904494382022 0.5142790262172284 0.5572331460674157 0.5107677902621723
0 0.6648525280898876 0.6357677902621723 0.671875 0.6402153558052435 0.6853932584269663 0.6425561797752809 0.6934691011235955 0.6509831460674157 0.6955758426966292 0.6683052434456929 0.6943469101123596 0.6757958801498127 0.6918890449438202 0.6802434456928839 0.6855688202247191 0.6837546816479401 0.6773174157303371 0.6830524344569289 0.6711727528089888 0.6795411985018727 0.6566011235955056 0.6577715355805244 0.6544943820224719 0.6509831460674157 0.6569522471910112 0.6409176029962547 0.6594101123595506 0.636938202247191 0.6646769662921348 0.6357677902621723
0 0.4920997191011236 0.552434456928839 0.5015800561797753 0.5550093632958801 0.5054424157303371 0.5613295880149812 0.5071980337078652 0.5709269662921348 0.5061446629213483 0.5816947565543071 0.5029845505617978 0.5889513108614233 0.4924508426966292 0.5941011235955056 0.48297050561797755 0.5922284644194756 0.4787570224719101 0.5849719101123596 0.4762991573033708 0.5749063670411985 0.47928370786516855 0.5594569288389513 0.4840238764044944 0.5547752808988764 0.4919241573033708 0.552434456928839
0 0.2835323033707865 0.549625468164794 0.2972261235955056 0.552434456928839 0.3012640449438202 0.5625 0.300561797752809 0.5709269662921348 0.293188202247191 0.5856741573033708 0.28370786516853935 0.591058052434457 0.26650280898876405 0.5884831460674157 0.26246488764044945 0.5756086142322098 0.2635182584269663 0.56437265917603 0.26896067415730335 0.5552434456928839 0.2758075842696629 0.5498595505617978 0.2833567415730337 0.549625468164794
0 0.5651334269662921 0.5514981273408239 0.5732092696629213 0.5538389513108615 0.5760182584269663 0.5697565543071161 0.5749648876404494 0.5807584269662921 0.5656601123595506 0.5922284644194756 0.5538974719101124 0.5945692883895131 0.5461727528089888 0.5919943820224719 0.5424859550561798 0.5849719101123596 0.5421348314606742 0.5746722846441947 0.5449438202247191 0.56062734082397 0.5502106741573034 0.5543071161048689 0.5649578651685393 0.5514981273408239
0 0.5881320224719101 0.5943352059925093 0.5969101123595506 0.6025280898876404 0.6007724719101124 0.62312734082397 0.5941011235955056 0.6341292134831461 0.5856741573033708 0.6374063670411985 0.5779494382022472 0.6352996254681648 0.5709269662921348 0.6282771535580525 0.5679424157303371 0.612125468164794 0.5730337078651685 0.5976123595505618 0.5786516853932584 0.5938670411985019 0.5879564606741573 0.5943352059925093
0 0.46383426966292135 0.6776685393258427 0.47120786516853935 0.6830524344569289 0.47559691011235955 0.6926498127340824 0.4762991573033708 0.6992041198501873 0.4745435393258427 0.7130149812734082 0.4643609550561798 0.7228464419475655 0.4510182584269663 0.7169943820224719 0.44592696629213485 0.7066947565543071 0.4492626404494382 0.6851591760299626 0.45646067415730335 0.6786048689138576 0.46365870786516855 0.6776685393258427
0 0.6474719101123596 0.5053838951310862 0.6594101123595506 0.511938202247191 0.6643258426966292 0.5243445692883895 0.6627457865168539 0.5362827715355806 0.6643258426966292 0.5433052434456929 0.6509831460674157 0.5503277153558053 0.6400983146067416 0.5472846441947565 0.6350070224719101 0.5430711610486891 0.6343047752808989 0.5276217228464419 0.6309691011235955 0.5168539325842697 0.6316713483146067 0.511938202247191 0.6371137640449438 0.5051498127340824 0.6472963483146067 0.5053838951310862
0 0.3360252808988764 0.5512640449438202 0.34708567415730335 0.5536048689138576 0.35235252808988765 0.5592228464419475 0.35463483146067415 0.5784176029962547 0.34866573033707865 0.5884831460674157 0.335498595505618 0.5959737827715356 0.32689606741573035 0.5917602996254682 0.3218047752808989 0.5833333333333334 0.32566713483146065 0.56062734082397 0.3297050561797753 0.5547752808988764 0.3358497191011236 0.5512640449438202
0 0.496313202247191 0.6299157303370787 0.5017556179775281 0.6331928838951311 0.5061446629213483 0.6402153558052435 0.5086025280898876 0.6547284644194756 0.5052668539325843 0.6690074906367042 0.5022823033707865 0.6729868913857678 0.4957865168539326 0.675561797752809 0.4845505617977528 0.6732209737827716 0.47963483146067415 0.6645599250936329 0.4787570224719101 0.6566011235955056 0.4841994382022472 0.6341292134831461 0.48771067415730335 0.6301498127340824 0.4961376404494382 0.6299157303370787
0 0.6878511235955056 0.512874531835206 0.6969803370786517 0.5213014981273408 0.699438202247191 0.536750936329588 0.6954002808988764 0.5468164794007491 0.6855688202247191 0.552434456928839 0.6701193820224719 0.5475187265917603 0.6655547752808989 0.5400280898876404 0.6653792134831461 0.5308988764044944 0.6667837078651685 0.5210674157303371 0.6713483146067416 0.514747191011236 0.6778441011235955 0.5117041198501873 0.6876755617977528 0.512874531835206
1 0.31444522471910114 0.5463670411985019 0.024957865168539324 0.07993913857677902
1 0.2483813202247191 0.5657069288389512 0.026257022471910113 0.03902855805243446
1 0.27712780898876405 0.646498127340824 0.031079705056179775 0.03987593632958801
1 0.247250702247191 0.6955056179775281 0.02867801966292135 0.041137640449438205
1 0.35773525280898877 0.6139419475655431 0.05301615168539326 0.03406367041198502
1 0.3754248595505618 0.6306671348314606 0.029877106741573036 0.0690753745318352
1 0.4029441713483146 0.6485393258426966 0.0884252106741573 0.03771535580524345
1 0.43229283707865174 0.6070201310861424 0.027742275280898877 0.11697331460674157
1 0.3750386235955056 0.5267439138576779 0.02442240168539326 0.03757256554307116
1 0.4618697331460674 0.5280290262172284 0.030714536516853932 0.03702013108614232
1 0.461722261235955 0.6068960674157303 0.08659936797752808 0.04025749063670412
1 0.554281952247191 0.6090074906367041 0.03529494382022472 0.033558052434456934
1 0.5870470505617977 0.5709129213483146 0.021239466292134832 0.03383426966292135
1 0.6449754213483146 0.5731601123595506 0.02941537921348315 0.038330992509363296
1 0.5698999297752809 0.7000866104868914 0.06184866573033708 0.03937265917602996
1 0.6471506320224719 0.6550702247191011 0.024404845505617976 0.033609550561797756
1 0.707247191011236 0.5751942883895131 0.03223841292134831 0.03771769662921348