2 0.22603581460674158 0.5009363295880149 0.721997893258427 0.5149812734082397 0.7198033707865169 0.7244850187265918 0.22120786516853932 0.7139513108614233
0 0.4018609550561798 0.6701779026217228 0.40537219101123595 0.6715823970037453 0.40941011235955055 0.6786048689138576 0.40941011235955055 0.6970973782771536 0.40098314606741575 0.7125468164794008 0.39308286516853935 0.7158239700374532 0.386938202247191 0.7151217228464419 0.37991573033707865 0.7090355805243446 0.37745786516853935 0.6999063670411985 0.37798455056179775 0.6891385767790262 0.386938202247191 0.6734550561797753 0.40168539325842695 0.6701779026217228
0 0.29740168539325845 0.6603464419475655 0.31004213483146065 0.6647940074906367 0.32110252808988765 0.661750936329588 0.3246137640449438 0.6631554307116105 0.32514044943820225 0.6860955056179775 0.3179424157303371 0.6959269662921348 0.32320926966292135 0.7064606741573034 0.31759129213483145 0.7139513108614233 0.3142556179775281 0.7130149812734082 0.3107443820224719 0.7073970037453183 0.2966994382022472 0.7069288389513109 0.2909058988764045 0.7029494382022472 0.28844803370786515 0.6718164794007491 0.2914325842696629 0.6610486891385767 0.2972261235955056 0.6603464419475655
0 0.5821629213483146 0.6406835205992509 0.5933988764044944 0.6465355805243446 0.6007724719101124 0.6622191011235955 0.5988412921348315 0.6783707865168539 0.5956811797752809 0.6835205992509363 0.5888342696629213 0.6875 0.5779494382022472 0.6842228464419475 0.5705758426966292 0.6720505617977528 0.5691713483146067 0.6474719101123596 0.5732092696629213 0.6432584269662921 0.5819873595505618 0.6406835205992509
0 0.49332865168539325 0.4967228464419476 0.4964887640449438 0.49812734082397003 0.4956109550561798 0.5053838951310862 0.5029845505617978 0.5145131086142322 0.5059691011235955 0.5271535580524345 0.5017556179775281 0.5449438202247191 0.49666432584269665 0.5514981273408239 0.49122191011235955 0.5540730337078652 0.4841994382022472 0.5538389513108615 0.4808637640449438 0.5503277153558053 0.4750702247191011 0.5360486891385767 0.4741924157303371 0.5224719101123596 0.47910814606741575 0.5112359550561798 0.48771067415730335 0.5049157303370787 0.48735955056179775 0.49812734082397003 0.49315308988764045 0.4967228464419476
0 0.5554775280898876 0.5154494382022472 0.5660112359550562 0.5222378277153558 0.5684691011235955 0.5379213483146067 0.5653089887640449 0.5479868913857678 0.5609199438202247 0.5536048689138576 0.5553019662921348 0.5561797752808989 0.5445926966292135 0.5538389513108615 0.5373946629213483 0.5433052434456929 0.5373946629213483 0.5294943820224719 0.5400280898876404 0.5191947565543071 0.5465238764044944 0.5149812734082397 0.5553019662921348 0.5154494382022472
0 0.45786516853932585 0.6704119850187266 0.46418539325842695 0.672752808988764 0.46752106741573035 0.6772003745318352 0.47120786516853935 0.7027153558052435 0.46804775280898875 0.7144194756554307 0.45804073033707865 0.7223782771535581 0.4566362359550562 0.7322097378277154 0.4533005617977528 0.733380149812734 0.4475070224719101 0.7308052434456929 0.44838483146067415 0.723314606741573 0.44206460674157305 0.713249063670412 0.4392556179775281 0.7055243445692884 0.4390800561797753 0.6980337078651685 0.44803370786516855 0.6750936329588015 0.453125 0.6706460674157303 0.45768960674157305 0.6704119850187266
0 0.43627106741573035 0.5903558052434457 0.4496137640449438 0.600187265917603 0.453125 0.6069756554307116 0.45382724719101125 0.6135299625468165 0.44996488764044945 0.6233614232209738 0.4353932584269663 0.6327247191011236 0.42503511235955055 0.6310861423220974 0.41485252808988765 0.6154026217228464 0.4078300561797753 0.6147003745318352 0.40677668539325845 0.6079119850187266 0.40765449438202245 0.6048689138576779 0.4155547752808989 0.6048689138576779 0.425561797752809 0.5915262172284644 0.43609550561797755 0.5903558052434457
0 0.5452949438202247 0.6793071161048689 0.5607443820224719 0.6860955056179775 0.5654845505617978 0.7020131086142322 0.5630266853932584 0.7169943820224719 0.5572331460674157 0.7226123595505618 0.550561797752809 0.7247191011235955 0.5403792134831461 0.7205056179775281 0.5351123595505618 0.7064606741573034 0.5365168539325843 0.6839887640449438 0.5398525280898876 0.6786048689138576 0.5451193820224719 0.6793071161048689
0 0.5333567415730337 0.6402153558052435 0.5398525280898876 0.6509831460674157 0.5393258426966292 0.6678370786516854 0.5328300561797753 0.6788389513108615 0.5224719101123596 0.6830524344569289 0.5138693820224719 0.6823501872659176 0.5070224719101124 0.6732209737827716 0.5084269662921348 0.6509831460674157 0.5228230337078652 0.6404494382022472 0.5331811797752809 0.6402153558052435
0 0.5547752808988764 0.6409176029962547 0.5647823033707865 0.6460674157303371 0.5693469101123596 0.6544943820224719 0.5696980337078652 0.6750936329588015 0.5607443820224719 0.68562734082397 0.5502106741573034 0.6835205992509363 0.5456460674157303 0.6800093632958801 0.5403792134831461 0.6685393258426966 0.5398525280898876 0.650749063670412 0.5456460674157303 0.6430243445692884 0.5545997191011236 0.6409176029962547
0 0.6757373595505618 0.5561797752808989 0.6825842696629213 0.5587546816479401 0.6925912921348315 0.5676498127340824 0.692064606741573 0.5880149812734082 0.6878511235955056 0.5952715355805244 0.6822331460674157 0.5978464419475655 0.6646769662921348 0.5931647940074907 0.6532654494382022 0.5814606741573034 0.6515098314606742 0.5746722846441947 0.652563202247191 0.5674157303370787 0.6581811797752809 0.5599250936329588 0.675561797752809 0.5561797752808989
0 0.49157303370786515 0.6776685393258427 0.49894662921348315 0.6825842696629213 0.5028089887640449 0.6996722846441947 0.49912219101123595 0.7167602996254682 0.4878862359550562 0.724250936329588 0.47963483146067415 0.7219101123595506 0.4745435393258427 0.7169943820224719 0.47155898876404495 0.6987359550561798 0.4731390449438202 0.68937265917603 0.477001404494382 0.6837546816479401 0.48103932584269665 0.6802434456928839 0.49139747191011235 0.6776685393258427
0 0.5198384831460674 0.598314606741573 0.526685393258427 0.6004213483146067 0.5326544943820225 0.6095505617977528 0.5345856741573034 0.6275749063670412 0.530372191011236 0.6374063670411985 0.5191362359550562 0.6418539325842697 0.511938202247191 0.639747191011236 0.5075491573033708 0.6345973782771536 0.5042134831460674 0.6191479400749064 0.5066713483146067 0.6060393258426966 0.511938202247191 0.6004213483146067 0.5196629213483146 0.598314606741573
0 0.6959269662921348 0.6863295880149812 0.7129564606741573 0.6917134831460674 0.71875 0.6989700374531835 0.7203300561797753 0.7183988764044944 0.7169943820224719 0.724250936329588 0.7115519662921348 0.7272940074906367 0.7015449438202247 0.7244850187265918 0.6917134831460674 0.7134831460674157 0.6875 0.6919475655430711 0.6915379213483146 0.6860955056179775 0.695751404494382 0.6863295880149812
0 0.3003862359550562 0.5786516853932584 0.3045997191011236 0.5849719101123596 0.30389747191011235 0.5938670411985019 0.2926615168539326 0.6163389513108615 0.29231039325842695 0.62687265917603 0.28370786516853935 0.6336610486891385 0.2652738764044944 0.6287453183520599 0.26106039325842695 0.6233614232209738 0.25842696629213485 0.6065074906367042 0.2612359550561798 0.5945692883895131 0.2580758426966292 0.5849719101123596 0.2754564606741573 0.587312734082397 0.30021067415730335 0.5786516853932584
0 0.29371488764044945 0.5444756554307116 0.3023174157303371 0.550561797752809 0.3003862359550562 0.5676498127340824 0.2831811797752809 0.5835674157303371 0.2698384831460674 0.5866104868913857 0.265625 0.5856741573033708 0.257373595505618 0.5779494382022472 0.25491573033707865 0.5639044943820225 0.2580758426966292 0.5545411985018727 0.26896067415730335 0.5454119850187266 0.29353932584269665 0.5444756554307116
0 0.3669241573033708 0.5084269662921348 0.3769311797752809 0.5114700374531835 0.3809691011235955 0.5154494382022472 0.3829002808988764 0.5362827715355806 0.3765800561797753 0.5456460674157303 0.366748595505618 0.5498595505617978 0.35849719101123595 0.5484550561797753 0.3532303370786517 0.5433052434456929 0.35042134831460675 0.5264513108614233 0.3514747191011236 0.5189606741573034 0.35481039325842695 0.5133426966292135 0.366748595505618 0.5084269662921348
0 0.5516151685393258 0.5952715355805244 0.5619733146067416 0.6013576779026217 0.5653089887640449 0.6093164794007491 0.5660112359550562 0.6198501872659176 0.5646067415730337 0.6280430711610487 0.5609199438202247 0.6343632958801498 0.5570575842696629 0.637874531835206 0.5470505617977528 0.6395131086142322 0.5435393258426966 0.638810861423221 0.5379213483146067 0.6308520599250936 0.5352879213483146 0.6210205992509363 0.5351123595505618 0.6086142322097379 0.5405547752808989 0.5985486891385767 0.551439606741573 0.5952715355805244
0 0.6724016853932584 0.5971441947565543 0.6787219101123596 0.5987827715355806 0.6825842696629213 0.6036985018726592 0.6887289325842697 0.62312734082397 0.6885533707865169 0.62687265917603 0.6797752808988764 0.6352996254681648 0.6724016853932584 0.6381086142322098 0.6634480337078652 0.6355337078651685 0.6576544943820225 0.6308520599250936 0.6490519662921348 0.6172752808988764 0.6497542134831461 0.6055711610486891 0.6520365168539326 0.6015917602996255 0.6722261235955056 0.5971441947565543
0 0.6622191011235955 0.6783707865168539 0.6799508426966292 0.6851591760299626 0.6880266853932584 0.6963951310861424 0.6897823033707865 0.7085674157303371 0.6871488764044944 0.7195692883895131 0.682935393258427 0.7249531835205992 0.6769662921348315 0.7277621722846442 0.668188202247191 0.7256554307116105 0.6569522471910112 0.7104400749063671 0.6557233146067416 0.6996722846441947 0.6509831460674157 0.6889044943820225 0.6541432584269663 0.6809456928838952 0.6620435393258427 0.6783707865168539
0 0.3453300561797753 0.5941011235955056 0.35024578651685395 0.5962078651685393 0.3535814606741573 0.6032303370786517 0.35235252808988765 0.6179775280898876 0.3493679775280899 0.62687265917603 0.3418188202247191 0.6352996254681648 0.3277738764044944 0.6381086142322098 0.3218047752808989 0.6315543071161048 0.3182935393258427 0.6193820224719101 0.31934691011235955 0.6086142322097379 0.3242626404494382 0.600187265917603 0.3339185393258427 0.5952715355805244 0.34515449438202245 0.5943352059925093
0 0.2768609550561798 0.5035112359550562 0.2872191011235955 0.5091292134831461 0.289501404494382 0.522003745318352 0.28774578651685395 0.536750936329588 0.2793188202247191 0.5435393258426966 0.27422752808988765 0.5444756554307116 0.26650280898876405 0.5435393258426966 0.2594803370786517 0.5369850187265918 0.2561446629213483 0.5222378277153558 0.2601825842696629 0.5084269662921348 0.26896067415730335 0.5037453183520599 0.27668539325842695 0.5035112359550562
0 0.433813202247191 0.5500936329588015 0.44276685393258425 0.5585205992509363 0.44469803370786515 0.5676498127340824 0.4438202247191011 0.5767790262172284 0.4375 0.587312734082397 0.42679073033707865 0.5903558052434457 0.42117275280898875 0.5889513108614233 0.4143258426966292 0.5819288389513109 0.4122191011235955 0.5716292134831461 0.41327247191011235 0.5622659176029963 0.4202949438202247 0.5519662921348315 0.4336376404494382 0.5500936329588015
0 0.397998595505618 0.49765917602996257 0.4118679775280899 0.5135767790262172 0.41502808988764045 0.522003745318352 0.41537921348314605 0.5379213483146067 0.40923455056179775 0.5468164794007491 0.41099016853932585 0.5573501872659176 0.4081811797752809 0.5613295880149812 0.40379213483146065 0.5608614232209738 0.39905196629213485 0.5510299625468165 0.3871137640449438 0.5447097378277154 0.3848314606741573 0.5362827715355806 0.38360252808988765 0.5084269662921348 0.3871137640449438 0.5009363295880149 0.39782303370786515 0.49765917602996257
0 0.28634129213483145 0.6720505617977528 0.29002808988764045 0.7097378277153558 0.28616573033707865 0.7167602996254682 0.2794943820224719 0.7207397003745318 0.2654494382022472 0.7151217228464419 0.2580758426966292 0.7062265917602997 0.25702247191011235 0.6926498127340824 0.26035814606741575 0.6821161048689138 0.25649578651685395 0.6757958801498127 0.2612359550561798 0.6715823970037453 0.26457162921348315 0.6741573033707865 0.2789676966292135 0.6760299625468165 0.28634129213483145 0.6722846441947565
0 0.5224719101123596 0.6839887640449438 0.5289676966292135 0.6872659176029963 0.5324789325842697 0.6926498127340824 0.5351123595505618 0.7125468164794008 0.5330056179775281 0.7205056179775281 0.5226474719101124 0.7289325842696629 0.5114115168539326 0.7247191011235955 0.5066713483146067 0.7167602996254682 0.504564606741573 0.7071629213483146 0.5049157303370787 0.6992041198501873 0.5089536516853933 0.6877340823970037 0.5222963483146067 0.6839887640449438
0 0.6650280898876404 0.5060861423220974 0.6822331460674157 0.5154494382022472 0.6880266853932584 0.5259831460674157 0.6882022471910112 0.5365168539325843 0.6860955056179775 0.5440074906367042 0.6806530898876404 0.5517322097378277 0.6725772471910112 0.5545411985018727 0.6652036516853933 0.5533707865168539 0.6606390449438202 0.5493913857677902 0.6530898876404494 0.5189606741573034 0.6573033707865169 0.5086610486891385 0.6648525280898876 0.5060861423220974
0 0.6892556179775281 0.6367041198501873 0.694873595505618 0.6409176029962547 0.7099719101123596 0.6439606741573034 0.7194522471910112 0.6542602996254682 0.7203300561797753 0.6725187265917603 0.715063202247191 0.6823501872659176 0.7083918539325843 0.68562734082397 0.6990870786516854 0.6842228464419475 0.6885533707865169 0.675561797752809 0.6845154494382022 0.6404494382022472 0.6890800561797753 0.6367041198501873
0 0.24719101123595505 0.5030430711610487 0.2556179775280899 0.5067883895131086 0.25877808988764045 0.511938202247191 0.25649578651685395 0.5215355805243446 0.25842696629213485 0.5362827715355806 0.25526685393258425 0.5402621722846442 0.24543539325842698 0.5435393258426966 0.2305126404494382 0.5393258426966292 0.22717696629213482 0.5341760299625468 0.22524578651685392 0.5222378277153558 0.23086376404494383 0.5072565543071161 0.23771067415730338 0.5035112359550562 0.24701544943820225 0.5030430711610487
0 0.24648876404494383 0.6722846441947565 0.2515800561797753 0.675561797752809 0.2563202247191011 0.6846910112359551 0.2561446629213483 0.699438202247191 0.24561095505617977 0.7134831460674157 0.23735955056179775 0.7172284644194756 0.230688202247191 0.7165262172284644 0.22384129213483145 0.7097378277153558 0.22138342696629212 0.7031835205992509 0.22155898876404495 0.6912453183520599 0.22735252808988765 0.6797752808988764 0.246313202247191 0.6722846441947565
0 0.6580056179775281 0.6317883895131086 0.667310393258427 0.6381086142322098 0.6787219101123596 0.6381086142322098 0.6836376404494382 0.6434925093632958 0.686622191011236 0.6542602996254682 0.6880266853932584 0.6715823970037453 0.6859199438202247 0.6769662921348315 0.6787219101123596 0.6825842696629213 0.6588834269662921 0.6743913857677902 0.6544943820224719 0.6661985018726592 0.6523876404494382 0.6558988764044944 0.6527387640449438 0.641619850187266 0.6502808988764045 0.6364700374531835 0.6544943820224719 0.6313202247191011 0.6578300561797753 0.6317883895131086
0 0.3082865168539326 0.5039794007490637 0.3146067415730337 0.5065543071161048 0.3184691011235955 0.511938202247191 0.3205758426966292 0.5294943820224719 0.3168890449438202 0.5400280898876404 0.3070575842696629 0.5449438202247191 0.2945926966292135 0.5407303370786517 0.2914325842696629 0.5369850187265918 0.28967696629213485 0.5283239700374532 0.29178370786516855 0.5124063670411985 0.29441713483146065 0.5079588014981273 0.30003511235955055 0.5042134831460674 0.3081109550561798 0.5039794007490637
0 0.48314606741573035 0.636938202247191 0.49350421348314605 0.638810861423221 0.4996488764044944 0.6495786516853933 0.5061446629213483 0.6537921348314607 0.5070224719101124 0.6570692883895131 0.5063202247191011 0.6612827715355806 0.500877808988764 0.6629213483146067 0.49490870786516855 0.673689138576779 0.484375 0.6788389513108615 0.47349016853932585 0.6760299625468165 0.4633075842696629 0.6685393258426966 0.46032303370786515 0.6612827715355806 0.4627808988764045 0.647003745318352 0.47717696629213485 0.6371722846441947 0.48297050561797755 0.636938202247191
0 0.430126404494382 0.6338951310861424 0.4357443820224719 0.6348314606741573 0.4394311797752809 0.6392790262172284 0.44259129213483145 0.6582397003745318 0.4373244382022472 0.6722846441947565 0.42872191011235955 0.6790730337078652 0.41520365168539325 0.6757958801498127 0.40905898876404495 0.6612827715355806 0.41099016853932585 0.6493445692883895 0.4143258426966292 0.6425561797752809 0.42099719101123595 0.6355337078651685 0.4299508426966292 0.6338951310861424
0 0.29775280898876405 0.6259363295880149 0.3003862359550562 0.6266385767790262 0.30143960674157305 0.6313202247191011 0.29740168539325845 0.6479400749063671 0.2828300561797753 0.672752808988764 0.2770365168539326 0.6739232209737828 0.2659761235955056 0.6725187265917603 0.25719803370786515 0.6622191011235955 0.258251404494382 0.6434925093632958 0.2640449438202247 0.6336610486891385 0.26896067415730335 0.6310861423220974 0.28634129213483145 0.6345973782771536 0.29757724719101125 0.6259363295880149
0 0.35235252808988765 0.5461142322097379 0.35849719101123595 0.5536048689138576 0.3553370786516854 0.56062734082397 0.355688202247191 0.5751404494382022 0.35287921348314605 0.5849719101123596 0.3455056179775281 0.5938670411985019 0.32478932584269665 0.5980805243445693 0.32092696629213485 0.5957397003745318 0.3181179775280899 0.5884831460674157 0.32110252808988765 0.5713951310861424 0.32759831460674155 0.5564138576779026 0.335498595505618 0.5522003745318352 0.3456811797752809 0.5517322097378277 0.35217696629213485 0.5463483146067416
0 0.25895365168539325 0.6254681647940075 0.2636938202247191 0.6336610486891385 0.2575491573033708 0.6430243445692884 0.2557935393258427 0.6594101123595506 0.2515800561797753 0.6657303370786517 0.23490168539325842 0.6743913857677902 0.22735252808988765 0.672752808988764 0.22138342696629212 0.6647940074906367 0.22015449438202248 0.6526217228464419 0.22226123595505617 0.6439606741573034 0.234375 0.6324906367041199 0.2482443820224719 0.6308520599250936 0.25509129213483145 0.625 0.25877808988764045 0.6254681647940075
0 0.3402387640449438 0.5063202247191011 0.3455056179775281 0.5084269662921348 0.35059691011235955 0.5154494382022472 0.3493679775280899 0.5397940074906367 0.34620786516853935 0.5435393258426966 0.3358497191011236 0.5465823970037453 0.32724719101123595 0.5437734082397003 0.3205758426966292 0.5362827715355806 0.3202247191011236 0.5189606741573034 0.32724719101123595 0.5077247191011236 0.340063202247191 0.5063202247191011
0 0.3772823033707865 0.6266385767790262 0.37991573033707865 0.6301498127340824 0.3792134831460674 0.6371722846441947 0.38219803370786515 0.6430243445692884 0.38360252808988765 0.6577715355805244 0.37587780898876405 0.6753277153558053 0.3628862359550562 0.6846910112359551 0.352001404494382 0.6788389513108615 0.3493679775280899 0.6605805243445693 0.35059691011235955 0.650749063670412 0.3558637640449438 0.6402153558052435 0.3674508426966292 0.6334269662921348 0.37183988764044945 0.6264044943820225 0.3771067415730337 0.6266385767790262
0 0.4899929775280899 0.5938670411985019 0.5015800561797753 0.598314606741573 0.5047401685393258 0.6097846441947565 0.5038623595505618 0.6196161048689138 0.49912219101123595 0.6282771535580525 0.4943820224719101 0.6341292134831461 0.48771067415730335 0.6362359550561798 0.47752808988764045 0.635065543071161 0.4706811797752809 0.6303838951310862 0.4668188202247191 0.6324906367041199 0.4631320224719101 0.6301498127340824 0.4626053370786517 0.6264044943820225 0.4683988764044944 0.6214887640449438 0.46962780898876405 0.6088483146067416 0.4747191011235955 0.598314606741573 0.480688202247191 0.5941011235955056 0.4898174157303371 0.5938670411985019
0 0.6481741573033708 0.6743913857677902 0.6515098314606742 0.6786048689138576 0.6499297752808989 0.6858614232209738 0.6548455056179775 0.699438202247191 0.655372191011236 0.7134831460674157 0.6511587078651685 0.7230805243445693 0.640625 0.7343164794007491 0.6304424157303371 0.7312734082397003 0.6283356741573034 0.7272940074906367 0.6237710674157303 0.7069288389513109 0.6230688202247191 0.6891385767790262 0.6288623595505618 0.6779026217228464 0.6372893258426966 0.6793071161048689 0.6432584269662921 0.6743913857677902 0.647998595505618 0.6743913857677902
0 0.5282654494382022 0.514747191011236 0.5342345505617978 0.5210674157303371 0.5368679775280899 0.536750936329588 0.5294943820224719 0.5507958801498127 0.5228230337078652 0.5529026217228464 0.5158005617977528 0.5522003745318352 0.5101825842696629 0.5472846441947565 0.507373595505618 0.5397940074906367 0.507373595505618 0.5273876404494382 0.5084269662921348 0.5224719101123596 0.5142205056179775 0.5154494382022472 0.5280898876404494 0.514747191011236
0 0.5068469101123596 0.5526685393258427 0.5131671348314607 0.5608614232209738 0.5103581460674157 0.574438202247191 0.5108848314606742 0.5877808988764045 0.5071980337078652 0.5922284644194756 0.49894662921348315 0.5936329588014981 0.488061797752809 0.5926966292134831 0.47981039325842695 0.5854400749063671 0.47787921348314605 0.5756086142322098 0.47910814606741575 0.5639044943820225 0.4847261235955056 0.5557116104868914 0.5066713483146067 0.5526685393258427
0 0.5268609550561798 0.5552434456928839 0.5438904494382022 0.5592228464419475 0.5474016853932584 0.5711610486891385 0.5400280898876404 0.5889513108614233 0.5330056179775281 0.5962078651685393 0.5263342696629213 0.5976123595505618 0.5187851123595506 0.5959737827715356 0.5115870786516854 0.5884831460674157 0.5100070224719101 0.5765449438202247 0.5143960674157303 0.5610955056179775 0.5200140449438202 0.5561797752808989 0.526685393258427 0.5552434456928839
0 0.6300912921348315 0.511938202247191 0.6453651685393258 0.513810861423221 0.652563202247191 0.5189606741573034 0.6592345505617978 0.5538389513108615 0.6509831460674157 0.5613295880149812 0.6485252808988764 0.5610955056179775 0.6337780898876404 0.5536048689138576 0.6264044943820225 0.5468164794007491 0.6239466292134831 0.5316011235955056 0.6269311797752809 0.516619850187266 0.6299157303370787 0.5121722846441947
0 0.7052317415730337 0.5175561797752809 0.7175210674157303 0.5236423220973783 0.7208567415730337 0.5388576779026217 0.7208567415730337 0.5470505617977528 0.7176966292134831 0.5536048689138576 0.7069873595505618 0.5594569288389513 0.6954002808988764 0.5573501872659176 0.6878511235955056 0.5468164794007491 0.6897823033707865 0.525749063670412 0.6971558988764045 0.5187265917602997 0.7050561797752809 0.5175561797752809
1 0.43254037921348315 0.5293188202247191 0.03028441011235955 0.03920880149812734
1 0.4608497191011236 0.5299040262172284 0.027212078651685394 0.03686797752808989
1 0.46150807584269665 0.5694054307116105 0.027650983146067416 0.03628277153558052
1 0.40115870786516855 0.5694054307116105 0.02457865168539326 0.0351123595505618
1 0.3726299157303371 0.5685276217228464 0.029845505617977528 0.03569756554307116
1 0.3142556179775281 0.5676498127340824 0.028967696629213485 0.03628277153558052
1 0.3103054775280899 0.6033473782771536 0.026334269662921347 0.0351123595505618
1 0.3144750702247191 0.6431413857677902 0.027650983146067416 0.03628277153558052
1 0.2460059691011236 0.566186797752809 0.029406601123595506 0.03920880149812734
1 0.24446980337078653 0.6065660112359551 0.028089887640449437 0.03686797752808989
1 0.3732882724719101 0.6071512172284644 0.031162219101123597 0.03569756554307116
1 0.4026948735955056 0.6091994382022472 0.029406601123595506 0.03394194756554307
1 0.4020365168539326 0.6454822097378277 0.028967696629213485 0.03160112359550562
1 0.34080933988764045 0.6434339887640449 0.02501755617977528 0.034527153558052436
1 0.33927317415730335 0.6814723782771536 0.028967696629213485 0.03569756554307116
1 0.3673630617977528 0.690250468164794 0.025456460674157303 0.03569756554307116
1 0.42705407303370785 0.690250468164794 0.028967696629213485 0.033356741573033706
1 0.45997191011235955 0.6484082397003745 0.027212078651685394 0.03394194756554307
1 0.45777738764044945 0.6089068352059925 0.02282303370786517 0.04037921348314607
1 0.5519224016853933 0.5737944756554307 0.022384129213483147 0.03686797752808989
1 0.5817679073033708 0.5334152621722846 0.025895365168539325 0.03920880149812734
1 0.6100772471910112 0.532244850187266 0.028967696629213485 0.03920880149812734
1 0.5784761235955056 0.5723314606741573 0.028967696629213485 0.03745318352059925
1 0.6078827247191011 0.5732092696629213 0.028967696629213485 0.03686797752808989
1 0.6372893258426966 0.5743796816479401 0.026334269662921347 0.03569756554307116
1 0.5769399578651685 0.6124180711610487 0.029406601123595506 0.03920880149812734
1 0.604810393258427 0.6132958801498127 0.025456460674157303 0.03628277153558052
1 0.6350948033707865 0.6150514981273408 0.028089887640449437 0.03745318352059925
1 0.6078827247191011 0.6527972846441947 0.027212078651685394 0.03686797752808989
1 0.6364115168539326 0.6530898876404494 0.028089887640449437 0.038623595505617975
1 0.5793539325842697 0.6952247191011236 0.02282303370786517 0.03160112359550562
1 0.6074438202247191 0.6911282771535581 0.03247893258426966 0.03745318352059925
1 0.703125 0.5787687265917603 0.02282303370786517 0.0351123595505618
1 0.6980775983146067 0.6173923220973783 0.026773174157303372 0.03277153558052434