0 0.3168890449438202 0.6439606741573034 0.32952949438202245 0.6474719101123596 0.3246137640449438 0.6748595505617978 0.31320224719101125 0.6928838951310862 0.30530196629213485 0.6959269662921348 0.28616573033707865 0.68937265917603 0.2830056179775281 0.68562734082397 0.28827247191011235 0.6776685393258427 0.2930126404494382 0.6601123595505618 0.30986657303370785 0.6455992509363296 0.3167134831460674 0.6439606741573034
0 0.6244733146067416 0.49063670411985016 0.6336025280898876 0.4964887640449438 0.6371137640449438 0.5177902621722846 0.6320224719101124 0.5362827715355806 0.6197331460674157 0.5451779026217228 0.6162219101123596 0.5428370786516854 0.6127106741573034 0.5449438202247191 0.605688202247191 0.525749063670412 0.6049859550561798 0.5152153558052435 0.6083216292134831 0.5046816479400749 0.6127106741573034 0.4988295880149813 0.6195575842696629 0.4911048689138577 0.6242977528089888 0.49063670411985016
0 0.613061797752809 0.5498595505617978 0.6271067415730337 0.5557116104868914 0.6309691011235955 0.56062734082397 0.6336025280898876 0.574438202247191 0.6307935393258427 0.5852059925093633 0.6269311797752809 0.5898876404494382 0.6197331460674157 0.5931647940074907 0.6086727528089888 0.589185393258427 0.602001404494382 0.5814606741573034 0.5988412921348315 0.5739700374531835 0.5993679775280899 0.5571161048689138 0.605688202247191 0.5507958801498127 0.6128862359550562 0.5498595505617978
0 0.6441362359550562 0.5114700374531835 0.65625 0.5208333333333334 0.6616924157303371 0.5362827715355806 0.659936797752809 0.5463483146067416 0.6515098314606742 0.5648408239700374 0.6439606741573034 0.5662453183520599 0.6362359550561798 0.5615636704119851 0.6311446629213483 0.5397940074906367 0.6358848314606742 0.5299625468164794 0.6383426966292135 0.5170880149812734 0.6441362359550562 0.5117041198501873
0 0.5495084269662921 0.6671348314606742 0.555126404494382 0.6704119850187266 0.5610955056179775 0.6788389513108615 0.563377808988764 0.6935861423220974 0.5617977528089888 0.7024812734082397 0.5577598314606742 0.7090355805243446 0.5486306179775281 0.7137172284644194 0.5435393258426966 0.7127808988764045 0.5361657303370787 0.7055243445692884 0.5326544943820225 0.6996722846441947 0.532127808988764 0.6905430711610487 0.5356390449438202 0.6732209737827716 0.5421348314606742 0.6671348314606742 0.5493328651685393 0.6671348314606742
0 0.5586376404494382 0.5028089887640449 0.5677668539325843 0.5074906367041199 0.5709269662921348 0.5213014981273408 0.5682935393258427 0.535814606741573 0.5577598314606742 0.5437734082397003 0.5503862359550562 0.5419007490636704 0.5440660112359551 0.5369850187265918 0.5410814606741573 0.5297284644194756 0.5410814606741573 0.5229400749063671 0.5417837078651685 0.511938202247191 0.5463483146067416 0.5049157303370787 0.5584620786516854 0.5028089887640449
0 0.24912219101123595 0.47869850187265917 0.25860252808988765 0.4815074906367041 0.26299157303370785 0.4875936329588015 0.2638693820224719 0.4934456928838951 0.2614115168539326 0.5126404494382022 0.25842696629213485 0.5163857677902621 0.24912219101123595 0.5198970037453183 0.23718398876404495 0.516619850187266 0.230688202247191 0.5084269662921348 0.22928370786516855 0.49812734082397003 0.230688202247191 0.49040262172284643 0.2345505617977528 0.48384831460674155 0.24139747191011235 0.4791666666666667 0.24894662921348315 0.47869850187265917
0 0.6383426966292135 0.6647940074906367 0.6416783707865169 0.6673689138576779 0.6427317415730337 0.6748595505617978 0.6490519662921348 0.6809456928838952 0.6557233146067416 0.6992041198501873 0.6543188202247191 0.7130149812734082 0.6509831460674157 0.7212078651685393 0.6474719101123596 0.725187265917603 0.6427317415730337 0.726123595505618 0.6367626404494382 0.7254213483146067 0.6300912921348315 0.7169943820224719 0.624122191011236 0.7029494382022472 0.6228932584269663 0.6877340823970037 0.6188553370786517 0.6753277153558053 0.6200842696629213 0.6680711610486891 0.6381671348314607 0.6647940074906367
0 0.7101474719101124 0.512874531835206 0.7166432584269663 0.5149812734082397 0.7210323033707865 0.5201310861423221 0.7248946629213483 0.5362827715355806 0.7212078651685393 0.5503277153558053 0.7112008426966292 0.5540730337078652 0.6983848314606742 0.5507958801498127 0.691186797752809 0.5402621722846442 0.692064606741573 0.5259831460674157 0.6945224719101124 0.5189606741573034 0.699438202247191 0.5145131086142322 0.7099719101123596 0.512874531835206
0 0.5547752808988764 0.5835674157303371 0.5651334269662921 0.5908239700374532 0.5682935393258427 0.598314606741573 0.5689957865168539 0.611189138576779 0.5639044943820225 0.6226591760299626 0.5545997191011236 0.6266385767790262 0.5470505617977528 0.6245318352059925 0.5417837078651685 0.6193820224719101 0.5380969101123596 0.5999531835205992 0.5393258426966292 0.5919943820224719 0.5430126404494382 0.5870786516853933 0.5545997191011236 0.5835674157303371
0 0.5256320224719101 0.5828651685393258 0.5335323033707865 0.5908239700374532 0.5370435393258427 0.6114232209737828 0.5330056179775281 0.6235955056179775 0.5294943820224719 0.6275749063670412 0.5231741573033708 0.6287453183520599 0.5175561797752809 0.6275749063670412 0.5112359550561798 0.6212546816479401 0.5079002808988764 0.6132958801498127 0.5071980337078652 0.6046348314606742 0.511060393258427 0.587312734082397 0.5189606741573034 0.5819288389513109 0.5254564606741573 0.5828651685393258
0 0.2875702247191011 0.5215355805243446 0.2952949438202247 0.5327715355805244 0.29178370786516855 0.5557116104868914 0.2872191011235955 0.5620318352059925 0.27844101123595505 0.5655430711610487 0.2617626404494382 0.5610955056179775 0.26035814606741575 0.5533707865168539 0.261938202247191 0.5365168539325843 0.26702949438202245 0.5255149812734082 0.2793188202247191 0.5213014981273408 0.2873946629213483 0.5215355805243446
0 0.46348314606741575 0.651685393258427 0.4722612359550562 0.6575374531835206 0.4750702247191011 0.6645599250936329 0.4748946629213483 0.6718164794007491 0.46611657303370785 0.6924157303370787 0.4606741573033708 0.6977996254681648 0.45417837078651685 0.6996722846441947 0.44803370786516855 0.6985018726591761 0.44241573033707865 0.6891385767790262 0.44030898876404495 0.6718164794007491 0.4455758426966292 0.6575374531835206 0.4550561797752809 0.6521535580524345 0.4633075842696629 0.651685393258427
0 0.32145365168539325 0.5699906367041199 0.3246137640449438 0.5711610486891385 0.3258426966292135 0.5751404494382022 0.320751404494382 0.5987827715355806 0.3167134831460674 0.6062734082397003 0.30389747191011235 0.6125936329588015 0.29371488764044945 0.6104868913857678 0.2893258426966292 0.6055711610486891 0.289501404494382 0.5826310861423221 0.29231039325842695 0.5765449438202247 0.29933286516853935 0.572565543071161 0.32127808988764045 0.5699906367041199
0 0.32127808988764045 0.5269194756554307 0.32531601123595505 0.5292602996254682 0.3284761235955056 0.535814606741573 0.32865168539325845 0.5465823970037453 0.3239115168539326 0.5639044943820225 0.3121488764044944 0.5704588014981273 0.3007373595505618 0.5697565543071161 0.2952949438202247 0.5632022471910112 0.29353932584269665 0.5573501872659176 0.29424157303370785 0.5430711610486891 0.2972261235955056 0.5362827715355806 0.30407303370786515 0.5316011235955056 0.32110252808988765 0.5269194756554307
0 0.5273876404494382 0.5002340823970037 0.5377457865168539 0.5049157303370787 0.5407303370786517 0.511938202247191 0.5410814606741573 0.5234082397003745 0.5359901685393258 0.5348782771535581 0.526685393258427 0.5400280898876404 0.5145716292134831 0.5332397003745318 0.5124648876404494 0.5250468164794008 0.5126404494382022 0.5145131086142322 0.5150983146067416 0.5063202247191011 0.5214185393258427 0.5011704119850188 0.5272120786516854 0.5002340823970037
0 0.2700140449438202 0.5657771535580525 0.2833567415730337 0.5690543071161048 0.28985252808988765 0.577247191011236 0.288623595505618 0.6074438202247191 0.2796699438202247 0.6107209737827716 0.27018960674157305 0.6093164794007491 0.265625 0.6060393258426966 0.26053370786516855 0.5952715355805244 0.25912921348314605 0.5746722846441947 0.26264044943820225 0.5688202247191011 0.2698384831460674 0.5657771535580525
0 0.31302668539325845 0.4824438202247191 0.3181179775280899 0.48408239700374533 0.32478932584269665 0.49157303370786515 0.3265449438202247 0.511938202247191 0.3186446629213483 0.5227059925093633 0.31144662921348315 0.5241104868913857 0.2989817415730337 0.5191947565543071 0.29582162921348315 0.5152153558052435 0.29353932584269665 0.5049157303370787 0.29564606741573035 0.49297752808988765 0.29933286516853935 0.48642322097378277 0.3063553370786517 0.4824438202247191 0.3128511235955056 0.4824438202247191
0 0.4938553370786517 0.49929775280898875 0.5050912921348315 0.5044475655430711 0.511060393258427 0.516619850187266 0.5107092696629213 0.5292602996254682 0.5057935393258427 0.5449438202247191 0.4980688202247191 0.549625468164794 0.491748595505618 0.5479868913857678 0.4878862359550562 0.5440074906367042 0.47963483146067415 0.5278558052434457 0.4801615168539326 0.5121722846441947 0.48964185393258425 0.49953183520599254 0.4936797752808989 0.49929775280898875
0 0.39782303370786515 0.648876404494382 0.40625 0.6544943820224719 0.4080056179775281 0.6587078651685393 0.4106390449438202 0.6542602996254682 0.41485252808988765 0.6540262172284644 0.4178370786516854 0.6612827715355806 0.41485252808988765 0.6645599250936329 0.4104634831460674 0.6612827715355806 0.4080056179775281 0.6769662921348315 0.4022120786516854 0.6891385767790262 0.3904494382022472 0.6924157303370787 0.3767556179775281 0.6912453183520599 0.3730688202247191 0.6853932584269663 0.37183988764044945 0.6760299625468165 0.3829002808988764 0.6537921348314607 0.39009831460674155 0.6491104868913857 0.39764747191011235 0.648876404494382
0 0.43855337078651685 0.4932116104868914 0.44785814606741575 0.5021067415730337 0.44978932584269665 0.5088951310861424 0.44399578651685395 0.5278558052434457 0.43223314606741575 0.5334737827715356 0.42082162921348315 0.5241104868913857 0.41889044943820225 0.5081928838951311 0.42064606741573035 0.5007022471910112 0.42485955056179775 0.49508426966292135 0.43837780898876405 0.4932116104868914
0 0.37763342696629215 0.49063670411985016 0.383251404494382 0.49461610486891383 0.386938202247191 0.5011704119850188 0.3871137640449438 0.5159176029962547 0.38412921348314605 0.5231741573033708 0.37359550561797755 0.5299625468164794 0.3616573033707865 0.5271535580524345 0.355688202247191 0.5189606741573034 0.3549859550561798 0.512874531835206 0.3576193820224719 0.49836142322097376 0.3611306179775281 0.4927434456928839 0.36622191011235955 0.48946629213483145 0.37745786516853935 0.49063670411985016
0 0.40695224719101125 0.4803370786516854 0.41344803370786515 0.48408239700374533 0.41731039325842695 0.49461610486891383 0.4183637640449438 0.5229400749063671 0.41520365168539325 0.5294943820224719 0.4066011235955056 0.5355805243445693 0.4044943820224719 0.5449438202247191 0.39729634831460675 0.5411985018726592 0.39712078651685395 0.5327715355805244 0.38992275280898875 0.5227059925093633 0.38746488764044945 0.5145131086142322 0.38992275280898875 0.499063670411985 0.39747191011235955 0.4829119850187266 0.39975421348314605 0.48057116104868913 0.40677668539325845 0.4803370786516854
0 0.4882373595505618 0.6582397003745318 0.4984199438202247 0.6647940074906367 0.5029845505617978 0.68562734082397 0.5024578651685393 0.6931179775280899 0.49859550561797755 0.7034176029962547 0.4945575842696629 0.7078651685393258 0.4884129213483146 0.7097378277153558 0.4805126404494382 0.7078651685393258 0.47524578651685395 0.7029494382022472 0.47173455056179775 0.68562734082397 0.47331460674157305 0.6753277153558053 0.4803370786516854 0.661750936329588 0.488061797752809 0.6582397003745318
0 0.43258426966292135 0.6554307116104869 0.4397823033707865 0.6612827715355806 0.44013342696629215 0.6912453183520599 0.43802668539325845 0.699438202247191 0.4236306179775281 0.7052902621722846 0.41485252808988765 0.7024812734082397 0.40537219101123595 0.6853932584269663 0.4106390449438202 0.6692415730337079 0.4253862359550562 0.6561329588014981 0.43240870786516855 0.6554307116104869
0 0.7080407303370787 0.6870318352059925 0.7164676966292135 0.6921816479400749 0.7203300561797753 0.699438202247191 0.7182233146067416 0.7167602996254682 0.7101474719101124 0.721441947565543 0.6992626404494382 0.7169943820224719 0.6950491573033708 0.7069288389513109 0.6968047752808989 0.6938202247191011 0.7078651685393258 0.6870318352059925
0 0.28388342696629215 0.48080524344569286 0.28967696629213485 0.48431647940074907 0.29406601123595505 0.4911048689138577 0.29389044943820225 0.5121722846441947 0.28967696629213485 0.5187265917602997 0.27615870786516855 0.5205992509363296 0.26878511235955055 0.5194288389513109 0.2633426966292135 0.5121722846441947 0.2640449438202247 0.48782771535580527 0.27229634831460675 0.4812734082397004 0.28370786516853935 0.48080524344569286
0 0.4982443820224719 0.5749063670411985 0.5022823033707865 0.5770131086142322 0.5063202247191011 0.588249063670412 0.5057935393258427 0.6053370786516854 0.49736657303370785 0.6165730337078652 0.4845505617977528 0.6221910112359551 0.47928370786516855 0.6198501872659176 0.4748946629213483 0.613061797752809 0.47559691011235955 0.5884831460674157 0.4841994382022472 0.5767790262172284 0.4980688202247191 0.5749063670411985
0 0.46348314606741575 0.5786516853932584 0.47120786516853935 0.5847378277153558 0.4748946629213483 0.5987827715355806 0.4729634831460674 0.6132958801498127 0.46769662921348315 0.6203183520599251 0.4606741573033708 0.6235955056179775 0.4496137640449438 0.6203183520599251 0.4429424157303371 0.6055711610486891 0.4487359550561798 0.5849719101123596 0.45646067415730335 0.5798220973782772 0.4633075842696629 0.5786516853932584
0 0.2515800561797753 0.56437265917603 0.2579002808988764 0.574438202247191 0.25842696629213485 0.5919943820224719 0.2519311797752809 0.600187265917603 0.24087078651685392 0.6041666666666666 0.23367275280898878 0.6036985018726592 0.22700140449438203 0.5987827715355806 0.22349016853932585 0.5884831460674157 0.22384129213483145 0.5770131086142322 0.23086376404494383 0.5667134831460674 0.24157303370786518 0.5678838951310862 0.25140449438202245 0.56437265917603
0 0.590063202247191 0.5046816479400749 0.5997191011235955 0.5114700374531835 0.6032303370786517 0.5255149812734082 0.6014747191011236 0.5365168539325843 0.5909410112359551 0.5449438202247191 0.5779494382022472 0.540496254681648 0.5737359550561798 0.5353464419475655 0.5725070224719101 0.5294943820224719 0.5728581460674157 0.5187265917602997 0.5754915730337079 0.5114700374531835 0.5809339887640449 0.5065543071161048 0.5898876404494382 0.5046816479400749
0 0.3539325842696629 0.47752808988764045 0.35849719101123595 0.48080524344569286 0.36218398876404495 0.48782771535580527 0.3577949438202247 0.4978932584269663 0.3539325842696629 0.5189606741573034 0.34234550561797755 0.5255149812734082 0.3339185393258427 0.5229400749063671 0.328125 0.5283239700374532 0.3237359550561798 0.5264513108614233 0.32162921348314605 0.522003745318352 0.32672050561797755 0.5124063670411985 0.32759831460674155 0.4955524344569288 0.3302317415730337 0.4875936329588015 0.34094101123595505 0.48080524344569286 0.3537570224719101 0.47752808988764045
0 0.33918539325842695 0.5603932584269663 0.3441011235955056 0.5636704119850188 0.3458567415730337 0.5704588014981273 0.3532303370786517 0.5746722846441947 0.3574438202247191 0.589185393258427 0.35603932584269665 0.5987827715355806 0.34884129213483145 0.614934456928839 0.3456811797752809 0.6200842696629213 0.33865870786516855 0.6224250936329588 0.3321629213483146 0.6203183520599251 0.3277738764044944 0.6125936329588015 0.3242626404494382 0.6027621722846442 0.32356039325842695 0.5912921348314607 0.3261938202247191 0.5805243445692884 0.3337429775280899 0.5711610486891385 0.33479634831460675 0.5617977528089888 0.33900983146067415 0.5603932584269663
0 0.6132373595505618 0.5931647940074907 0.6265800561797753 0.5990168539325843 0.632373595505618 0.6154026217228464 0.6302668539325843 0.6296816479400749 0.6232443820224719 0.6371722846441947 0.6178019662921348 0.6383426966292135 0.6076193820224719 0.6338951310861424 0.5998946629213483 0.6198501872659176 0.6009480337078652 0.5997191011235955 0.605688202247191 0.5948033707865169 0.613061797752809 0.5931647940074907
0 0.4668188202247191 0.49976591760299627 0.4726123595505618 0.5032771535580525 0.47752808988764045 0.5124063670411985 0.47910814606741575 0.5308988764044944 0.47384129213483145 0.5414325842696629 0.4566362359550562 0.5472846441947565 0.453125 0.5472846441947565 0.44627808988764045 0.5397940074906367 0.4468047752808989 0.5224719101123596 0.45575842696629215 0.5028089887640449 0.4666432584269663 0.49976591760299627
0 0.238061797752809 0.5201310861423221 0.26053370786516855 0.524812734082397 0.2635182584269663 0.5292602996254682 0.2594803370786517 0.5533707865168539 0.25456460674157305 0.5566479400749064 0.2515800561797753 0.5636704119850188 0.2422752808988764 0.5676498127340824 0.234375 0.5664794007490637 0.22752808988764045 0.5608614232209738 0.22384129213483145 0.5557116104868914 0.22155898876404495 0.5447097378277154 0.22226123595505617 0.5365168539325843 0.22700140449438203 0.5271535580524345 0.23788623595505617 0.5201310861423221
0 0.5856741573033708 0.5866104868913857 0.5962078651685393 0.5948033707865169 0.5991924157303371 0.6090823970037453 0.5967345505617978 0.6235955056179775 0.586376404494382 0.6301498127340824 0.5777738764044944 0.6282771535580525 0.5725070224719101 0.62312734082397 0.5695224719101124 0.6142322097378277 0.5684691011235955 0.5999531835205992 0.5691713483146067 0.5948033707865169 0.573560393258427 0.588249063670412 0.585498595505618 0.5866104868913857
0 0.6695926966292135 0.49836142322097376 0.6857443820224719 0.5093632958801498 0.6915379213483146 0.5189606741573034 0.6889044943820225 0.5426029962546817 0.6795997191011236 0.547752808988764 0.670997191011236 0.5472846441947565 0.6630969101123596 0.5426029962546817 0.6580056179775281 0.5114700374531835 0.660814606741573 0.5035112359550562 0.6694171348314607 0.49836142322097376
2 0.22559691011235955 0.47752808988764045 0.7303370786516854 0.5102996254681648 0.723314606741573 0.7303370786516854 0.2168188202247191 0.7010767790262172
0 0.2542134831460674 0.6676029962546817 0.2540379213483146 0.6786048689138576 0.25491573033707865 0.6816479400749064 0.2579002808988764 0.6860955056179775 0.2612359550561798 0.68937265917603 0.265625 0.6905430711610487 0.2700140449438202 0.6900749063670412 0.2735252808988764 0.6882022471910112 0.2791432584269663 0.6821161048689138 0.2789676966292135 0.6647940074906367 0.277563202247191 0.661750936329588 0.27264747191011235 0.6563670411985019 0.2691362359550562 0.6549625468164794 0.2621137640449438 0.6544943820224719 0.2580758426966292 0.6580056179775281 0.25509129213483145 0.663623595505618
0 0.657127808988764 0.6750936329588015 0.6550210674157303 0.6790730337078652 0.6567766853932584 0.6849250936329588 0.6576544943820225 0.7024812734082397 0.660814606741573 0.7099719101123596 0.6648525280898876 0.716058052434457 0.6713483146067416 0.7205056179775281 0.6787219101123596 0.7207397003745318 0.6839887640449438 0.7169943820224719 0.686622191011236 0.713249063670412 0.688377808988764 0.7064606741573034 0.6878511235955056 0.6959269662921348 0.6859199438202247 0.6886704119850188 0.6771418539325843 0.6783707865168539 0.6716994382022472 0.6764981273408239 0.6686709971910112 0.6764981273408239 0.6613412921348315 0.6711142322097379 0.6606390449438202 0.6732209737827716
1 0.34673455056179775 0.5448267790262172 0.038623595505617975 0.04564606741573034
1 0.37965238764044945 0.5471676029962547 0.028967696629213485 0.043305243445692886
1 0.4064255617977528 0.5483380149812734 0.028089887640449437 0.04798689138576779
1 0.4358321629213483 0.5530196629213483 0.03247893258426966 0.05032771535580524
1 0.46041081460674155 0.5547752808988764 0.030723314606741572 0.042134831460674156
1 0.4977176966292135 0.5577013108614233 0.029845505617977528 0.040964419475655434
1 0.527124297752809 0.5582865168539326 0.028967696629213485 0.04447565543071161
1 0.5521418539325843 0.5582865168539326 0.029845505617977528 0.04915730337078652
1 0.5828651685393258 0.5664794007490637 0.03160112359550562 0.04681647940074907
1 0.42837078651685395 0.5893024344569289 0.028089887640449437 0.03394194756554307
1 0.4042310393258427 0.5916432584269663 0.027212078651685394 0.038623595505617975
1 0.3726299157303371 0.5898876404494382 0.030723314606741572 0.03745318352059925
1 0.42837078651685395 0.631437265917603 0.026334269662921347 0.03394194756554307
1 0.4046699438202247 0.6308520599250936 0.021067415730337078 0.04447565543071161
1 0.37438553370786515 0.6320224719101124 0.027212078651685394 0.039794007490636704
1 0.3419066011235955 0.631437265917603 0.03247893258426966 0.038623595505617975
1 0.3085498595505618 0.6290964419475655 0.03423455056179775 0.04564606741573034
1 0.2778265449438202 0.6220739700374532 0.030723314606741572 0.04564606741573034
1 0.24183637640449437 0.6255852059925093 0.03247893258426966 0.038623595505617975
1 0.23744733146067415 0.6688904494382022 0.035990168539325844 0.04798689138576779
1 0.3375175561797753 0.6741573033707865 0.03247893258426966 0.04447565543071161
1 0.37043539325842695 0.6724016853932584 0.029845505617977528 0.040964419475655434
1 0.4626053370786517 0.6337780898876404 0.033356741573033706 0.03628277153558052
1 0.49113412921348315 0.6361189138576779 0.03247893258426966 0.040964419475655434
1 0.5196629213483146 0.6425561797752809 0.033356741573033706 0.039794007490636704
1 0.5183462078651685 0.6864466292134831 0.03774578651685393 0.043305243445692886
1 0.5495084269662921 0.6419709737827716 0.028089887640449437 0.040964419475655434
1 0.5806706460674157 0.6413857677902621 0.035990168539325844 0.042134831460674156
1 0.6166608146067416 0.6472378277153558 0.03423455056179775 0.039794007490636704
1 0.6083216292134831 0.6928838951310862 0.029845505617977528 0.04681647940074907
1 0.5758426966292135 0.6899578651685393 0.028089887640449437 0.043305243445692886
1 0.645189606741573 0.6489934456928839 0.028089887640449437 0.04564606741573034
1 0.6425561797752809 0.6162219101123596 0.028089887640449437 0.043305243445692886
1 0.6434339887640449 0.5746722846441947 0.028089887640449437 0.039794007490636704
1 0.6706460674157303 0.5711610486891385 0.028089887640449437 0.0351123595505618
1 0.7004915730337079 0.571746254681648 0.029845505617977528 0.038623595505617975
1 0.6706460674157303 0.605688202247191 0.028089887640449437 0.040964419475655434
1 0.6996137640449438 0.6086142322097379 0.028089887640449437 0.04447565543071161
1 0.6710849719101124 0.6484082397003745 0.025456460674157303 0.04447565543071161
1 0.6974192415730337 0.6548455056179775 0.030723314606741572 0.05032771535580524