0 0.45997191011235955 0.30664794007490637 0.46804775280898875 0.3113295880149813 0.472436797752809 0.32467228464419473 0.47120786516853935 0.335440074906367 0.46383426966292135 0.3441011235955056 0.4566362359550562 0.3431647940074906 0.45259831460674155 0.33965355805243447 0.4469803370786517 0.3279494382022472 0.4492626404494382 0.31320224719101125 0.45382724719101125 0.3080524344569288 0.45979634831460675 0.30664794007490637
0 0.42521067415730335 0.3518258426966292 0.43240870786516855 0.35510299625468167 0.43802668539325845 0.36235955056179775 0.43644662921348315 0.3775749063670412 0.4295997191011236 0.3848314606741573 0.4222261235955056 0.38647003745318353 0.4139747191011236 0.3796816479400749 0.4123946629213483 0.3686797752808989 0.4141502808988764 0.35931647940074907 0.4178370786516854 0.3544007490636704 0.42503511235955055 0.352059925093633
0 0.39571629213483145 0.6502808988764045 0.39764747191011235 0.6509831460674157 0.4044943820224719 0.6790730337078652 0.39940308988764045 0.6891385767790262 0.39396067415730335 0.6907771535580525 0.386938202247191 0.6905430711610487 0.3790379213483146 0.6863295880149812 0.37587780898876405 0.6816479400749064 0.3748244382022472 0.6739232209737828 0.378686797752809 0.6573033707865169 0.386938202247191 0.6502808988764045 0.39554073033707865 0.6502808988764045
0 0.39185393258426965 0.44241573033707865 0.4080056179775281 0.44545880149812733 0.41344803370786515 0.45318352059925093 0.41502808988764045 0.46465355805243447 0.41309691011235955 0.47401685393258425 0.4101123595505618 0.4782303370786517 0.40168539325842695 0.48174157303370785 0.3902738764044944 0.47752808988764045 0.38728932584269665 0.4705056179775281 0.38588483146067415 0.46301498127340823 0.38764044943820225 0.45997191011235955 0.3885182584269663 0.4461610486891386 0.39167837078651685 0.44241573033707865
0 0.5862008426966292 0.3211610486891386 0.5919943820224719 0.3232677902621723 0.5956811797752809 0.3279494382022472 0.5984901685393258 0.3398876404494382 0.5958567415730337 0.3529962546816479 0.5914676966292135 0.3595505617977528 0.5862008426966292 0.362125468164794 0.574438202247191 0.35908239700374533 0.5709269662921348 0.3548689138576779 0.5689957865168539 0.34620786516853935 0.5696980337078652 0.335440074906367 0.5730337078651685 0.3279494382022472 0.578125 0.3232677902621723 0.5860252808988764 0.3211610486891386
0 0.5545997191011236 0.3197565543071161 0.5612710674157303 0.32303370786516855 0.5668890449438202 0.33497191011235955 0.5642556179775281 0.34995318352059923 0.5553019662921348 0.3553370786516854 0.5452949438202247 0.35135767790262173 0.5407303370786517 0.34222846441947563 0.542310393258427 0.3288857677902622 0.5491573033707865 0.32092696629213485 0.5544241573033708 0.3197565543071161
0 0.589185393258427 0.5330056179775281 0.5991924157303371 0.5423689138576779 0.6016502808988764 0.5575842696629213 0.5988412921348315 0.5676498127340824 0.5884831460674157 0.5739700374531835 0.5775983146067416 0.5699906367041199 0.5739115168539326 0.5636704119850188 0.5716292134831461 0.5533707865168539 0.5746137640449438 0.5402621722846442 0.5890098314606742 0.5330056179775281
0 0.5475772471910112 0.6582397003745318 0.5570575842696629 0.6603464419475655 0.5602176966292135 0.663623595505618 0.563377808988764 0.6769662921348315 0.5626755617977528 0.6851591760299626 0.5596910112359551 0.6917134831460674 0.5502106741573034 0.6956928838951311 0.543188202247191 0.6935861423220974 0.5398525280898876 0.68937265917603 0.5375702247191011 0.6786048689138576 0.539501404494382 0.6640917602996255 0.5435393258426966 0.6591760299625468 0.5474016853932584 0.6582397003745318
0 0.5272120786516854 0.6041666666666666 0.5363412921348315 0.6114232209737828 0.5373946629213483 0.6238295880149812 0.5330056179775281 0.6341292134831461 0.523876404494382 0.6385767790262172 0.5180828651685393 0.6371722846441947 0.5124648876404494 0.6320224719101124 0.5112359550561798 0.6161048689138576 0.5152738764044944 0.6088483146067416 0.5270365168539326 0.6041666666666666
0 0.36446629213483145 0.3099250936329588 0.37166432584269665 0.31437265917602997 0.3753511235955056 0.3249063670411985 0.37394662921348315 0.335440074906367 0.3690308988764045 0.34269662921348315 0.3632373595505618 0.34573970037453183 0.3532303370786517 0.33824906367041196 0.35042134831460675 0.3237359550561798 0.355688202247191 0.31320224719101125 0.36429073033707865 0.3099250936329588
0 0.48103932584269665 0.648876404494382 0.49473314606741575 0.6563670411985019 0.49929775280898875 0.6685393258426966 0.49929775280898875 0.6753277153558053 0.496313202247191 0.6835205992509363 0.49122191011235955 0.6886704119850188 0.48507724719101125 0.6900749063670412 0.4750702247191011 0.6875 0.47138342696629215 0.6788389513108615 0.47120786516853935 0.6612827715355806 0.47331460674157305 0.6544943820224719 0.4808637640449438 0.648876404494382
0 0.39782303370786515 0.31273408239700373 0.40747893258426965 0.3211610486891386 0.40888342696629215 0.33192883895131087 0.4078300561797753 0.33848314606741575 0.4043188202247191 0.3433988764044944 0.39747191011235955 0.3464419475655431 0.390625 0.34573970037453183 0.38360252808988765 0.33941947565543074 0.38184691011235955 0.32607677902621723 0.38606039325842695 0.3160112359550562 0.39764747191011235 0.31273408239700373
0 0.3635884831460674 0.6062734082397003 0.36973314606741575 0.6072097378277154 0.375 0.6125936329588015 0.37412219101123595 0.6336610486891385 0.36797752808988765 0.641619850187266 0.36060393258426965 0.6446629213483146 0.35217696629213485 0.6383426966292135 0.34901685393258425 0.6264044943820225 0.351123595505618 0.6142322097378277 0.35603932584269665 0.6088483146067416 0.3634129213483146 0.6062734082397003
0 0.5886587078651685 0.6491104868913857 0.592872191011236 0.6537921348314607 0.5956811797752809 0.6678370786516854 0.590063202247191 0.6814138576779026 0.5825140449438202 0.6846910112359551 0.578125 0.6835205992509363 0.569873595505618 0.6741573033707865 0.5672401685393258 0.6683052434456929 0.5675912921348315 0.6580056179775281 0.5742626404494382 0.6491104868913857 0.5884831460674157 0.6491104868913857
0 0.6199087078651685 0.6186797752808989 0.6288623595505618 0.62687265917603 0.6311446629213483 0.6364700374531835 0.6293890449438202 0.6474719101123596 0.6216643258426966 0.6551966292134831 0.6095505617977528 0.6521535580524345 0.6051615168539326 0.6472378277153558 0.602001404494382 0.6383426966292135 0.6034058988764045 0.62312734082397 0.6137640449438202 0.6179775280898876 0.6197331460674157 0.6186797752808989
0 0.5221207865168539 0.6568352059925093 0.5293188202247191 0.6605805243445693 0.5344101123595506 0.6715823970037453 0.5331811797752809 0.6858614232209738 0.5231741573033708 0.6942883895131086 0.5159761235955056 0.6935861423220974 0.5121137640449438 0.6905430711610487 0.5077247191011236 0.6779026217228464 0.5108848314606742 0.6619850187265918 0.515625 0.6570692883895131 0.5219452247191011 0.6568352059925093
0 0.6183286516853933 0.3661048689138577 0.6267556179775281 0.37453183520599254 0.6283356741573034 0.38436329588014984 0.6248244382022472 0.39489700374531833 0.6163974719101124 0.4014513108614232 0.6095505617977528 0.40004681647940077 0.6041081460674157 0.39536516853932585 0.6018258426966292 0.3904494382022472 0.6016502808988764 0.37874531835205993 0.6067415730337079 0.3693820224719101 0.6181530898876404 0.3661048689138577
0 0.3576193820224719 0.6519194756554307 0.3692064606741573 0.6577715355805244 0.371313202247191 0.672752808988764 0.3669241573033708 0.6858614232209738 0.35603932584269665 0.6912453183520599 0.3498946629213483 0.6898408239700374 0.34708567415730335 0.6865636704119851 0.3441011235955056 0.6788389513108615 0.34375 0.6680711610486891 0.34901685393258425 0.6561329588014981 0.3574438202247191 0.6519194756554307
0 0.35867275280898875 0.5189606741573034 0.36235955056179775 0.5210674157303371 0.36973314606741575 0.5198970037453183 0.3730688202247191 0.5234082397003745 0.3765800561797753 0.5299625468164794 0.3771067415730337 0.5400280898876404 0.3769311797752809 0.5465823970037453 0.3730688202247191 0.5573501872659176 0.35884831460674155 0.5594569288389513 0.35235252808988765 0.5571161048689138 0.3477879213483146 0.5433052434456929 0.34884129213483145 0.5290262172284644 0.35235252808988765 0.5327715355805244 0.35428370786516855 0.5287921348314607 0.3516502808988764 0.5259831460674157 0.3558637640449438 0.5262172284644194 0.355688202247191 0.5222378277153558 0.36042837078651685 0.5227059925093633 0.35867275280898875 0.5191947565543071
0 0.3732443820224719 0.3955992509363296 0.3825491573033708 0.40402621722846443 0.38360252808988765 0.41502808988764045 0.3806179775280899 0.426498127340824 0.3767556179775281 0.43047752808988765 0.36990870786516855 0.4323501872659176 0.3591994382022472 0.4286048689138577 0.35621488764044945 0.42181647940074907 0.35603932584269665 0.4112827715355805 0.36077949438202245 0.399812734082397 0.3730688202247191 0.3955992509363296
0 0.4239817415730337 0.6451310861423221 0.4299508426966292 0.6502808988764045 0.43293539325842695 0.6622191011235955 0.42872191011235955 0.673689138576779 0.421875 0.6786048689138576 0.41467696629213485 0.6772003745318352 0.41116573033707865 0.6734550561797753 0.40712780898876405 0.660814606741573 0.41116573033707865 0.6463014981273408 0.4238061797752809 0.6451310861423221
0 0.45821629213483145 0.3574438202247191 0.46734550561797755 0.3625936329588015 0.46927668539325845 0.37663857677902624 0.4647120786516854 0.386938202247191 0.4569873595505618 0.3913857677902622 0.45066713483146065 0.39068352059925093 0.4450491573033708 0.38506554307116103 0.4431179775280899 0.3707865168539326 0.4450491573033708 0.3625936329588015 0.44820926966292135 0.3586142322097378 0.45804073033707865 0.3574438202247191
0 0.581811797752809 0.4091760299625468 0.5933988764044944 0.4178370786516854 0.59375 0.43562734082397003 0.5898876404494382 0.44592696629213485 0.5714536516853933 0.4538857677902622 0.5639044943820225 0.4506086142322097 0.5603932584269663 0.4461610486891386 0.5603932584269663 0.4330524344569288 0.5702247191011236 0.412687265917603 0.5816362359550562 0.4091760299625468
0 0.3862359550561798 0.5217696629213483 0.4046699438202247 0.5283239700374532 0.4078300561797753 0.5330056179775281 0.40870786516853935 0.5470505617977528 0.4043188202247191 0.5571161048689138 0.39536516853932585 0.5608614232209738 0.39747191011235955 0.56437265917603 0.386938202247191 0.5608614232209738 0.3790379213483146 0.5533707865168539 0.37991573033707865 0.5259831460674157 0.38606039325842695 0.5217696629213483
0 0.6141151685393258 0.45529026217228463 0.6197331460674157 0.4562265917602996 0.6246488764044944 0.47027153558052437 0.6242977528089888 0.47635767790262173 0.6202598314606742 0.4857209737827715 0.609375 0.4897003745318352 0.6039325842696629 0.4892322097378277 0.5986657303370787 0.4850187265917603 0.5956811797752809 0.47331460674157305 0.5981390449438202 0.4637172284644195 0.6023525280898876 0.4583333333333333 0.613939606741573 0.45529026217228463
0 0.5251053370786517 0.313436329588015 0.5294943820224719 0.31484082397003743 0.5363412921348315 0.3223314606741573 0.5384480337078652 0.33192883895131087 0.5301966292134831 0.3487827715355805 0.5233497191011236 0.3506554307116105 0.5122893258426966 0.34573970037453183 0.5086025280898876 0.3335674157303371 0.5150983146067416 0.3167134831460674 0.5249297752808989 0.313436329588015
0 0.49157303370786515 0.3586142322097378 0.49912219101123595 0.3618913857677903 0.5038623595505618 0.37312734082397003 0.5017556179775281 0.38717228464419473 0.49508426966292135 0.3920880149812734 0.4884129213483146 0.3913857677902622 0.4827949438202247 0.3874063670411985 0.47945926966292135 0.37663857677902624 0.48174157303370785 0.3663389513108614 0.4859550561797753 0.3609550561797753 0.49139747191011235 0.3586142322097378
0 0.394311797752809 0.6039325842696629 0.4001053370786517 0.6058052434456929 0.4043188202247191 0.6109550561797753 0.40502106741573035 0.62687265917603 0.4006320224719101 0.637874531835206 0.39115168539325845 0.6448970037453183 0.3851825842696629 0.6444288389513109 0.3769311797752809 0.6367041198501873 0.37587780898876405 0.6172752808988764 0.383251404494382 0.6055711610486891 0.3941362359550562 0.6039325842696629
0 0.3960674157303371 0.3532303370786517 0.4044943820224719 0.3574438202247191 0.4078300561797753 0.3698501872659176 0.402563202247191 0.38249063670411987 0.39343398876404495 0.386938202247191 0.386938202247191 0.3857677902621723 0.3825491573033708 0.38108614232209737 0.37991573033707865 0.37429775280898875 0.37956460674157305 0.36563670411985016 0.38167134831460675 0.3586142322097378 0.3851825842696629 0.3548689138576779 0.39589185393258425 0.3532303370786517
0 0.3734199438202247 0.5610955056179775 0.38184691011235955 0.5685861423220974 0.38764044943820225 0.5877808988764045 0.386938202247191 0.5938670411985019 0.3772823033707865 0.6008895131086143 0.3591994382022472 0.5959737827715356 0.355688202247191 0.5905898876404494 0.35410814606741575 0.5816947565543071 0.3549859550561798 0.5709269662921348 0.35867275280898875 0.5653089887640449 0.3732443820224719 0.5610955056179775
0 0.5544241573033708 0.613061797752809 0.5621488764044944 0.6163389513108615 0.567064606741573 0.6301498127340824 0.5649578651685393 0.6439606741573034 0.5609199438202247 0.6495786516853933 0.5561797752808989 0.6512172284644194 0.5454705056179775 0.6481741573033708 0.5393258426966292 0.6336610486891385 0.5419592696629213 0.6161048689138576 0.554248595505618 0.613061797752809
0 0.616748595505618 0.32467228464419473 0.6248244382022472 0.33146067415730335 0.6262289325842697 0.3424625468164794 0.6248244382022472 0.3497191011235955 0.6163974719101124 0.35814606741573035 0.6086727528089888 0.35697565543071164 0.6002457865168539 0.3450374531835206 0.6009480337078652 0.3347378277153558 0.6055126404494382 0.32771535580524347 0.6165730337078652 0.32467228464419473
0 0.42257724719101125 0.599250936329588 0.4320575842696629 0.6051029962546817 0.43679775280898875 0.6177434456928839 0.4357443820224719 0.6329588014981273 0.4220505617977528 0.6383426966292135 0.41134129213483145 0.6343632958801498 0.40730337078651685 0.6266385767790262 0.40712780898876405 0.6186797752808989 0.41116573033707865 0.6022940074906367 0.42240168539325845 0.599250936329588
0 0.3635884831460674 0.350187265917603 0.37183988764044945 0.3548689138576779 0.37570224719101125 0.3651685393258427 0.3732443820224719 0.3796816479400749 0.36429073033707865 0.3852996254681648 0.35674157303370785 0.3836610486891386 0.35270365168539325 0.3796816479400749 0.34884129213483145 0.36704119850187267 0.35252808988764045 0.35463483146067415 0.35797050561797755 0.3506554307116105 0.3634129213483146 0.350187265917603
0 0.4046699438202247 0.4023876404494382 0.41344803370786515 0.4056647940074906 0.4180126404494382 0.41807116104868913 0.41678370786516855 0.426498127340824 0.4123946629213483 0.4339887640449438 0.4080056179775281 0.43679775280898875 0.39554073033707865 0.4349250936329588 0.390625 0.4262640449438202 0.39308286516853935 0.40777153558052437 0.4044943820224719 0.4023876404494382
0 0.616748595505618 0.5320692883895131 0.6251755617977528 0.5353464419475655 0.6316713483146067 0.5461142322097379 0.6300912921348315 0.5608614232209738 0.6206109550561798 0.5688202247191011 0.609375 0.5655430711610487 0.6042837078651685 0.5571161048689138 0.6060393258426966 0.5400280898876404 0.6165730337078652 0.5320692883895131
0 0.4957865168539326 0.31320224719101125 0.5026334269662921 0.31788389513108617 0.5066713483146067 0.33075842696629215 0.5031601123595506 0.3431647940074906 0.4980688202247191 0.34901685393258425 0.484375 0.34527153558052437 0.48156601123595505 0.33707865168539325 0.48121488764044945 0.32771535580524347 0.48367275280898875 0.3181179775280899 0.48893960674157305 0.31390449438202245 0.4956109550561798 0.31320224719101125
0 0.6170997191011236 0.5730337078651685 0.6271067415730337 0.5774812734082397 0.6313202247191011 0.5880149812734082 0.6302668539325843 0.6018258426966292 0.621313202247191 0.6095505617977528 0.6106039325842697 0.6067415730337079 0.6025280898876404 0.5945692883895131 0.6046348314606742 0.5814606741573034 0.609375 0.575374531835206 0.6169241573033708 0.5730337078651685
0 0.4922752808988764 0.6125936329588015 0.4984199438202247 0.6142322097378277 0.5024578651685393 0.6233614232209738 0.5033356741573034 0.6341292134831461 0.49947331460674155 0.6460674157303371 0.49139747191011235 0.650749063670412 0.48349719101123595 0.6486423220973783 0.47945926966292135 0.6441947565543071 0.4764747191011236 0.6371722846441947 0.4764747191011236 0.6296816479400749 0.4808637640449438 0.6165730337078652 0.4920997191011236 0.6125936329588015
0 0.46207865168539325 0.6067415730337079 0.46752106741573035 0.6114232209737828 0.4705056179775281 0.6235955056179775 0.46804775280898875 0.6345973782771536 0.46032303370786515 0.6406835205992509 0.44662921348314605 0.6364700374531835 0.44452247191011235 0.6327247191011236 0.44417134831460675 0.6224250936329588 0.4454002808988764 0.6132958801498127 0.4492626404494382 0.6079119850187266 0.46190308988764045 0.6067415730337079
0 0.37412219101123595 0.48197565543071164 0.3827247191011236 0.48852996254681647 0.38412921348314605 0.50187265917603 0.38149578651685395 0.5152153558052435 0.3732443820224719 0.5203651685393258 0.3597261235955056 0.5133426966292135 0.35217696629213485 0.5126404494382022 0.3514747191011236 0.5079588014981273 0.35445926966292135 0.4948501872659176 0.35849719101123595 0.4868913857677903 0.36639747191011235 0.48174157303370785 0.37394662921348315 0.48197565543071164
0 0.5816362359550562 0.3642322097378277 0.5886587078651685 0.3677434456928839 0.5926966292134831 0.37312734082397003 0.5942766853932584 0.38295880149812733 0.5919943820224719 0.3951310861423221 0.5828651685393258 0.3981741573033708 0.5719803370786517 0.39630149812734083 0.5677668539325843 0.39068352059925093 0.5704002808988764 0.36961610486891383 0.5814606741573034 0.3642322097378277
0 0.43047752808988765 0.3157771535580524 0.4357443820224719 0.3190543071161049 0.44013342696629215 0.3387172284644195 0.4373244382022472 0.34573970037453183 0.429248595505618 0.34925093632958804 0.4220505617977528 0.3471441947565543 0.4178370786516854 0.3429307116104869 0.4143258426966292 0.33497191011235955 0.4141502808988764 0.3291198501872659 0.42117275280898875 0.3171816479400749 0.43030196629213485 0.3157771535580524
0 0.40361657303370785 0.4857209737827715 0.41134129213483145 0.4932116104868914 0.4125702247191011 0.5060861423220974 0.4102879213483146 0.5156835205992509 0.40098314606741575 0.5213014981273408 0.39378511235955055 0.5203651685393258 0.386938202247191 0.5156835205992509 0.3850070224719101 0.5009363295880149 0.3862359550561798 0.4943820224719101 0.3904494382022472 0.4887640449438202 0.39729634831460675 0.48525280898876405 0.40344101123595505 0.4857209737827715
0 0.6202598314606742 0.48852996254681647 0.6309691011235955 0.49812734082397003 0.6334269662921348 0.5095973782771536 0.6300912921348315 0.5222378277153558 0.6197331460674157 0.5290262172284644 0.6009480337078652 0.5259831460674157 0.5970856741573034 0.5191947565543071 0.5967345505617978 0.5086610486891385 0.5986657303370787 0.50187265917603 0.6055126404494382 0.4934456928838951 0.6155196629213483 0.48782771535580527 0.6200842696629213 0.48852996254681647
0 0.6141151685393258 0.41058052434456926 0.620435393258427 0.413623595505618 0.6237710674157303 0.4187734082397004 0.6251755617977528 0.43211610486891383 0.6183286516853933 0.4461610486891386 0.6067415730337079 0.4499063670411985 0.6037570224719101 0.449438202247191 0.5986657303370787 0.4330524344569288 0.6000702247191011 0.41830524344569286 0.602001404494382 0.4133895131086142 0.605688202247191 0.4110486891385768 0.613939606741573 0.41058052434456926
0 0.6151685393258427 0.6558988764044944 0.6246488764044944 0.6587078651685393 0.6304424157303371 0.6699438202247191 0.6300912921348315 0.6889044943820225 0.625877808988764 0.6961610486891385 0.6209620786516854 0.6982677902621723 0.6127106741573034 0.6977996254681648 0.6058637640449438 0.6931179775280899 0.6005969101123596 0.6795411985018727 0.602001404494382 0.6640917602996255 0.6088483146067416 0.6568352059925093 0.6149929775280899 0.6558988764044944
0 0.5837429775280899 0.6118913857677902 0.5930477528089888 0.6172752808988764 0.5953300561797753 0.6299157303370787 0.592872191011236 0.639747191011236 0.5819873595505618 0.6463014981273408 0.5716292134831461 0.6434925093632958 0.5688202247191011 0.6299157303370787 0.5693469101123596 0.6228932584269663 0.5737359550561798 0.6156367041198502 0.5835674157303371 0.6118913857677902
0 0.5196629213483146 0.3625936329588015 0.5268609550561798 0.36563670411985016 0.5316011235955056 0.37453183520599254 0.5298455056179775 0.38881086142322097 0.5265098314606742 0.3946629213483146 0.519311797752809 0.3981741573033708 0.5075491573033708 0.39442883895131087 0.5061446629213483 0.37453183520599254 0.5094803370786517 0.3661048689138577 0.5194873595505618 0.3625936329588015
0 0.5512640449438202 0.3651685393258427 0.5607443820224719 0.37359550561797755 0.5623244382022472 0.3806179775280899 0.5614466292134831 0.3937265917602996 0.5568820224719101 0.40168539325842695 0.5402036516853933 0.40777153558052437 0.5363412921348315 0.4012172284644195 0.5328300561797753 0.40098314606741575 0.5347612359550562 0.39536516853932585 0.5356390449438202 0.37359550561797755 0.5410814606741573 0.3661048689138577 0.5510884831460674 0.3651685393258427
0 0.45031601123595505 0.6448970037453183 0.45979634831460675 0.6472378277153558 0.4647120786516854 0.6544943820224719 0.46383426966292135 0.6701779026217228 0.45786516853932585 0.6811797752808989 0.453125 0.6842228464419475 0.44276685393258425 0.6809456928838952 0.4390800561797753 0.6753277153558053 0.4373244382022472 0.6666666666666666 0.44048455056179775 0.6505149812734082 0.45014044943820225 0.6448970037453183
0 0.3670997191011236 0.43679775280898875 0.37570224719101125 0.4431179775280899 0.37833567415730335 0.4541198501872659 0.3753511235955056 0.4660580524344569 0.36639747191011235 0.47191011235955055 0.3590238764044944 0.47120786516853935 0.35428370786516855 0.4679307116104869 0.351123595505618 0.4627808988764045 0.3497191011235955 0.45131086142322097 0.3512991573033708 0.44288389513108617 0.3553370786516854 0.438436329588015 0.3669241573033708 0.43679775280898875
2 0.6372893258426966 0.31210978464419475 0.34926053370786514 0.3053494850187266 0.3401213132022472 0.6939934456928838 0.6339473314606742 0.6997965823970037
1 0.4342257724719101 0.42332865168539324 0.02341292134831461 0.030491573033707864
1 0.4336165730337079 0.4618703183520599 0.022196278089887642 0.03266385767790262
1 0.43340414325842697 0.5000046816479401 0.019427668539325843 0.032467228464419476
1 0.431811797752809 0.541125936329588 0.0232689606741573 0.032001404494382026
1 0.4006987359550562 0.5816245318352059 0.02073384831460674 0.027169943820224716
1 0.42976299157303366 0.5811493445692885 0.02385182584269663 0.03246020599250936
1 0.46062324438202246 0.5825514981273407 0.023541081460674157 0.02590121722846442
1 0.489315308988764 0.5813155430711611 0.02357443820224719 0.031231273408239696
1 0.5185182584269663 0.5827036516853933 0.022291081460674156 0.03244850187265918
1 0.5482426264044944 0.5837593632958802 0.020877808988764044 0.028220973782771535
1 0.5797261235955056 0.5858450374531835 0.0229810393258427 0.029370318352059926
1 0.5795926966292135 0.5040098314606741 0.020373946629213484 0.038918539325842695
1 0.5810586376404494 0.4657701310861423 0.02096734550561798 0.03266385767790262
1 0.5504494382022472 0.42726591760299626 0.020610955056179776 0.029000468164794006
1 0.5493732443820225 0.4657701310861423 0.01845681179775281 0.031100187265917605
1 0.5487236657303372 0.5054798689138577 0.020667134831460675 0.030933988764044944
1 0.5484620786516854 0.5449508426966293 0.02131495786516854 0.03185159176029962
1 0.5193170646067417 0.5428089887640449 0.02037745786516854 0.03224719101123595
1 0.4907777387640449 0.5411165730337079 0.024157303370786518 0.033541666666666664
1 0.4615098314606742 0.5407724719101124 0.022972261235955055 0.028174157303370785
1 0.46270540730337084 0.5033661048689139 0.021853932584269663 0.029826779026217227
1 0.4905723314606742 0.5032467228464419 0.023748244382022474 0.031149344569288386
1 0.51921875 0.5045833333333333 0.022519311797752812 0.03226357677902622
1 0.5197296348314607 0.4649906367041199 0.02002984550561798 0.034225187265917605
1 0.5203563904494382 0.42415964419475655 0.018941362359550563 0.0337125468164794
1 0.49255266853932583 0.4236610486891386 0.02185568820224719 0.029592696629213485
1 0.4918047752808989 0.46408707865168536 0.023872893258426963 0.03242041198501873
1 0.46458918539325844 0.465500936329588 0.022106741573033706 0.033686797752808986
1 0.4638149578651685 0.4237944756554307 0.021731039325842697 0.029861891385767787