0 0.3846558988764045 0.6502808988764045 0.39360955056179775 0.6584737827715356 0.3967696629213483 0.6685393258426966 0.3948384831460674 0.6786048689138576 0.39009831460674155 0.6851591760299626 0.38395365168539325 0.6877340823970037 0.3727176966292135 0.6825842696629213 0.37025983146067415 0.6673689138576779 0.37394662921348315 0.6570692883895131 0.3844803370786517 0.6502808988764045
0 0.592872191011236 0.3192883895131086 0.5998946629213483 0.324438202247191 0.6035814606741573 0.33146067415730335 0.6041081460674157 0.33824906367041196 0.5995435393258427 0.35252808988764045 0.5918188202247191 0.35908239700374533 0.5783005617977528 0.35557116104868913 0.574438202247191 0.3487827715355805 0.5740870786516854 0.33801498127340823 0.5767205056179775 0.3279494382022472 0.5800561797752809 0.323501872659176 0.5853230337078652 0.31952247191011235 0.5926966292134831 0.3192883895131086
0 0.5886587078651685 0.40308988764044945 0.5926966292134831 0.4058988764044944 0.5962078651685393 0.412687265917603 0.5960323033707865 0.43211610486891383 0.5918188202247191 0.43913857677902624 0.5833918539325843 0.4426498127340824 0.5811095505617978 0.4426498127340824 0.581811797752809 0.43913857677902624 0.5730337078651685 0.4309456928838951 0.5688202247191011 0.41807116104868913 0.5700491573033708 0.4112827715355805 0.5733848314606742 0.4066011235955056 0.5788272471910112 0.4033239700374532 0.5884831460674157 0.40308988764044945
0 0.6174508426966292 0.4080056179775281 0.6276334269662921 0.4166666666666667 0.629564606741573 0.42954119850187267 0.6239466292134831 0.4426498127340824 0.616748595505618 0.44756554307116103 0.6127106741573034 0.44756554307116103 0.6091994382022472 0.4438202247191011 0.6044592696629213 0.43609550561797755 0.6018258426966292 0.42485955056179775 0.6070926966292135 0.41175093632958804 0.6127106741573034 0.40777153558052437 0.6172752808988764 0.4080056179775281
0 0.5372191011235955 0.3522940074906367 0.5433637640449438 0.35463483146067415 0.546875 0.35931647940074907 0.5495084269662921 0.37312734082397003 0.5470505617977528 0.3817883895131086 0.5365168539325843 0.3895131086142322 0.5291432584269663 0.386001872659176 0.5245786516853933 0.38038389513108617 0.5242275280898876 0.3625936329588015 0.5291432584269663 0.35557116104868913 0.5370435393258427 0.3522940074906367
0 0.5933988764044944 0.5327715355805244 0.5990168539325843 0.5365168539325843 0.6021769662921348 0.5468164794007491 0.6018258426966292 0.5538389513108615 0.5956811797752809 0.5657771535580525 0.5853230337078652 0.5683520599250936 0.5732092696629213 0.5538389513108615 0.5775983146067416 0.5379213483146067 0.5849719101123596 0.5323033707865169 0.5932233146067416 0.5327715355805244
0 0.3714887640449438 0.30196629213483145 0.378686797752809 0.3073501872659176 0.38202247191011235 0.31741573033707865 0.37745786516853935 0.33286516853932585 0.37201544943820225 0.3356741573033708 0.359375 0.33192883895131087 0.3558637640449438 0.32256554307116103 0.35603932584269665 0.31437265917602997 0.3591994382022472 0.3057116104868914 0.36411516853932585 0.3022003745318352 0.371313202247191 0.30196629213483145
0 0.49315308988764045 0.6088483146067416 0.49859550561797755 0.6142322097378277 0.5021067415730337 0.6306179775280899 0.4984199438202247 0.6420880149812734 0.48929073033707865 0.6460674157303371 0.48367275280898875 0.6453651685393258 0.4782303370786517 0.6406835205992509 0.476123595505618 0.636938202247191 0.47542134831460675 0.6271067415730337 0.47735252808988765 0.6168071161048689 0.4808637640449438 0.611189138576779 0.49297752808988765 0.6088483146067416
0 0.40150983146067415 0.3047752808988764 0.40695224719101125 0.3068820224719101 0.4122191011235955 0.31320224719101125 0.4143258426966292 0.325374531835206 0.40870786516853935 0.335440074906367 0.40098314606741575 0.3389513108614232 0.390625 0.3352059925093633 0.38781601123595505 0.31999063670411987 0.3908005617977528 0.3099250936329588 0.40133426966292135 0.3047752808988764
0 0.49122191011235955 0.4363295880149813 0.49894662921348315 0.43820224719101125 0.5054424157303371 0.44545880149812733 0.5063202247191011 0.45669475655430714 0.5031601123595506 0.46465355805243447 0.4984199438202247 0.4693352059925094 0.49104634831460675 0.47073970037453183 0.48490168539325845 0.46769662921348315 0.4803370786516854 0.4618445692883895 0.480688202247191 0.4442883895131086 0.4840238764044944 0.43913857677902624 0.49104634831460675 0.436563670411985
0 0.5835674157303371 0.6437265917602997 0.5884831460674157 0.6453651685393258 0.592872191011236 0.6509831460674157 0.5949789325842697 0.6640917602996255 0.5898876404494382 0.6762640449438202 0.5839185393258427 0.6795411985018727 0.5739115168539326 0.6767322097378277 0.5672401685393258 0.6673689138576779 0.5675912921348315 0.6570692883895131 0.5711025280898876 0.6484082397003745 0.5779494382022472 0.6439606741573034 0.5833918539325843 0.6437265917602997
0 0.5191362359550562 0.5917602996254682 0.530372191011236 0.6025280898876404 0.5331811797752809 0.608380149812734 0.5340589887640449 0.6172752808988764 0.5289676966292135 0.6306179775280899 0.5189606741573034 0.6367041198501873 0.511938202247191 0.6348314606741573 0.5075491573033708 0.6301498127340824 0.504564606741573 0.62312734082397 0.503686797752809 0.610252808988764 0.5050912921348315 0.6004213483146067 0.5086025280898876 0.6020599250936329 0.5189606741573034 0.5917602996254682
0 0.4643609550561798 0.3157771535580524 0.4710323033707865 0.31741573033707865 0.47384129213483145 0.32092696629213485 0.47735252808988765 0.3389513108614232 0.47366573033707865 0.3476123595505618 0.46400983146067415 0.351123595505618 0.45435393258426965 0.34808052434456926 0.44856039325842695 0.3347378277153558 0.45259831460674155 0.3197565543071161 0.45628511235955055 0.31624531835205993 0.46418539325842695 0.3157771535580524
0 0.5482794943820225 0.6568352059925093 0.5581109550561798 0.6622191011235955 0.5625 0.6715823970037453 0.5610955056179775 0.6853932584269663 0.5577598314606742 0.6900749063670412 0.5507373595505618 0.6933520599250936 0.5433637640449438 0.6914794007490637 0.5393258426966292 0.6872659176029963 0.5365168539325843 0.6734550561797753 0.5384480337078652 0.6640917602996255 0.5433637640449438 0.6580056179775281 0.5481039325842697 0.6568352059925093
0 0.5245786516853933 0.6544943820224719 0.5305477528089888 0.6598782771535581 0.5337078651685393 0.6722846441947565 0.5301966292134831 0.6835205992509363 0.5224719101123596 0.6896067415730337 0.511938202247191 0.68562734082397 0.5079002808988764 0.6753277153558053 0.5075491573033708 0.6671348314606742 0.5080758426966292 0.6610486891385767 0.5101825842696629 0.6587078651685393 0.5187851123595506 0.6537921348314607 0.5244030898876404 0.6544943820224719
0 0.36973314606741575 0.5145131086142322 0.3732443820224719 0.5149812734082397 0.3772823033707865 0.5245786516853933 0.3792134831460674 0.5325374531835206 0.37745786516853935 0.5437734082397003 0.36973314606741575 0.5517322097378277 0.36253511235955055 0.5514981273408239 0.35849719101123595 0.5479868913857678 0.3537570224719101 0.5365168539325843 0.3537570224719101 0.5262172284644194 0.36253511235955055 0.5173220973782772 0.3695575842696629 0.514747191011236
0 0.3695575842696629 0.47073970037453183 0.3793890449438202 0.476123595505618 0.38412921348314605 0.487125468164794 0.38009129213483145 0.5051498127340824 0.37412219101123595 0.5088951310861424 0.3595505617977528 0.5049157303370787 0.35463483146067415 0.49836142322097376 0.3574438202247191 0.4772940074906367 0.36253511235955055 0.4716760299625468 0.3693820224719101 0.47073970037453183
0 0.5605688202247191 0.3169475655430712 0.5681179775280899 0.3232677902621723 0.5718047752808989 0.3356741573033708 0.5677668539325843 0.3471441947565543 0.558813202247191 0.35159176029962547 0.5533707865168539 0.35135767790262173 0.5491573033707865 0.3476123595505618 0.5458216292134831 0.3342696629213483 0.5521418539325843 0.31999063670411987 0.5603932584269663 0.3169475655430712
0 0.6197331460674157 0.6186797752808989 0.6276334269662921 0.625 0.6309691011235955 0.6367041198501873 0.6300912921348315 0.6453651685393258 0.6234199438202247 0.6528558052434457 0.6123595505617978 0.6523876404494382 0.6053370786516854 0.6441947565543071 0.6034058988764045 0.6371722846441947 0.605688202247191 0.6299157303370787 0.6116573033707865 0.6217228464419475 0.6195575842696629 0.6186797752808989
0 0.5538974719101124 0.38974719101123595 0.5612710674157303 0.3937265917602996 0.566186797752809 0.40426029962546817 0.5642556179775281 0.4157303370786517 0.5545997191011236 0.4229868913857678 0.5502106741573034 0.4229868913857678 0.5435393258426966 0.41830524344569286 0.5403792134831461 0.40870786516853935 0.5440660112359551 0.39396067415730335 0.5537219101123596 0.38974719101123595
0 0.41906601123595505 0.5945692883895131 0.4280196629213483 0.6015917602996255 0.43065308988764045 0.6170411985018727 0.42485955056179775 0.6271067415730337 0.41520365168539325 0.6308520599250936 0.4043188202247191 0.6245318352059925 0.4020365168539326 0.610252808988764 0.4043188202247191 0.6018258426966292 0.40888342696629215 0.5959737827715356 0.41889044943820225 0.5945692883895131
0 0.4023876404494382 0.4756554307116105 0.41081460674157305 0.48080524344569286 0.41327247191011235 0.4887640449438202 0.41274578651685395 0.49836142322097376 0.4101123595505618 0.5053838951310862 0.40115870786516855 0.5110018726591761 0.39325842696629215 0.5093632958801498 0.3865870786516854 0.5037453183520599 0.38553370786516855 0.4875936329588015 0.39396067415730335 0.4772940074906367 0.4022120786516854 0.4756554307116105
0 0.6158707865168539 0.4550561797752809 0.6202598314606742 0.4583333333333333 0.6251755617977528 0.4669943820224719 0.6237710674157303 0.48057116104868913 0.6209620786516854 0.4854868913857678 0.6097261235955056 0.48829588014981273 0.6007724719101124 0.4812734082397004 0.5991924157303371 0.4669943820224719 0.6053370786516854 0.45552434456928836 0.6156952247191011 0.4550561797752809
0 0.3772823033707865 0.3848314606741573 0.38412921348314605 0.38881086142322097 0.386938202247191 0.3934925093632959 0.38816713483146065 0.4054307116104869 0.38377808988764045 0.41760299625468167 0.3734199438202247 0.42158239700374533 0.3632373595505618 0.414559925093633 0.35990168539325845 0.4002808988764045 0.366748595505618 0.38670411985018727 0.3771067415730337 0.3848314606741573
0 0.5294943820224719 0.30969101123595505 0.5368679775280899 0.31390449438202245 0.5407303370786517 0.3249063670411985 0.5377457865168539 0.3387172284644195 0.5328300561797753 0.34386704119850187 0.5259831460674157 0.3455056179775281 0.5145716292134831 0.33824906367041196 0.5136938202247191 0.3267790262172285 0.5143960674157303 0.32092696629213485 0.519311797752809 0.31296816479400746 0.5293188202247191 0.30969101123595505
0 0.6237710674157303 0.3647003745318352 0.6300912921348315 0.3698501872659176 0.6336025280898876 0.38108614232209737 0.6309691011235955 0.3920880149812734 0.6235955056179775 0.3993445692883895 0.6090238764044944 0.39653558052434457 0.605688202247191 0.38436329588014984 0.605688202247191 0.37640449438202245 0.6090238764044944 0.36961610486891383 0.6156952247191011 0.3651685393258427 0.6235955056179775 0.3647003745318352
0 0.5052668539325843 0.35042134831460675 0.5159761235955056 0.3548689138576779 0.5198384831460674 0.36446629213483145 0.520189606741573 0.3705524344569288 0.5172050561797753 0.38038389513108617 0.5089536516853933 0.38764044943820225 0.5019311797752809 0.3862359550561798 0.496313202247191 0.37523408239700373 0.49859550561797755 0.35767790262172283 0.5007022471910112 0.3529962546816479 0.5050912921348315 0.35042134831460675
0 0.36639747191011235 0.6046348314606742 0.37605337078651685 0.6095505617977528 0.3793890449438202 0.6242977528089888 0.37429775280898875 0.637874531835206 0.37008426966292135 0.6413857677902621 0.3634129213483146 0.6420880149812734 0.35814606741573035 0.6411516853932584 0.3539325842696629 0.6371722846441947 0.351123595505618 0.62312734082397 0.3555126404494382 0.608380149812734 0.36622191011235955 0.6046348314606742
0 0.39571629213483145 0.514747191011236 0.40502106741573035 0.5182584269662921 0.40958567415730335 0.5287921348314607 0.40870786516853935 0.5437734082397003 0.40115870786516855 0.5489232209737828 0.3902738764044944 0.5475187265917603 0.3843047752808989 0.5437734082397003 0.3825491573033708 0.5393258426966292 0.38149578651685395 0.5243445692883895 0.38395365168539325 0.5189606741573034 0.383251404494382 0.5154494382022472 0.39554073033707865 0.514747191011236
0 0.6209620786516854 0.3232677902621723 0.6313202247191011 0.33169475655430714 0.6321980337078652 0.3419943820224719 0.6251755617977528 0.35369850187265917 0.6162219101123596 0.35720973782771537 0.608497191011236 0.3518258426966292 0.6053370786516854 0.33824906367041196 0.6095505617977528 0.32724719101123595 0.6142907303370787 0.3237359550561798 0.6207865168539326 0.3232677902621723
0 0.42064606741573035 0.6362359550561798 0.42889747191011235 0.6446629213483146 0.43100421348314605 0.6598782771535581 0.43082865168539325 0.6647940074906367 0.421875 0.6734550561797753 0.41081460674157305 0.6701779026217228 0.4039676966292135 0.6605805243445693 0.4027387640449438 0.6547284644194756 0.4041432584269663 0.6451310861423221 0.4080056179775281 0.6395131086142322 0.41485252808988765 0.6360018726591761 0.42047050561797755 0.6362359550561798
0 0.3672752808988764 0.3403558052434457 0.37640449438202245 0.34527153558052437 0.37956460674157305 0.3522940074906367 0.3792134831460674 0.36282771535580527 0.3765800561797753 0.3703183520599251 0.36990870786516855 0.37359550561797755 0.35990168539325845 0.3707865168539326 0.355688202247191 0.36587078651685395 0.35445926966292135 0.36025280898876405 0.35463483146067415 0.3518258426966292 0.3574438202247191 0.3445692883895131 0.36183286516853935 0.3403558052434457 0.3670997191011236 0.3403558052434457
0 0.40572331460674155 0.34831460674157305 0.4120435393258427 0.35931647940074907 0.409936797752809 0.3717228464419476 0.40519662921348315 0.37874531835205993 0.39782303370786515 0.3817883895131086 0.390625 0.3792134831460674 0.386938202247191 0.37312734082397003 0.3850070224719101 0.36657303370786515 0.38588483146067415 0.35603932584269665 0.3886938202247191 0.3506554307116105 0.39378511235955055 0.3471441947565543 0.40554775280898875 0.34831460674157305
0 0.5874297752808989 0.6437265917602997 0.5955056179775281 0.6537921348314607 0.5976123595505618 0.6725187265917603 0.5904143258426966 0.6830524344569289 0.5747893258426966 0.6917134831460674 0.5677668539325843 0.68937265917603 0.5649578651685393 0.6821161048689138 0.5668890449438202 0.6563670411985019 0.5705758426966292 0.6479400749063671 0.574438202247191 0.6448970037453183 0.5872542134831461 0.6437265917602997
0 0.35656601123595505 0.6441947565543071 0.363061797752809 0.6474719101123596 0.3693820224719101 0.6568352059925093 0.3669241573033708 0.674625468164794 0.35691713483146065 0.6804775280898876 0.3477879213483146 0.677434456928839 0.3435744382022472 0.6652621722846442 0.3460323033707865 0.6509831460674157 0.35235252808988765 0.6441947565543071 0.35639044943820225 0.6441947565543071
0 0.620435393258427 0.5316011235955056 0.6307935393258427 0.5395599250936329 0.6327247191011236 0.5475187265917603 0.6302668539325843 0.5617977528089888 0.620435393258427 0.5681179775280899 0.609375 0.5620318352059925 0.6063904494382022 0.5538389513108615 0.6088483146067416 0.5381554307116105 0.6162219101123596 0.5318352059925093 0.6202598314606742 0.5316011235955056
0 0.5038623595505618 0.3082865168539326 0.5093047752808989 0.31296816479400746 0.5122893258426966 0.32256554307116103 0.5101825842696629 0.33286516853932585 0.5024578651685393 0.3403558052434457 0.4943820224719101 0.34012172284644193 0.4878862359550562 0.3352059925093633 0.4861306179775281 0.32724719101123595 0.48718398876404495 0.31788389513108617 0.49139747191011235 0.31062734082397003 0.4982443820224719 0.3073501872659176 0.503686797752809 0.3082865168539326
0 0.6209620786516854 0.5727996254681648 0.6290379213483146 0.5777153558052435 0.632373595505618 0.5887172284644194 0.6306179775280899 0.6006554307116105 0.6202598314606742 0.6079119850187266 0.613939606741573 0.6067415730337079 0.6090238764044944 0.6022940074906367 0.6055126404494382 0.5861423220973783 0.6069171348314607 0.5795880149812734 0.610252808988764 0.5760767790262172 0.6207865168539326 0.5727996254681648
0 0.4885884831460674 0.5667134831460674 0.49736657303370785 0.5720973782771536 0.5005266853932584 0.5859082397003745 0.49666432584269665 0.5987827715355806 0.48771067415730335 0.6018258426966292 0.4780547752808989 0.5987827715355806 0.4743679775280899 0.584503745318352 0.4768258426966292 0.5742041198501873 0.4808637640449438 0.5681179775280899 0.4884129213483146 0.5667134831460674
0 0.4044943820224719 0.4339887640449438 0.4101123595505618 0.43562734082397003 0.4159058988764045 0.44124531835205993 0.4176615168539326 0.4524812734082397 0.41485252808988765 0.46652621722846443 0.4044943820224719 0.47191011235955055 0.39396067415730335 0.46558988764044945 0.39009831460674155 0.45014044943820225 0.3960674157303371 0.43726591760299627 0.4043188202247191 0.4339887640449438
0 0.4587429775280899 0.5994850187265918 0.46804775280898875 0.6041666666666666 0.47173455056179775 0.6125936329588015 0.47120786516853935 0.62312734082397 0.4685744382022472 0.6306179775280899 0.46014747191011235 0.6355337078651685 0.4492626404494382 0.6310861423220974 0.44469803370786515 0.62312734082397 0.4450491573033708 0.613061797752809 0.44838483146067415 0.6046348314606742 0.453125 0.6004213483146067 0.4585674157303371 0.5994850187265918
0 0.37377106741573035 0.5564138576779026 0.3769311797752809 0.5571161048689138 0.3813202247191011 0.5641385767790262 0.3825491573033708 0.5809925093632958 0.37833567415730335 0.5896535580524345 0.36622191011235955 0.5959737827715356 0.359375 0.5917602996254682 0.3555126404494382 0.5786516853932584 0.3555126404494382 0.5706928838951311 0.3590238764044944 0.5608614232209738 0.37359550561797755 0.5564138576779026
0 0.4575140449438202 0.40098314606741575 0.4669943820224719 0.40636704119850187 0.46962780898876405 0.41760299625468167 0.4666432584269663 0.43211610486891383 0.4566362359550562 0.43937265917602997 0.44592696629213485 0.4363295880149813 0.4417134831460674 0.4286048689138577 0.441186797752809 0.42134831460674155 0.4455758426966292 0.41058052434456926 0.4573384831460674 0.40098314606741575
0 0.484375 0.6479400749063671 0.49350421348314605 0.6519194756554307 0.49736657303370785 0.6640917602996255 0.49490870786516855 0.6788389513108615 0.49139747191011235 0.6828183520599251 0.4845505617977528 0.6851591760299626 0.4780547752808989 0.6837546816479401 0.46611657303370785 0.6683052434456929 0.46997893258426965 0.6542602996254682 0.4727879213483146 0.650749063670412 0.47717696629213485 0.647003745318352 0.4841994382022472 0.6479400749063671
0 0.4515449438202247 0.6383426966292135 0.45962078651685395 0.6432584269662921 0.46225421348314605 0.6547284644194756 0.45821629213483145 0.6661985018726592 0.449438202247191 0.6734550561797753 0.4410112359550562 0.6701779026217228 0.4357443820224719 0.6575374531835206 0.43802668539325845 0.6453651685393258 0.4455758426966292 0.6383426966292135 0.4513693820224719 0.6383426966292135
0 0.4359199438202247 0.30852059925093633 0.4413623595505618 0.31320224719101125 0.4450491573033708 0.32467228464419473 0.44030898876404495 0.3389513108614232 0.43275983146067415 0.3429307116104869 0.42521067415730335 0.3408239700374532 0.42099719101123595 0.335440074906367 0.4197682584269663 0.3211610486891386 0.4253862359550562 0.31015917602996257 0.4357443820224719 0.30852059925093633
0 0.6200842696629213 0.48618913857677903 0.6293890449438202 0.49087078651685395 0.6357092696629213 0.5058520599250936 0.6337780898876404 0.5191947565543071 0.6237710674157303 0.5280898876404494 0.6123595505617978 0.5273876404494382 0.6028792134831461 0.5189606741573034 0.6000702247191011 0.511938202247191 0.6009480337078652 0.50187265917603 0.604810393258427 0.4953183520599251 0.6120084269662921 0.4887640449438202 0.6199087078651685 0.48618913857677903
0 0.5907654494382022 0.3607209737827715 0.5956811797752809 0.363998127340824 0.6002457865168539 0.3717228464419476 0.5998946629213483 0.3852996254681648 0.5953300561797753 0.3934925093632959 0.5853230337078652 0.3967696629213483 0.5758426966292135 0.3883426966292135 0.5739115168539326 0.36961610486891383 0.5802317415730337 0.36352996254681647 0.5905898876404494 0.3607209737827715
0 0.6172752808988764 0.6537921348314607 0.6234199438202247 0.6558988764044944 0.6271067415730337 0.660814606741573 0.6309691011235955 0.6786048689138576 0.6271067415730337 0.6928838951310862 0.6199087078651685 0.6968632958801498 0.6125351123595506 0.6966292134831461 0.6060393258426966 0.6919475655430711 0.6018258426966292 0.6851591760299626 0.5998946629213483 0.6753277153558053 0.6018258426966292 0.6638576779026217 0.6049859550561798 0.6584737827715356 0.6128862359550562 0.653558052434457 0.6170997191011236 0.6537921348314607
0 0.5296699438202247 0.4386704119850187 0.5372191011235955 0.4442883895131086 0.5403792134831461 0.4562265917602996 0.5375702247191011 0.46722846441947563 0.5296699438202247 0.47331460674157305 0.5186095505617978 0.4693352059925094 0.5143960674157303 0.4583333333333333 0.5149227528089888 0.449438202247191 0.5182584269662921 0.44358614232209737 0.5294943820224719 0.4386704119850187
0 0.5877808988764045 0.487125468164794 0.5923455056179775 0.49040262172284643 0.5962078651685393 0.49836142322097376 0.5970856741573034 0.5126404494382022 0.5921699438202247 0.5231741573033708 0.585498595505618 0.5271535580524345 0.5783005617977528 0.5264513108614233 0.5712780898876404 0.5208333333333334 0.5675912921348315 0.5046816479400749 0.5733848314606742 0.48993445692883897 0.578125 0.487125468164794 0.5876053370786517 0.487125468164794
0 0.5235252808988764 0.39279026217228463 0.5294943820224719 0.39747191011235955 0.5319522471910112 0.40777153558052437 0.5301966292134831 0.4187734082397004 0.5212429775280899 0.4243913857677903 0.5117626404494382 0.4211142322097378 0.5084269662921348 0.4157303370786517 0.5075491573033708 0.4075374531835206 0.511060393258427 0.39653558052434457 0.515625 0.39325842696629215 0.5233497191011236 0.39279026217228463
0 0.3695575842696629 0.42790262172284643 0.3771067415730337 0.4330524344569288 0.37974016853932585 0.44335205992509363 0.3788623595505618 0.4499063670411985 0.3751755617977528 0.45646067415730335 0.37570224719101125 0.45997191011235955 0.36657303370786515 0.46207865168539325 0.35797050561797755 0.4602059925093633 0.35252808988764045 0.44592696629213485 0.35639044943820225 0.43211610486891383 0.36253511235955055 0.42696629213483145 0.3693820224719101 0.42790262172284643
2 0.644311797752809 0.3113295880149813 0.35395593398876407 0.2955838014981273 0.34030635533707865 0.6852610018726591 0.6327928370786516 0.7009882958801498
1 0.438653441011236 0.37634831460674156 0.022905547752808987 0.030161516853932584
1 0.4692082162921348 0.3763998127340824 0.020812851123595506 0.02714185393258427
1 0.5554283707865169 0.37823735955056176 0.02120259831460674 0.027698970037453183
1 0.5825438904494382 0.46422752808988765 0.020424859550561798 0.03425795880149812
1 0.5528283005617978 0.46303604868913856 0.01951369382022472 0.030316011235955054
1 0.49589887640449437 0.41814138576779025 0.02386762640449438 0.03259831460674157
1 0.43604283707865166 0.41582162921348315 0.016516853932584268 0.026402153558052435
1 0.4066099016853933 0.4133403558052434 0.02202247191011236 0.030800561797752812
1 0.43662219101123595 0.45598314606741575 0.020014044943820225 0.030252808988764045
1 0.46645365168539327 0.45836844569288393 0.02232619382022472 0.030346441947565538
1 0.43384831460674156 0.49444990636704117 0.022661516853932587 0.03228464419475655
1 0.4643311095505618 0.49571863295880153 0.023934339887640453 0.03170177902621723
1 0.49265449438202247 0.4991619850187266 0.02557057584269663 0.033902153558052435
1 0.5202370084269663 0.500625 0.02104634831460674 0.03058988764044944
1 0.5510726825842697 0.5017392322097378 0.020686446629213484 0.03125702247191011
1 0.5508426966292135 0.5405079588014982 0.020224719101123598 0.03232677902621723
1 0.5803002106741573 0.5826006554307116 0.01944873595505618 0.029119850187265917
1 0.580684691011236 0.6221371722846442 0.02138693820224719 0.0270435393258427
1 0.5483672752808989 0.6198829588014981 0.019956109550561797 0.024101123595505616
1 0.5489852528089888 0.5800889513108614 0.018851825842696627 0.025660112359550562
1 0.5186429073033708 0.5768562734082396 0.022540379213483144 0.02699672284644195
1 0.5194276685393259 0.5374485018726591 0.022937148876404495 0.029328183520599252
1 0.49156601123595506 0.5384573970037453 0.023395365168539323 0.02822799625468165
1 0.4633971207865169 0.536500468164794 0.02323384831460674 0.030552434456928842
1 0.4615888342696629 0.5750117041198501 0.02430126404494382 0.029545880149812735
1 0.4339536516853933 0.5721254681647939 0.02170119382022472 0.028459737827715357
1 0.4015677668539326 0.5719779962546816 0.018958918539325843 0.026603464419475656
1 0.39886060393258427 0.6135791198501873 0.015884831460674157 0.030217696629213486
1 0.4345488061797753 0.5347729400749064 0.019378511235955055 0.03022003745318352