0 0.42643960674157305 0.6177434456928839 0.4392556179775281 0.6235955056179775 0.4431179775280899 0.6404494382022472 0.4417134831460674 0.6474719101123596 0.4371488764044944 0.6547284644194756 0.43223314606741575 0.6596441947565543 0.4262640449438202 0.6615168539325843 0.4164325842696629 0.6587078651685393 0.4102879213483146 0.6446629213483146 0.41134129213483145 0.6306179775280899 0.414501404494382 0.6238295880149812 0.42099719101123595 0.6182116104868914 0.4262640449438202 0.6177434456928839
0 0.5614466292134831 0.5056179775280899 0.5677668539325843 0.5077247191011236 0.5712780898876404 0.5121722846441947 0.5730337078651685 0.5294943820224719 0.5679424157303371 0.5414325842696629 0.5607443820224719 0.5454119850187266 0.5502106741573034 0.5435393258426966 0.5428370786516854 0.5360486891385767 0.5417837078651685 0.5180243445692884 0.5426615168539326 0.5135767790262172 0.5479283707865169 0.5072565543071161 0.5612710674157303 0.5056179775280899
0 0.6411516853932584 0.6687734082397003 0.6434339887640449 0.6715823970037453 0.6436095505617978 0.6788389513108615 0.6492275280898876 0.6846910112359551 0.652563202247191 0.6921816479400749 0.6537921348314607 0.7102059925093633 0.6474719101123596 0.7265917602996255 0.639747191011236 0.7298689138576779 0.6336025280898876 0.7291666666666666 0.6260533707865169 0.7172284644194756 0.6220154494382022 0.7034176029962547 0.6216643258426966 0.68562734082397 0.6235955056179775 0.6790730337078652 0.6309691011235955 0.6760299625468165 0.6358848314606742 0.6694756554307116 0.6409761235955056 0.6687734082397003
0 0.5365168539325843 0.5411985018726592 0.5447682584269663 0.5503277153558053 0.5445926966292135 0.5639044943820225 0.5372191011235955 0.5788857677902621 0.5291432584269663 0.5859082397003745 0.5135182584269663 0.5823970037453183 0.511060393258427 0.5779494382022472 0.5112359550561798 0.5568820224719101 0.5140449438202247 0.5503277153558053 0.5191362359550562 0.5461142322097379 0.5363412921348315 0.5411985018726592
0 0.5207162921348315 0.5870786516853933 0.5296699438202247 0.5901217228464419 0.5331811797752809 0.5941011235955056 0.5363412921348315 0.6090823970037453 0.5333567415730337 0.6219569288389513 0.5224719101123596 0.6280430711610487 0.5145716292134831 0.6271067415730337 0.5068469101123596 0.6128277153558053 0.5071980337078652 0.6022940074906367 0.5103581460674157 0.5931647940074907 0.5154494382022472 0.5875468164794008 0.5205407303370787 0.5870786516853933
0 0.347436797752809 0.5491573033707865 0.3518258426966292 0.5536048689138576 0.34866573033707865 0.56062734082397 0.35463483146067415 0.5711610486891385 0.3539325842696629 0.5819288389513109 0.34884129213483145 0.5985486891385767 0.3360252808988764 0.6097846441947565 0.324438202247191 0.6044007490636704 0.3237359550561798 0.5720973782771536 0.3297050561797753 0.5629681647940075 0.3398876404494382 0.5571161048689138 0.3419943820224719 0.5498595505617978 0.3472612359550562 0.5491573033707865
0 0.6032303370786517 0.6338951310861424 0.620435393258427 0.6381086142322098 0.6285112359550562 0.6509831460674157 0.6292134831460674 0.6580056179775281 0.6265800561797753 0.6690074906367042 0.6228932584269663 0.6753277153558053 0.6183286516853933 0.677434456928839 0.6069171348314607 0.6750936329588015 0.6025280898876404 0.6720505617977528 0.598314606741573 0.6645599250936329 0.5981390449438202 0.6381086142322098 0.6030547752808989 0.6338951310861424
0 0.7090941011235955 0.5189606741573034 0.7203300561797753 0.5241104868913857 0.7250702247191011 0.5390917602996255 0.722436797752809 0.5533707865168539 0.7169943820224719 0.5587546816479401 0.7099719101123596 0.5603932584269663 0.6983848314606742 0.5559456928838952 0.691186797752809 0.5444756554307116 0.6946980337078652 0.5262172284644194 0.6997893258426966 0.5208333333333334 0.7089185393258427 0.5189606741573034
0 0.6163974719101124 0.5929307116104869 0.6274578651685393 0.6018258426966292 0.6311446629213483 0.6154026217228464 0.6306179775280899 0.6233614232209738 0.6276334269662921 0.6299157303370787 0.6174508426966292 0.6362359550561798 0.6083216292134831 0.6343632958801498 0.6004213483146067 0.6278089887640449 0.5976123595505618 0.62312734082397 0.5962078651685393 0.6139981273408239 0.5976123595505618 0.6025280898876404 0.6016502808988764 0.5966760299625468 0.6058637640449438 0.5933988764044944 0.6162219101123596 0.5929307116104869
0 0.6824087078651685 0.5554775280898876 0.6927668539325843 0.5634363295880149 0.6959269662921348 0.5742041198501873 0.6934691011235955 0.5887172284644194 0.6864466292134831 0.5969101123595506 0.6680126404494382 0.5924625468164794 0.6574789325842697 0.5814606741573034 0.6546699438202247 0.574438202247191 0.6569522471910112 0.5655430711610487 0.6613412921348315 0.56062734082397 0.6715238764044944 0.5554775280898876 0.6822331460674157 0.5554775280898876
0 0.707689606741573 0.6919475655430711 0.7133075842696629 0.6935861423220974 0.7189255617977528 0.7062265917602997 0.717872191011236 0.7207397003745318 0.7108497191011236 0.7275280898876404 0.6992626404494382 0.725187265917603 0.6903089887640449 0.7102059925093633 0.691186797752809 0.699438202247191 0.6943469101123596 0.6947565543071161 0.699438202247191 0.6917134831460674 0.7075140449438202 0.6919475655430711
0 0.6683637640449438 0.5037453183520599 0.6825842696629213 0.5110018726591761 0.6899578651685393 0.5189606741573034 0.692064606741573 0.5290262172284644 0.6901334269662921 0.5454119850187266 0.6836376404494382 0.5512640449438202 0.6762640449438202 0.5533707865168539 0.6687148876404494 0.5519662921348315 0.6634480337078652 0.5468164794007491 0.6574789325842697 0.5187265917602997 0.6609901685393258 0.5081928838951311 0.668188202247191 0.5039794007490637
0 0.37587780898876405 0.487125468164794 0.3848314606741573 0.49391385767790263 0.38816713483146065 0.5056179775280899 0.386938202247191 0.5156835205992509 0.38377808988764045 0.5222378277153558 0.37359550561797755 0.5273876404494382 0.3651685393258427 0.5262172284644194 0.3577949438202247 0.5189606741573034 0.3570926966292135 0.5037453183520599 0.35832162921348315 0.4948501872659176 0.3614817415730337 0.48946629213483145 0.3674508426966292 0.4866573033707865 0.37570224719101125 0.487125468164794
0 0.4633075842696629 0.6582397003745318 0.4705056179775281 0.6647940074906367 0.4727879213483146 0.6704119850187266 0.46734550561797755 0.6956928838951311 0.45997191011235955 0.7036516853932584 0.4434691011235955 0.7045880149812734 0.4392556179775281 0.709503745318352 0.4331109550561798 0.7029494382022472 0.4331109550561798 0.6996722846441947 0.43802668539325845 0.6956928838951311 0.4373244382022472 0.6802434456928839 0.4392556179775281 0.672752808988764 0.44276685393258425 0.6661985018726592 0.4496137640449438 0.660814606741573 0.45628511235955055 0.6577715355805244 0.4631320224719101 0.6582397003745318
0 0.6163974719101124 0.5507958801498127 0.6267556179775281 0.5540730337078652 0.6316713483146067 0.5674157303370787 0.6300912921348315 0.5814606741573034 0.6192064606741573 0.5912921348314607 0.609375 0.5898876404494382 0.6035814606741573 0.5854400749063671 0.5990168539325843 0.5777153558052435 0.5979634831460674 0.5709269662921348 0.598314606741573 0.5636704119850188 0.6025280898876404 0.5552434456928839 0.6060393258426966 0.5522003745318352 0.6162219101123596 0.5507958801498127
0 0.4044943820224719 0.5716292134831461 0.41309691011235955 0.5779494382022472 0.41660814606741575 0.5919943820224719 0.4125702247191011 0.6079119850187266 0.40150983146067415 0.6154026217228464 0.3908005617977528 0.6137640449438202 0.3867626404494382 0.6088483146067416 0.3850070224719101 0.6046348314606742 0.3846558988764045 0.5884831460674157 0.3902738764044944 0.5770131086142322 0.4043188202247191 0.5716292134831461
0 0.670997191011236 0.5943352059925093 0.6875 0.5987827715355806 0.6934691011235955 0.6097846441947565 0.6938202247191011 0.6238295880149812 0.6913623595505618 0.6308520599250936 0.6864466292134831 0.6357677902621723 0.6806530898876404 0.636938202247191 0.667310393258427 0.6341292134831461 0.6573033707865169 0.6128277153558053 0.6590589887640449 0.6022940074906367 0.6646769662921348 0.5955056179775281 0.6708216292134831 0.5943352059925093
0 0.6583567415730337 0.672752808988764 0.6794241573033708 0.6842228464419475 0.6871488764044944 0.6961610486891385 0.6878511235955056 0.7073970037453183 0.6860955056179775 0.7167602996254682 0.6797752808988764 0.7240168539325843 0.6753862359550562 0.7256554307116105 0.6646769662921348 0.7221441947565543 0.6557233146067416 0.709503745318352 0.6502808988764045 0.6816479400749064 0.6509831460674157 0.6786048689138576 0.6581811797752809 0.672752808988764
0 0.36990870786516855 0.5676498127340824 0.3772823033707865 0.5711610486891385 0.38342696629213485 0.5779494382022472 0.38395365168539325 0.5994850187265918 0.3829002808988764 0.6060393258426966 0.37552668539325845 0.6161048689138576 0.3767556179775281 0.6247659176029963 0.36973314606741575 0.6271067415730337 0.367626404494382 0.6177434456928839 0.35603932584269665 0.6100187265917603 0.3516502808988764 0.599250936329588 0.3555126404494382 0.5739700374531835 0.35849719101123595 0.5702247191011236 0.36973314606741575 0.5676498127340824
0 0.4064255617977528 0.47869850187265917 0.41660814606741575 0.49391385767790263 0.42134831460674155 0.5077247191011236 0.4183637640449438 0.5224719101123596 0.4123946629213483 0.5308988764044944 0.41134129213483145 0.5393258426966292 0.4080056179775281 0.5409644194756554 0.4043188202247191 0.5402621722846442 0.402563202247191 0.5313670411985019 0.39360955056179775 0.5250468164794008 0.3883426966292135 0.5156835205992509 0.38922050561797755 0.49812734082397003 0.39360955056179775 0.4824438202247191 0.39747191011235955 0.4791666666666667 0.40625 0.47869850187265917
0 0.27633426966292135 0.5463483146067416 0.28037219101123595 0.5566479400749064 0.29195926966292135 0.5676498127340824 0.2905547752808989 0.5990168539325843 0.28651685393258425 0.6074438202247191 0.27668539325842695 0.610252808988764 0.27212078651685395 0.608380149812734 0.26228932584269665 0.5884831460674157 0.26299157303370785 0.5742041198501873 0.26825842696629215 0.5608614232209738 0.2677317415730337 0.550561797752809 0.2714185393258427 0.5468164794007491 0.27615870786516855 0.5463483146067416
0 0.4901685393258427 0.665496254681648 0.4980688202247191 0.6722846441947565 0.5001755617977528 0.6900749063670412 0.4959620786516854 0.7045880149812734 0.4861306179775281 0.7097378277153558 0.47770365168539325 0.7073970037453183 0.4731390449438202 0.7027153558052435 0.4703300561797753 0.6816479400749064 0.47331460674157305 0.6732209737827716 0.47787921348314605 0.6676029962546817 0.4899929775280899 0.665496254681648
0 0.5314255617977528 0.6280430711610487 0.5398525280898876 0.6348314606741573 0.5474016853932584 0.6343632958801498 0.5491573033707865 0.636938202247191 0.5491573033707865 0.6441947565543071 0.5417837078651685 0.6493445692883895 0.535814606741573 0.6650280898876404 0.5245786516853933 0.6687734082397003 0.5049157303370787 0.6624531835205992 0.5029845505617978 0.650749063670412 0.5066713483146067 0.6439606741573034 0.5057935393258427 0.6404494382022472 0.5150983146067416 0.6301498127340824 0.53125 0.6280430711610487
0 0.6968047752808989 0.6423220973782772 0.7119030898876404 0.6474719101123596 0.7217345505617978 0.6612827715355806 0.722436797752809 0.6715823970037453 0.7203300561797753 0.6807116104868914 0.7169943820224719 0.6853932584269663 0.7094452247191011 0.6889044943820225 0.6982092696629213 0.6860955056179775 0.6894311797752809 0.6753277153558053 0.6875 0.6439606741573034 0.6966292134831461 0.6423220973782772
0 0.24912219101123595 0.47331460674157305 0.2596558988764045 0.4772940074906367 0.2636938202247191 0.48431647940074907 0.26228932584269665 0.5084269662921348 0.2519311797752809 0.513810861423221 0.23700842696629212 0.5107677902621723 0.2326193820224719 0.5053838951310862 0.22998595505617977 0.49508426966292135 0.23174157303370788 0.48478464419475653 0.2363061797752809 0.477059925093633 0.24894662921348315 0.47331460674157305
0 0.2501755617977528 0.5568820224719101 0.25649578651685395 0.5615636704119851 0.2598314606741573 0.5674157303370787 0.25912921348314605 0.5847378277153558 0.2554424157303371 0.5908239700374532 0.24841994382022473 0.5959737827715356 0.23788623595505617 0.5980805243445693 0.22594803370786518 0.5917602996254682 0.22313904494382023 0.5821629213483146 0.22384129213483145 0.5697565543071161 0.22752808988764045 0.5634363295880149 0.23665730337078653 0.5571161048689138 0.25 0.5568820224719101
0 0.6522120786516854 0.6306179775280899 0.6616924157303371 0.6355337078651685 0.6787219101123596 0.637874531835206 0.6860955056179775 0.6441947565543071 0.6876755617977528 0.6748595505617978 0.6790730337078652 0.6823501872659176 0.6674859550561798 0.6786048689138576 0.6541432584269663 0.663623595505618 0.6478230337078652 0.6371722846441947 0.6520365168539326 0.6306179775280899
0 0.3121488764044944 0.48103932584269665 0.3225070224719101 0.487125468164794 0.32531601123595505 0.4911048689138577 0.3260182584269663 0.49836142322097376 0.32285814606741575 0.5163857677902621 0.31899578651685395 0.5203651685393258 0.31144662921348315 0.5224719101123596 0.30389747191011235 0.5210674157303371 0.296875 0.5163857677902621 0.29389044943820225 0.5117041198501873 0.2926615168539326 0.5011704119850188 0.29353932584269665 0.4922752808988764 0.29634831460674155 0.4875936329588015 0.30372191011235955 0.48197565543071164 0.31197331460674155 0.48103932584269665
0 0.49473314606741575 0.488061797752809 0.5057935393258427 0.49812734082397003 0.5112359550561798 0.5086610486891385 0.5115870786516854 0.5187265917602997 0.5057935393258427 0.5374531835205992 0.5015800561797753 0.5416666666666666 0.49139747191011235 0.5411985018726592 0.4803370786516854 0.5224719101123596 0.4805126404494382 0.5046816479400749 0.484375 0.49765917602996257 0.4945575842696629 0.48829588014981273
0 0.4882373595505618 0.5805243445692884 0.49912219101123595 0.5847378277153558 0.5064957865168539 0.5919943820224719 0.5068469101123596 0.5966760299625468 0.5054424157303371 0.6090823970037453 0.5026334269662921 0.613061797752809 0.49508426966292135 0.6205524344569289 0.4878862359550562 0.6228932584269663 0.47717696629213485 0.6205524344569289 0.46804775280898875 0.6088483146067416 0.47366573033707865 0.5887172284644194 0.47717696629213485 0.584503745318352 0.488061797752809 0.5805243445692884
0 0.43679775280898875 0.575374531835206 0.44241573033707865 0.5777153558052435 0.4475070224719101 0.5847378277153558 0.4515449438202247 0.6086142322097379 0.4490870786516854 0.6165730337078652 0.44048455056179775 0.6217228464419475 0.421875 0.6137640449438202 0.4180126404494382 0.6025280898876404 0.418188202247191 0.5919943820224719 0.42099719101123595 0.5840355805243446 0.4273174157303371 0.5770131086142322 0.43662219101123595 0.575374531835206
0 0.31109550561797755 0.5491573033707865 0.3182935393258427 0.5526685393258427 0.3179424157303371 0.5636704119850188 0.3221558988764045 0.5713951310861424 0.3225070224719101 0.588249063670412 0.3182935393258427 0.5990168539325843 0.3105688202247191 0.6072097378277154 0.30389747191011235 0.6100187265917603 0.29599719101123595 0.6067415730337079 0.2930126404494382 0.5999531835205992 0.29213483146067415 0.5746722846441947 0.29599719101123595 0.5662453183520599 0.3068820224719101 0.5587546816479401 0.3109199438202247 0.5491573033707865
0 0.43662219101123595 0.5327715355805244 0.44627808988764045 0.5372191011235955 0.44838483146067415 0.5540730337078652 0.44241573033707865 0.5681179775280899 0.43240870786516855 0.5735018726591761 0.4253862359550562 0.572565543071161 0.42047050561797755 0.5674157303370787 0.41731039325842695 0.56062734082397 0.41660814606741575 0.5468164794007491 0.4238061797752809 0.5353464419475655 0.43644662921348315 0.5327715355805244
0 0.6474719101123596 0.5077247191011236 0.6483497191011236 0.5161516853932584 0.6581811797752809 0.5255149812734082 0.6611657303370787 0.5393258426966292 0.6576544943820225 0.5571161048689138 0.6518609550561798 0.5676498127340824 0.647998595505618 0.5690543071161048 0.6420294943820225 0.5681179775280899 0.6371137640449438 0.5634363295880149 0.6304424157303371 0.5442415730337079 0.6321980337078652 0.5255149812734082 0.6422050561797753 0.5154494382022472 0.6420294943820225 0.5084269662921348 0.6472963483146067 0.5077247191011236
0 0.5839185393258427 0.6292134831460674 0.5948033707865169 0.636938202247191 0.5981390449438202 0.6502808988764045 0.5965589887640449 0.6650280898876404 0.5909410112359551 0.6715823970037453 0.5849719101123596 0.6732209737827716 0.5737359550561798 0.6676029962546817 0.5686446629213483 0.6580056179775281 0.5665379213483146 0.6460674157303371 0.5674157303370787 0.6376404494382022 0.5711025280898876 0.6315543071161048 0.5837429775280899 0.6292134831460674
0 0.3530547752808989 0.47846441947565543 0.3597261235955056 0.4875936329588015 0.35410814606741575 0.5180243445692884 0.3453300561797753 0.525749063670412 0.3335674157303371 0.5269194756554307 0.33146067415730335 0.5313670411985019 0.3240870786516854 0.5262172284644194 0.32724719101123595 0.5194288389513109 0.3258426966292135 0.5037453183520599 0.3283005617977528 0.49157303370786515 0.34076544943820225 0.48080524344569286 0.34866573033707865 0.4772940074906367 0.35287921348314605 0.47846441947565543
0 0.5301966292134831 0.5023408239700374 0.5352879213483146 0.5044475655430711 0.5400280898876404 0.5107677902621723 0.5414325842696629 0.5255149812734082 0.5372191011235955 0.5365168539325843 0.5296699438202247 0.5414325842696629 0.5166783707865169 0.5369850187265918 0.5138693820224719 0.5330056179775281 0.511938202247191 0.522003745318352 0.5152738764044944 0.5081928838951311 0.5221207865168539 0.5028089887640449 0.5300210674157303 0.5023408239700374
0 0.28195224719101125 0.4768258426966292 0.28985252808988765 0.4803370786516854 0.29406601123595505 0.48852996254681647 0.2914325842696629 0.5121722846441947 0.2831811797752809 0.5170880149812734 0.27247191011235955 0.5156835205992509 0.2635182584269663 0.5086610486891385 0.26439606741573035 0.48408239700374533 0.27247191011235955 0.47752808988764045 0.28177668539325845 0.4768258426966292
0 0.6216643258426966 0.5098314606741573 0.6304424157303371 0.5180243445692884 0.6327247191011236 0.5264513108614233 0.6318469101123596 0.5365168539325843 0.6285112359550562 0.5454119850187266 0.6199087078651685 0.550561797752809 0.6053370786516854 0.5470505617977528 0.602001404494382 0.5433052434456929 0.5991924157303371 0.5318352059925093 0.6004213483146067 0.5222378277153558 0.6053370786516854 0.513810861423221 0.6125351123595506 0.510065543071161 0.6214887640449438 0.5098314606741573
0 0.48139044943820225 0.6226591760299626 0.49473314606741575 0.6257022471910112 0.49947331460674155 0.6392790262172284 0.49894662921348315 0.650749063670412 0.49490870786516855 0.6596441947565543 0.49139747191011235 0.662687265917603 0.48103932584269665 0.6647940074906367 0.4729634831460674 0.6622191011235955 0.46348314606741575 0.6549625468164794 0.46014747191011235 0.647003745318352 0.4633075842696629 0.6331928838951311 0.4741924157303371 0.6238295880149812 0.48121488764044945 0.6226591760299626
1 0.32390273876404496 0.546065074906367 0.18835323033707863 0.04795411985018727
1 0.3225754915730337 0.6479166666666667 0.18283883426966294 0.08640917602996255
1 0.33194698033707865 0.6760720973782771 0.2126878511235955 0.034686329588014986
1 0.4605547752808989 0.5736095505617977 0.028163623595505616 0.16563436329588016
1 0.4516924157303371 0.5107420411985019 0.051323735955056175 0.03990168539325843
1 0.4798349719101123 0.558682116104869 0.05611306179775281 0.040582865168539324
1 0.5818082865168539 0.5671956928838952 0.02925386235955056 0.1278370786516854
1 0.5518328651685392 0.6151685393258427 0.0298314606741573 0.13171114232209738
1 0.5664080056179776 0.6039840823970037 0.05720681179775281 0.04379915730337079
1 0.6416976825842697 0.6202059925093633 0.025129915730337075 0.10277387640449438
1 0.7078370786516854 0.6019218164794007 0.026611657303370787 0.0755688202247191
2 0.23232672050561798 0.6921036985018726 0.23053915028089889 0.4776987359550562 0.7247844101123596 0.520683988764045 0.7224208216292134 0.7304651217228465