0 0.5019311797752809 0.30758426966292135 0.5084269662921348 0.311563670411985 0.5121137640449438 0.3211610486891386 0.5100070224719101 0.33403558052434457 0.5019311797752809 0.3410580524344569 0.4924508426966292 0.33965355805243447 0.48735955056179775 0.3347378277153558 0.4859550561797753 0.3279494382022472 0.48700842696629215 0.31835205992509363 0.49087078651685395 0.3113295880149813 0.5017556179775281 0.30758426966292135
0 0.4569873595505618 0.5655430711610487 0.46804775280898875 0.5718632958801498 0.47191011235955055 0.5847378277153558 0.4706811797752809 0.5952715355805244 0.46014747191011235 0.6027621722846442 0.4548806179775281 0.6022940074906367 0.4490870786516854 0.5978464419475655 0.44469803370786515 0.5887172284644194 0.4490870786516854 0.5704588014981273 0.456811797752809 0.5655430711610487
0 0.5605688202247191 0.6161048689138576 0.5647823033707865 0.6235955056179775 0.5667134831460674 0.6336610486891385 0.5665379213483146 0.6399812734082397 0.5632022471910112 0.6477059925093633 0.5574087078651685 0.6521535580524345 0.5503862359550562 0.6514513108614233 0.5424859550561798 0.6437265917602997 0.5416081460674157 0.637874531835206 0.5421348314606742 0.6282771535580525 0.5461727528089888 0.6217228464419475 0.5533707865168539 0.6163389513108615 0.5603932584269663 0.6163389513108615
0 0.41941713483146065 0.637874531835206 0.4239817415730337 0.638810861423221 0.4274929775280899 0.6432584269662921 0.4299508426966292 0.650749063670412 0.43065308988764045 0.6647940074906367 0.421875 0.6750936329588015 0.4157303370786517 0.6760299625468165 0.4141502808988764 0.6786048689138576 0.40870786516853935 0.6786048689138576 0.4080056179775281 0.6764981273408239 0.4046699438202247 0.6793071161048689 0.3999297752808989 0.6715823970037453 0.40484550561797755 0.6439606741573034 0.41134129213483145 0.6385767790262172 0.41924157303370785 0.637874531835206
0 0.6228932584269663 0.363998127340824 0.6307935393258427 0.3693820224719101 0.6337780898876404 0.37663857677902624 0.6339536516853933 0.38319288389513106 0.6279845505617978 0.3960674157303371 0.6197331460674157 0.3991104868913858 0.6079705056179775 0.3934925093632959 0.6053370786516854 0.37663857677902624 0.6127106741573034 0.3661048689138577 0.6227176966292135 0.363998127340824
0 0.592872191011236 0.3197565543071161 0.5991924157303371 0.32397003745318353 0.6030547752808989 0.3312265917602996 0.6035814606741573 0.34152621722846443 0.5988412921348315 0.35346441947565543 0.5886587078651685 0.36025280898876405 0.5814606741573034 0.3583801498127341 0.5753160112359551 0.3522940074906367 0.5737359550561798 0.33707865168539325 0.5800561797752809 0.3232677902621723 0.5849719101123596 0.3197565543071161 0.5926966292134831 0.3197565543071161
0 0.5263342696629213 0.6519194756554307 0.5324789325842697 0.6598782771535581 0.534936797752809 0.6743913857677902 0.530372191011236 0.6867977528089888 0.5231741573033708 0.6898408239700374 0.5129915730337079 0.6858614232209738 0.508251404494382 0.675561797752809 0.5080758426966292 0.6701779026217228 0.5133426966292135 0.6556647940074907 0.5186095505617978 0.6519194756554307 0.5261587078651685 0.6519194756554307
0 0.5869030898876404 0.45224719101123595 0.5932233146067416 0.45997191011235955 0.594627808988764 0.4716760299625468 0.5926966292134831 0.48057116104868913 0.5851474719101124 0.4868913857677903 0.5770716292134831 0.4854868913857678 0.5719803370786517 0.48057116104868913 0.5689957865168539 0.46301498127340823 0.570751404494382 0.4583333333333333 0.5761938202247191 0.4538857677902622 0.5867275280898876 0.45224719101123595
0 0.5763693820224719 0.6434925093632958 0.582689606741573 0.6474719101123596 0.5869030898876404 0.6650280898876404 0.5814606741573034 0.6783707865168539 0.5746137640449438 0.6793071161048689 0.5625 0.6692415730337079 0.5612710674157303 0.6633895131086143 0.563377808988764 0.6533239700374532 0.5726825842696629 0.6439606741573034 0.5761938202247191 0.6434925093632958
0 0.37043539325842695 0.30102996254681647 0.3804424157303371 0.3068820224719101 0.3850070224719101 0.3202247191011236 0.37974016853932585 0.33403558052434457 0.3732443820224719 0.3368445692883895 0.3628862359550562 0.33590823970037453 0.35832162921348315 0.33052434456928836 0.35603932584269665 0.3211610486891386 0.3591994382022472 0.3059456928838951 0.36253511235955055 0.3026685393258427 0.37025983146067415 0.30102996254681647
0 0.4919241573033708 0.5646067415730337 0.4980688202247191 0.5681179775280899 0.5017556179775281 0.5758426966292135 0.5028089887640449 0.5887172284644194 0.4980688202247191 0.5987827715355806 0.4884129213483146 0.6008895131086143 0.4784058988764045 0.5962078651685393 0.4762991573033708 0.5919943820224719 0.47577247191011235 0.5821629213483146 0.4768258426966292 0.5746722846441947 0.4808637640449438 0.5681179775280899 0.48771067415730335 0.5641385767790262 0.491748595505618 0.5646067415730337
0 0.49490870786516855 0.6088483146067416 0.5017556179775281 0.6224250936329588 0.5019311797752809 0.6299157303370787 0.4982443820224719 0.6385767790262172 0.49157303370786515 0.6427902621722846 0.48103932584269665 0.6411516853932584 0.477001404494382 0.6381086142322098 0.47384129213483145 0.6322565543071161 0.47366573033707865 0.6257022471910112 0.47594803370786515 0.6158707865168539 0.47981039325842695 0.611189138576779 0.48735955056179775 0.6081460674157303 0.49473314606741575 0.6088483146067416
0 0.5270365168539326 0.43703183520599254 0.534936797752809 0.4417134831460674 0.538623595505618 0.45224719101123595 0.5377457865168539 0.4637172284644195 0.5293188202247191 0.47191011235955055 0.5189606741573034 0.47073970037453183 0.5149227528089888 0.4660580524344569 0.5126404494382022 0.45646067415730335 0.5143960674157303 0.4426498127340824 0.5187851123595506 0.438436329588015 0.5268609550561798 0.43703183520599254
0 0.59375 0.5283239700374532 0.6023525280898876 0.5397940074906367 0.6030547752808989 0.5470505617977528 0.6016502808988764 0.56062734082397 0.5919943820224719 0.5709269662921348 0.5819873595505618 0.5690543071161048 0.5774227528089888 0.5646067415730337 0.5751404494382022 0.5475187265917603 0.5784761235955056 0.5362827715355806 0.5842696629213483 0.5313670411985019 0.5935744382022472 0.5283239700374532
0 0.5893609550561798 0.4089419475655431 0.5969101123595506 0.41830524344569286 0.5969101123595506 0.4318820224719101 0.594627808988764 0.43913857677902624 0.5849719101123596 0.44452247191011235 0.573560393258427 0.43726591760299627 0.5704002808988764 0.42228464419475653 0.5751404494382022 0.4110486891385768 0.589185393258427 0.4089419475655431
0 0.613939606741573 0.4550561797752809 0.6197331460674157 0.4576310861423221 0.6232443820224719 0.46324906367041196 0.6248244382022472 0.4693352059925094 0.624122191011236 0.48080524344569286 0.6214887640449438 0.4850187265917603 0.6100772471910112 0.48829588014981273 0.6018258426966292 0.48384831460674155 0.5997191011235955 0.4674625468164794 0.6041081460674157 0.4576310861423221 0.6137640449438202 0.4550561797752809
0 0.5294943820224719 0.4829119850187266 0.5366924157303371 0.4866573033707865 0.5412570224719101 0.4978932584269663 0.5409058988764045 0.5058520599250936 0.5375702247191011 0.5152153558052435 0.5296699438202247 0.5184925093632958 0.5200140449438202 0.5154494382022472 0.514747191011236 0.5051498127340824 0.5173806179775281 0.4892322097378277 0.5208918539325843 0.4850187265917603 0.5293188202247191 0.4829119850187266
0 0.3964185393258427 0.47448501872659177 0.40554775280898875 0.4791666666666667 0.40888342696629215 0.49508426966292135 0.40502106741573035 0.5058520599250936 0.394311797752809 0.5086610486891385 0.3867626404494382 0.5058520599250936 0.38360252808988765 0.5014044943820225 0.38219803370786515 0.48852996254681647 0.3862359550561798 0.4768258426966292 0.3962429775280899 0.47448501872659177
0 0.5598665730337079 0.3171816479400749 0.5679424157303371 0.3232677902621723 0.5718047752808989 0.3356741573033708 0.5674157303370787 0.3476123595505618 0.5584620786516854 0.352059925093633 0.5503862359550562 0.34948501872659177 0.5461727528089888 0.34269662921348315 0.5451193820224719 0.335440074906367 0.5489817415730337 0.32256554307116103 0.5596910112359551 0.3171816479400749
0 0.4515449438202247 0.6362359550561798 0.45997191011235955 0.6437265917602997 0.46190308988764045 0.6544943820224719 0.45417837078651685 0.6734550561797753 0.44662921348314605 0.6760299625468165 0.4390800561797753 0.6729868913857678 0.4355688202247191 0.6683052434456929 0.4320575842696629 0.650749063670412 0.4390800561797753 0.639747191011236 0.44610252808988765 0.6357677902621723 0.4513693820224719 0.6362359550561798
0 0.4984199438202247 0.3934925093632959 0.5061446629213483 0.3977059925093633 0.5093047752808989 0.4044943820224719 0.5091292134831461 0.414559925093633 0.5066713483146067 0.4220505617977528 0.4984199438202247 0.4276685393258427 0.4899929775280899 0.4262640449438202 0.48542837078651685 0.42275280898876405 0.4827949438202247 0.41198501872659177 0.48367275280898875 0.40426029962546817 0.48718398876404495 0.3972378277153558 0.4982443820224719 0.3934925093632959
0 0.5846207865168539 0.49063670411985016 0.5907654494382022 0.4943820224719101 0.5962078651685393 0.5028089887640449 0.5972612359550562 0.5161516853932584 0.5925210674157303 0.525749063670412 0.5840941011235955 0.5299625468164794 0.5779494382022472 0.5294943820224719 0.5711025280898876 0.523876404494382 0.5691713483146067 0.5042134831460674 0.5721558988764045 0.49414794007490637 0.5844452247191011 0.49063670411985016
0 0.37008426966292135 0.4250936329588015 0.3793890449438202 0.43211610486891383 0.3813202247191011 0.44569288389513106 0.37763342696629215 0.4571629213483146 0.37025983146067415 0.4616104868913858 0.359375 0.45997191011235955 0.3555126404494382 0.4562265917602996 0.3532303370786517 0.44662921348314605 0.3555126404494382 0.43141385767790263 0.3628862359550562 0.4262640449438202 0.36990870786516855 0.4250936329588015
0 0.38395365168539325 0.5131086142322098 0.3965941011235955 0.5175561797752809 0.40150983146067415 0.5290262172284644 0.39536516853932585 0.5416666666666666 0.38781601123595505 0.5456460674157303 0.37745786516853935 0.5442415730337079 0.37236657303370785 0.5365168539325843 0.37219101123595505 0.5290262172284644 0.3753511235955056 0.5203651685393258 0.38377808988764045 0.5131086142322098
0 0.49543539325842695 0.43375468164794007 0.5 0.4353932584269663 0.5056179775280899 0.4419475655430712 0.5064957865168539 0.45575842696629215 0.5017556179775281 0.4653558052434457 0.49139747191011235 0.46863295880149813 0.48507724719101125 0.4648876404494382 0.4803370786516854 0.45692883895131087 0.4799859550561798 0.4463951310861423 0.48771067415730335 0.43515917602996257 0.49525983146067415 0.43375468164794007
0 0.4552317415730337 0.40191947565543074 0.4647120786516854 0.4075374531835206 0.46734550561797755 0.42064606741573035 0.4643609550561798 0.43164794007490637 0.4566362359550562 0.43515917602996257 0.4454002808988764 0.43211610486891383 0.4410112359550562 0.42368913857677903 0.4410112359550562 0.4147940074906367 0.4436446629213483 0.4070692883895131 0.44662921348314605 0.40308988764044945 0.4550561797752809 0.40191947565543074
0 0.4083567415730337 0.38506554307116103 0.41678370786516855 0.39068352059925093 0.4195926966292135 0.40098314606741575 0.41660814606741575 0.41502808988764045 0.4085323033707865 0.41947565543071164 0.4006320224719101 0.41830524344569286 0.39325842696629215 0.4080056179775281 0.39308286516853935 0.4012172284644195 0.3965941011235955 0.3899812734082397 0.4081811797752809 0.38506554307116103
0 0.46348314606741575 0.3157771535580524 0.4726123595505618 0.3211610486891386 0.47559691011235955 0.33848314606741575 0.47401685393258425 0.34386704119850187 0.4612008426966292 0.351123595505618 0.45066713483146065 0.3433988764044944 0.44803370786516855 0.3312265917602996 0.453125 0.31835205992509363 0.45628511235955055 0.3157771535580524 0.4633075842696629 0.3157771535580524
0 0.38781601123595505 0.6069756554307116 0.39536516853932585 0.6100187265917603 0.39975421348314605 0.6238295880149812 0.3965941011235955 0.636938202247191 0.38728932584269665 0.6430243445692884 0.37640449438202245 0.6383426966292135 0.3732443820224719 0.6294475655430711 0.37254213483146065 0.6196161048689138 0.3790379213483146 0.6093164794007491 0.38764044943820225 0.6069756554307116
0 0.5224719101123596 0.5866104868913857 0.5345856741573034 0.6013576779026217 0.5384480337078652 0.6128277153558053 0.5365168539325843 0.6266385767790262 0.5259831460674157 0.6374063670411985 0.511938202247191 0.6308520599250936 0.5079002808988764 0.6219569288389513 0.5086025280898876 0.5955056179775281 0.5136938202247191 0.5880149812734082 0.5222963483146067 0.5866104868913857
0 0.6235955056179775 0.4922752808988764 0.6311446629213483 0.4967228464419476 0.6341292134831461 0.5044475655430711 0.6343047752808989 0.5133426966292135 0.6300912921348315 0.5231741573033708 0.6232443820224719 0.5264513108614233 0.6107794943820225 0.5227059925093633 0.6083216292134831 0.5086610486891385 0.6120084269662921 0.49765917602996257 0.6234199438202247 0.4922752808988764
0 0.421875 0.5898876404494382 0.4357443820224719 0.5912921348314607 0.44276685393258425 0.599250936329588 0.4452247191011236 0.6118913857677902 0.44469803370786515 0.6198501872659176 0.44048455056179775 0.6280430711610487 0.43275983146067415 0.6345973782771536 0.41871488764044945 0.6266385767790262 0.414501404494382 0.6184456928838952 0.41467696629213485 0.5990168539325843 0.4216994382022472 0.5898876404494382
0 0.363061797752809 0.33918539325842695 0.3751755617977528 0.34386704119850187 0.38026685393258425 0.3527621722846442 0.37833567415730335 0.36657303370786515 0.37043539325842695 0.37359550561797755 0.36042837078651685 0.3717228464419476 0.3553370786516854 0.363998127340824 0.3555126404494382 0.34901685393258425 0.3628862359550562 0.33918539325842695
0 0.5884831460674157 0.6355337078651685 0.5933988764044944 0.6404494382022472 0.5935744382022472 0.6441947565543071 0.590063202247191 0.6505149812734082 0.5918188202247191 0.6664325842696629 0.5869030898876404 0.6788389513108615 0.5779494382022472 0.6863295880149812 0.5672401685393258 0.6907771535580525 0.5605688202247191 0.6865636704119851 0.5567064606741573 0.6772003745318352 0.5602176966292135 0.6575374531835206 0.5647823033707865 0.6474719101123596 0.5712780898876404 0.6420880149812734 0.5847963483146067 0.6430243445692884 0.5883075842696629 0.6357677902621723
0 0.3609550561797753 0.6430243445692884 0.36657303370786515 0.6437265917602997 0.3693820224719101 0.6479400749063671 0.3727176966292135 0.6650280898876404 0.3672752808988764 0.675561797752809 0.35639044943820225 0.6804775280898876 0.34691011235955055 0.6762640449438202 0.3435744382022472 0.6612827715355806 0.34884129213483145 0.6472378277153558 0.355688202247191 0.6425561797752809 0.36077949438202245 0.6430243445692884
0 0.6228932584269663 0.5316011235955056 0.6314957865168539 0.5402621722846442 0.6327247191011236 0.5503277153558053 0.628686797752809 0.5622659176029963 0.6200842696629213 0.5681179775280899 0.6088483146067416 0.5610955056179775 0.6062148876404494 0.5543071161048689 0.6063904494382022 0.5465823970037453 0.6104283707865169 0.5346441947565543 0.6156952247191011 0.5316011235955056 0.6227176966292135 0.5316011235955056
0 0.4334620786516854 0.3082865168539326 0.4417134831460674 0.313436329588015 0.4454002808988764 0.324438202247191 0.4432935393258427 0.3387172284644195 0.4355688202247191 0.34597378277153557 0.4238061797752809 0.34222846441947563 0.41889044943820225 0.3256086142322097 0.4202949438202247 0.31741573033707865 0.4239817415730337 0.31203183520599254 0.4332865168539326 0.3082865168539326
0 0.5607443820224719 0.5255149812734082 0.5686446629213483 0.5330056179775281 0.5714536516853933 0.5430711610486891 0.5693469101123596 0.5543071161048689 0.5609199438202247 0.5617977528089888 0.5491573033707865 0.5580524344569289 0.545997191011236 0.5536048689138576 0.5433637640449438 0.5433052434456929 0.5440660112359551 0.535814606741573 0.5486306179775281 0.5290262172284644 0.5533707865168539 0.5252808988764045 0.5605688202247191 0.5255149812734082
0 0.5293188202247191 0.31062734082397003 0.538623595505618 0.3167134831460674 0.5414325842696629 0.33146067415730335 0.5380969101123596 0.33941947565543074 0.5326544943820225 0.3445692883895131 0.526685393258427 0.34620786516853935 0.5198384831460674 0.3443352059925094 0.5142205056179775 0.33941947565543074 0.5126404494382022 0.3274812734082397 0.5138693820224719 0.32045880149812733 0.5191362359550562 0.31320224719101125 0.5291432584269663 0.31062734082397003
0 0.40554775280898875 0.550561797752809 0.41292134831460675 0.5589887640449438 0.41502808988764045 0.5751404494382022 0.4120435393258427 0.5833333333333334 0.40098314606741575 0.5929307116104869 0.39747191011235955 0.5924625468164794 0.390625 0.584503745318352 0.3871137640449438 0.5875468164794008 0.3843047752808989 0.5671816479400749 0.3871137640449438 0.5566479400749064 0.39764747191011235 0.5512640449438202 0.40537219101123595 0.550561797752809
0 0.4397823033707865 0.4421816479400749 0.44856039325842695 0.4515449438202247 0.4490870786516854 0.4683988764044944 0.44592696629213485 0.47752808988764045 0.43258426966292135 0.4845505617977528 0.42433286516853935 0.4705056179775281 0.4236306179775281 0.45552434456928836 0.4262640449438202 0.44920411985018727 0.43223314606741575 0.4431179775280899 0.4396067415730337 0.4421816479400749
0 0.37183988764044945 0.4798689138576779 0.37605337078651685 0.4845505617977528 0.3813202247191011 0.5049157303370787 0.3765800561797753 0.5152153558052435 0.36639747191011235 0.5196629213483146 0.359375 0.5180243445692884 0.35445926966292135 0.5131086142322098 0.35235252808988765 0.49812734082397003 0.3549859550561798 0.488061797752809 0.3590238764044944 0.4833801498127341 0.36622191011235955 0.4791666666666667 0.37166432584269665 0.4798689138576779
0 0.47945926966292135 0.6430243445692884 0.4956109550561798 0.6509831460674157 0.49543539325842695 0.6647940074906367 0.49332865168539325 0.6718164794007491 0.484375 0.6807116104868914 0.47384129213483145 0.6772003745318352 0.4685744382022472 0.6685393258426966 0.4703300561797753 0.6493445692883895 0.47401685393258425 0.6441947565543071 0.47928370786516855 0.6430243445692884
0 0.461376404494382 0.31437265917602997 0.47717696629213485 0.31530898876404495 0.47928370786516855 0.3431647940074906 0.47787921348314605 0.34784644194756553 0.47173455056179775 0.35463483146067415 0.4585674157303371 0.3607209737827715 0.45189606741573035 0.36025280898876405 0.4455758426966292 0.3529962546816479 0.4418890449438202 0.33824906367041196 0.44627808988764045 0.3347378277153558 0.44803370786516855 0.3249063670411985 0.45172050561797755 0.31858614232209737 0.4612008426966292 0.31437265917602997
0 0.4547050561797753 0.4859550561797753 0.46418539325842695 0.49063670411985016 0.46804775280898875 0.49812734082397003 0.46769662921348315 0.5088951310861424 0.4652387640449438 0.5156835205992509 0.45646067415730335 0.5217696629213483 0.44592696629213485 0.5175561797752809 0.4418890449438202 0.5051498127340824 0.4454002808988764 0.4934456928838951 0.45452949438202245 0.4859550561797753
0 0.621313202247191 0.48642322097378277 0.6300912921348315 0.49157303370786515 0.636938202247191 0.5051498127340824 0.6336025280898876 0.5194288389513109 0.6232443820224719 0.528558052434457 0.6123595505617978 0.5278558052434457 0.6023525280898876 0.5196629213483146 0.5986657303370787 0.511938202247191 0.6023525280898876 0.4967228464419476 0.6134129213483146 0.48782771535580527 0.6211376404494382 0.48642322097378277
0 0.5905898876404494 0.3616573033707865 0.6005969101123596 0.36961610486891383 0.6032303370786517 0.38436329588014984 0.602001404494382 0.3899812734082397 0.5990168539325843 0.39279026217228463 0.5886587078651685 0.3951310861423221 0.5837429775280899 0.3934925093632959 0.5795294943820225 0.3881086142322097 0.5747893258426966 0.3761704119850187 0.5788272471910112 0.3661048689138577 0.5904143258426966 0.3616573033707865
0 0.6174508426966292 0.6533239700374532 0.6276334269662921 0.6615168539325843 0.6304424157303371 0.6678370786516854 0.6316713483146067 0.6788389513108615 0.6267556179775281 0.6926498127340824 0.6165730337078652 0.697565543071161 0.6109550561797753 0.6963951310861424 0.6044592696629213 0.6903089887640449 0.6009480337078652 0.6828183520599251 0.5998946629213483 0.6741573033707865 0.6042837078651685 0.6587078651685393 0.6125351123595506 0.6533239700374532 0.6172752808988764 0.6533239700374532
0 0.5240519662921348 0.39232209737827717 0.5337078651685393 0.3977059925093633 0.5361657303370787 0.4096441947565543 0.5337078651685393 0.4211142322097378 0.5247542134831461 0.42696629213483145 0.5150983146067416 0.424625468164794 0.511938202247191 0.41924157303370785 0.5107092696629213 0.4096441947565543 0.511060393258427 0.40402621722846443 0.5154494382022472 0.3955992509363296 0.523876404494382 0.39232209737827717
0 0.6199087078651685 0.32303370786516855 0.6272823033707865 0.32631086142322097 0.6311446629213483 0.33146067415730335 0.6325491573033708 0.3419943820224719 0.6253511235955056 0.35369850187265917 0.6185042134831461 0.35767790262172283 0.6083216292134831 0.3522940074906367 0.604810393258427 0.33707865168539325 0.6095505617977528 0.3267790262172285 0.6197331460674157 0.32303370786516855
0 0.5553019662921348 0.3904494382022472 0.5646067415730337 0.3951310861423221 0.569873595505618 0.40777153558052437 0.5607443820224719 0.43258426966292135 0.5466994382022472 0.4288389513108614 0.5531952247191011 0.42532771535580527 0.546875 0.42392322097378277 0.5417837078651685 0.41151685393258425 0.5440660112359551 0.3960674157303371 0.5502106741573034 0.39091760299625467 0.555126404494382 0.3904494382022472
0 0.5389747191011236 0.352059925093633 0.5475772471910112 0.35931647940074907 0.5500351123595506 0.3719569288389513 0.5481039325842697 0.3801498127340824 0.5366924157303371 0.39068352059925093 0.5245786516853933 0.3806179775280899 0.5237008426966292 0.36352996254681647 0.5293188202247191 0.35510299625468167 0.5387991573033708 0.352059925093633
0 0.5022823033707865 0.3541666666666667 0.5121137640449438 0.3541666666666667 0.519311797752809 0.36540262172284643 0.5170294943820225 0.3806179775280899 0.5121137640449438 0.386938202247191 0.5086025280898876 0.387874531835206 0.5003511235955056 0.3852996254681648 0.4961376404494382 0.37734082397003743 0.49543539325842695 0.3693820224719101 0.4980688202247191 0.35580524344569286 0.5021067415730337 0.3541666666666667
0 0.3804424157303371 0.5924625468164794 0.3843047752808989 0.5938670411985019 0.3871137640449438 0.5994850187265918 0.4044943820224719 0.599250936329588 0.40905898876404495 0.6027621722846442 0.41081460674157305 0.6196161048689138 0.40308988764044945 0.6455992509363296 0.39905196629213485 0.650749063670412 0.3948384831460674 0.6519194756554307 0.3788623595505618 0.6425561797752809 0.37219101123595505 0.6313202247191011 0.371313202247191 0.6226591760299626 0.37377106741573035 0.6090823970037453 0.36990870786516855 0.6020599250936329 0.3728932584269663 0.5955056179775281 0.38026685393258425 0.5924625468164794
0 0.39589185393258425 0.4208801498127341 0.41309691011235955 0.4302434456928839 0.4180126404494382 0.4396067415730337 0.4157303370786517 0.4571629213483146 0.41134129213483145 0.4653558052434457 0.4058988764044944 0.46629213483146065 0.39536516853932585 0.4639513108614232 0.38957162921348315 0.45575842696629215 0.3865870786516854 0.4286048689138577 0.39571629213483145 0.4208801498127341
0 0.49473314606741575 0.4782303370786517 0.5015800561797753 0.4798689138576779 0.5070224719101124 0.4875936329588015 0.5079002808988764 0.49812734082397003 0.5038623595505618 0.5095973782771536 0.5001755617977528 0.5131086142322098 0.49104634831460675 0.5126404494382022 0.4866573033707865 0.5095973782771536 0.4820926966292135 0.5016385767790262 0.484375 0.48478464419475653 0.48911516853932585 0.4798689138576779 0.4945575842696629 0.47846441947565543
2 0.6435186095505618 0.31229588014981274 0.3523855337078652 0.29528815543071163 0.3398126755617978 0.6861966292134831 0.6326397471910112 0.6981720505617978
1 0.4085779494382023 0.33447331460674157 0.023616573033707868 0.030681179775280898
1 0.37964360955056176 0.41380383895131084 0.021927668539325845 0.03328651685393258
1 0.40795821629213486 0.3737687265917603 0.0212061095505618 0.029683988764044943
1 0.4391748595505618 0.37684222846441945 0.0216063904494382 0.029590355805243444
1 0.4697735252808989 0.3782677902621723 0.021943469101123596 0.027759831460674157
1 0.5586393960674157 0.3806507490636704 0.020600421348314607 0.0231624531835206
1 0.6135147471910112 0.4245716292134831 0.020333567415730336 0.03453651685393258
1 0.4363904494382022 0.4160697565543071 0.020719803370786515 0.030016385767790258
1 0.4658321629213483 0.45928370786516853 0.024594452247191013 0.030613295880149813
1 0.5517082162921348 0.46345739700374533 0.023125 0.034281367041198496
1 0.5528879915730337 0.5018258426966292 0.02314606741573034 0.03143024344569289
1 0.437719452247191 0.4949695692883896 0.022208567415730338 0.028642322097378277
1 0.3732742275280899 0.5350491573033708 0.019720856741573034 0.024529494382022475
1 0.3714834971910112 0.5709082397003745 0.020823384831460675 0.03070458801498127
1 0.3685832162921348 0.6115215355805244 0.015022823033707864 0.030784176029962546
1 0.43302668539325845 0.5324180711610487 0.024527738764044946 0.03175093632958801
1 0.42994733146067415 0.5734761235955056 0.023049508426966292 0.03272003745318352
1 0.4606425561797753 0.6147331460674157 0.02240695224719101 0.020039794007490636
1 0.4617310393258427 0.5360884831460674 0.02458567415730337 0.029730805243445693
1 0.4916450140449438 0.5370458801498128 0.02472261235955056 0.031643258426966296
1 0.5213834269662921 0.5376053370786517 0.02216994382022472 0.032762172284644196
1 0.5199596207865169 0.5773291198501872 0.025170294943820226 0.031062734082397
1 0.5492556179775281 0.5837640449438203 0.02056179775280899 0.03144897003745318
1 0.5801544943820225 0.5826100187265917 0.019155547752808987 0.02602059925093633
1 0.6095505617977528 0.5802996254681648 0.018258426966292134 0.02763810861423221
1 0.6102633426966292 0.6234433520599251 0.022025983146067414 0.03277855805243446
1 0.5785498595505618 0.6221676029962547 0.02179950842696629 0.02866573033707865
1 0.3976685393258427 0.6634971910112359 0.022863412921348313 0.03173923220973783