0 0.5015800561797753 0.3073501872659176 0.5086025280898876 0.31203183520599254 0.5121137640449438 0.32092696629213485 0.5100070224719101 0.33286516853932585 0.5021067415730337 0.3410580524344569 0.492626404494382 0.33941947565543074 0.48771067415730335 0.33497191011235955 0.4861306179775281 0.32818352059925093 0.48700842696629215 0.31835205992509363 0.4899929775280899 0.31226591760299627 0.49490870786516855 0.3082865168539326 0.5014044943820225 0.3073501872659176
0 0.43275983146067415 0.44335205992509363 0.449438202247191 0.44967228464419473 0.44978932584269665 0.4637172284644195 0.444873595505618 0.4777621722846442 0.43223314606741575 0.48618913857677903 0.4238061797752809 0.47073970037453183 0.42310393258426965 0.46301498127340823 0.4260884831460674 0.449438202247191 0.43258426966292135 0.44335205992509363
0 0.6169241573033708 0.4075374531835206 0.6272823033707865 0.414559925093633 0.6302668539325843 0.43000936329588013 0.624122191011236 0.44288389513108617 0.6165730337078652 0.448501872659176 0.6111306179775281 0.4482677902621723 0.605688202247191 0.44241573033707865 0.6023525280898876 0.44545880149812733 0.6005969101123596 0.44241573033707865 0.6039325842696629 0.43937265917602997 0.601123595505618 0.4262640449438202 0.6032303370786517 0.4166666666666667 0.6079705056179775 0.41034644194756553 0.616748595505618 0.4075374531835206
0 0.5247542134831461 0.6537921348314607 0.5317766853932584 0.6601123595505618 0.5340589887640449 0.6729868913857678 0.5307233146067416 0.6849250936329588 0.5231741573033708 0.68937265917603 0.5121137640449438 0.6851591760299626 0.5089536516853933 0.675561797752809 0.5086025280898876 0.6610486891385767 0.5187851123595506 0.653558052434457 0.5245786516853933 0.6537921348314607
0 0.5888342696629213 0.40308988764044945 0.5958567415730337 0.41198501872659177 0.5970856741573034 0.4250936329588015 0.5962078651685393 0.43211610486891383 0.5921699438202247 0.43890449438202245 0.5846207865168539 0.4426498127340824 0.5805828651685393 0.4426498127340824 0.5807584269662921 0.43913857677902624 0.5726825842696629 0.4307116104868914 0.5693469101123596 0.42532771535580527 0.5686446629213483 0.41830524344569286 0.5733848314606742 0.40636704119850187 0.5783005617977528 0.4033239700374532 0.5886587078651685 0.40308988764044945
0 0.4202949438202247 0.6362359550561798 0.4276685393258427 0.6425561797752809 0.4299508426966292 0.6551966292134831 0.42889747191011235 0.6647940074906367 0.4195926966292135 0.6704119850187266 0.4139747191011236 0.6701779026217228 0.40905898876404495 0.6652621722846442 0.40326544943820225 0.6549625468164794 0.40291432584269665 0.6493445692883895 0.4041432584269663 0.6437265917602997 0.40905898876404495 0.6390449438202247 0.4201193820224719 0.6362359550561798
0 0.5926966292134831 0.5308988764044944 0.6016502808988764 0.5397940074906367 0.6023525280898876 0.5475187265917603 0.6004213483146067 0.5594569288389513 0.5960323033707865 0.5650749063670412 0.590063202247191 0.5671816479400749 0.5804073033707865 0.56437265917603 0.573560393258427 0.5533707865168539 0.5770716292134831 0.537687265917603 0.5847963483146067 0.5313670411985019 0.5925210674157303 0.5308988764044944
0 0.5853230337078652 0.6434925093632958 0.5953300561797753 0.6495786516853933 0.5993679775280899 0.6610486891385767 0.5988412921348315 0.6704119850187266 0.5918188202247191 0.6823501872659176 0.5884831460674157 0.6825842696629213 0.5768960674157303 0.6772003745318352 0.5702247191011236 0.6652621722846442 0.5726825842696629 0.6512172284644194 0.5775983146067416 0.6458333333333334 0.5851474719101124 0.6434925093632958
0 0.36990870786516855 0.301498127340824 0.37798455056179775 0.30641385767790263 0.38149578651685395 0.3155430711610487 0.3809691011235955 0.3227996254681648 0.37763342696629215 0.33029026217228463 0.37025983146067415 0.335440074906367 0.3591994382022472 0.3321629213483146 0.35603932584269665 0.3211610486891386 0.35674157303370785 0.31413857677902624 0.36183286516853935 0.3038389513108614 0.36973314606741575 0.301498127340824
0 0.480688202247191 0.6114232209737828 0.49473314606741575 0.6081460674157303 0.5022823033707865 0.62687265917603 0.5019311797752809 0.6338951310861424 0.4980688202247191 0.6425561797752809 0.491748595505618 0.6460674157303371 0.4827949438202247 0.6451310861423221 0.477001404494382 0.6395131086142322 0.47524578651685395 0.6306179775280899 0.476123595505618 0.6207865168539326 0.480688202247191 0.6116573033707865
0 0.402563202247191 0.30547752808988765 0.4078300561797753 0.3080524344569288 0.4120435393258427 0.31390449438202245 0.4139747191011236 0.3249063670411985 0.40870786516853935 0.33590823970037453 0.398876404494382 0.34012172284644193 0.3904494382022472 0.3352059925093633 0.38728932584269665 0.31835205992509363 0.38922050561797755 0.311563670411985 0.3929073033707865 0.30758426966292135 0.4023876404494382 0.30547752808988765
0 0.4940308988764045 0.4318820224719101 0.5031601123595506 0.43913857677902624 0.5059691011235955 0.44803370786516855 0.5015800561797753 0.4637172284644195 0.49332865168539325 0.4679307116104869 0.48718398876404495 0.4658239700374532 0.480688202247191 0.4585674157303371 0.47928370786516855 0.44803370786516855 0.48121488764044945 0.43913857677902624 0.4878862359550562 0.4330524344569288 0.4938553370786517 0.4318820224719101
0 0.5956811797752809 0.5224719101123596 0.5998946629213483 0.5243445692883895 0.6051615168539326 0.5327715355805244 0.6025280898876404 0.5608614232209738 0.5955056179775281 0.5692883895131086 0.5839185393258427 0.5711610486891385 0.5767205056179775 0.5756086142322098 0.574438202247191 0.5756086142322098 0.573560393258427 0.5718632958801498 0.5761938202247191 0.5678838951310862 0.5760182584269663 0.5641385767790262 0.569873595505618 0.5540730337078652 0.5711025280898876 0.5334737827715356 0.5749648876404494 0.5287921348314607 0.5858497191011236 0.5276217228464419 0.5955056179775281 0.5224719101123596
0 0.5226474719101124 0.3920880149812734 0.5305477528089888 0.39957865168539325 0.5324789325842697 0.40823970037453183 0.5279143258426966 0.42228464419475653 0.5182584269662921 0.424625468164794 0.5122893258426966 0.42275280898876405 0.5086025280898876 0.41596441947565543 0.5079002808988764 0.40379213483146065 0.5117626404494382 0.3958333333333333 0.5224719101123596 0.3920880149812734
0 0.6199087078651685 0.5720973782771536 0.6274578651685393 0.5758426966292135 0.6327247191011236 0.5880149812734082 0.6311446629213483 0.6013576779026217 0.6234199438202247 0.6095505617977528 0.6121839887640449 0.6065074906367042 0.6063904494382022 0.5945692883895131 0.6074438202247191 0.5779494382022472 0.6137640449438202 0.5730337078651685 0.6197331460674157 0.5720973782771536
0 0.460498595505618 0.31530898876404495 0.46962780898876405 0.3169475655430712 0.4741924157303371 0.3211610486891386 0.4768258426966292 0.33848314606741575 0.4729634831460674 0.34691011235955055 0.4624297752808989 0.351123595505618 0.45417837078651685 0.3476123595505618 0.44856039325842695 0.335440074906367 0.4513693820224719 0.3211610486891386 0.46032303370786515 0.31530898876404495
0 0.5545997191011236 0.6587078651685393 0.5649578651685393 0.6647940074906367 0.5660112359550562 0.6790730337078652 0.5621488764044944 0.6891385767790262 0.5538974719101124 0.6931179775280899 0.5470505617977528 0.6910112359550562 0.5433637640449438 0.6870318352059925 0.5414325842696629 0.6713483146067416 0.542310393258427 0.6666666666666666 0.5474016853932584 0.6603464419475655 0.5544241573033708 0.6587078651685393
0 0.35603932584269665 0.6432584269662921 0.367626404494382 0.6519194756554307 0.37166432584269665 0.6645599250936329 0.36657303370786515 0.675561797752809 0.35603932584269665 0.6804775280898876 0.3479634831460674 0.677434456928839 0.34462780898876405 0.6720505617977528 0.3433988764044944 0.663623595505618 0.34480337078651685 0.653558052434457 0.3479634831460674 0.6472378277153558 0.3558637640449438 0.6432584269662921
0 0.36990870786516855 0.5131086142322098 0.3746488764044944 0.5161516853932584 0.3792134831460674 0.5365168539325843 0.3767556179775281 0.5449438202247191 0.36639747191011235 0.552434456928839 0.3577949438202247 0.547752808988764 0.35235252808988765 0.5362827715355806 0.3516502808988764 0.5280898876404494 0.36393960674157305 0.5135767790262172 0.36973314606741575 0.5131086142322098
0 0.37394662921348315 0.4721441947565543 0.3806179775280899 0.47635767790262173 0.3843047752808989 0.487125468164794 0.3804424157303371 0.5051498127340824 0.37429775280898875 0.5091292134831461 0.3597261235955056 0.5053838951310862 0.3537570224719101 0.49602059925093633 0.3558637640449438 0.48174157303370785 0.359375 0.4747191011235955 0.36622191011235955 0.47120786516853935 0.37377106741573035 0.4721441947565543
0 0.4608497191011236 0.5994850187265918 0.4683988764044944 0.6034644194756554 0.47208567415730335 0.6123595505617978 0.4689255617977528 0.6301498127340824 0.4610252808988764 0.6357677902621723 0.44978932584269665 0.6322565543071161 0.44469803370786515 0.6240636704119851 0.4450491573033708 0.6128277153558053 0.44803370786516855 0.6044007490636704 0.4529494382022472 0.5999531835205992 0.4606741573033708 0.5994850187265918
0 0.5614466292134831 0.31741573033707865 0.5684691011235955 0.3237359550561798 0.5718047752808989 0.3356741573033708 0.5675912921348315 0.34737827715355807 0.5575842696629213 0.3518258426966292 0.5491573033707865 0.34831460674157305 0.5456460674157303 0.33497191011235955 0.5486306179775281 0.324438202247191 0.5519662921348315 0.31999063670411987 0.5612710674157303 0.31741573033707865
0 0.45382724719101125 0.638810861423221 0.460498595505618 0.6441947565543071 0.46225421348314605 0.6533239700374532 0.4585674157303371 0.6647940074906367 0.4496137640449438 0.6734550561797753 0.4410112359550562 0.6715823970037453 0.43890449438202245 0.6661985018726592 0.4357443820224719 0.6647940074906367 0.43679775280898875 0.6610486891385767 0.43416432584269665 0.6509831460674157 0.4373244382022472 0.6444288389513109 0.44399578651685395 0.638810861423221 0.45365168539325845 0.638810861423221
0 0.5872542134831461 0.487125468164794 0.5923455056179775 0.49040262172284643 0.5962078651685393 0.49812734082397003 0.5972612359550562 0.5105337078651685 0.592872191011236 0.522003745318352 0.5849719101123596 0.5271535580524345 0.5733848314606742 0.5234082397003745 0.5689957865168539 0.5154494382022472 0.5679424157303371 0.5049157303370787 0.5702247191011236 0.49461610486891383 0.5733848314606742 0.4901685393258427 0.578125 0.48735955056179775 0.5870786516853933 0.487125468164794
0 0.4044943820224719 0.476123595505618 0.41309691011235955 0.48408239700374533 0.41309691011235955 0.4955524344569288 0.40888342696629215 0.5074906367041199 0.4018609550561798 0.5107677902621723 0.39343398876404495 0.5095973782771536 0.3885182584269663 0.5060861423220974 0.38606039325842695 0.5016385767790262 0.38588483146067415 0.4897003745318352 0.39150280898876405 0.4791666666666667 0.3969452247191011 0.476123595505618 0.4043188202247191 0.476123595505618
0 0.6144662921348315 0.45482209737827717 0.6199087078651685 0.45786516853932585 0.6246488764044944 0.4660580524344569 0.6239466292134831 0.4789325842696629 0.6207865168539326 0.4854868913857678 0.609375 0.48852996254681647 0.6007724719101124 0.4815074906367041 0.5986657303370787 0.47401685393258425 0.5991924157303371 0.46676029962546817 0.605688202247191 0.45529026217228463 0.6142907303370787 0.45482209737827717
0 0.39396067415730335 0.514747191011236 0.40379213483146065 0.5175561797752809 0.4083567415730337 0.5231741573033708 0.409936797752809 0.5304307116104869 0.4080056179775281 0.5454119850187266 0.40098314606741575 0.5493913857677902 0.38360252808988765 0.5463483146067416 0.3813202247191011 0.5224719101123596 0.38342696629213485 0.5154494382022472 0.39378511235955055 0.5149812734082397
0 0.3748244382022472 0.3838951310861423 0.3851825842696629 0.3899812734082397 0.38816713483146065 0.4054307116104869 0.38746488764044945 0.41151685393258425 0.38377808988764045 0.4178370786516854 0.37359550561797755 0.4220505617977528 0.36271067415730335 0.4143258426966292 0.3590238764044944 0.4002808988764045 0.3670997191011236 0.386001872659176 0.3746488764044944 0.3838951310861423
0 0.5310744382022472 0.3099250936329588 0.5400280898876404 0.31788389513108617 0.5410814606741573 0.33169475655430714 0.5340589887640449 0.34269662921348315 0.5259831460674157 0.3450374531835206 0.5205407303370787 0.3431647940074906 0.5142205056179775 0.3368445692883895 0.5140449438202247 0.3237359550561798 0.519311797752809 0.31296816479400746 0.5308988764044944 0.3099250936329588
0 0.6234199438202247 0.36446629213483145 0.6302668539325843 0.3698501872659176 0.6337780898876404 0.3806179775280899 0.6306179775280899 0.39302434456928836 0.6232443820224719 0.39957865168539325 0.609375 0.3970037453183521 0.605688202247191 0.38412921348314605 0.605688202247191 0.37640449438202245 0.6088483146067416 0.36961610486891383 0.6149929775280899 0.3651685393258427 0.6232443820224719 0.36446629213483145
0 0.49543539325842695 0.4791666666666667 0.5031601123595506 0.48478464419475653 0.5054424157303371 0.4955524344569288 0.5028089887640449 0.5079588014981273 0.49473314606741575 0.5131086142322098 0.4866573033707865 0.5121722846441947 0.48174157303370785 0.5086610486891385 0.4787570224719101 0.4934456928838951 0.47963483146067415 0.4859550561797753 0.4827949438202247 0.48174157303370785 0.49525983146067415 0.4791666666666667
0 0.36815308988764045 0.6048689138576779 0.3748244382022472 0.6095505617977528 0.37833567415730335 0.6224250936329588 0.37745786516853935 0.6336610486891385 0.37412219101123595 0.6399812734082397 0.37043539325842695 0.6420880149812734 0.3555126404494382 0.6392790262172284 0.35094803370786515 0.6278089887640449 0.35094803370786515 0.6200842696629213 0.35445926966292135 0.6093164794007491 0.36253511235955055 0.6044007490636704 0.36797752808988765 0.6048689138576779
0 0.5224719101123596 0.5948033707865169 0.530372191011236 0.6022940074906367 0.5340589887640449 0.6175093632958801 0.5291432584269663 0.6306179775280899 0.5194873595505618 0.6360018726591761 0.511938202247191 0.6348314606741573 0.5075491573033708 0.6303838951310862 0.5035112359550562 0.612125468164794 0.5057935393258427 0.6032303370786517 0.515625 0.5952715355805244 0.5222963483146067 0.5948033707865169
0 0.6197331460674157 0.32303370786516855 0.6278089887640449 0.3267790262172285 0.6311446629213483 0.3312265917602996 0.632373595505618 0.3389513108614232 0.6248244382022472 0.3539325842696629 0.6170997191011236 0.35697565543071164 0.6086727528089888 0.352059925093633 0.6055126404494382 0.33707865168539325 0.609375 0.3274812734082397 0.6195575842696629 0.32303370786516855
0 0.3670997191011236 0.34012172284644193 0.37640449438202245 0.34480337078651685 0.3807935393258427 0.3553370786516854 0.37798455056179775 0.36704119850187267 0.36990870786516855 0.3728932584269663 0.36077949438202245 0.37102059925093633 0.3558637640449438 0.36563670411985016 0.35445926966292135 0.3595505617977528 0.35463483146067415 0.3522940074906367 0.35797050561797755 0.3441011235955056 0.3669241573033708 0.34012172284644193
0 0.39747191011235955 0.43211610486891383 0.4085323033707865 0.4349250936329588 0.4162570224719101 0.44147940074906367 0.4174859550561798 0.45646067415730335 0.4143258426966292 0.4679307116104869 0.4043188202247191 0.4721441947565543 0.39747191011235955 0.4705056179775281 0.3923806179775281 0.46348314606741575 0.38957162921348315 0.45646067415730335 0.38922050561797755 0.448501872659176 0.39202949438202245 0.4405430711610487 0.39764747191011235 0.43562734082397003 0.39729634831460675 0.4323501872659176
0 0.6221910112359551 0.5311329588014981 0.6311446629213483 0.5402621722846442 0.6330758426966292 0.5517322097378277 0.6297401685393258 0.5627340823970037 0.6197331460674157 0.5683520599250936 0.6079705056179775 0.5615636704119851 0.6062148876404494 0.5573501872659176 0.6058637640449438 0.5430711610486891 0.6107794943820225 0.5334737827715356 0.6220154494382022 0.5311329588014981
0 0.5333567415730337 0.4833801498127341 0.5398525280898876 0.4922752808988764 0.5400280898876404 0.5046816479400749 0.5363412921348315 0.5133426966292135 0.527563202247191 0.516619850187266 0.5170294943820225 0.5117041198501873 0.5142205056179775 0.5053838951310862 0.514747191011236 0.49461610486891383 0.5231741573033708 0.4833801498127341 0.5331811797752809 0.4833801498127341
0 0.43223314606741575 0.3078183520599251 0.44013342696629215 0.31179775280898875 0.4450491573033708 0.324438202247191 0.4413623595505618 0.33707865168539325 0.4331109550561798 0.3431647940074906 0.4239817415730337 0.3403558052434457 0.42064606741573035 0.3352059925093633 0.41941713483146065 0.3256086142322097 0.4216994382022472 0.31437265917602997 0.42679073033707865 0.3089887640449438 0.4320575842696629 0.3078183520599251
0 0.37412219101123595 0.5566479400749064 0.3772823033707865 0.5575842696629213 0.38149578651685395 0.5641385767790262 0.382373595505618 0.5838014981273408 0.3772823033707865 0.5912921348314607 0.3670997191011236 0.5959737827715356 0.36271067415730335 0.5955056179775281 0.35884831460674155 0.5915262172284644 0.3551615168539326 0.5807584269662921 0.3551615168539326 0.5709269662921348 0.35867275280898875 0.5620318352059925 0.37394662921348315 0.5566479400749064
0 0.4606741573033708 0.4028558052434457 0.46752106741573035 0.4080056179775281 0.46980337078651685 0.414559925093633 0.46962780898876405 0.42181647940074907 0.46734550561797755 0.43258426966292135 0.45575842696629215 0.43913857677902624 0.44627808988764045 0.4353932584269663 0.44224016853932585 0.42837078651685395 0.4415379213483146 0.4208801498127341 0.44803370786516855 0.40847378277153557 0.4534761235955056 0.4035580524344569 0.460498595505618 0.4028558052434457
0 0.48156601123595505 0.6477059925093633 0.49332865168539325 0.6519194756554307 0.49683988764044945 0.6640917602996255 0.4940308988764045 0.6783707865168539 0.4845505617977528 0.6837546816479401 0.47542134831460675 0.6776685393258427 0.4706811797752809 0.6683052434456929 0.47173455056179775 0.6547284644194756 0.47735252808988765 0.6477059925093633 0.48139044943820225 0.6477059925093633
0 0.6232443820224719 0.488061797752809 0.6304424157303371 0.4932116104868914 0.6350070224719101 0.5067883895131086 0.6337780898876404 0.5187265917602997 0.6239466292134831 0.5273876404494382 0.6134129213483146 0.5264513108614233 0.6079705056179775 0.5224719101123596 0.6035814606741573 0.5154494382022472 0.6062148876404494 0.5124063670411985 0.6060393258426966 0.5046816479400749 0.6028792134831461 0.50187265917603 0.6039325842696629 0.49812734082397003 0.6111306179775281 0.4911048689138577 0.6230688202247191 0.488061797752809
0 0.5912921348314607 0.3607209737827715 0.5998946629213483 0.3705524344569288 0.6002457865168539 0.3836610486891386 0.5990168539325843 0.3895131086142322 0.5953300561797753 0.39419475655430714 0.5919943820224719 0.39747191011235955 0.5862008426966292 0.3977059925093633 0.5786516853932584 0.3946629213483146 0.5746137640449438 0.3890449438202247 0.5714536516853933 0.37523408239700373 0.5746137640449438 0.3663389513108614 0.5849719101123596 0.3607209737827715 0.5911165730337079 0.3607209737827715
0 0.6199087078651685 0.653558052434457 0.6274578651685393 0.6610486891385767 0.6314957865168539 0.6788389513108615 0.6269311797752809 0.6921816479400749 0.6197331460674157 0.6970973782771536 0.6123595505617978 0.6968632958801498 0.6062148876404494 0.6926498127340824 0.6002457865168539 0.6786048689138576 0.6016502808988764 0.6640917602996255 0.6042837078651685 0.6570692883895131 0.6090238764044944 0.6533239700374532 0.6197331460674157 0.653558052434457
0 0.5259831460674157 0.4375 0.5345856741573034 0.44288389513108617 0.5377457865168539 0.45529026217228463 0.5347612359550562 0.4660580524344569 0.526685393258427 0.47237827715355807 0.515625 0.4683988764044944 0.511938202247191 0.46301498127340823 0.5108848314606742 0.45318352059925093 0.511938202247191 0.4461610486891386 0.5152738764044944 0.4410112359550562 0.5258075842696629 0.4375
0 0.5540730337078652 0.38974719101123595 0.5639044943820225 0.3970037453183521 0.566186797752809 0.4068352059925094 0.5642556179775281 0.4166666666666667 0.5538974719101124 0.4234550561797753 0.5449438202247191 0.41970973782771537 0.539501404494382 0.4101123595505618 0.543188202247191 0.39489700374531833 0.5502106741573034 0.38974719101123595 0.5538974719101124 0.38974719101123595
0 0.5398525280898876 0.35252808988764045 0.5474016853932584 0.3595505617977528 0.5496839887640449 0.37312734082397003 0.5470505617977528 0.3815543071161049 0.5363412921348315 0.3899812734082397 0.5245786516853933 0.3806179775280899 0.5233497191011236 0.3625936329588015 0.5301966292134831 0.35463483146067415 0.5396769662921348 0.35252808988764045
0 0.5061446629213483 0.34995318352059923 0.5166783707865169 0.35603932584269665 0.5194873595505618 0.3625936329588015 0.5198384831460674 0.3705524344569288 0.5129915730337079 0.3862359550561798 0.5017556179775281 0.3904494382022472 0.4961376404494382 0.3785112359550562 0.49473314606741575 0.35580524344569286 0.4978932584269663 0.3522940074906367 0.5059691011235955 0.34995318352059923
0 0.592872191011236 0.3192883895131086 0.6000702247191011 0.32467228464419473 0.6035814606741573 0.33169475655430714 0.6039325842696629 0.3403558052434457 0.5997191011235955 0.35252808988764045 0.5958567415730337 0.35720973782771537 0.590063202247191 0.35931647940074907 0.5783005617977528 0.35580524344569286 0.5742626404494382 0.3487827715355805 0.5739115168539326 0.33801498127340823 0.5768960674157303 0.32771535580524347 0.5804073033707865 0.3232677902621723 0.5851474719101124 0.31952247191011235 0.5926966292134831 0.3192883895131086
0 0.4183637640449438 0.5950374531835206 0.4278441011235955 0.6013576779026217 0.43047752808988765 0.6161048689138576 0.42292837078651685 0.6271067415730337 0.41537921348314605 0.6296816479400749 0.40765449438202245 0.6273408239700374 0.4039676966292135 0.6233614232209738 0.4023876404494382 0.6093164794007491 0.4102879213483146 0.5957397003745318 0.418188202247191 0.5950374531835206
0 0.4924508426966292 0.5667134831460674 0.4982443820224719 0.572565543071161 0.5010533707865169 0.5849719101123596 0.49877106741573035 0.5957397003745318 0.49473314606741575 0.600187265917603 0.4882373595505618 0.6020599250936329 0.47752808988764045 0.5980805243445693 0.4741924157303371 0.5842696629213483 0.4766502808988764 0.5742041198501873 0.480688202247191 0.5683520599250936 0.48771067415730335 0.5655430711610487 0.4922752808988764 0.5667134831460674
0 0.3670997191011236 0.42743445692883897 0.3769311797752809 0.43211610486891383 0.37991573033707865 0.4426498127340824 0.37640449438202245 0.45997191011235955 0.366748595505618 0.462312734082397 0.3595505617977528 0.4616104868913858 0.35603932584269665 0.4585674157303371 0.35252808988764045 0.44499063670411987 0.35621488764044945 0.43211610486891383 0.36271067415730335 0.4272003745318352 0.3669241573033708 0.42743445692883897
2 0.6396300912921349 0.3136704119850187 0.35365870786516856 0.29684878277153554 0.34038869382022474 0.6825664794007491 0.6353965941011236 0.7001135299625468
1 0.40637113764044946 0.37131086142322095 0.023883426966292132 0.03257256554307116
1 0.4396453651685393 0.37735955056179776 0.020207162921348314 0.029066011235955057
1 0.4694294241573034 0.3781062734082397 0.020084269662921348 0.028995786516853934
1 0.5576404494382022 0.3809246254681648 0.01743328651685393 0.020589887640449438
1 0.5831653792134831 0.4634503745318352 0.019325842696629212 0.03270833333333333
1 0.553218047752809 0.46228464419475657 0.022635182584269664 0.035058520599250936
1 0.496339536516854 0.41928838951310865 0.021239466292134832 0.028654026217228463
1 0.437965238764045 0.4143960674157303 0.018017907303370786 0.03135065543071161
1 0.406875 0.4141058052434457 0.020210674157303373 0.026088483146067418
1 0.43505793539325843 0.49592462546816485 0.023906249999999997 0.02898876404494382
1 0.46695400280898874 0.46008661048689137 0.02215765449438202 0.029101123595505617
1 0.4658953651685393 0.49741807116104864 0.02003862359550562 0.028857677902621722
1 0.5504213483146068 0.5020997191011235 0.018209269662921346 0.028855337078651684
1 0.5496190308988764 0.5417883895131086 0.02128862359550562 0.030208333333333337
1 0.5505073735955056 0.5832139513108614 0.019554073033707865 0.030348782771535583
1 0.5484796348314607 0.6214817415730337 0.017838834269662922 0.024173689138576777
1 0.5796892556179775 0.6232631086142322 0.020567064606741573 0.024618445692883895
1 0.608846558988764 0.62562734082397 0.021530898876404494 0.023103932584269665
1 0.5798332162921348 0.5822448501872659 0.019683988764044945 0.03153089887640449
1 0.5200790028089888 0.5400561797752809 0.02207865168539326 0.030601591760299623
1 0.5171980337078652 0.5771418539325843 0.023161867977528092 0.030690543071161053
1 0.491313202247191 0.5362734082397004 0.02522998595505618 0.03322331460674158
1 0.4638360252808989 0.5360557116104869 0.022944171348314606 0.028101591760299624
1 0.43378862359550563 0.5341011235955055 0.02136938202247191 0.030437734082397003
1 0.46349543539325844 0.5753955992509364 0.02226123595505618 0.027193352059925093
1 0.4338360252808989 0.5739068352059925 0.0214624297752809 0.027336142322097377
1 0.4031144662921348 0.5725608614232209 0.02088307584269663 0.026210205992509363
1 0.39861130617977525 0.6111914794007491 0.01772823033707865 0.023881086142322098
1 0.4005301966292135 0.652001404494382 0.02039501404494382 0.02591058052434457