0 0.4339887640449438 0.6676029962546817 0.4438202247191011 0.6750936329588015 0.44610252808988765 0.6816479400749064 0.44610252808988765 0.6938202247191011 0.4396067415730337 0.7073970037453183 0.43223314606741575 0.7111423220973783 0.4253862359550562 0.7102059925093633 0.42134831460674155 0.7057584269662921 0.4178370786516854 0.6963951310861424 0.4176615168539326 0.6900749063670412 0.4202949438202247 0.6757958801498127 0.42503511235955055 0.6685393258426966 0.433813202247191 0.6676029962546817
0 0.578125 0.7031835205992509 0.5911165730337079 0.7055243445692884 0.5991924157303371 0.7155898876404494 0.602001404494382 0.7378277153558053 0.5955056179775281 0.7485955056179775 0.5890098314606742 0.75187265917603 0.578125 0.7478932584269663 0.573560393258427 0.7413389513108615 0.570751404494382 0.7301029962546817 0.5719803370786517 0.7111423220973783 0.5779494382022472 0.7031835205992509
0 0.35270365168539325 0.5828651685393258 0.3728932584269663 0.5868445692883895 0.3790379213483146 0.5955056179775281 0.3746488764044944 0.6200842696629213 0.3707865168539326 0.6240636704119851 0.36077949438202245 0.6264044943820225 0.3512991573033708 0.6205524344569289 0.34375 0.5952715355805244 0.3453300561797753 0.5856741573033708 0.35252808988764045 0.5828651685393258
0 0.6859199438202247 0.5653089887640449 0.6934691011235955 0.5742041198501873 0.6939957865168539 0.5819288389513109 0.6862710674157303 0.6058052434456929 0.6757373595505618 0.6128277153558053 0.6657303370786517 0.6095505617977528 0.6569522471910112 0.5999531835205992 0.6534410112359551 0.5889513108614233 0.6543188202247191 0.5786516853932584 0.6580056179775281 0.5732677902621723 0.6857443820224719 0.5653089887640449
0 0.6135884831460674 0.5316011235955056 0.6230688202247191 0.5360486891385767 0.6272823033707865 0.5463483146067416 0.6253511235955056 0.5676498127340824 0.6165730337078652 0.5737359550561798 0.6060393258426966 0.5716292134831461 0.5995435393258427 0.5641385767790262 0.5970856741573034 0.5559456928838952 0.5969101123595506 0.5442415730337079 0.5993679775280899 0.5365168539325843 0.6041081460674157 0.5325374531835206 0.6134129213483146 0.5316011235955056
0 0.35235252808988765 0.6678370786516854 0.3555126404494382 0.6753277153558053 0.35077247191011235 0.6921816479400749 0.35077247191011235 0.7048220973782772 0.34322331460674155 0.7146535580524345 0.3325140449438202 0.7181647940074907 0.3260182584269663 0.7167602996254682 0.320751404494382 0.7097378277153558 0.3184691011235955 0.6959269662921348 0.32110252808988765 0.6853932584269663 0.33146067415730335 0.6748595505617978 0.35217696629213485 0.6678370786516854
0 0.5547752808988764 0.5369850187265918 0.5632022471910112 0.5428370786516854 0.5663623595505618 0.5554775280898876 0.5644311797752809 0.5711610486891385 0.5605688202247191 0.5767790262172284 0.5553019662921348 0.5795880149812734 0.543188202247191 0.5760767790262172 0.5389747191011236 0.5706928838951311 0.5366924157303371 0.5620318352059925 0.5396769662921348 0.5400280898876404 0.543188202247191 0.5374531835205992 0.5545997191011236 0.5369850187265918
0 0.5919943820224719 0.6633895131086143 0.5991924157303371 0.6680711610486891 0.6067415730337079 0.6884363295880149 0.6021769662921348 0.7010767790262172 0.5930477528089888 0.7048220973782772 0.577247191011236 0.7006086142322098 0.5709269662921348 0.6928838951310862 0.5691713483146067 0.6837546816479401 0.5702247191011236 0.6750936329588015 0.5747893258426966 0.6687734082397003 0.5844452247191011 0.6638576779026217 0.5918188202247191 0.6633895131086143
0 0.5347612359550562 0.5316011235955056 0.5380969101123596 0.5393258426966292 0.5352879213483146 0.5629681647940075 0.5294943820224719 0.5718632958801498 0.5244030898876404 0.5739700374531835 0.5114115168539326 0.5711610486891385 0.5050912921348315 0.5599250936329588 0.5047401685393258 0.5463483146067416 0.5093047752808989 0.5362827715355806 0.5198384831460674 0.5294943820224719 0.5296699438202247 0.5278558052434457 0.5345856741573034 0.5316011235955056
0 0.49508426966292135 0.6952247191011236 0.5017556179775281 0.702247191011236 0.5054424157303371 0.7109082397003745 0.5068469101123596 0.7294007490636704 0.5019311797752809 0.7446161048689138 0.4920997191011236 0.7490636704119851 0.4861306179775281 0.74812734082397 0.47963483146067415 0.7422752808988764 0.4764747191011236 0.7202715355805244 0.4840238764044944 0.6987359550561798 0.4878862359550562 0.6956928838951311 0.49490870786516855 0.6952247191011236
0 0.3950140449438202 0.5447097378277154 0.4066011235955056 0.5510299625468165 0.40888342696629215 0.5718632958801498 0.4027387640449438 0.5823970037453183 0.3909761235955056 0.5859082397003745 0.38570926966292135 0.5830992509363296 0.3793890449438202 0.574438202247191 0.3788623595505618 0.5636704119850188 0.38360252808988765 0.5500936329588015 0.3948384831460674 0.5447097378277154
0 0.492626404494382 0.5814606741573034 0.49736657303370785 0.5833333333333334 0.5026334269662921 0.5903558052434457 0.5056179775280899 0.6048689138576779 0.5015800561797753 0.6168071161048689 0.4898174157303371 0.6240636704119851 0.4801615168539326 0.6219569288389513 0.47384129213483145 0.6022940074906367 0.47384129213483145 0.5952715355805244 0.4805126404494382 0.5833333333333334 0.4924508426966292 0.5814606741573034
0 0.550561797752809 0.6601123595505618 0.5582865168539326 0.663623595505618 0.5647823033707865 0.6753277153558053 0.5658356741573034 0.6900749063670412 0.5644311797752809 0.6959269662921348 0.558813202247191 0.7038857677902621 0.5433637640449438 0.7127808988764045 0.5363412921348315 0.7085674157303371 0.5326544943820225 0.699438202247191 0.5393258426966292 0.6680711610486891 0.5433637640449438 0.6612827715355806 0.5503862359550562 0.6601123595505618
0 0.45821629213483145 0.5344101123595506 0.4668188202247191 0.5388576779026217 0.47155898876404495 0.5503277153558053 0.4722612359550562 0.5706928838951311 0.4685744382022472 0.5760767790262172 0.46365870786516855 0.5777153558052435 0.4533005617977528 0.577247191011236 0.4450491573033708 0.572565543071161 0.44048455056179775 0.5617977528089888 0.4417134831460674 0.5449438202247191 0.4496137640449438 0.535814606741573 0.45804073033707865 0.5344101123595506
0 0.5200140449438202 0.6582397003745318 0.53125 0.6664325842696629 0.5345856741573034 0.6748595505617978 0.534936797752809 0.6823501872659176 0.5330056179775281 0.6921816479400749 0.5293188202247191 0.6982677902621723 0.5124648876404494 0.7050561797752809 0.5050912921348315 0.7029494382022472 0.5 0.6959269662921348 0.49947331460674155 0.6891385767790262 0.5040379213483146 0.6715823970037453 0.5079002808988764 0.6650280898876404 0.5138693820224719 0.6594101123595506 0.5198384831460674 0.6582397003745318
0 0.6411516853932584 0.6044007490636704 0.6555477528089888 0.614934456928839 0.6618679775280899 0.6264044943820225 0.6592345505617978 0.6448970037453183 0.6509831460674157 0.651685393258427 0.6367626404494382 0.6481741573033708 0.6329002808988764 0.6437265917602997 0.629564606741573 0.6338951310861424 0.6279845505617978 0.6193820224719101 0.6300912921348315 0.6100187265917603 0.6339536516853933 0.6058052434456929 0.6409761235955056 0.6044007490636704
0 0.3160112359550562 0.6275749063670412 0.32496488764044945 0.6317883895131086 0.32724719101123595 0.6367041198501873 0.3265449438202247 0.6402153558052435 0.32092696629213485 0.6509831460674157 0.31969803370786515 0.6610486891385767 0.3107443820224719 0.6704119850187266 0.3009129213483146 0.6748595505617978 0.2930126404494382 0.6725187265917603 0.28581460674157305 0.661750936329588 0.28458567415730335 0.6526217228464419 0.28616573033707865 0.6446629213483146 0.2966994382022472 0.6331928838951311 0.31583567415730335 0.6275749063670412
0 0.41906601123595505 0.5369850187265918 0.43293539325842695 0.5423689138576779 0.43697331460674155 0.5468164794007491 0.4394311797752809 0.5540730337078652 0.44013342696629215 0.5674157303370787 0.4376755617977528 0.575374531835206 0.43293539325842695 0.5814606741573034 0.4253862359550562 0.5840355805243446 0.41713483146067415 0.5821629213483146 0.409936797752809 0.5713951310861424 0.40747893258426965 0.5465823970037453 0.4122191011235955 0.5397940074906367 0.41889044943820225 0.5369850187265918
0 0.5828651685393258 0.5334737827715356 0.5890098314606742 0.5355805243445693 0.5933988764044944 0.5409644194756554 0.5962078651685393 0.5500936329588015 0.5965589887640449 0.5613295880149812 0.592872191011236 0.5688202247191011 0.582689606741573 0.5746722846441947 0.5740870786516854 0.5718632958801498 0.5695224719101124 0.5674157303370787 0.567064606741573 0.5517322097378277 0.567064606741573 0.5465823970037453 0.5711025280898876 0.5381554307116105 0.582689606741573 0.5334737827715356
0 0.43609550561797755 0.7106741573033708 0.44241573033707865 0.713249063670412 0.44662921348314605 0.7240168539325843 0.4431179775280899 0.7448501872659176 0.4390800561797753 0.7516385767790262 0.43223314606741575 0.7551498127340824 0.42485955056179775 0.7535112359550562 0.41941713483146065 0.7488295880149812 0.4164325842696629 0.7413389513108615 0.4155547752808989 0.7308052434456929 0.418188202247191 0.7188670411985019 0.421875 0.7125468164794008 0.4359199438202247 0.7106741573033708
0 0.6099016853932584 0.6186797752808989 0.6232443820224719 0.6226591760299626 0.628686797752809 0.6301498127340824 0.6299157303370787 0.6477059925093633 0.6272823033707865 0.653558052434457 0.6193820224719101 0.6601123595505618 0.6091994382022472 0.6582397003745318 0.6000702247191011 0.6463014981273408 0.5988412921348315 0.6331928838951311 0.601123595505618 0.6233614232209738 0.6039325842696629 0.6193820224719101 0.6097261235955056 0.6186797752808989
0 0.3358497191011236 0.5859082397003745 0.3393609550561798 0.587312734082397 0.3419943820224719 0.5924625468164794 0.347436797752809 0.6097846441947565 0.3476123595505618 0.6165730337078652 0.34252106741573035 0.6238295880149812 0.3283005617977528 0.6313202247191011 0.3168890449438202 0.6257022471910112 0.3140800561797753 0.6203183520599251 0.3142556179775281 0.6161048689138576 0.31759129213483145 0.6008895131086143 0.32162921348314605 0.5922284644194756 0.3279494382022472 0.5866104868913857 0.3356741573033708 0.5859082397003745
0 0.4643609550561798 0.5830992509363296 0.47155898876404495 0.5908239700374532 0.4782303370786517 0.6182116104868914 0.4747191011235955 0.6278089887640449 0.46734550561797755 0.6315543071161048 0.44627808988764045 0.6205524344569289 0.44276685393258425 0.6027621722846442 0.4434691011235955 0.5938670411985019 0.4471558988764045 0.5880149812734082 0.45646067415730335 0.5828651685393258 0.46418539325842695 0.5830992509363296
0 0.6339536516853933 0.6931179775280899 0.6522120786516854 0.6949906367041199 0.6601123595505618 0.7099719101123596 0.6601123595505618 0.7305711610486891 0.6583567415730337 0.7343164794007491 0.6513342696629213 0.7385299625468165 0.6404494382022472 0.7359550561797753 0.633251404494382 0.7263576779026217 0.6262289325842697 0.6996722846441947 0.6300912921348315 0.6940543071161048 0.6337780898876404 0.6931179775280899
0 0.4534761235955056 0.6271067415730337 0.46769662921348315 0.636938202247191 0.46945224719101125 0.6437265917602997 0.4689255617977528 0.6547284644194756 0.4648876404494382 0.663623595505618 0.44627808988764045 0.6722846441947565 0.44259129213483145 0.6713483146067416 0.4355688202247191 0.6631554307116105 0.43433988764044945 0.653558052434457 0.44259129213483145 0.6310861423220974 0.44592696629213485 0.6278089887640449 0.4533005617977528 0.6271067415730337
0 0.3767556179775281 0.665496254681648 0.38395365168539325 0.6718164794007491 0.38412921348314605 0.6793071161048689 0.3792134831460674 0.7029494382022472 0.3734199438202247 0.7099719101123596 0.3669241573033708 0.7134831460674157 0.36235955056179775 0.7134831460674157 0.3553370786516854 0.7083333333333334 0.3512991573033708 0.699438202247191 0.3514747191011236 0.6886704119850188 0.35884831460674155 0.6711142322097379 0.3765800561797753 0.665496254681648
0 0.36850421348314605 0.5435393258426966 0.37745786516853935 0.5489232209737828 0.38009129213483145 0.5571161048689138 0.37816011235955055 0.5746722846441947 0.3714887640449438 0.5823970037453183 0.366748595505618 0.5840355805243446 0.35621488764044945 0.5830992509363296 0.3512991573033708 0.5798220973782772 0.3477879213483146 0.5723314606741573 0.347436797752809 0.5622659176029963 0.34866573033707865 0.5536048689138576 0.35217696629213485 0.547752808988764 0.36183286516853935 0.5433052434456929 0.36832865168539325 0.5435393258426966
0 0.26650280898876405 0.7080992509363296 0.27229634831460675 0.7148876404494382 0.27282303370786515 0.7244850187265918 0.27071629213483145 0.7308052434456929 0.2579002808988764 0.7516385767790262 0.24525983146067415 0.7595973782771536 0.23771067415730338 0.7579588014981273 0.23086376404494383 0.75 0.22910814606741572 0.7441479400749064 0.23086376404494383 0.7294007490636704 0.238061797752809 0.7195692883895131 0.258251404494382 0.7088014981273408 0.26632724719101125 0.7080992509363296
0 0.5610955056179775 0.7083333333333334 0.5693469101123596 0.7191011235955056 0.5725070224719101 0.7418071161048689 0.5677668539325843 0.7535112359550562 0.5581109550561798 0.7584269662921348 0.5500351123595506 0.7560861423220974 0.543188202247191 0.7483614232209738 0.5398525280898876 0.7265917602996255 0.5412570224719101 0.7193352059925093 0.545997191011236 0.7120786516853933 0.5544241573033708 0.7076310861423221 0.5609199438202247 0.7083333333333334
0 0.5268609550561798 0.7038857677902621 0.5330056179775281 0.7083333333333334 0.5373946629213483 0.716058052434457 0.5387991573033708 0.7291666666666666 0.5370435393258427 0.7413389513108615 0.5330056179775281 0.7471910112359551 0.526685393258427 0.7502340823970037 0.5182584269662921 0.7490636704119851 0.5105337078651685 0.7411048689138576 0.5084269662921348 0.7226123595505618 0.5121137640449438 0.7085674157303371 0.5224719101123596 0.7031835205992509 0.526685393258427 0.7038857677902621
0 0.3751755617977528 0.6247659176029963 0.3846558988764045 0.6334269662921348 0.38377808988764045 0.6509831460674157 0.37798455056179775 0.662687265917603 0.3734199438202247 0.6664325842696629 0.3653441011235955 0.6680711610486891 0.3590238764044944 0.6666666666666666 0.35235252808988765 0.6584737827715356 0.3534058988764045 0.6371722846441947 0.3595505617977528 0.6285112359550562 0.375 0.6247659176029963
0 0.6439606741573034 0.5304307116104869 0.6513342696629213 0.535814606741573 0.6578300561797753 0.5571161048689138 0.6550210674157303 0.5718632958801498 0.6458918539325843 0.5814606741573034 0.6464185393258427 0.5884831460674157 0.6395716292134831 0.5896535580524345 0.6379915730337079 0.5814606741573034 0.6264044943820225 0.5674157303370787 0.6264044943820225 0.5533707865168539 0.6293890449438202 0.5397940074906367 0.6343047752808989 0.5325374531835206 0.6437851123595506 0.5306647940074907
0 0.40537219101123595 0.6603464419475655 0.41116573033707865 0.6629213483146067 0.41485252808988765 0.6685393258426966 0.4155547752808989 0.6849250936329588 0.40923455056179775 0.7031835205992509 0.40308988764044945 0.7102059925093633 0.3950140449438202 0.7134831460674157 0.38360252808988765 0.7064606741573034 0.3811446629213483 0.6963951310861424 0.3825491573033708 0.6872659176029963 0.38939606741573035 0.670880149812734 0.40519662921348315 0.6603464419475655
0 0.670997191011236 0.6882022471910112 0.6853932584269663 0.7010767790262172 0.6925912921348315 0.7167602996254682 0.6925912921348315 0.7270599250936329 0.6899578651685393 0.7338483146067416 0.6811797752808989 0.7413389513108615 0.6752106741573034 0.7411048689138576 0.663623595505618 0.7312734082397003 0.6616924157303371 0.7169943820224719 0.657127808988764 0.7027153558052435 0.6581811797752809 0.6940543071161048 0.6652036516853933 0.6879681647940075 0.6708216292134831 0.6882022471910112
0 0.24385533707865167 0.5491573033707865 0.24859550561797752 0.5507958801498127 0.2535112359550562 0.5568820224719101 0.25280898876404495 0.5685861423220974 0.25491573033707865 0.5809925093632958 0.24841994382022473 0.5880149812734082 0.23911516853932585 0.5905898876404494 0.23121488764044945 0.5898876404494382 0.2266502808988764 0.5866104868913857 0.2226123595505618 0.5781835205992509 0.22173455056179775 0.5674157303370787 0.22331460674157302 0.5608614232209738 0.22963483146067415 0.5526685393258427 0.24367977528089887 0.5491573033707865
0 0.4332865168539326 0.5866104868913857 0.44013342696629215 0.5938670411985019 0.4417134831460674 0.6163389513108615 0.4359199438202247 0.6261704119850188 0.4274929775280899 0.6299157303370787 0.418188202247191 0.6280430711610487 0.41485252808988765 0.6228932584269663 0.41292134831460675 0.6132958801498127 0.4139747191011236 0.599250936329588 0.41660814606741575 0.5922284644194756 0.4216994382022472 0.588249063670412 0.4331109550561798 0.5866104868913857
0 0.27668539325842695 0.6624531835205992 0.27861657303370785 0.6647940074906367 0.27791432584269665 0.6683052434456929 0.27282303370786515 0.6779026217228464 0.2698384831460674 0.6931179775280899 0.2596558988764045 0.7066947565543071 0.24122191011235955 0.7153558052434457 0.23402387640449437 0.7118445692883895 0.2287570224719101 0.7029494382022472 0.22823033707865167 0.6924157303370787 0.230688202247191 0.6846910112359551 0.24157303370786518 0.673689138576779 0.27650983146067415 0.6624531835205992
0 0.6439606741573034 0.6523876404494382 0.655372191011236 0.6615168539325843 0.6578300561797753 0.6779026217228464 0.6518609550561798 0.6912453183520599 0.6446629213483146 0.6942883895131086 0.6299157303370787 0.6912453183520599 0.6227176966292135 0.6776685393258427 0.621313202247191 0.6692415730337079 0.6225421348314607 0.6612827715355806 0.6265800561797753 0.6556647940074907 0.6336025280898876 0.6523876404494382 0.6437851123595506 0.6523876404494382
0 0.3070575842696629 0.5463483146067416 0.31302668539325845 0.5498595505617978 0.31741573033707865 0.5571161048689138 0.31741573033707865 0.5746722846441947 0.3107443820224719 0.5838014981273408 0.30179073033707865 0.587312734082397 0.29353932584269665 0.586376404494382 0.289501404494382 0.5833333333333334 0.2856390449438202 0.5669475655430711 0.29195926966292135 0.5493913857677902 0.30021067415730335 0.5456460674157303 0.3068820224719101 0.5463483146067416
0 0.49122191011235955 0.5311329588014981 0.49894662921348315 0.5397940074906367 0.5026334269662921 0.5580524344569289 0.4982443820224719 0.5742041198501873 0.49473314606741575 0.5788857677902621 0.4898174157303371 0.5802902621722846 0.4808637640449438 0.5798220973782772 0.477001404494382 0.5742041198501873 0.47173455056179775 0.5465823970037453 0.480688202247191 0.5348782771535581 0.49104634831460675 0.5311329588014981
0 0.491748595505618 0.6247659176029963 0.49666432584269665 0.6261704119850188 0.5017556179775281 0.6324906367041199 0.508251404494382 0.6556647940074907 0.5059691011235955 0.6645599250936329 0.5 0.6701779026217228 0.4803370786516854 0.6666666666666666 0.47559691011235955 0.6619850187265918 0.472436797752809 0.6540262172284644 0.4722612359550562 0.6371722846441947 0.48103932584269665 0.62687265917603 0.49157303370786515 0.6247659176029963
0 0.40098314606741575 0.5842696629213483 0.4080056179775281 0.5868445692883895 0.41274578651685395 0.598314606741573 0.4137991573033708 0.6233614232209738 0.41151685393258425 0.6292134831460674 0.4044943820224719 0.6331928838951311 0.39518960674157305 0.6306179775280899 0.38570926966292135 0.6242977528089888 0.37991573033707865 0.6097846441947565 0.3827247191011236 0.5924625468164794 0.3886938202247191 0.5868445692883895 0.4008075842696629 0.5842696629213483
0 0.5819873595505618 0.5805243445692884 0.5883075842696629 0.5826310861423221 0.5942766853932584 0.5884831460674157 0.5962078651685393 0.600187265917603 0.592872191011236 0.6132958801498127 0.5881320224719101 0.6184456928838952 0.581811797752809 0.6200842696629213 0.5711025280898876 0.6172752808988764 0.5668890449438202 0.612125468164794 0.5653089887640449 0.6053370786516854 0.5667134831460674 0.5898876404494382 0.574438202247191 0.5823970037453183 0.581811797752809 0.5805243445692884
0 0.456811797752809 0.7066947565543071 0.46997893258426965 0.7088014981273408 0.47524578651685395 0.7205056179775281 0.477001404494382 0.7413389513108615 0.46611657303370785 0.7551498127340824 0.4669943820224719 0.7588951310861424 0.453125 0.75 0.4469803370786517 0.7411048689138576 0.44838483146067415 0.7174625468164794 0.45014044943820225 0.7127808988764045 0.4566362359550562 0.7066947565543071
0 0.7041783707865169 0.6044007490636704 0.7168188202247191 0.610252808988764 0.7210323033707865 0.6055711610486891 0.7238412921348315 0.6069756554307116 0.7262991573033708 0.6135299625468165 0.7262991573033708 0.6161048689138576 0.7215589887640449 0.6184456928838952 0.7194522471910112 0.6226591760299626 0.7168188202247191 0.6399812734082397 0.7134831460674157 0.6444288389513109 0.706811797752809 0.6474719101123596 0.6894311797752809 0.6458333333333334 0.6834620786516854 0.6336610486891385 0.6875 0.613061797752809 0.6964536516853933 0.6055711610486891 0.704002808988764 0.6044007490636704
0 0.6181530898876404 0.576310861423221 0.6269311797752809 0.5847378277153558 0.6307935393258427 0.6015917602996255 0.6271067415730337 0.6132958801498127 0.6197331460674157 0.6179775280898876 0.6012991573033708 0.6142322097378277 0.598314606741573 0.6072097378277154 0.5953300561797753 0.5887172284644194 0.6018258426966292 0.5770131086142322 0.6179775280898876 0.576310861423221
0 0.6174508426966292 0.6973314606741573 0.6267556179775281 0.7057584269662921 0.6314957865168539 0.7254213483146067 0.6300912921348315 0.7340823970037453 0.6230688202247191 0.7422752808988764 0.6197331460674157 0.7432116104868914 0.6121839887640449 0.7420411985018727 0.6046348314606742 0.735252808988764 0.5995435393258427 0.7139513108614233 0.6012991573033708 0.7052902621722846 0.6060393258426966 0.6996722846441947 0.6172752808988764 0.6973314606741573
0 0.3356741573033708 0.5449438202247191 0.3433988764044944 0.5484550561797753 0.34638342696629215 0.5536048689138576 0.34655898876404495 0.5742041198501873 0.3418188202247191 0.5828651685393258 0.3321629213483146 0.5854400749063671 0.3246137640449438 0.5847378277153558 0.3184691011235955 0.5777153558052435 0.31759129213483145 0.5596910112359551 0.324438202247191 0.5468164794007491 0.335498595505618 0.5449438202247191
0 0.27422752808988765 0.5472846441947565 0.28177668539325845 0.5500936329588015 0.2847612359550562 0.5540730337078652 0.2851123595505618 0.577247191011236 0.2793188202247191 0.5854400749063671 0.2696629213483146 0.5887172284644194 0.26457162921348315 0.588249063670412 0.2579002808988764 0.5833333333333334 0.2543890449438202 0.5767790262172284 0.25298455056179775 0.5669475655430711 0.2579002808988764 0.5529026217228464 0.2652738764044944 0.5484550561797753 0.27405196629213485 0.5472846441947565
0 0.5828651685393258 0.6221910112359551 0.5893609550561798 0.6238295880149812 0.5932233146067416 0.6280430711610487 0.5963834269662921 0.636938202247191 0.5970856741573034 0.6474719101123596 0.5921699438202247 0.6596441947565543 0.5784761235955056 0.6633895131086143 0.5677668539325843 0.6601123595505618 0.5642556179775281 0.6514513108614233 0.5668890449438202 0.6371722846441947 0.5728581460674157 0.6252340823970037 0.582689606741573 0.6221910112359551
0 0.3514747191011236 0.6306179775280899 0.3534058988764045 0.6336610486891385 0.35094803370786515 0.6631554307116105 0.34252106741573035 0.6711142322097379 0.331811797752809 0.673689138576779 0.324438202247191 0.6692415730337079 0.32110252808988765 0.6619850187265918 0.3218047752808989 0.6509831460674157 0.32724719101123595 0.6355337078651685 0.33497191011235955 0.6310861423220974 0.3512991573033708 0.6306179775280899
0 0.47120786516853935 0.6650280898876404 0.4780547752808989 0.6690074906367042 0.48191713483146065 0.6797752808988764 0.47787921348314605 0.6996722846441947 0.4703300561797753 0.7088014981273408 0.4550561797752809 0.7050561797752809 0.44803370786516855 0.6963951310861424 0.44662921348314605 0.6879681647940075 0.44803370786516855 0.6786048689138576 0.45207162921348315 0.6718164794007491 0.4710323033707865 0.6650280898876404
1 0.5187851123595506 0.5957397003745318 0.029845505617977528 0.039794007490636704
1 0.5490695224719101 0.5928136704119851 0.030723314606741572 0.03394194756554307
1 0.5209796348314607 0.6331928838951311 0.028967696629213485 0.042134831460674156
1 0.5521418539325843 0.6349485018726592 0.029845505617977528 0.03394194756554307
1 0.40291432584269665 0.6437265917602997 0.03160112359550562 0.03277153558052434
1 0.43232092696629215 0.6437265917602997 0.027212078651685394 0.03745318352059925
1 0.6697682584269663 0.5530196629213483 0.028089887640449437 0.03394194756554307
1 0.6943469101123596 0.5483380149812734 0.02457865168539326 0.03394194756554307
1 0.6991748595505618 0.5875468164794008 0.023700842696629212 0.0351123595505618
1 0.6715238764044944 0.6308520599250936 0.026334269662921347 0.0351123595505618
1 0.6754740168539326 0.6694756554307116 0.03774578651685393 0.039794007490636704
1 0.7075140449438202 0.6694756554307116 0.029845505617977528 0.04681647940074907
1 0.703563904494382 0.7121956928838952 0.03774578651685393 0.04564606741573034
1 0.4002808988764045 0.7350187265917603 0.028089887640449437 0.039794007490636704
1 0.36385182584269665 0.7350187265917603 0.030723314606741572 0.0351123595505618
1 0.332250702247191 0.7356039325842697 0.03423455056179775 0.038623595505617975
1 0.2953827247191011 0.7326779026217228 0.03423455056179775 0.039794007490636704
1 0.29362710674157305 0.6882022471910112 0.03247893258426966 0.039794007490636704
1 0.3123244382022472 0.6058052434456929 0.017907303370786515 0.042134831460674156
1 0.28581460674157305 0.6074438202247191 0.027387640449438203 0.032303370786516857
1 0.25509129213483145 0.6090823970037453 0.02914325842696629 0.03464419475655431
1 0.28581460674157305 0.6472378277153558 0.02598314606741573 0.032303370786516857
1 0.2554424157303371 0.6495786516853933 0.02914325842696629 0.03604868913857678
2 0.22866573033707865 0.545880149812734 0.7203230337078652 0.525749063670412 0.7231320224719101 0.7397003745318352 0.22875 0.7598314606741573