2 0.3522940660112359 0.2949438202247191 0.6454822682584269 0.3089887640449438 0.6349485603932584 0.7045880149812734 0.33707865168539325 0.6905430711610487
1 0.3727756320224719 0.32576544943820224 0.033941362359550566 0.04447565543071161
1 0.40671875 0.32732443820224716 0.028089887640449437 0.04759597378277154
1 0.3982320926966292 0.37102059925093633 0.02282303370786517 0.03199204119850187
1 0.37072858146067417 0.4112055243445693 0.029845505617977528 0.03745318352059925
1 0.36575316011235953 0.5372191011235955 0.030430126404494384 0.03823267790262173
1 0.3651685393258427 0.618368445692884 0.026918890449438203 0.03667368913857678
1 0.4626053370786517 0.6214887640449438 0.025163272471910116 0.0351123595505618
1 0.46318995786516853 0.5383895131086143 0.026334269662921347 0.03745318352059925
1 0.43451544943820225 0.4946933520599251 0.026334269662921347 0.034332865168539325
1 0.46494557584269663 0.49625468164794007 0.023994030898876403 0.035891853932584275
1 0.46611657303370785 0.4591924157303371 0.02282303370786517 0.02886938202247191
1 0.5559462780898876 0.37843398876404494 0.023407654494382025 0.035891853932584275
1 0.5544820926966292 0.4658239700374532 0.02165203651685393 0.02965121722846442
1 0.5547752808988764 0.5040566479400749 0.02457865168539326 0.034332865168539325
1 0.5228809691011236 0.5840355805243446 0.028674508426966294 0.03667368913857678
1 0.5837429775280899 0.5859854868913857 0.025163272471910116 0.02965121722846442
1 0.5834497893258427 0.6257794943820224 0.026918890449438203 0.03745318352059925
1 0.5512640449438202 0.6686961610486891 0.029260884831460672 0.042134831460674156
0 0.35445926966292135 0.35908239700374533 0.35428370786516855 0.3677434456928839 0.3577949438202247 0.3780430711610487 0.3655196629213483 0.38553370786516855 0.36990870786516855 0.3883426966292135 0.3730688202247191 0.3892790262172285 0.3765800561797753 0.3890449438202247 0.3846558988764045 0.3813202247191011 0.3862359550561798 0.37640449438202245 0.3844803370786517 0.3661048689138577 0.38360252808988765 0.36446629213483145 0.38149578651685395 0.36329588014981273 0.3790379213483146 0.35603932584269665 0.3732443820224719 0.34737827715355807 0.36587078651685395 0.34573970037453183 0.3611306179775281 0.34784644194756553 0.359375 0.34901685393258425 0.3555126404494382 0.35580524344569286
0 0.35287921348314605 0.4417134831460674 0.35252808988764045 0.4529494382022472 0.35428370786516855 0.4571629213483146 0.36025280898876405 0.4648876404494382 0.3632373595505618 0.46652621722846443 0.366748595505618 0.4669943820224719 0.37359550561797755 0.4660580524344569 0.38219803370786515 0.4627808988764045 0.3827247191011236 0.45997191011235955 0.38167134831460675 0.45575842696629215 0.38360252808988765 0.449438202247191 0.38219803370786515 0.4463951310861423 0.3811446629213483 0.43913857677902624 0.3771067415730337 0.4328183520599251 0.3730688202247191 0.4286048689138577 0.3688553370786517 0.42696629213483145 0.36218398876404495 0.4276685393258427 0.35832162921348315 0.4307116104868914 0.35463483146067415 0.43586142322097376
0 0.355688202247191 0.5046816479400749 0.35603932584269665 0.5091292134831461 0.3549859550561798 0.5156835205992509 0.3558637640449438 0.5191947565543071 0.35797050561797755 0.5198970037453183 0.359375 0.5227059925093633 0.36271067415730335 0.5245786516853933 0.3707865168539326 0.5224719101123596 0.3806179775280899 0.5163857677902621 0.38342696629213485 0.5121722846441947 0.38360252808988765 0.5088951310861424 0.38570926966292135 0.50187265917603 0.38535814606741575 0.4911048689138577 0.3830758426966292 0.4845505617977528 0.38009129213483145 0.4812734082397004 0.37377106741573035 0.4798689138576779 0.36622191011235955 0.48080524344569286 0.36271067415730335 0.4836142322097378 0.35990168539325845 0.488061797752809
0 0.3479634831460674 0.579119850187266 0.34708567415730335 0.5877808988764045 0.34849016853932585 0.5955056179775281 0.35217696629213485 0.6013576779026217 0.3555126404494382 0.6039325842696629 0.3637640449438202 0.6046348314606742 0.3693820224719101 0.602996254681648 0.37377106741573035 0.5980805243445693 0.3788623595505618 0.5957397003745318 0.38167134831460675 0.588249063670412 0.3804424157303371 0.5756086142322098 0.3809691011235955 0.5674157303370787 0.37991573033707865 0.5641385767790262 0.3693820224719101 0.5629681647940075 0.3655196629213483 0.5629681647940075 0.36183286516853935 0.5641385767790262 0.3514747191011236 0.5709269662921348
0 0.3479634831460674 0.6554307116104869 0.3455056179775281 0.6612827715355806 0.3460323033707865 0.6753277153558053 0.3472612359550562 0.6797752808988764 0.3500702247191011 0.6844569288389513 0.3516502808988764 0.6851591760299626 0.3553370786516854 0.6858614232209738 0.36007724719101125 0.6851591760299626 0.36657303370786515 0.6821161048689138 0.37008426966292135 0.6783707865168539 0.37236657303370785 0.6685393258426966 0.37605337078651685 0.6612827715355806 0.37570224719101125 0.6580056179775281 0.37043539325842695 0.6493445692883895 0.36622191011235955 0.6453651685393258 0.36271067415730335 0.6444288389513109 0.3570926966292135 0.6455992509363296 0.35217696629213485 0.648876404494382
0 0.375 0.6781367041198502 0.375 0.6926498127340824 0.3771067415730337 0.6959269662921348 0.38009129213483145 0.6980337078651685 0.38395365168539325 0.6999063670411985 0.3871137640449438 0.7001404494382022 0.39396067415730335 0.6931179775280899 0.3987008426966292 0.6849250936329588 0.40168539325842695 0.6823501872659176 0.4020365168539326 0.6748595505617978 0.40098314606741575 0.6643258426966292 0.3981741573033708 0.660814606741573 0.39747191011235955 0.6577715355805244 0.3941362359550562 0.6558988764044944 0.38781601123595505 0.6542602996254682 0.38342696629213485 0.6558988764044944 0.37798455056179775 0.6612827715355806 0.37552668539325845 0.6713483146067416
0 0.3734199438202247 0.6266385767790262 0.3734199438202247 0.6301498127340824 0.37236657303370785 0.6329588014981273 0.3730688202247191 0.6406835205992509 0.3765800561797753 0.6493445692883895 0.38781601123595505 0.6493445692883895 0.3904494382022472 0.6458333333333334 0.3944873595505618 0.6432584269662921 0.40168539325842695 0.6336610486891385 0.402563202247191 0.6303838951310862 0.40168539325842695 0.6193820224719101 0.39747191011235955 0.6100187265917603 0.39396067415730335 0.6074438202247191 0.39132724719101125 0.6081460674157303 0.3871137640449438 0.6053370786516854 0.38360252808988765 0.6081460674157303 0.37605337078651685 0.6165730337078652
0 0.3848314606741573 0.5709269662921348 0.38377808988764045 0.574438202247191 0.3844803370786517 0.5866104868913857 0.38816713483146065 0.5929307116104869 0.39009831460674155 0.5938670411985019 0.40519662921348315 0.5943352059925093 0.40905898876404495 0.5933988764044944 0.41274578651685395 0.5905898876404494 0.4159058988764045 0.5866104868913857 0.4174859550561798 0.5814606741573034 0.41713483146067415 0.56062734082397 0.41309691011235955 0.5557116104868914 0.4123946629213483 0.5536048689138576 0.4080056179775281 0.5517322097378277 0.39764747191011235 0.5533707865168539 0.39378511235955055 0.5554775280898876
0 0.3793890449438202 0.5381554307116105 0.37956460674157305 0.5411985018726592 0.38219803370786515 0.5472846441947565 0.38746488764044945 0.5517322097378277 0.39782303370786515 0.5522003745318352 0.4080056179775281 0.548689138576779 0.4097612359550562 0.5472846441947565 0.4122191011235955 0.5433052434456929 0.41502808988764045 0.5290262172284644 0.41485252808988765 0.5213014981273408 0.41344803370786515 0.5173220973782772 0.41151685393258425 0.5154494382022472 0.4041432584269663 0.5152153558052435 0.3944873595505618 0.5114700374531835 0.3909761235955056 0.5124063670411985 0.3848314606741573 0.5215355805243446
0 0.38992275280898875 0.48829588014981273 0.38992275280898875 0.49836142322097376 0.39132724719101125 0.5030430711610487 0.3941362359550562 0.5086610486891385 0.40502106741573035 0.5124063670411985 0.41116573033707865 0.5114700374531835 0.4137991573033708 0.5072565543071161 0.4155547752808989 0.5011704119850188 0.4160814606741573 0.4911048689138577 0.4137991573033708 0.4833801498127341 0.41116573033707865 0.4791666666666667 0.40502106741573035 0.476123595505618 0.397998595505618 0.477059925093633 0.3929073033707865 0.48057116104868913 0.3908005617977528 0.48431647940074907
0 0.39396067415730335 0.43913857677902624 0.394311797752809 0.4426498127340824 0.3922050561797753 0.4447565543071161 0.39009831460674155 0.44967228464419473 0.39132724719101125 0.45529026217228463 0.39115168539325845 0.461376404494382 0.3927317415730337 0.4674625468164794 0.3999297752808989 0.4737827715355805 0.40379213483146065 0.47401685393258425 0.41116573033707865 0.47097378277153557 0.4164325842696629 0.46512172284644193 0.4174859550561798 0.4616104868913858 0.418188202247191 0.4520131086142322 0.4162570224719101 0.4426498127340824 0.414501404494382 0.43913857677902624 0.40730337078651685 0.43609550561797755 0.40344101123595505 0.43562734082397003 0.40133426966292135 0.4363295880149813 0.39764747191011235 0.43469101123595505 0.3962429775280899 0.43562734082397003 0.3960674157303371 0.43796816479400746
0 0.3886938202247191 0.39396067415730335 0.38799157303370785 0.4014513108614232 0.3904494382022472 0.4110486891385768 0.39009831460674155 0.41853932584269665 0.39308286516853935 0.4250936329588015 0.39712078651685395 0.42930711610486894 0.40133426966292135 0.43141385767790263 0.4081811797752809 0.43211610486891383 0.4120435393258427 0.4307116104868914 0.4164325842696629 0.424625468164794 0.41853932584269665 0.4166666666666667 0.41871488764044945 0.4075374531835206 0.41713483146067415 0.40098314606741575 0.4155547752808989 0.39747191011235955 0.40923455056179775 0.3925561797752809 0.40115870786516855 0.3890449438202247 0.39396067415730335 0.38857677902621723
0 0.4116924157303371 0.3663389513108614 0.41116573033707865 0.3780430711610487 0.409936797752809 0.38038389513108617 0.41151685393258425 0.3827247191011236 0.4125702247191011 0.386938202247191 0.41485252808988765 0.3913857677902622 0.4183637640449438 0.3946629213483146 0.4201193820224719 0.39442883895131087 0.42134831460674155 0.3955992509363296 0.42099719101123595 0.3972378277153558 0.4220505617977528 0.3977059925093633 0.4253862359550562 0.3970037453183521 0.4273174157303371 0.3946629213483146 0.4320575842696629 0.39279026217228463 0.4332865168539326 0.39115168539325845 0.4336376404494382 0.38670411985018727 0.43609550561797755 0.38108614232209737 0.43697331460674155 0.37523408239700373 0.4357443820224719 0.3693820224719101 0.4311797752808989 0.36118913857677903 0.42837078651685395 0.35884831460674155 0.42134831460674155 0.3579119850187266 0.4180126404494382 0.35931647940074907
0 0.41344803370786515 0.32724719101123595 0.41327247191011235 0.3326310861423221 0.4139747191011236 0.3377808988764045 0.4183637640449438 0.3497191011235955 0.4216994382022472 0.351123595505618 0.43258426966292135 0.3522940074906367 0.4371488764044944 0.3508895131086142 0.43855337078651685 0.34925093632958804 0.4394311797752809 0.34597378277153557 0.4392556179775281 0.34152621722846443 0.44013342696629215 0.3389513108614232 0.44083567415730335 0.3312265917602996 0.4392556179775281 0.32420411985018727 0.43627106741573035 0.31952247191011235 0.42889747191011235 0.31530898876404495 0.421875 0.3157771535580524 0.4159058988764045 0.32162921348314605
0 0.44469803370786515 0.3312265917602996 0.44469803370786515 0.34222846441947563 0.4429424157303371 0.3471441947565543 0.44276685393258425 0.3506554307116105 0.44610252808988765 0.35908239700374533 0.45259831460674155 0.3616573033707865 0.456811797752809 0.3583801498127341 0.45997191011235955 0.3595505617977528 0.46225421348314605 0.35767790262172283 0.4666432584269663 0.35603932584269665 0.47120786516853935 0.3522940074906367 0.4747191011235955 0.3466760299625468 0.4741924157303371 0.34058988764044945 0.4748946629213483 0.33848314606741575 0.47349016853932585 0.3345037453183521 0.47401685393258425 0.33146067415730335 0.47191011235955055 0.3291198501872659 0.4706811797752809 0.324438202247191 0.4669943820224719 0.31952247191011235 0.4585674157303371 0.3176498127340824 0.45400280898876405 0.3188202247191011 0.4490870786516854 0.32209737827715357 0.44592696629213485 0.32724719101123595
0 0.45435393258426965 0.37523408239700373 0.45400280898876405 0.3801498127340824 0.4566362359550562 0.3904494382022472 0.45979634831460675 0.39396067415730335 0.4664676966292135 0.3958333333333333 0.47384129213483145 0.39536516853932585 0.47717696629213485 0.39396067415730335 0.47910814606741575 0.3904494382022472 0.48121488764044945 0.3801498127340824 0.48103932584269665 0.37312734082397003 0.47735252808988765 0.36352996254681647 0.47384129213483145 0.3607209737827715 0.4664676966292135 0.35978464419475653 0.46225421348314605 0.36118913857677903 0.4573384831460674 0.3661048689138577 0.45575842696629215 0.36914794007490637
0 0.42134831460674155 0.4173689138576779 0.421875 0.4234550561797753 0.4234550561797753 0.42485955056179775 0.42450842696629215 0.4302434456928839 0.42521067415730335 0.4318820224719101 0.4257373595505618 0.43164794007490637 0.4281952247191011 0.43913857677902624 0.4320575842696629 0.4426498127340824 0.43609550561797755 0.44241573033707865 0.44048455056179775 0.43913857677902624 0.44610252808988765 0.4311797752808989 0.44627808988764045 0.42907303370786515 0.44785814606741575 0.425561797752809 0.4476825842696629 0.4089419475655431 0.45066713483146065 0.40098314606741575 0.45031601123595505 0.39747191011235955 0.44276685393258425 0.3895131086142322 0.43855337078651685 0.39279026217228463 0.43679775280898875 0.3955992509363296 0.4297752808988764 0.39747191011235955 0.42696629213483145 0.4012172284644195 0.4238061797752809 0.40777153558052437 0.4257373595505618 0.41292134831460675 0.4236306179775281 0.4152621722846442 0.421875 0.4157303370786517
0 0.42433286516853935 0.4580992509363296 0.4238061797752809 0.4637172284644195 0.42521067415730335 0.4758895131086142 0.42872191011235955 0.48010299625468167 0.42872191011235955 0.48782771535580527 0.4320575842696629 0.49040262172284643 0.4371488764044944 0.48852996254681647 0.4415379213483146 0.4833801498127341 0.44610252808988765 0.48080524344569286 0.44978932584269665 0.476123595505618 0.45224719101123595 0.47027153558052437 0.45207162921348315 0.46676029962546817 0.4533005617977528 0.46324906367041196 0.44978932584269665 0.45224719101123595 0.44276685393258425 0.44499063670411987 0.4392556179775281 0.44499063670411987 0.4273174157303371 0.4517790262172285 0.42485955056179775 0.45552434456928836
0 0.42099719101123595 0.5615636704119851 0.41889044943820225 0.5671816479400749 0.41906601123595505 0.575374531835206 0.4197682584269663 0.5849719101123596 0.42117275280898875 0.5896535580524345 0.42310393258426965 0.5929307116104869 0.425561797752809 0.5962078651685393 0.429248595505618 0.599250936329588 0.43872893258426965 0.6013576779026217 0.44083567415730335 0.6004213483146067 0.44592696629213485 0.5955056179775281 0.4511938202247191 0.5784176029962547 0.4508426966292135 0.574438202247191 0.4469803370786517 0.5641385767790262 0.44206460674157305 0.5599250936329588 0.4357443820224719 0.5575842696629213 0.42854634831460675 0.5573501872659176 0.42503511235955055 0.5582865168539326
0 0.4058988764044944 0.613061797752809 0.40537219101123595 0.6161048689138576 0.40572331460674155 0.6233614232209738 0.40695224719101125 0.6285112359550562 0.4123946629213483 0.6345973782771536 0.4183637640449438 0.637874531835206 0.43223314606741575 0.638810861423221 0.44013342696629215 0.6301498127340824 0.4396067415730337 0.6161048689138576 0.43820224719101125 0.6128277153558053 0.4376755617977528 0.6065074906367042 0.4336376404494382 0.6020599250936329 0.4238061797752809 0.5990168539325843 0.421875 0.5976123595505618 0.41853932584269665 0.5994850187265918 0.41151685393258425 0.600187265917603 0.4083567415730337 0.6051029962546817
0 0.40625 0.6605805243445693 0.40695224719101125 0.6652621722846442 0.4060744382022472 0.6694756554307116 0.40712780898876405 0.6713483146067416 0.40625 0.6753277153558053 0.40695224719101125 0.6776685393258427 0.41134129213483145 0.6816479400749064 0.41695926966292135 0.6821161048689138 0.41941713483146065 0.6800093632958801 0.42327949438202245 0.6786048689138576 0.43223314606741575 0.6647940074906367 0.43275983146067415 0.6575374531835206 0.4318820224719101 0.650749063670412 0.430126404494382 0.6451310861423221 0.4262640449438202 0.6411516853932584 0.42240168539325845 0.6399812734082397 0.41485252808988765 0.6404494382022472 0.4102879213483146 0.6432584269662921 0.4080056179775281 0.6474719101123596 0.4066011235955056 0.6542602996254682
0 0.43469101123595505 0.6455992509363296 0.43451544943820225 0.6474719101123596 0.43644662921348315 0.6512172284644194 0.43609550561797755 0.6580056179775281 0.43504213483146065 0.6610486891385767 0.4355688202247191 0.6645599250936329 0.43820224719101125 0.6715823970037453 0.44259129213483145 0.6764981273408239 0.44610252808988765 0.6788389513108615 0.45066713483146065 0.6786048689138576 0.45382724719101125 0.6769662921348315 0.4633075842696629 0.6612827715355806 0.4652387640449438 0.6544943820224719 0.46418539325842695 0.6509831460674157 0.460498595505618 0.6439606741573034 0.4492626404494382 0.6357677902621723 0.44241573033707865 0.6352996254681648 0.4396067415730337 0.636938202247191 0.44083567415730335 0.639747191011236 0.4378511235955056 0.6420880149812734 0.4357443820224719 0.6420880149812734
0 0.4554073033707865 0.5676498127340824 0.45610955056179775 0.5716292134831461 0.45259831460674155 0.5809925093632958 0.4527738764044944 0.591058052434457 0.4552317415730337 0.6004213483146067 0.4587429775280899 0.6039325842696629 0.4629564606741573 0.6055711610486891 0.47015449438202245 0.6048689138576779 0.47401685393258425 0.6022940074906367 0.476123595505618 0.5987827715355806 0.4787570224719101 0.5875468164794008 0.47770365168539325 0.5777153558052435 0.47384129213483145 0.5683520599250936 0.4705056179775281 0.5641385767790262 0.4643609550561798 0.5636704119850188 0.4569873595505618 0.5660112359550562
0 0.45049157303370785 0.40777153558052437 0.4496137640449438 0.41034644194756553 0.45014044943820225 0.42181647940074907 0.45224719101123595 0.4286048689138577 0.4547050561797753 0.43211610486891383 0.4554073033707865 0.4353932584269663 0.4587429775280899 0.43937265917602997 0.4648876404494382 0.4410112359550562 0.472436797752809 0.4396067415730337 0.476123595505618 0.4363295880149813 0.4805126404494382 0.4288389513108614 0.4808637640449438 0.4147940074906367 0.47752808988764045 0.4066011235955056 0.47366573033707865 0.40191947565543074 0.46734550561797755 0.4002808988764045 0.45646067415730335 0.399812734082397 0.4547050561797753 0.40098314606741575 0.45382724719101125 0.4044943820224719
0 0.4841994382022472 0.325374531835206 0.4841994382022472 0.33192883895131087 0.48577949438202245 0.33614232209737827 0.48542837078651685 0.3419943820224719 0.4884129213483146 0.3455056179775281 0.48735955056179775 0.34901685393258425 0.48911516853932585 0.352059925093633 0.49473314606741575 0.35252808988764045 0.49754213483146065 0.3506554307116105 0.5038623595505618 0.3487827715355805 0.5077247191011236 0.3443352059925094 0.5103581460674157 0.33286516853932585 0.511060393258427 0.3237359550561798 0.5093047752808989 0.31647940074906367 0.5066713483146067 0.31273408239700373 0.5005266853932584 0.3103932584269663 0.49332865168539325 0.31062734082397003 0.488061797752809 0.3155430711610487 0.48525280898876405 0.3213951310861423
0 0.4866573033707865 0.4014513108614232 0.48525280898876405 0.40777153558052437 0.48560393258426965 0.41151685393258425 0.4882373595505618 0.41947565543071164 0.49139747191011235 0.4234550561797753 0.4977176966292135 0.4267322097378277 0.5015800561797753 0.42696629213483145 0.5050912921348315 0.4250936329588015 0.5084269662921348 0.4208801498127341 0.5101825842696629 0.4143258426966292 0.5100070224719101 0.4054307116104869 0.5091292134831461 0.40262172284644193 0.5052668539325843 0.3967696629213483 0.4982443820224719 0.3937265917602996 0.49473314606741575 0.3937265917602996 0.4899929775280899 0.39630149812734083
0 0.4824438202247191 0.4447565543071161 0.4808637640449438 0.44967228464419473 0.4808637640449438 0.46348314606741575 0.48507724719101125 0.4683988764044944 0.4922752808988764 0.47191011235955055 0.49490870786516855 0.47191011235955055 0.4998244382022472 0.4700374531835206 0.5035112359550562 0.4653558052434457 0.5061446629213483 0.4597378277153558 0.5066713483146067 0.4515449438202247 0.5059691011235955 0.4473314606741573 0.5056179775280899 0.44592696629213485 0.5015800561797753 0.44124531835205993 0.49490870786516855 0.43796816479400746 0.4906952247191011 0.43773408239700373 0.4845505617977528 0.4407771535580524
0 0.4787570224719101 0.49625468164794007 0.47910814606741575 0.5058520599250936 0.4799859550561798 0.5095973782771536 0.4824438202247191 0.5154494382022472 0.484375 0.5170880149812734 0.4957865168539326 0.5182584269662921 0.5012289325842697 0.5173220973782772 0.5038623595505618 0.5154494382022472 0.5043890449438202 0.511938202247191 0.5070224719101124 0.5053838951310862 0.5057935393258427 0.4943820224719101 0.503686797752809 0.4887640449438202 0.5017556179775281 0.4857209737827715 0.4977176966292135 0.4824438202247191 0.4906952247191011 0.4815074906367041 0.4840238764044944 0.48408239700374533 0.4799859550561798 0.49040262172284643
0 0.47524578651685395 0.540496254681648 0.47542134831460675 0.550561797752809 0.47717696629213485 0.5571161048689138 0.480688202247191 0.56062734082397 0.48718398876404495 0.5641385767790262 0.49157303370786515 0.56437265917603 0.4956109550561798 0.5627340823970037 0.5015800561797753 0.5573501872659176 0.5031601123595506 0.5538389513108615 0.5038623595505618 0.545880149812734 0.5029845505617978 0.5374531835205992 0.49929775280898875 0.5294943820224719 0.49508426966292135 0.5255149812734082 0.491748595505618 0.5243445692883895 0.48718398876404495 0.5243445692883895 0.48384831460674155 0.525749063670412 0.477001404494382 0.5337078651685393
0 0.4824438202247191 0.5774812734082397 0.4822682584269663 0.5814606741573034 0.4840238764044944 0.5849719101123596 0.48367275280898875 0.5945692883895131 0.484375 0.5976123595505618 0.49508426966292135 0.6027621722846442 0.5012289325842697 0.6013576779026217 0.5061446629213483 0.5966760299625468 0.5080758426966292 0.5884831460674157 0.508251404494382 0.5814606741573034 0.5052668539325843 0.5713951310861424 0.5017556179775281 0.5678838951310862 0.49543539325842695 0.5667134831460674 0.4898174157303371 0.5690543071161048 0.4847261235955056 0.572565543071161
0 0.47366573033707865 0.62312734082397 0.4750702247191011 0.6364700374531835 0.47349016853932585 0.6406835205992509 0.4750702247191011 0.6420880149812734 0.4841994382022472 0.6453651685393258 0.4905196629213483 0.6451310861423221 0.49543539325842695 0.6432584269662921 0.4977176966292135 0.6413857677902621 0.5005266853932584 0.6341292134831461 0.5010533707865169 0.6285112359550562 0.5 0.6128277153558053 0.49754213483146065 0.6088483146067416 0.49508426966292135 0.6072097378277154 0.49157303370786515 0.6060393258426966 0.488061797752809 0.6062734082397003 0.48191713483146065 0.6093164794007491 0.47735252808988765 0.613061797752809
0 0.46558988764044945 0.6683052434456929 0.46558988764044945 0.6734550561797753 0.4669943820224719 0.6783707865168539 0.47155898876404495 0.68562734082397 0.47366573033707865 0.6867977528089888 0.4808637640449438 0.6865636704119851 0.48771067415730335 0.6853932584269663 0.49157303370786515 0.6823501872659176 0.49525983146067415 0.6748595505617978 0.4964887640449438 0.6647940074906367 0.49543539325842695 0.6580056179775281 0.49139747191011235 0.6502808988764045 0.484375 0.647003745318352 0.47735252808988765 0.6463014981273408 0.4741924157303371 0.6486423220973783 0.4703300561797753 0.6537921348314607 0.46804775280898875 0.6584737827715356
0 0.5042134831460674 0.6067415730337079 0.5038623595505618 0.6093164794007491 0.5047401685393258 0.6179775280898876 0.5042134831460674 0.62687265917603 0.5084269662921348 0.6341292134831461 0.511938202247191 0.6371722846441947 0.5150983146067416 0.6385767790262172 0.5207162921348315 0.6383426966292135 0.526685393258427 0.6345973782771536 0.5294943820224719 0.6308520599250936 0.5317766853932584 0.6240636704119851 0.5323033707865169 0.6156367041198502 0.5310744382022472 0.6090823970037453 0.5277387640449438 0.6046348314606742 0.5221207865168539 0.6004213483146067 0.5191362359550562 0.5994850187265918 0.5121137640449438 0.5997191011235955 0.5100070224719101 0.6015917602996255 0.5084269662921348 0.6018258426966292 0.5047401685393258 0.6053370786516854
0 0.511060393258427 0.6678370786516854 0.511060393258427 0.6788389513108615 0.5154494382022472 0.6889044943820225 0.5217696629213483 0.6917134831460674 0.5259831460674157 0.6919475655430711 0.5326544943820225 0.6900749063670412 0.5361657303370787 0.68562734082397 0.5380969101123596 0.6783707865168539 0.5384480337078652 0.6680711610486891 0.5370435393258427 0.6633895131086143 0.5330056179775281 0.6558988764044944 0.5261587078651685 0.6521535580524345 0.5224719101123596 0.6512172284644194 0.5142205056179775 0.6577715355805244
0 0.5068469101123596 0.5388576779026217 0.5066713483146067 0.5503277153558053 0.5086025280898876 0.5582865168539326 0.5100070224719101 0.5594569288389513 0.5142205056179775 0.5603932584269663 0.519311797752809 0.5596910112359551 0.5287921348314607 0.5550093632958801 0.5344101123595506 0.549625468164794 0.5359901685393258 0.5461142322097379 0.5379213483146067 0.5381554307116105 0.5380969101123596 0.5297284644194756 0.5363412921348315 0.5236423220973783 0.5324789325842697 0.5184925093632958 0.5258075842696629 0.5159176029962547 0.5186095505617978 0.514747191011236 0.5145716292134831 0.5168539325842697 0.5094803370786517 0.5224719101123596 0.5080758426966292 0.5264513108614233
0 0.511938202247191 0.48829588014981273 0.5117626404494382 0.4953183520599251 0.5133426966292135 0.5042134831460674 0.5150983146067416 0.5072565543071161 0.5189606741573034 0.510065543071161 0.5261587078651685 0.510065543071161 0.532127808988764 0.5074906367041199 0.5347612359550562 0.5044475655430711 0.5368679775280899 0.49836142322097376 0.5373946629213483 0.4911048689138577 0.5359901685393258 0.48431647940074907 0.5338834269662921 0.4798689138576779 0.5287921348314607 0.4758895131086142 0.5222963483146067 0.475187265917603 0.5177317415730337 0.477059925093633 0.5138693820224719 0.48080524344569286 0.5124648876404494 0.48431647940074907
0 0.5133426966292135 0.44897003745318353 0.5131671348314607 0.45669475655430714 0.515625 0.46886704119850187 0.5170294943820225 0.4700374531835206 0.5256320224719101 0.4726123595505618 0.5326544943820225 0.4721441947565543 0.5351123595505618 0.46980337078651685 0.538623595505618 0.4648876404494382 0.5414325842696629 0.45575842696629215 0.5416081460674157 0.45271535580524347 0.5405547752808989 0.4461610486891386 0.5387991573033708 0.44124531835205993 0.5363412921348315 0.4375 0.5328300561797753 0.4353932584269663 0.5231741573033708 0.436563670411985 0.5175561797752809 0.43913857677902624 0.5152738764044944 0.4421816479400749
0 0.511938202247191 0.40426029962546817 0.5117626404494382 0.4122191011235955 0.514747191011236 0.42790262172284643 0.5140449438202247 0.43211610486891383 0.5154494382022472 0.43375468164794007 0.5296699438202247 0.43211610486891383 0.5280898876404494 0.43047752808988765 0.5282654494382022 0.42837078651685395 0.5333567415730337 0.4262640449438202 0.5363412921348315 0.42181647940074907 0.5373946629213483 0.4147940074906367 0.5368679775280899 0.4101123595505618 0.5377457865168539 0.4044943820224719 0.5361657303370787 0.40098314606741575 0.5356390449438202 0.3972378277153558 0.5344101123595506 0.3958333333333333 0.5263342696629213 0.39185393258426965 0.5214185393258427 0.3920880149812734 0.5166783707865169 0.39536516853932585
0 0.48542837078651685 0.374063670411985 0.48525280898876405 0.3782771535580524 0.4861306179775281 0.38319288389513106 0.48771067415730335 0.3874063670411985 0.4901685393258427 0.3904494382022472 0.49315308988764045 0.3916198501872659 0.5057935393258427 0.39325842696629215 0.5126404494382022 0.3904494382022472 0.5136938202247191 0.38670411985018727 0.5154494382022472 0.38506554307116103 0.5180828651685393 0.37687265917602997 0.5184339887640449 0.36587078651685395 0.516502808988764 0.3607209737827715 0.511938202247191 0.35463483146067415 0.507373595505618 0.3522940074906367 0.5014044943820225 0.35159176029962547 0.4945575842696629 0.3548689138576779 0.4920997191011236 0.35720973782771537 0.48964185393258425 0.36142322097378277
0 0.5100070224719101 0.34620786516853935 0.5098314606741573 0.3487827715355805 0.5114115168539326 0.352059925093633 0.515625 0.35720973782771537 0.5189606741573034 0.3583801498127341 0.5247542134831461 0.35767790262172283 0.5363412921348315 0.3518258426966292 0.538623595505618 0.3485486891385768 0.5417837078651685 0.33497191011235955 0.5366924157303371 0.3169475655430712 0.5338834269662921 0.3146067415730337 0.5256320224719101 0.31320224719101125 0.5207162921348315 0.3150749063670412 0.516502808988764 0.3192883895131086 0.5133426966292135 0.324438202247191 0.5122893258426966 0.32841760299625467 0.5114115168539326 0.3345037453183521 0.5117626404494382 0.3387172284644195
0 0.5212429775280899 0.37265917602996257 0.5210674157303371 0.3801498127340824 0.5231741573033708 0.38249063670411987 0.5240519662921348 0.3848314606741573 0.5300210674157303 0.39068352059925093 0.5361657303370787 0.39419475655430714 0.5410814606741573 0.39115168539325845 0.5433637640449438 0.3881086142322097 0.5475772471910112 0.38038389513108617 0.5488061797752809 0.37359550561797755 0.547752808988764 0.3661048689138577 0.5452949438202247 0.3607209737827715 0.5435393258426966 0.3586142322097378 0.5363412921348315 0.35463483146067415 0.5328300561797753 0.3548689138576779 0.5258075842696629 0.3600187265917603 0.5224719101123596 0.36657303370786515
0 0.5426615168539326 0.3445692883895131 0.542310393258427 0.34925093632958804 0.543188202247191 0.352059925093633 0.546875 0.35720973782771537 0.5498595505617978 0.3586142322097378 0.5572331460674157 0.3595505617977528 0.5663623595505618 0.35557116104868913 0.5688202247191011 0.35135767790262173 0.5695224719101124 0.34808052434456926 0.5711025280898876 0.34527153558052437 0.5714536516853933 0.33965355805243447 0.5711025280898876 0.3309925093632959 0.5679424157303371 0.323501872659176 0.5679424157303371 0.3211610486891386 0.5637289325842697 0.31858614232209737 0.5570575842696629 0.31741573033707865 0.5517907303370787 0.3188202247191011 0.5488061797752809 0.3213951310861423 0.5449438202247191 0.3274812734082397
0 0.5389747191011236 0.4243913857677903 0.538623595505618 0.43375468164794007 0.5400280898876404 0.43773408239700373 0.5428370786516854 0.44241573033707865 0.5428370786516854 0.449438202247191 0.5463483146067416 0.45341760299625467 0.554248595505618 0.4538857677902622 0.5556530898876404 0.45318352059925093 0.561622191011236 0.448501872659176 0.5682935393258427 0.43913857677902624 0.5689957865168539 0.43609550561797755 0.5677668539325843 0.425561797752809 0.5682935393258427 0.4173689138576779 0.5632022471910112 0.40941011235955055 0.5598665730337079 0.40636704119850187 0.5570575842696629 0.4058988764044944 0.5509129213483146 0.4080056179775281 0.5456460674157303 0.41034644194756553 0.5419592696629213 0.4131554307116105 0.5400280898876404 0.41807116104868913
0 0.5389747191011236 0.5433052434456929 0.538623595505618 0.5538389513108615 0.5424859550561798 0.5627340823970037 0.5465238764044944 0.5669475655430711 0.5537219101123596 0.5667134831460674 0.561622191011236 0.5632022471910112 0.5637289325842697 0.5608614232209738 0.5660112359550562 0.5550093632958801 0.5677668539325843 0.5470505617977528 0.5665379213483146 0.5379213483146067 0.5642556179775281 0.5330056179775281 0.5600421348314607 0.5297284644194756 0.5544241573033708 0.5276217228464419 0.5465238764044944 0.5280898876404494 0.5424859550561798 0.5316011235955056 0.5403792134831461 0.5362827715355806 0.5403792134831461 0.5400280898876404
0 0.543188202247191 0.5798220973782772 0.5438904494382022 0.5957397003745318 0.5449438202247191 0.5990168539325843 0.5482794943820225 0.602996254681648 0.554248595505618 0.6060393258426966 0.5610955056179775 0.6076779026217228 0.5663623595505618 0.6044007490636704 0.5705758426966292 0.6004213483146067 0.5723314606741573 0.5945692883895131 0.5721558988764045 0.5849719101123596 0.5688202247191011 0.5756086142322098 0.5679424157303371 0.5709269662921348 0.5646067415730337 0.5674157303370787 0.5603932584269663 0.5662453183520599 0.5479283707865169 0.5709269662921348 0.5445926966292135 0.575374531835206
0 0.5428370786516854 0.6212546816479401 0.5445926966292135 0.6406835205992509 0.5484550561797753 0.6455992509363296 0.5570575842696629 0.6514513108614233 0.5607443820224719 0.6514513108614233 0.5646067415730337 0.6491104868913857 0.5693469101123596 0.6430243445692884 0.5716292134831461 0.636938202247191 0.5705758426966292 0.62687265917603 0.5677668539325843 0.6182116104868914 0.5660112359550562 0.614934456928839 0.5630266853932584 0.6128277153558053 0.5609199438202247 0.6093164794007491 0.5549508426966292 0.608380149812734 0.550561797752809 0.6088483146067416 0.546875 0.612125468164794 0.5442415730337079 0.6161048689138576
0 0.5582865168539326 0.6748595505617978 0.5577598314606742 0.6786048689138576 0.5603932584269663 0.68562734082397 0.5642556179775281 0.6905430711610487 0.5672401685393258 0.6914794007490637 0.5751404494382022 0.6914794007490637 0.5844452247191011 0.6891385767790262 0.5884831460674157 0.6863295880149812 0.5925210674157303 0.6788389513108615 0.5944522471910112 0.6718164794007491 0.5923455056179775 0.6580056179775281 0.5902387640449438 0.6533239700374532 0.590063202247191 0.6509831460674157 0.5814606741573034 0.6474719101123596 0.5739115168539326 0.6477059925093633 0.5702247191011236 0.648876404494382 0.5675912921348315 0.6526217228464419 0.5607443820224719 0.6669007490636704
0 0.5686446629213483 0.5362827715355806 0.5686446629213483 0.5472846441947565 0.5679424157303371 0.5503277153558053 0.569873595505618 0.5599250936329588 0.5693469101123596 0.5641385767790262 0.5716292134831461 0.5681179775280899 0.5779494382022472 0.5735018726591761 0.5865519662921348 0.5739700374531835 0.5919943820224719 0.5727996254681648 0.5955056179775281 0.5690543071161048 0.5990168539325843 0.5676498127340824 0.6000702247191011 0.56062734082397 0.5998946629213483 0.5463483146067416 0.5970856741573034 0.5395599250936329 0.5897120786516854 0.5325374531835206 0.5835674157303371 0.5318352059925093 0.5749648876404494 0.5292602996254682 0.5711025280898876 0.5313670411985019
0 0.5689957865168539 0.5016385767790262 0.5677668539325843 0.5084269662921348 0.5688202247191011 0.5156835205992509 0.5712780898876404 0.5224719101123596 0.5742626404494382 0.5273876404494382 0.5800561797752809 0.5294943820224719 0.5886587078651685 0.5297284644194756 0.5916432584269663 0.526685393258427 0.5941011235955056 0.5224719101123596 0.5965589887640449 0.5154494382022472 0.5965589887640449 0.50187265917603 0.592872191011236 0.49602059925093633 0.589185393258427 0.49250936329588013 0.585498595505618 0.49063670411985016 0.5768960674157303 0.4911048689138577 0.5732092696629213 0.4934456928838951 0.5711025280898876 0.4964887640449438
0 0.5656601123595506 0.4571629213483146 0.5654845505617978 0.46207865168539325 0.5672401685393258 0.4756554307116105 0.5700491573033708 0.4815074906367041 0.5711025280898876 0.4857209737827715 0.5725070224719101 0.4875936329588015 0.5765449438202247 0.488998127340824 0.5870786516853933 0.48852996254681647 0.5890098314606742 0.48782771535580527 0.5926966292134831 0.48431647940074907 0.5972612359550562 0.4669943820224719 0.5960323033707865 0.46301498127340823 0.5963834269662921 0.45997191011235955 0.590063202247191 0.45107677902621723 0.5814606741573034 0.4473314606741573 0.5747893258426966 0.44686329588014984 0.5686446629213483 0.45107677902621723 0.567064606741573 0.45318352059925093
0 0.5725070224719101 0.4208801498127341 0.5730337078651685 0.4323501872659176 0.577247191011236 0.4410112359550562 0.5804073033707865 0.4426498127340824 0.5842696629213483 0.4461610486891386 0.5893609550561798 0.4463951310861423 0.5955056179775281 0.4400749063670412 0.598314606741573 0.43562734082397003 0.5979634831460674 0.43211610486891383 0.5995435393258427 0.4288389513108614 0.5993679775280899 0.4152621722846442 0.6004213483146067 0.4133895131086142 0.6032303370786517 0.4112827715355805 0.6023525280898876 0.4044943820224719 0.598314606741573 0.4054307116104869 0.594627808988764 0.40870786516853935 0.5930477528089888 0.4080056179775281 0.5816362359550562 0.4080056179775281 0.5791783707865169 0.4089419475655431 0.5761938202247191 0.4110486891385768 0.5732092696629213 0.4147940074906367
0 0.5663623595505618 0.3874063670411985 0.5667134831460674 0.39747191011235955 0.5712780898876404 0.4044943820224719 0.5746137640449438 0.4070692883895131 0.5823384831460674 0.4054307116104869 0.5921699438202247 0.4014513108614232 0.5958567415730337 0.398876404494382 0.6000702247191011 0.39396067415730335 0.6018258426966292 0.3895131086142322 0.6025280898876404 0.38412921348314605 0.6023525280898876 0.37687265917602997 0.6000702247191011 0.3698501872659176 0.5960323033707865 0.36493445692883897 0.5918188202247191 0.36235955056179775 0.5888342696629213 0.3616573033707865 0.5814606741573034 0.3625936329588015 0.5770716292134831 0.3647003745318352 0.5737359550561798 0.36891385767790263
0 0.5730337078651685 0.33824906367041196 0.5730337078651685 0.34573970037453183 0.5740870786516854 0.352059925093633 0.577247191011236 0.35767790262172283 0.5819873595505618 0.3604868913857678 0.5919943820224719 0.36025280898876405 0.5963834269662921 0.3565074906367041 0.5991924157303371 0.3522940074906367 0.602001404494382 0.3419943820224719 0.6023525280898876 0.33497191011235955 0.6004213483146067 0.32818352059925093 0.5963834269662921 0.32303370786516855 0.5921699438202247 0.32045880149812733 0.586376404494382 0.3202247191011236 0.5816362359550562 0.32162921348314605 0.5756671348314607 0.32818352059925093 0.5742626404494382 0.3312265917602996
0 0.6041081460674157 0.33497191011235955 0.6030547752808989 0.3450374531835206 0.5998946629213483 0.35557116104868913 0.6009480337078652 0.3579119850187266 0.6076193820224719 0.3616573033707865 0.6097261235955056 0.363998127340824 0.6127106741573034 0.36493445692883897 0.6192064606741573 0.362125468164794 0.6235955056179775 0.36282771535580527 0.6267556179775281 0.3616573033707865 0.6307935393258427 0.35674157303370785 0.6330758426966292 0.3522940074906367 0.6341292134831461 0.3445692883895131 0.6336025280898876 0.33848314606741575 0.6318469101123596 0.33169475655430714 0.6343047752808989 0.3279494382022472 0.6351825842696629 0.3249063670411985 0.6348314606741573 0.3213951310861423 0.6336025280898876 0.3197565543071161 0.6302668539325843 0.31999063670411987 0.6278967696629213 0.3236189138576779 0.6258193469101123 0.3249063670411985 0.6181530898876404 0.3227996254681648 0.6127106741573034 0.3237359550561798 0.6086727528089888 0.3265449438202247 0.6053370786516854 0.33146067415730335
0 0.605688202247191 0.37312734082397003 0.604810393258427 0.3874063670411985 0.6058637640449438 0.3913857677902622 0.6051615168539326 0.39396067415730335 0.6088483146067416 0.3977059925093633 0.6155196629213483 0.3993445692883895 0.6232443820224719 0.39864232209737827 0.628686797752809 0.3946629213483146 0.6316713483146067 0.3904494382022472 0.632373595505618 0.38764044943820225 0.6325491573033708 0.38085205992509363 0.6316713483146067 0.3738295880149813 0.6302668539325843 0.3698501872659176 0.6265800561797753 0.3663389513108614 0.620435393258427 0.3642322097378277 0.6162219101123596 0.36446629213483145 0.6090238764044944 0.3684456928838951
0 0.6051615168539326 0.4147940074906367 0.604810393258427 0.43562734082397003 0.6058637640449438 0.43703183520599254 0.6097261235955056 0.43726591760299627 0.6158707865168539 0.4405430711610487 0.6234199438202247 0.4407771535580524 0.625 0.43890449438202245 0.6285112359550562 0.43703183520599254 0.6314957865168539 0.4332865168539326 0.6336025280898876 0.4286048689138577 0.6330758426966292 0.426498127340824 0.6336025280898876 0.42134831460674155 0.6321980337078652 0.41502808988764045 0.6306179775280899 0.4110486891385768 0.6272823033707865 0.4070692883895131 0.6202598314606742 0.40519662921348315 0.6149929775280899 0.40613295880149813 0.6081460674157303 0.41058052434456926
0 0.6000702247191011 0.46722846441947563 0.5998946629213483 0.47331460674157305 0.6009480337078652 0.47963483146067415 0.605688202247191 0.49157303370786515 0.6170997191011236 0.48993445692883897 0.6232443820224719 0.48782771535580527 0.6237710674157303 0.4857209737827715 0.6262289325842697 0.48408239700374533 0.6264044943820225 0.4803370786516854 0.6292134831460674 0.4772940074906367 0.6300912921348315 0.47425093632958804 0.6271067415730337 0.45646067415730335 0.6228932584269663 0.45224719101123595 0.6127106741573034 0.4508426966292135 0.6070926966292135 0.4524812734082397 0.6041081460674157 0.4562265917602996
0 0.5991924157303371 0.5049157303370787 0.5965589887640449 0.5224719101123596 0.5965589887640449 0.5294943820224719 0.5986657303370787 0.5330056179775281 0.6065660112359551 0.5344101123595506 0.6197331460674157 0.5323033707865169 0.624122191011236 0.5290262172284644 0.6285112359550562 0.5198970037453183 0.6276334269662921 0.5030430711610487 0.6232443820224719 0.4943820224719101 0.6162219101123596 0.49250936329588013 0.6079705056179775 0.4943820224719101 0.6035814606741573 0.4967228464419476 0.6016502808988764 0.4988295880149813
0 0.6034058988764045 0.5519662921348315 0.6027036516853933 0.5573501872659176 0.6041081460674157 0.5627340823970037 0.6090238764044944 0.5709269662921348 0.6123595505617978 0.5723314606741573 0.6232443820224719 0.5723314606741573 0.6276334269662921 0.5671816479400749 0.6311446629213483 0.56062734082397 0.6302668539325843 0.5507958801498127 0.6283356741573034 0.5449438202247191 0.6230688202247191 0.538623595505618 0.6185042134831461 0.535814606741573 0.6160463483146067 0.5353464419475655 0.6128862359550562 0.5372191011235955 0.6099016853932584 0.537687265917603 0.6046348314606742 0.5468164794007491
0 0.6005969101123596 0.5849719101123596 0.5993679775280899 0.5884831460674157 0.5993679775280899 0.5924625468164794 0.6007724719101124 0.5990168539325843 0.6037570224719101 0.6058052434456929 0.6155196629213483 0.6128277153558053 0.6188553370786517 0.6135299625468165 0.6228932584269663 0.6118913857677902 0.6302668539325843 0.6058052434456929 0.632373595505618 0.5955056179775281 0.6314957865168539 0.5905898876404494 0.628686797752809 0.5809925093632958 0.6237710674157303 0.576310861423221 0.6197331460674157 0.574438202247191 0.6118328651685393 0.574438202247191 0.6072682584269663 0.5767790262172284
0 0.6012991573033708 0.6331928838951311 0.6014747191011236 0.6381086142322098 0.6007724719101124 0.6413857677902621 0.6023525280898876 0.6474719101123596 0.6062148876404494 0.6500468164794008 0.6091994382022472 0.6544943820224719 0.6127106741573034 0.6558988764044944 0.6232443820224719 0.6556647940074907 0.6278089887640449 0.6533239700374532 0.6318469101123596 0.6437265917602997 0.6329002808988764 0.6371722846441947 0.6318469101123596 0.6301498127340824 0.6285112359550562 0.6233614232209738 0.6242977528089888 0.6191479400749064 0.6197331460674157 0.6170411985018727 0.6055126404494382 0.6161048689138576 0.6072682584269663 0.6184456928838952 0.6063904494382022 0.6207865168539326 0.6034058988764045 0.62312734082397 0.6021769662921348 0.6264044943820225
0 0.6021769662921348 0.6673689138576779 0.6016502808988764 0.6760299625468165 0.6023525280898876 0.6823501872659176 0.6055126404494382 0.6891385767790262 0.609375 0.6945224719101124 0.6134129213483146 0.6970973782771536 0.6228932584269663 0.697565543071161 0.6276334269662921 0.6952247191011236 0.6304424157303371 0.6910112359550562 0.6334269662921348 0.6788389513108615 0.633251404494382 0.6718164794007491 0.6307935393258427 0.6645599250936329 0.6271067415730337 0.6596441947565543 0.6206109550561798 0.6573033707865169 0.6100772471910112 0.6575374531835206 0.604810393258427 0.6612827715355806
0 0.4162570224719101 0.5346441947565543 0.4159058988764045 0.5397940074906367 0.41713483146067415 0.5454119850187266 0.4195926966292135 0.549625468164794 0.42521067415730335 0.5540730337078652 0.43240870786516855 0.5545411985018727 0.43995786516853935 0.5489232209737828 0.44224016853932585 0.5435393258426966 0.4413623595505618 0.5299625468164794 0.44030898876404495 0.5269194756554307 0.4373244382022472 0.5213014981273408 0.43240870786516855 0.5187265917602997 0.42872191011235955 0.5175561797752809 0.4260884831460674 0.5177902621722846 0.42047050561797755 0.5213014981273408 0.4176615168539326 0.5259831460674157