2 0.2381788974719101 0.4533396535580524 0.7408707865168539 0.5048377808988764 0.7291666081460674 0.7240948033707866 0.22296348314606743 0.6632333801498127
0 0.6887289325842697 0.5852059925093633 0.7001404494382022 0.5905898876404494 0.7041783707865169 0.6015917602996255 0.702247191011236 0.6161048689138576 0.6925912921348315 0.6273408239700374 0.686622191011236 0.6266385767790262 0.6750351123595506 0.6196161048689138 0.670997191011236 0.6100187265917603 0.6778441011235955 0.5894194756554307 0.6822331460674157 0.5849719101123596 0.6885533707865169 0.5852059925093633
0 0.7140098314606742 0.588249063670412 0.7301615168539326 0.5926966292134831 0.734375 0.589185393258427 0.7350772471910112 0.5952715355805244 0.7319171348314607 0.5980805243445693 0.7320926966292135 0.6161048689138576 0.7278792134831461 0.6259363295880149 0.7238412921348315 0.6292134831460674 0.7064606741573034 0.6310861423220974 0.7029494382022472 0.6308520599250936 0.6996137640449438 0.6245318352059925 0.7048806179775281 0.6093164794007491 0.703125 0.5950374531835206 0.7057584269662921 0.5908239700374532 0.7138342696629213 0.588249063670412
0 0.3339185393258427 0.6376404494382022 0.35235252808988765 0.6392790262172284 0.3572682584269663 0.6441947565543071 0.3595505617977528 0.650749063670412 0.3597261235955056 0.6645599250936329 0.36411516853932585 0.675561797752809 0.3628862359550562 0.6804775280898876 0.355688202247191 0.6886704119850188 0.33865870786516855 0.6825842696629213 0.3302317415730337 0.6739232209737828 0.32882724719101125 0.6676029962546817 0.3304073033707865 0.6537921348314607 0.3283005617977528 0.6437265917602997 0.33058286516853935 0.636938202247191 0.3337429775280899 0.6376404494382022
0 0.47384129213483145 0.4714419475655431 0.48753511235955055 0.48080524344569286 0.48753511235955055 0.5152153558052435 0.48103932584269665 0.5191947565543071 0.4703300561797753 0.5180243445692884 0.4666432584269663 0.516619850187266 0.46225421348314605 0.5086610486891385 0.45962078651685395 0.488061797752809 0.4612008426966292 0.48080524344569286 0.46629213483146065 0.4737827715355805 0.47366573033707865 0.4716760299625468
0 0.2596558988764045 0.5421348314606742 0.26825842696629215 0.5498595505617978 0.2675561797752809 0.5749063670411985 0.26632724719101125 0.5779494382022472 0.2557935393258427 0.5830992509363296 0.24473314606741572 0.5826310861423221 0.24122191011235955 0.5793539325842697 0.23753511235955055 0.5730337078651685 0.23595505617977527 0.5603932584269663 0.23788623595505617 0.5517322097378277 0.24139747191011235 0.5465823970037453 0.2482443820224719 0.5423689138576779 0.2594803370786517 0.5421348314606742
0 0.5561797752808989 0.6540262172284644 0.5621488764044944 0.6554307116104869 0.5688202247191011 0.660814606741573 0.5718047752808989 0.6779026217228464 0.5702247191011236 0.6933520599250936 0.567064606741573 0.6977996254681648 0.5586376404494382 0.7006086142322098 0.5531952247191011 0.6996722846441947 0.5461727528089888 0.6938202247191011 0.5424859550561798 0.6863295880149812 0.5419592696629213 0.6797752808988764 0.542310393258427 0.6645599250936329 0.5444171348314607 0.6580056179775281 0.5498595505617978 0.6537921348314607 0.5560042134831461 0.6540262172284644
0 0.6206109550561798 0.5777153558052435 0.6348314606741573 0.5830992509363296 0.6381671348314607 0.5887172284644194 0.6395716292134831 0.5976123595505618 0.6385182584269663 0.6097846441947565 0.6300912921348315 0.6184456928838952 0.6237710674157303 0.6186797752808989 0.6128862359550562 0.6144662921348315 0.608497191011236 0.6058052434456929 0.6095505617977528 0.5826310861423221 0.6127106741573034 0.579119850187266 0.620435393258427 0.5777153558052435
0 0.6569522471910112 0.5383895131086143 0.667310393258427 0.5414325842696629 0.6732794943820225 0.5566479400749064 0.6725772471910112 0.56437265917603 0.6688904494382022 0.572565543071161 0.6657303370786517 0.5765449438202247 0.6585323033707865 0.5784176029962547 0.6506320224719101 0.5767790262172284 0.6436095505617978 0.5711610486891385 0.6418539325842697 0.5503277153558053 0.6439606741573034 0.5419007490636704 0.6567766853932584 0.5383895131086143
0 0.5444171348314607 0.4829119850187266 0.5510884831460674 0.4913389513108614 0.5507373595505618 0.5063202247191011 0.5451193820224719 0.5203651685393258 0.5335323033707865 0.5259831460674157 0.523876404494382 0.5231741573033708 0.5196629213483146 0.5154494382022472 0.5212429775280899 0.4911048689138577 0.5291432584269663 0.48384831460674155 0.5442415730337079 0.4829119850187266
0 0.6142907303370787 0.6582397003745318 0.6306179775280899 0.6661985018726592 0.6344803370786517 0.6760299625468165 0.6336025280898876 0.6924157303370787 0.628686797752809 0.699438202247191 0.6207865168539326 0.7029494382022472 0.6114817415730337 0.700374531835206 0.605688202247191 0.6924157303370787 0.6041081460674157 0.6860955056179775 0.6034058988764045 0.6683052434456929 0.6091994382022472 0.6601123595505618 0.6141151685393258 0.6582397003745318
0 0.5307233146067416 0.5648408239700374 0.5407303370786517 0.5697565543071161 0.5440660112359551 0.577247191011236 0.5452949438202247 0.5884831460674157 0.542310393258427 0.6027621722846442 0.5333567415730337 0.6093164794007491 0.5215941011235955 0.6074438202247191 0.5154494382022472 0.5997191011235955 0.5145716292134831 0.5945692883895131 0.5149227528089888 0.5807584269662921 0.5180828651685393 0.5732677902621723 0.522998595505618 0.5669475655430711 0.5305477528089888 0.5648408239700374
0 0.37605337078651685 0.47237827715355807 0.3908005617977528 0.4737827715355805 0.3948384831460674 0.4772940074906367 0.3965941011235955 0.48384831460674155 0.39729634831460675 0.49508426966292135 0.39518960674157305 0.5049157303370787 0.38570926966292135 0.5124063670411985 0.3732443820224719 0.5095973782771536 0.3674508426966292 0.50187265917603 0.3672752808988764 0.4836142322097378 0.3728932584269663 0.4726123595505618 0.37587780898876405 0.47237827715355807
0 0.6300912921348315 0.6198501872659176 0.6425561797752809 0.6355337078651685 0.6439606741573034 0.6458333333333334 0.6420294943820225 0.6580056179775281 0.6337780898876404 0.665496254681648 0.6297401685393258 0.6659644194756554 0.6123595505617978 0.653558052434457 0.610252808988764 0.6418539325842697 0.6121839887640449 0.6264044943820225 0.6165730337078652 0.6219569288389513 0.6299157303370787 0.6200842696629213
0 0.30933988764044945 0.5854400749063671 0.3258426966292135 0.5896535580524345 0.3319873595505618 0.5952715355805244 0.32742275280898875 0.6090823970037453 0.32514044943820225 0.6257022471910112 0.31320224719101125 0.6310861423220974 0.30372191011235955 0.6252340823970037 0.29792837078651685 0.6093164794007491 0.29757724719101125 0.5987827715355806 0.30214185393258425 0.5884831460674157 0.30916432584269665 0.5854400749063671
0 0.6474719101123596 0.660814606741573 0.6611657303370787 0.6685393258426966 0.6650280898876404 0.68562734082397 0.6623946629213483 0.6977996254681648 0.6518609550561798 0.7036516853932584 0.6408005617977528 0.6987359550561798 0.6355337078651685 0.68562734082397 0.6358848314606742 0.6683052434456929 0.6425561797752809 0.6612827715355806 0.6472963483146067 0.660814606741573
0 0.5991924157303371 0.6156367041198502 0.6042837078651685 0.6193820224719101 0.6099016853932584 0.6301498127340824 0.6107794943820225 0.6502808988764045 0.6095505617977528 0.6556647940074907 0.6004213483146067 0.6624531835205992 0.5840941011235955 0.6542602996254682 0.5800561797752809 0.6338951310861424 0.5811095505617978 0.6224250936329588 0.5867275280898876 0.6168071161048689 0.5990168539325843 0.6156367041198502
0 0.7212078651685393 0.5472846441947565 0.7282303370786517 0.5491573033707865 0.7326193820224719 0.5536048689138576 0.7370084269662921 0.5676498127340824 0.7338483146067416 0.5826310861423221 0.7208567415730337 0.5877808988764045 0.710498595505618 0.5856741573033708 0.7059339887640449 0.5821629213483146 0.702247191011236 0.5774812734082397 0.7013693820224719 0.5690543071161048 0.7048806179775281 0.5538389513108615 0.7085674157303371 0.548689138576779 0.7210323033707865 0.5472846441947565
0 0.4397823033707865 0.4714419475655431 0.45452949438202245 0.47963483146067415 0.4590941011235955 0.48525280898876405 0.46014747191011235 0.5016385767790262 0.45839185393258425 0.5091292134831461 0.4508426966292135 0.5168539325842697 0.44592696629213485 0.5180243445692884 0.43644662921348315 0.5163857677902621 0.42837078651685395 0.5016385767790262 0.4278441011235955 0.4798689138576779 0.4318820224719101 0.47401685393258425 0.4396067415730337 0.4714419475655431
0 0.3204002808988764 0.6315543071161048 0.3277738764044944 0.636938202247191 0.3298806179775281 0.6528558052434457 0.3284761235955056 0.6666666666666666 0.32127808988764045 0.6729868913857678 0.30740870786516855 0.6753277153558053 0.2966994382022472 0.6739232209737828 0.29231039325842695 0.6683052434456929 0.29213483146067415 0.661750936329588 0.29757724719101125 0.6544943820224719 0.30407303370786515 0.636938202247191 0.3107443820224719 0.6315543071161048 0.3202247191011236 0.6315543071161048
0 0.4195926966292135 0.47635767790262173 0.42714185393258425 0.48431647940074907 0.4278441011235955 0.4953183520599251 0.4260884831460674 0.5088951310861424 0.41853932584269665 0.5156835205992509 0.40712780898876405 0.5140449438202247 0.4006320224719101 0.5093632958801498 0.39764747191011235 0.50187265917603 0.39782303370786515 0.4875936329588015 0.3999297752808989 0.48174157303370785 0.4058988764044944 0.47635767790262173 0.41941713483146065 0.47635767790262173
0 0.5651334269662921 0.5723314606741573 0.5732092696629213 0.5760767790262172 0.5765449438202247 0.5849719101123596 0.5761938202247191 0.6022940074906367 0.5711025280898876 0.6107209737827716 0.5660112359550562 0.612125468164794 0.5572331460674157 0.611189138576779 0.5524929775280899 0.6069756554307116 0.5488061797752809 0.6013576779026217 0.5475772471910112 0.587312734082397 0.5482794943820225 0.5805243445692884 0.5533707865168539 0.5749063670411985 0.5649578651685393 0.5723314606741573
0 0.7243679775280899 0.5032771535580525 0.7289325842696629 0.5044475655430711 0.735252808988764 0.5105337078651685 0.7385884831460674 0.5191947565543071 0.7391151685393258 0.5287921348314607 0.734375 0.5433052434456929 0.7241924157303371 0.5456460674157303 0.7152387640449438 0.5442415730337079 0.7073384831460674 0.5365168539325843 0.7094452247191011 0.5262172284644194 0.7094452247191011 0.5084269662921348 0.7157654494382022 0.5042134831460674 0.7241924157303371 0.5032771535580525
0 0.25895365168539325 0.4576310861423221 0.27054073033707865 0.46254681647940077 0.27633426966292135 0.47542134831460675 0.2758075842696629 0.4913389513108614 0.2598314606741573 0.499063670411985 0.24701544943820225 0.49508426966292135 0.24104634831460675 0.48735955056179775 0.23981741573033707 0.48174157303370785 0.24122191011235955 0.47027153558052437 0.24490870786516855 0.4627808988764045 0.25122893258426965 0.4583333333333333 0.25877808988764045 0.4576310861423221
0 0.27598314606741575 0.5451779026217228 0.29827949438202245 0.5547752808988764 0.30143960674157305 0.5730337078651685 0.29933286516853935 0.5847378277153558 0.2870435393258427 0.5908239700374532 0.27212078651685395 0.5866104868913857 0.26860955056179775 0.5777153558052435 0.26825842696629215 0.5536048689138576 0.27247191011235955 0.5468164794007491 0.2758075842696629 0.5454119850187266
0 0.3188202247191011 0.5470505617977528 0.328125 0.5491573033707865 0.33479634831460675 0.5571161048689138 0.3325140449438202 0.5615636704119851 0.3321629213483146 0.5777153558052435 0.32566713483146065 0.5849719101123596 0.319873595505618 0.5866104868913857 0.304248595505618 0.5838014981273408 0.30179073033707865 0.5793539325842697 0.3009129213483146 0.56437265917603 0.30161516853932585 0.5559456928838952 0.3067064606741573 0.5500936329588015 0.3105688202247191 0.5472846441947565 0.3186446629213483 0.5470505617977528
0 0.5052668539325843 0.6100187265917603 0.5133426966292135 0.6161048689138576 0.5150983146067416 0.6336610486891385 0.5098314606741573 0.6474719101123596 0.5024578651685393 0.6500468164794008 0.4942064606741573 0.6484082397003745 0.4884129213483146 0.6439606741573034 0.4863061797752809 0.636938202247191 0.4866573033707865 0.6259363295880149 0.48735955056179775 0.6193820224719101 0.49122191011235955 0.6123595505617978 0.5050912921348315 0.6100187265917603
0 0.4782303370786517 0.6065074906367042 0.48490168539325845 0.6114232209737828 0.48683286516853935 0.6266385767790262 0.48507724719101125 0.6390449438202247 0.4745435393258427 0.6460674157303371 0.4668188202247191 0.6460674157303371 0.45997191011235955 0.6409176029962547 0.456811797752809 0.6271067415730337 0.4594452247191011 0.6137640449438202 0.46348314606741575 0.6076779026217228 0.4780547752808989 0.6065074906367042
0 0.3535814606741573 0.4691011235955056 0.36271067415730335 0.4737827715355805 0.366748595505618 0.4829119850187266 0.3649929775280899 0.5025749063670412 0.35603932584269665 0.5102996254681648 0.3456811797752809 0.5098314606741573 0.3419943820224719 0.5070224719101124 0.3377808988764045 0.5004681647940075 0.3356741573033708 0.48782771535580527 0.34129213483146065 0.47284644194756553 0.3534058988764045 0.4691011235955056
0 0.46962780898876405 0.6542602996254682 0.47384129213483145 0.6547284644194756 0.47559691011235955 0.6580056179775281 0.4805126404494382 0.6858614232209738 0.4782303370786517 0.6924157303370787 0.4708567415730337 0.7020131086142322 0.4727879213483146 0.7099719101123596 0.46576544943820225 0.7120786516853933 0.4633075842696629 0.7118445692883895 0.46172752808988765 0.7024812734082397 0.45049157303370785 0.6924157303370787 0.4473314606741573 0.6809456928838952 0.4547050561797753 0.6566011235955056 0.45979634831460675 0.653558052434457 0.46945224719101125 0.6542602996254682
0 0.5019311797752809 0.5262172284644194 0.5084269662921348 0.5278558052434457 0.5131671348314607 0.5330056179775281 0.5170294943820225 0.5465823970037453 0.5131671348314607 0.5615636704119851 0.5061446629213483 0.5685861423220974 0.49332865168539325 0.5662453183520599 0.48893960674157305 0.5610955056179775 0.4866573033707865 0.5538389513108615 0.48718398876404495 0.5400280898876404 0.4898174157303371 0.5323033707865169 0.49490870786516855 0.5278558052434457 0.5017556179775281 0.5262172284644194
0 0.6329002808988764 0.5372191011235955 0.6381671348314607 0.5435393258426966 0.641502808988764 0.5538389513108615 0.6420294943820225 0.5653089887640449 0.6376404494382022 0.5751404494382022 0.6304424157303371 0.5784176029962547 0.6186797752808989 0.575374531835206 0.6121839887640449 0.5697565543071161 0.6113061797752809 0.5463483146067416 0.6162219101123596 0.5383895131086143 0.6253511235955056 0.5360486891385767 0.6327247191011236 0.5372191011235955
0 0.38395365168539325 0.5550093632958801 0.3902738764044944 0.5589887640449438 0.3948384831460674 0.5676498127340824 0.3944873595505618 0.5840355805243446 0.38764044943820225 0.5943352059925093 0.3748244382022472 0.5978464419475655 0.367626404494382 0.596441947565543 0.3637640449438202 0.5919943820224719 0.3614817415730337 0.5849719101123596 0.36200842696629215 0.5749063670411985 0.3686797752808989 0.5603932584269663 0.37552668539325845 0.5557116104868914 0.38377808988764045 0.5550093632958801
0 0.31548455056179775 0.5065543071161048 0.32900280898876405 0.5117041198501873 0.33321629213483145 0.5154494382022472 0.3335674157303371 0.5196629213483146 0.3325140449438202 0.5365168539325843 0.3298806179775281 0.5411985018726592 0.32689606741573035 0.5440074906367042 0.3167134831460674 0.545880149812734 0.3049508426966292 0.5433052434456929 0.3007373595505618 0.5262172284644194 0.305126404494382 0.5121722846441947 0.3086376404494382 0.5084269662921348 0.31530898876404495 0.5065543071161048
0 0.6034058988764045 0.49250936329588013 0.6114817415730337 0.49812734082397003 0.6135884831460674 0.5051498127340824 0.6132373595505618 0.5161516853932584 0.6086727528089888 0.5271535580524345 0.5991924157303371 0.5313670411985019 0.5914676966292135 0.5304307116104869 0.5849719101123596 0.5224719101123596 0.5830407303370787 0.5156835205992509 0.5833918539325843 0.5044475655430711 0.5890098314606742 0.4943820224719101 0.6032303370786517 0.49250936329588013
0 0.26632724719101125 0.5800561797752809 0.26896067415730335 0.5807584269662921 0.2700140449438202 0.5896535580524345 0.26474719101123595 0.6044007490636704 0.2636938202247191 0.6158707865168539 0.25842696629213485 0.6203183520599251 0.24332865168539325 0.6238295880149812 0.23788623595505617 0.6207865168539326 0.23367275280898878 0.6128277153558053 0.2399929775280899 0.5849719101123596 0.258251404494382 0.5833333333333334 0.26615168539325845 0.5800561797752809
0 0.6550210674157303 0.5795880149812734 0.6716994382022472 0.5830992509363296 0.6748595505617978 0.588249063670412 0.6655547752808989 0.6168071161048689 0.6581811797752809 0.6214887640449438 0.6476474719101124 0.6207865168539326 0.6432584269662921 0.6177434456928839 0.6395716292134831 0.602996254681648 0.6393960674157303 0.5903558052434457 0.6411516853932584 0.5852059925093633 0.6474719101123596 0.5807584269662921 0.6548455056179775 0.5795880149812734
0 0.6899578651685393 0.5409644194756554 0.7011938202247191 0.5433052434456929 0.7041783707865169 0.547752808988764 0.6997893258426966 0.5746722846441947 0.6971558988764045 0.5788857677902621 0.6896067415730337 0.5819288389513109 0.6767907303370787 0.5786516853932584 0.6720505617977528 0.5709269662921348 0.6757373595505618 0.5468164794007491 0.6820575842696629 0.5419007490636704 0.6897823033707865 0.5409644194756554
0 0.49508426966292135 0.6486423220973783 0.5056179775280899 0.653558052434457 0.5096558988764045 0.6638576779026217 0.508251404494382 0.6818820224719101 0.4980688202247191 0.6907771535580525 0.49122191011235955 0.6905430711610487 0.484375 0.6867977528089888 0.47963483146067415 0.6685393258426966 0.4801615168539326 0.6612827715355806 0.4845505617977528 0.6521535580524345 0.49490870786516855 0.6486423220973783
0 0.6762640449438202 0.6659644194756554 0.6834620786516854 0.6680711610486891 0.6952247191011236 0.6786048689138576 0.6954002808988764 0.6940543071161048 0.6934691011235955 0.7027153558052435 0.6831109550561798 0.7092696629213483 0.6745084269662921 0.7073970037453183 0.6664325842696629 0.6996722846441947 0.6646769662921348 0.6748595505617978 0.670997191011236 0.6669007490636704 0.6760884831460674 0.6659644194756554
0 0.5077247191011236 0.47635767790262173 0.515625 0.48010299625468167 0.5208918539325843 0.49040262172284643 0.5180828651685393 0.5124063670411985 0.5089536516853933 0.5196629213483146 0.5014044943820225 0.5191947565543071 0.49473314606741575 0.5149812734082397 0.4901685393258427 0.5088951310861424 0.48700842696629215 0.49765917602996257 0.48929073033707865 0.48314606741573035 0.5005266853932584 0.4768258426966292 0.5075491573033708 0.47635767790262173
0 0.45382724719101125 0.5969101123595506 0.461376404494382 0.6058052434456929 0.45365168539325845 0.6327247191011236 0.44259129213483145 0.6406835205992509 0.42907303370786515 0.637874531835206 0.4257373595505618 0.6338951310861424 0.42503511235955055 0.6058052434456929 0.42854634831460675 0.6018258426966292 0.4429424157303371 0.6008895131086143 0.45365168539325845 0.5969101123595506
0 0.3007373595505618 0.44592696629213485 0.3026685393258427 0.449438202247191 0.30179073033707865 0.4580992509363296 0.3082865168539326 0.47027153558052437 0.3065308988764045 0.488061797752809 0.2949438202247191 0.5053838951310862 0.29020365168539325 0.5074906367041199 0.2814255617977528 0.5060861423220974 0.27844101123595505 0.5025749063670412 0.2768609550561798 0.47097378277153557 0.2810744382022472 0.462312734082397 0.29213483146067415 0.45552434456928836 0.2933637640449438 0.44569288389513106 0.300561797752809 0.44592696629213485
0 0.44978932584269665 0.5573501872659176 0.4534761235955056 0.56062734082397 0.45189606741573035 0.5671816479400749 0.45207162921348315 0.5912921348314607 0.44592696629213485 0.5990168539325843 0.4397823033707865 0.6006554307116105 0.4320575842696629 0.5997191011235955 0.42468398876404495 0.5919943820224719 0.42643960674157305 0.5718632958801498 0.42854634831460675 0.56437265917603 0.43486657303370785 0.5589887640449438 0.4496137640449438 0.5573501872659176
0 0.34304775280898875 0.5931647940074907 0.35252808988764045 0.5936329588014981 0.3570926966292135 0.5987827715355806 0.35849719101123595 0.6062734082397003 0.35603932584269665 0.6238295880149812 0.3421699438202247 0.635065543071161 0.3319873595505618 0.6308520599250936 0.3279494382022472 0.6259363295880149 0.3265449438202247 0.6139981273408239 0.3316362359550562 0.5962078651685393 0.34287219101123595 0.5931647940074907
0 0.47559691011235955 0.5205992509363296 0.4826193820224719 0.5259831460674157 0.4861306179775281 0.535814606741573 0.48507724719101125 0.5507958801498127 0.47752808988764045 0.5594569288389513 0.46172752808988765 0.5538389513108615 0.45821629213483145 0.5489232209737828 0.456811797752809 0.537687265917603 0.4571629213483146 0.5294943820224719 0.46190308988764045 0.5224719101123596 0.4669943820224719 0.5198970037453183 0.47542134831460675 0.5205992509363296
0 0.44013342696629215 0.5170880149812734 0.449438202247191 0.5189606741573034 0.45558286516853935 0.5259831460674157 0.45646067415730335 0.5397940074906367 0.4548806179775281 0.5484550561797753 0.45031601123595505 0.5547752808988764 0.4429424157303371 0.5568820224719101 0.4320575842696629 0.5552434456928839 0.4274929775280899 0.5500936329588015 0.4257373595505618 0.5433052434456929 0.42837078651685395 0.5243445692883895 0.4357443820224719 0.5177902621722846 0.43995786516853935 0.5170880149812734
0 0.269311797752809 0.6261704119850188 0.2754564606741573 0.6289794007490637 0.29353932584269665 0.6273408239700374 0.29810393258426965 0.6301498127340824 0.30021067415730335 0.6364700374531835 0.2989817415730337 0.6477059925093633 0.2907303370786517 0.6657303370786517 0.2835323033707865 0.6694756554307116 0.2756320224719101 0.6683052434456929 0.26702949438202245 0.6575374531835206 0.26299157303370785 0.6331928838951311 0.2652738764044944 0.6278089887640449 0.2691362359550562 0.6261704119850188
0 0.5279143258426966 0.6537921348314607 0.5345856741573034 0.6563670411985019 0.5400280898876404 0.6645599250936329 0.5414325842696629 0.6860955056179775 0.5363412921348315 0.6949906367041199 0.5270365168539326 0.6982677902621723 0.5203651685393258 0.6961610486891385 0.5145716292134831 0.68937265917603 0.5115870786516854 0.6692415730337079 0.5179073033707865 0.6568352059925093 0.5277387640449438 0.6537921348314607
0 0.5640800561797753 0.6137640449438202 0.5718047752808989 0.6161048689138576 0.5788272471910112 0.6242977528089888 0.5791783707865169 0.6371722846441947 0.581811797752809 0.6465355805243446 0.5788272471910112 0.6570692883895131 0.5704002808988764 0.6619850187265918 0.5535463483146067 0.6528558052434457 0.5482794943820225 0.6439606741573034 0.546875 0.6296816479400749 0.5484550561797753 0.6224250936329588 0.5568820224719101 0.614934456928839 0.5639044943820225 0.6139981273408239
0 0.3809691011235955 0.6367041198501873 0.38922050561797755 0.6439606741573034 0.3886938202247191 0.660814606741573 0.3848314606741573 0.6722846441947565 0.37359550561797755 0.6788389513108615 0.36622191011235955 0.6772003745318352 0.36218398876404495 0.6701779026217228 0.36007724719101125 0.650749063670412 0.36622191011235955 0.6395131086142322 0.3807935393258427 0.6367041198501873
0 0.7212078651685393 0.6310861423220974 0.7312148876404494 0.6404494382022472 0.734375 0.6509831460674157 0.7317415730337079 0.6647940074906367 0.7212078651685393 0.6732209737827716 0.7078651685393258 0.6680711610486891 0.706811797752809 0.651685393258427 0.7038272471910112 0.6409176029962547 0.7047050561797753 0.635065543071161 0.7092696629213483 0.6313202247191011 0.7210323033707865 0.6310861423220974
0 0.25491573033707865 0.49929775280898875 0.2717696629213483 0.5051498127340824 0.2758075842696629 0.5105337078651685 0.2700140449438202 0.522003745318352 0.2679073033707865 0.5365168539325843 0.26281601123595505 0.5402621722846442 0.2540379213483146 0.5407303370786517 0.24771769662921347 0.5400280898876404 0.24139747191011235 0.5346441947565543 0.23771067415730338 0.5280898876404494 0.23700842696629212 0.5187265917602997 0.24157303370786518 0.5046816479400749 0.2482443820224719 0.49953183520599254 0.25474016853932585 0.49929775280898875
0 0.5017556179775281 0.5690543071161048 0.5086025280898876 0.5711610486891385 0.5122893258426966 0.575374531835206 0.5142205056179775 0.5821629213483146 0.5126404494382022 0.6025280898876404 0.5093047752808989 0.6072097378277154 0.5031601123595506 0.6090823970037453 0.49122191011235955 0.6067415730337079 0.48507724719101125 0.5957397003745318 0.48683286516853935 0.5788857677902621 0.48929073033707865 0.5732677902621723 0.49473314606741575 0.5690543071161048 0.5015800561797753 0.5690543071161048
0 0.37377106741573035 0.5110018726591761 0.3909761235955056 0.5149812734082397 0.39571629213483145 0.5229400749063671 0.3944873595505618 0.5433052434456929 0.3886938202247191 0.5526685393258427 0.38412921348314605 0.5554775280898876 0.3730688202247191 0.5526685393258427 0.3651685393258427 0.5397940074906367 0.3651685393258427 0.5189606741573034 0.36973314606741575 0.5117041198501873 0.37359550561797755 0.5110018726591761
0 0.41695926966292135 0.5154494382022472 0.42327949438202245 0.5194288389513109 0.4262640449438202 0.5313670411985019 0.42450842696629215 0.5479868913857678 0.41537921348314605 0.5554775280898876 0.4043188202247191 0.5554775280898876 0.4002808988764045 0.5522003745318352 0.3960674157303371 0.5449438202247191 0.39554073033707865 0.5348782771535581 0.39905196629213485 0.5201310861423221 0.4085323033707865 0.5159176029962547 0.41678370786516855 0.5154494382022472
0 0.2519311797752809 0.6240636704119851 0.26246488764044945 0.6322565543071161 0.26492275280898875 0.6577715355805244 0.24877106741573032 0.6666666666666666 0.23718398876404495 0.662687265917603 0.23121488764044945 0.6477059925093633 0.22401685393258428 0.6439606741573034 0.22384129213483145 0.6392790262172284 0.22717696629213482 0.6308520599250936 0.234375 0.6338951310861424 0.24332865168539325 0.6247659176029963 0.2517556179775281 0.6240636704119851
0 0.59375 0.5730337078651685 0.6041081460674157 0.5774812734082397 0.6079705056179775 0.5849719101123596 0.6077949438202247 0.6058052434456929 0.6030547752808989 0.6137640449438202 0.5998946629213483 0.614934456928839 0.586376404494382 0.613061797752809 0.5804073033707865 0.6076779026217228 0.5774227528089888 0.5990168539325843 0.5774227528089888 0.587312734082397 0.5805828651685393 0.5784176029962547 0.5856741573033708 0.574438202247191 0.5935744382022472 0.5730337078651685
0 0.5993679775280899 0.5320692883895131 0.6060393258426966 0.5351123595505618 0.6099016853932584 0.5400280898876404 0.6118328651685393 0.5491573033707865 0.6109550561797753 0.5641385767790262 0.6034058988764045 0.5732677902621723 0.5884831460674157 0.5720973782771536 0.5819873595505618 0.5610955056179775 0.5840941011235955 0.5400280898876404 0.5904143258426966 0.5337078651685393 0.5991924157303371 0.5320692883895131
0 0.6694171348314607 0.6228932584269663 0.6931179775280899 0.6301498127340824 0.7027738764044944 0.6383426966292135 0.7059339887640449 0.650749063670412 0.7050561797752809 0.6650280898876404 0.7013693820224719 0.6699438202247191 0.6929424157303371 0.6732209737827716 0.6741573033707865 0.6612827715355806 0.6725772471910112 0.6420880149812734 0.6664325842696629 0.62687265917603 0.6692415730337079 0.6228932584269663
0 0.4652387640449438 0.5568820224719101 0.4782303370786517 0.5627340823970037 0.4845505617977528 0.5709269662921348 0.4861306179775281 0.5777153558052435 0.4827949438202247 0.599250936329588 0.47735252808988765 0.6036985018726592 0.4710323033707865 0.6046348314606742 0.46190308988764045 0.602996254681648 0.4554073033707865 0.5955056179775281 0.4534761235955056 0.5884831460674157 0.4527738764044944 0.5676498127340824 0.456811797752809 0.5596910112359551 0.465063202247191 0.5568820224719101
0 0.6580056179775281 0.6228932584269663 0.6667837078651685 0.6282771535580525 0.672752808988764 0.6402153558052435 0.6722261235955056 0.6594101123595506 0.6648525280898876 0.6692415730337079 0.6474719101123596 0.6584737827715356 0.645189606741573 0.6544943820224719 0.6423806179775281 0.6289794007490637 0.6506320224719101 0.6228932584269663 0.6578300561797753 0.6228932584269663
0 0.3500702247191011 0.5433052434456929 0.35603932584269665 0.5442415730337079 0.35990168539325845 0.547752808988764 0.36622191011235955 0.56062734082397 0.3597261235955056 0.5842696629213483 0.35252808988764045 0.5929307116104869 0.34234550561797755 0.5919943820224719 0.33848314606741575 0.5887172284644194 0.3340941011235955 0.5713951310861424 0.33462078651685395 0.5538389513108615 0.3414676966292135 0.5468164794007491 0.3498946629213483 0.5433052434456929
0 0.2814255617977528 0.5915262172284644 0.2912570224719101 0.5943352059925093 0.2966994382022472 0.599250936329588 0.2984550561797753 0.6165730337078652 0.2930126404494382 0.6238295880149812 0.27861657303370785 0.6287453183520599 0.26702949438202245 0.6242977528089888 0.26492275280898875 0.6055711610486891 0.2715941011235955 0.5924625468164794 0.28125 0.5915262172284644
0 0.4080056179775281 0.6420880149812734 0.4162570224719101 0.6512172284644194 0.41678370786516855 0.6690074906367042 0.4155547752808989 0.675561797752809 0.41116573033707865 0.6823501872659176 0.40291432584269665 0.6865636704119851 0.3965941011235955 0.68562734082397 0.38992275280898875 0.6793071161048689 0.38781601123595505 0.6722846441947565 0.3888693820224719 0.6605805243445693 0.39325842696629215 0.6472378277153558 0.4006320224719101 0.6420880149812734 0.4078300561797753 0.6420880149812734
0 0.5858497191011236 0.6573033707865169 0.5956811797752809 0.6615168539325843 0.6028792134831461 0.6783707865168539 0.6027036516853933 0.68937265917603 0.5991924157303371 0.697565543071161 0.5893609550561798 0.7020131086142322 0.5816362359550562 0.699438202247191 0.5723314606741573 0.6830524344569289 0.573560393258427 0.6669007490636704 0.579002808988764 0.6605805243445693 0.5856741573033708 0.6573033707865169
0 0.7099719101123596 0.6711142322097379 0.7171699438202247 0.6732209737827716 0.7268258426966292 0.6816479400749064 0.730688202247191 0.6940543071161048 0.7282303370786517 0.7099719101123596 0.7236657303370787 0.7146535580524345 0.7175210674157303 0.7162921348314607 0.7078651685393258 0.713249063670412 0.6990870786516854 0.7027153558052435 0.6969803370786517 0.6959269662921348 0.6976825842696629 0.6786048689138576 0.7057584269662921 0.6715823970037453 0.7097963483146067 0.6711142322097379
0 0.4018609550561798 0.5976123595505618 0.4183637640449438 0.6020599250936329 0.42257724719101125 0.6088483146067416 0.42257724719101125 0.6207865168539326 0.4195926966292135 0.6324906367041199 0.4122191011235955 0.6402153558052435 0.4064255617977528 0.6420880149812734 0.4006320224719101 0.6418539325842697 0.3964185393258427 0.6385767790262172 0.38992275280898875 0.6266385767790262 0.3904494382022472 0.6051029962546817 0.3962429775280899 0.5990168539325843 0.40168539325842695 0.5976123595505618
0 0.5373946629213483 0.528558052434457 0.5458216292134831 0.5346441947565543 0.5496839887640449 0.5463483146067416 0.5472261235955056 0.5603932584269663 0.5398525280898876 0.5685861423220974 0.5226474719101124 0.5648408239700374 0.5184339887640449 0.5538389513108615 0.5186095505617978 0.5433052434456929 0.5214185393258427 0.5353464419475655 0.5258075842696629 0.5308988764044944 0.5372191011235955 0.528558052434457
0 0.320751404494382 0.4585674157303371 0.33110955056179775 0.46348314606741575 0.3377808988764045 0.4737827715355805 0.33514747191011235 0.48735955056179775 0.33672752808988765 0.5016385767790262 0.32566713483146065 0.5091292134831461 0.3144311797752809 0.5025749063670412 0.3070575842696629 0.488061797752809 0.30740870786516855 0.4772940074906367 0.31197331460674155 0.4637172284644195 0.3107443820224719 0.45669475655430714 0.31390449438202245 0.4524812734082397 0.31759129213483145 0.45224719101123595 0.3205758426966292 0.4585674157303371
0 0.6567766853932584 0.49180711610486894 0.6716994382022472 0.5009363295880149 0.6759129213483146 0.5114700374531835 0.6736306179775281 0.5344101123595506 0.671875 0.536750936329588 0.6620435393258427 0.5383895131086143 0.6543188202247191 0.5374531835205992 0.6455407303370787 0.5292602996254682 0.6444873595505618 0.5051498127340824 0.6462429775280899 0.49836142322097376 0.6509831460674157 0.49297752808988765 0.6566011235955056 0.49180711610486894
0 0.5682935393258427 0.48852996254681647 0.5746137640449438 0.48993445692883897 0.5802317415730337 0.4948501872659176 0.5825140449438202 0.49929775280898875 0.5830407303370787 0.512874531835206 0.5819873595505618 0.5191947565543071 0.5763693820224719 0.5269194756554307 0.5658356741573034 0.5283239700374532 0.5553019662921348 0.5243445692883895 0.5516151685393258 0.5191947565543071 0.5502106741573034 0.5117041198501873 0.5568820224719101 0.49250936329588013 0.5681179775280899 0.48852996254681647
0 0.2870435393258427 0.5077247191011236 0.29810393258426965 0.5114700374531835 0.3024929775280899 0.5154494382022472 0.3009129213483146 0.5255149812734082 0.30179073033707865 0.5400280898876404 0.29002808988764045 0.5484550561797753 0.273876404494382 0.5442415730337079 0.27089185393258425 0.5397940074906367 0.26896067415730335 0.5297284644194756 0.27054073033707865 0.5201310861423221 0.27650983146067415 0.5105337078651685 0.2868679775280899 0.5077247191011236
0 0.5716292134831461 0.5287921348314607 0.5779494382022472 0.5327715355805244 0.5823384831460674 0.5421348314606742 0.5823384831460674 0.5568820224719101 0.5784761235955056 0.5664794007490637 0.5681179775280899 0.5709269662921348 0.5537219101123596 0.5683520599250936 0.5500351123595506 0.5641385767790262 0.5488061797752809 0.5559456928838952 0.5503862359550562 0.5454119850187266 0.5556530898876404 0.5327715355805244 0.5642556179775281 0.5287921348314607 0.5714536516853933 0.5287921348314607
0 0.43679775280898875 0.6404494382022472 0.44662921348314605 0.6448970037453183 0.45014044943820225 0.6509831460674157 0.4513693820224719 0.658941947565543 0.44610252808988765 0.6783707865168539 0.43644662921348315 0.6832865168539326 0.4253862359550562 0.6783707865168539 0.4215238764044944 0.6718164794007491 0.42064606741573035 0.6643258426966292 0.4215238764044944 0.6540262172284644 0.42433286516853935 0.6477059925093633 0.4294241573033708 0.6423220973782772 0.43662219101123595 0.6404494382022472
0 0.633251404494382 0.49508426966292135 0.6418539325842697 0.50187265917603 0.6453651685393258 0.5201310861423221 0.6427317415730337 0.5297284644194756 0.6302668539325843 0.5344101123595506 0.6230688202247191 0.5334737827715356 0.6155196629213483 0.5287921348314607 0.6134129213483146 0.5210674157303371 0.6137640449438202 0.5077247191011236 0.6156952247191011 0.5004681647940075 0.6199087078651685 0.49602059925093633 0.6330758426966292 0.49508426966292135
0 0.3813202247191011 0.5985486891385767 0.3871137640449438 0.6015917602996255 0.3883426966292135 0.6053370786516854 0.38764044943820225 0.6247659176029963 0.3806179775280899 0.6338951310861424 0.36657303370786515 0.638810861423221 0.363061797752809 0.6381086142322098 0.3570926966292135 0.6266385767790262 0.36007724719101125 0.6053370786516854 0.36604634831460675 0.598314606741573 0.3811446629213483 0.5985486891385767
0 0.34620786516853935 0.5098314606741573 0.3558637640449438 0.5110018726591761 0.36042837078651685 0.5154494382022472 0.3634129213483146 0.5252808988764045 0.3632373595505618 0.5374531835205992 0.35603932584269665 0.5409644194756554 0.35235252808988765 0.5388576779026217 0.34708567415730335 0.5433052434456929 0.3383075842696629 0.5454119850187266 0.33497191011235955 0.5444756554307116 0.33339185393258425 0.536750936329588 0.3342696629213483 0.5187265917602997 0.3381320224719101 0.5121722846441947 0.3460323033707865 0.5098314606741573
0 0.4216994382022472 0.5559456928838952 0.4257373595505618 0.56062734082397 0.42696629213483145 0.5681179775280899 0.42292837078651685 0.5917602996254682 0.4155547752808989 0.5980805243445693 0.4043188202247191 0.596441947565543 0.3964185393258427 0.5887172284644194 0.39554073033707865 0.5667134831460674 0.40133426966292135 0.5580524344569289 0.4215238764044944 0.5559456928838952
0 0.5244030898876404 0.608380149812734 0.5382724719101124 0.6114232209737828 0.5447682584269663 0.6196161048689138 0.5445926966292135 0.6310861423220974 0.5437148876404494 0.6376404494382022 0.5389747191011236 0.6444288389513109 0.5208918539325843 0.6542602996254682 0.5149227528089888 0.6523876404494382 0.5121137640449438 0.6439606741573034 0.514747191011236 0.6343632958801498 0.5143960674157303 0.6158707865168539 0.5175561797752809 0.6114232209737828 0.5242275280898876 0.608380149812734
0 0.7003160112359551 0.5002340823970037 0.7075140449438202 0.5065543071161048 0.7094452247191011 0.5229400749063671 0.7062851123595506 0.5351123595505618 0.6955758426966292 0.5407303370786517 0.683813202247191 0.538623595505618 0.6759129213483146 0.5327715355805244 0.6766151685393258 0.5131086142322098 0.6846910112359551 0.5016385767790262 0.7001404494382022 0.5002340823970037