0 0.4046699438202247 0.5292602996254682 0.4118679775280899 0.5332397003745318 0.4155547752808989 0.5421348314606742 0.41292134831460675 0.5573501872659176 0.40519662921348315 0.5641385767790262 0.39325842696629215 0.5578183520599251 0.390625 0.5500936329588015 0.3946629213483146 0.5341760299625468 0.4044943820224719 0.5292602996254682
0 0.4669943820224719 0.5798220973782772 0.47384129213483145 0.586376404494382 0.47594803370786515 0.5987827715355806 0.4708567415730337 0.610252808988764 0.4645365168539326 0.6132958801498127 0.4533005617977528 0.6079119850187266 0.45031601123595505 0.596441947565543 0.45417837078651685 0.5842696629213483 0.4631320224719101 0.5793539325842697 0.4668188202247191 0.5798220973782772
0 0.5217696629213483 0.40870786516853935 0.5308988764044944 0.414559925093633 0.532127808988764 0.4302434456928839 0.5273876404494382 0.44124531835205993 0.519311797752809 0.44756554307116103 0.5152738764044944 0.44686329588014984 0.5071980337078652 0.43913857677902624 0.5043890449438202 0.43258426966292135 0.5042134831460674 0.42602996254681647 0.5100070224719101 0.4131554307116105 0.5154494382022472 0.4091760299625468 0.5215941011235955 0.40870786516853935
0 0.5475772471910112 0.3565074906367041 0.5593398876404494 0.3604868913857678 0.5644311797752809 0.3693820224719101 0.5623244382022472 0.3848314606741573 0.5582865168539326 0.39068352059925093 0.5553019662921348 0.3913857677902622 0.5433637640449438 0.3890449438202247 0.5384480337078652 0.38038389513108617 0.5375702247191011 0.37312734082397003 0.5396769662921348 0.363998127340824 0.5417837078651685 0.35908239700374533 0.5474016853932584 0.3565074906367041
0 0.3628862359550562 0.56062734082397 0.37412219101123595 0.5657771535580525 0.37833567415730335 0.5739700374531835 0.37447331460674155 0.5852059925093633 0.3634129213483146 0.5933988764044944 0.35656601123595505 0.5894194756554307 0.3518258426966292 0.5809925093632958 0.35059691011235955 0.5713951310861424 0.3551615168539326 0.5620318352059925 0.36271067415730335 0.56062734082397
0 0.49122191011235955 0.35580524344569286 0.4998244382022472 0.3618913857677903 0.5031601123595506 0.375936329588015 0.5001755617977528 0.38764044943820225 0.4919241573033708 0.39232209737827717 0.48771067415730335 0.39185393258426965 0.48156601123595505 0.386001872659176 0.4784058988764045 0.37663857677902624 0.47945926966292135 0.3684456928838951 0.484375 0.35720973782771537 0.49104634831460675 0.35580524344569286
0 0.5300210674157303 0.45341760299625467 0.5377457865168539 0.45739700374531833 0.5424859550561798 0.46980337078651685 0.5405547752808989 0.48080524344569286 0.5363412921348315 0.48618913857677903 0.530372191011236 0.4875936329588015 0.5217696629213483 0.48431647940074907 0.516502808988764 0.47448501872659177 0.5180828651685393 0.4606741573033708 0.5298455056179775 0.45341760299625467
0 0.49473314606741575 0.5308988764044944 0.5022823033707865 0.5348782771535581 0.5059691011235955 0.545880149812734 0.5056179775280899 0.5543071161048689 0.5028089887640449 0.5613295880149812 0.49473314606741575 0.5662453183520599 0.4841994382022472 0.5610955056179775 0.480688202247191 0.5500936329588015 0.48103932584269665 0.5433052434456929 0.48507724719101125 0.5337078651685393 0.4945575842696629 0.5308988764044944
0 0.36657303370786515 0.31015917602996257 0.37377106741573035 0.3176498127340824 0.375 0.32818352059925093 0.371313202247191 0.3387172284644195 0.3635884831460674 0.34386704119850187 0.35849719101123595 0.3431647940074906 0.35235252808988765 0.3368445692883895 0.35042134831460675 0.32397003745318353 0.3558637640449438 0.31296816479400746 0.36639747191011235 0.31015917602996257
0 0.39747191011235955 0.31226591760299627 0.40484550561797755 0.3167134831460674 0.4078300561797753 0.32162921348314605 0.4083567415730337 0.33169475655430714 0.4058988764044944 0.33965355805243447 0.4023876404494382 0.3433988764044944 0.39378511235955055 0.3450374531835206 0.3871137640449438 0.3429307116104869 0.3829002808988764 0.3366104868913858 0.383251404494382 0.3211610486891386 0.3902738764044944 0.3136704119850187 0.39729634831460675 0.3125
0 0.4606741573033708 0.39864232209737827 0.46962780898876405 0.4035580524344569 0.47349016853932585 0.41853932584269665 0.4727879213483146 0.42485955056179775 0.46822331460674155 0.43258426966292135 0.46032303370786515 0.4349250936329588 0.45400280898876405 0.4323501872659176 0.44627808988764045 0.42134831460674155 0.45014044943820225 0.4068352059925094 0.460498595505618 0.39864232209737827
0 0.5249297752808989 0.4897003745318352 0.5328300561797753 0.4932116104868914 0.5373946629213483 0.5046816479400749 0.5363412921348315 0.5191947565543071 0.5263342696629213 0.5262172284644194 0.5158005617977528 0.5224719101123596 0.5117626404494382 0.5173220973782772 0.5103581460674157 0.510065543071161 0.5140449438202247 0.49391385767790263 0.5247542134831461 0.4897003745318352
0 0.39940308988764045 0.4897003745318352 0.40870786516853935 0.49812734082397003 0.4102879213483146 0.5088951310861424 0.40765449438202245 0.5189606741573034 0.397998595505618 0.5241104868913857 0.3904494382022472 0.5227059925093633 0.3865870786516854 0.5189606741573034 0.38377808988764045 0.5081928838951311 0.3851825842696629 0.49812734082397003 0.38816713483146065 0.4932116104868914 0.3927317415730337 0.48993445692883897 0.39922752808988765 0.4897003745318352
0 0.48893960674157305 0.48525280898876405 0.4984199438202247 0.48946629213483145 0.5026334269662921 0.5004681647940075 0.5017556179775281 0.512874531835206 0.496313202247191 0.5189606741573034 0.49122191011235955 0.5203651685393258 0.4801615168539326 0.5168539325842697 0.4762991573033708 0.5039794007490637 0.4784058988764045 0.49157303370786515 0.4841994382022472 0.4859550561797753 0.4887640449438202 0.48525280898876405
0 0.46383426966292135 0.4866573033707865 0.46804775280898875 0.49040262172284643 0.47138342696629215 0.49836142322097376 0.4705056179775281 0.5154494382022472 0.46629213483146065 0.5191947565543071 0.45786516853932585 0.5213014981273408 0.44978932584269665 0.5191947565543071 0.44469803370786515 0.5121722846441947 0.44452247191011235 0.49859550561797755 0.453125 0.48642322097378277 0.46365870786516855 0.4866573033707865
0 0.5159761235955056 0.3506554307116105 0.5261587078651685 0.35580524344569286 0.5301966292134831 0.3661048689138577 0.5296699438202247 0.37359550561797755 0.5265098314606742 0.3806179775280899 0.5168539325842697 0.3857677902621723 0.5121137640449438 0.3857677902621723 0.5080758426966292 0.3817883895131086 0.5050912921348315 0.37640449438202245 0.5038623595505618 0.3677434456928839 0.5049157303370787 0.35931647940074907 0.5121137640449438 0.35159176029962547 0.5158005617977528 0.3506554307116105
0 0.4274929775280899 0.3150749063670412 0.43609550561797755 0.3190543071161049 0.44083567415730335 0.33169475655430714 0.43820224719101125 0.3441011235955056 0.43047752808988765 0.34948501872659177 0.4201193820224719 0.34573970037453183 0.41678370786516855 0.3419943820224719 0.4143258426966292 0.3335674157303371 0.4176615168539326 0.32069288389513106 0.421875 0.31624531835205993 0.4273174157303371 0.3150749063670412
0 0.36973314606741575 0.649812734082397 0.3769311797752809 0.6558988764044944 0.37816011235955055 0.675561797752809 0.3734199438202247 0.6849250936329588 0.3632373595505618 0.6907771535580525 0.3555126404494382 0.68937265917603 0.34884129213483145 0.6818820224719101 0.34673455056179775 0.6718164794007491 0.347436797752809 0.6647940074906367 0.3537570224719101 0.6528558052434457 0.3695575842696629 0.649812734082397
0 0.3707865168539326 0.3951310861423221 0.3792134831460674 0.4012172284644195 0.3813202247191011 0.4152621722846442 0.3767556179775281 0.42743445692883897 0.36780196629213485 0.4309456928838951 0.3595505617977528 0.4288389513108614 0.35656601123595505 0.424625468164794 0.35463483146067415 0.41034644194756553 0.3572682584269663 0.4014513108614232 0.3614817415730337 0.3967696629213483 0.3706109550561798 0.3951310861423221
0 0.4982443820224719 0.4426498127340824 0.5057935393258427 0.4477996254681648 0.5103581460674157 0.4602059925093633 0.5068469101123596 0.47542134831460675 0.49701544943820225 0.48174157303370785 0.4866573033707865 0.47752808988764045 0.4826193820224719 0.4705056179775281 0.48121488764044945 0.46254681647940077 0.484375 0.44897003745318353 0.48771067415730335 0.4452247191011236 0.4980688202247191 0.4426498127340824
0 0.48946629213483145 0.3955992509363296 0.49490870786516855 0.3972378277153558 0.4982443820224719 0.40168539325842695 0.5005266853932584 0.41830524344569286 0.4961376404494382 0.426498127340824 0.4864817415730337 0.4309456928838951 0.4808637640449438 0.42813670411985016 0.4762991573033708 0.4220505617977528 0.47594803370786515 0.40613295880149813 0.4808637640449438 0.39747191011235955 0.48929073033707865 0.3955992509363296
0 0.5277387640449438 0.30875468164794007 0.5333567415730337 0.3103932584269663 0.5384480337078652 0.3176498127340824 0.5368679775280899 0.34176029962546817 0.5305477528089888 0.3445692883895131 0.5172050561797753 0.34058988764044945 0.5117626404494382 0.32818352059925093 0.515625 0.3136704119850187 0.5208918539325843 0.3094569288389513 0.527563202247191 0.30875468164794007
0 0.555126404494382 0.3967696629213483 0.5563553370786517 0.398876404494382 0.5489817415730337 0.40098314606741575 0.5574087078651685 0.40215355805243447 0.5619733146067416 0.4070692883895131 0.5642556179775281 0.41198501872659177 0.5653089887640449 0.426498127340824 0.5607443820224719 0.438436329588015 0.5510884831460674 0.44335205992509363 0.543188202247191 0.4410112359550562 0.5363412921348315 0.4342228464419476 0.5351123595505618 0.4173689138576779 0.5435393258426966 0.40098314606741575 0.5500351123595506 0.39653558052434457 0.5549508426966292 0.3967696629213483
0 0.3981741573033708 0.39653558052434457 0.4080056179775281 0.4033239700374532 0.41116573033707865 0.4112827715355805 0.40888342696629215 0.42602996254681647 0.40133426966292135 0.4330524344569288 0.3902738764044944 0.4328183520599251 0.38360252808988765 0.42485955056179775 0.3825491573033708 0.4190074906367041 0.3829002808988764 0.41081460674157305 0.3862359550561798 0.4028558052434457 0.3904494382022472 0.397940074906367 0.397998595505618 0.39653558052434457
0 0.4633075842696629 0.31320224719101125 0.47366573033707865 0.3213951310861423 0.47559691011235955 0.3300561797752809 0.472436797752809 0.3450374531835206 0.4648876404494382 0.35042134831460675 0.45452949438202245 0.3487827715355805 0.44820926966292135 0.33824906367041196 0.4473314606741573 0.3326310861423221 0.45031601123595505 0.32045880149812733 0.45979634831460675 0.31320224719101125 0.4631320224719101 0.31320224719101125
0 0.42521067415730335 0.49204119850187267 0.43258426966292135 0.4934456928838951 0.44013342696629215 0.5016385767790262 0.43995786516853935 0.5156835205992509 0.4359199438202247 0.5241104868913857 0.4281952247191011 0.5271535580524345 0.4143258426966292 0.5187265917602997 0.41502808988764045 0.49859550561797755 0.42503511235955055 0.4922752808988764
0 0.3635884831460674 0.4375 0.3734199438202247 0.44241573033707865 0.375 0.45341760299625467 0.3734199438202247 0.46348314606741575 0.3634129213483146 0.47191011235955055 0.3555126404494382 0.4691011235955056 0.35024578651685395 0.4576310861423221 0.35217696629213485 0.4442883895131086 0.35674157303370785 0.4386704119850187 0.3634129213483146 0.4375
0 0.42872191011235955 0.3532303370786517 0.43609550561797755 0.3618913857677903 0.43679775280898875 0.37312734082397003 0.4334620786516854 0.38108614232209737 0.4257373595505618 0.38506554307116103 0.4183637640449438 0.38459737827715357 0.4139747191011236 0.38038389513108617 0.41134129213483145 0.36563670411985016 0.4176615168539326 0.3539325842696629 0.4216994382022472 0.3518258426966292 0.42854634831460675 0.3532303370786517
0 0.39396067415730335 0.351123595505618 0.4023876404494382 0.35557116104868913 0.4060744382022472 0.36235955056179775 0.40554775280898875 0.37312734082397003 0.4027387640449438 0.3806179775280899 0.394311797752809 0.3852996254681648 0.386938202247191 0.3838951310861423 0.3829002808988764 0.3792134831460674 0.38009129213483145 0.3705524344569288 0.382373595505618 0.35674157303370785 0.39378511235955055 0.351123595505618
0 0.4669943820224719 0.5355805243445693 0.472436797752809 0.5397940074906367 0.47542134831460675 0.5465823970037453 0.47401685393258425 0.5589887640449438 0.4708567415730337 0.5655430711610487 0.4669943820224719 0.5678838951310862 0.45610955056179775 0.5655430711610487 0.4511938202247191 0.5540730337078652 0.453125 0.5407303370786517 0.46032303370786515 0.5355805243445693 0.4668188202247191 0.5355805243445693
0 0.39132724719101125 0.5720973782771536 0.3981741573033708 0.5758426966292135 0.4022120786516854 0.5814606741573034 0.4044943820224719 0.5950374531835206 0.40150983146067415 0.6039325842696629 0.3925561797752809 0.6097846441947565 0.38360252808988765 0.6062734082397003 0.37974016853932585 0.6013576779026217 0.3785112359550562 0.5955056179775281 0.3829002808988764 0.5786516853932584 0.3871137640449438 0.5732677902621723 0.39115168539325845 0.5720973782771536
0 0.3670997191011236 0.3485486891385768 0.37394662921348315 0.35580524344569286 0.37552668539325845 0.363061797752809 0.3711376404494382 0.37734082397003743 0.3628862359550562 0.38249063670411987 0.35691713483146065 0.3806179775280899 0.3518258426966292 0.37546816479400746 0.34901685393258425 0.36282771535580527 0.3512991573033708 0.3527621722846442 0.35410814606741575 0.3497191011235955 0.3591994382022472 0.34737827715355807 0.3669241573033708 0.3485486891385768
0 0.4276685393258427 0.40426029962546817 0.43504213483146065 0.4096441947565543 0.43995786516853935 0.42158239700374533 0.4371488764044944 0.4328183520599251 0.4294241573033708 0.43820224719101125 0.41871488764044945 0.436563670411985 0.41467696629213485 0.42602996254681647 0.41485252808988765 0.4169007490636704 0.4178370786516854 0.4089419475655431 0.4274929775280899 0.40426029962546817
0 0.40098314606741575 0.44452247191011235 0.40941011235955055 0.448501872659176 0.41309691011235955 0.45669475655430714 0.4125702247191011 0.46629213483146065 0.40905898876404495 0.47425093632958804 0.4046699438202247 0.47846441947565543 0.397998595505618 0.4791666666666667 0.3908005617977528 0.4747191011235955 0.386938202247191 0.46886704119850187 0.38606039325842695 0.45997191011235955 0.38939606741573035 0.45107677902621723 0.4008075842696629 0.4447565543071161
0 0.43679775280898875 0.535814606741573 0.44276685393258425 0.5402621722846442 0.44452247191011235 0.5601591760299626 0.44013342696629215 0.5681179775280899 0.43240870786516855 0.5711610486891385 0.4222261235955056 0.5655430711610487 0.41906601123595505 0.5533707865168539 0.42082162921348315 0.5435393258426966 0.42521067415730335 0.5379213483146067 0.43662219101123595 0.535814606741573
0 0.37166432584269665 0.48384831460674155 0.37745786516853935 0.488061797752809 0.3813202247191011 0.49461610486891383 0.37991573033707865 0.511938202247191 0.3767556179775281 0.516619850187266 0.359375 0.5121722846441947 0.3534058988764045 0.5042134831460674 0.35445926966292135 0.49461610486891383 0.35849719101123595 0.487125468164794 0.36271067415730335 0.4836142322097378 0.3714887640449438 0.48384831460674155
0 0.4359199438202247 0.4538857677902622 0.44083567415730335 0.4585674157303371 0.44399578651685395 0.47425093632958804 0.43644662921348315 0.4850187265917603 0.4297752808988764 0.4868913857677903 0.42117275280898875 0.48314606741573035 0.41678370786516855 0.46512172284644193 0.4216994382022472 0.45575842696629215 0.4357443820224719 0.4538857677902622
0 0.37359550561797755 0.6109550561797753 0.3809691011235955 0.6193820224719101 0.382373595505618 0.6301498127340824 0.3790379213483146 0.6418539325842697 0.36973314606741575 0.6465355805243446 0.36025280898876405 0.6432584269662921 0.3570926966292135 0.6240636704119851 0.3609550561797753 0.6161048689138576 0.3734199438202247 0.6109550561797753
0 0.46348314606741575 0.44241573033707865 0.46997893258426965 0.44499063670411987 0.47401685393258425 0.450374531835206 0.4766502808988764 0.46441947565543074 0.47366573033707865 0.4758895131086142 0.46383426966292135 0.48103932584269665 0.4529494382022472 0.4777621722846442 0.4490870786516854 0.47027153558052437 0.4476825842696629 0.460440074906367 0.45172050561797755 0.44686329588014984 0.4633075842696629 0.44241573033707865
0 0.5603932584269663 0.3160112359550562 0.5672401685393258 0.32069288389513106 0.569873595505618 0.33192883895131087 0.566186797752809 0.3433988764044944 0.5577598314606742 0.3487827715355805 0.5472261235955056 0.34480337078651685 0.5444171348314607 0.33965355805243447 0.5437148876404494 0.33146067415730335 0.5488061797752809 0.31858614232209737 0.5602176966292135 0.3160112359550562
0 0.4956109550561798 0.31179775280898875 0.5035112359550562 0.3171816479400749 0.5063202247191011 0.33146067415730335 0.5014044943820225 0.3429307116104869 0.49490870786516855 0.34573970037453183 0.48314606741573035 0.34012172284644193 0.48121488764044945 0.32420411985018727 0.48297050561797755 0.31741573033707865 0.4863061797752809 0.31390449438202245 0.49543539325842695 0.31179775280898875
0 0.453125 0.3553370786516854 0.46611657303370785 0.36235955056179775 0.46734550561797755 0.36914794007490637 0.4648876404494382 0.37991573033707865 0.45435393258426965 0.38881086142322097 0.4452247191011236 0.3862359550561798 0.44206460674157305 0.38085205992509363 0.44066011235955055 0.3719569288389513 0.44083567415730335 0.3661048689138577 0.4438202247191011 0.35978464419475653 0.4529494382022472 0.3553370786516854
0 0.4222261235955056 0.5807584269662921 0.43293539325842695 0.5887172284644194 0.4353932584269663 0.5987827715355806 0.43258426966292135 0.6100187265917603 0.42292837078651685 0.6142322097378277 0.4143258426966292 0.6100187265917603 0.40958567415730335 0.599250936329588 0.4137991573033708 0.5852059925093633 0.418188202247191 0.5809925093632958 0.4220505617977528 0.5807584269662921
0 0.37745786516853935 0.5236423220973783 0.38202247191011235 0.5294943820224719 0.38395365168539325 0.5426029962546817 0.3811446629213483 0.5519662921348315 0.3730688202247191 0.5601591760299626 0.3628862359550562 0.5578183520599251 0.3549859550561798 0.5500936329588015 0.3539325842696629 0.5428370786516854 0.35814606741573035 0.5325374531835206 0.36429073033707865 0.524812734082397 0.3772823033707865 0.5236423220973783
2 0.6384597963483146 0.3113295880149813 0.34747296348314605 0.30377059925093636 0.3407292837078652 0.6936977996254682 0.6336797752808989 0.7010828651685392
1 0.5967345505617978 0.5067415730337079 0.05231566011235955 0.35025280898876404
1 0.5820154494382023 0.5638951310861423 0.08491046348314607 0.24139747191011235
1 0.5673332162921348 0.6088810861423221 0.1199192415730337 0.16127106741573036
1 0.5500807584269664 0.6273642322097378 0.14627633426966294 0.11865168539325843
1 0.5050351123595506 0.6514723782771535 0.2434497893258427 0.07635065543071161