0 0.5033356741573034 0.3082865168539326 0.5093047752808989 0.31296816479400746 0.5121137640449438 0.32256554307116103 0.5103581460674157 0.33239700374531833 0.5019311797752809 0.34058988764044945 0.49473314606741575 0.34058988764044945 0.48771067415730335 0.33497191011235955 0.4859550561797753 0.323501872659176 0.48753511235955055 0.3167134831460674 0.4920997191011236 0.31015917602996257 0.5031601123595506 0.3082865168539326
0 0.4195926966292135 0.6374063670411985 0.42450842696629215 0.6392790262172284 0.4274929775280899 0.6437265917602997 0.4299508426966292 0.6612827715355806 0.4220505617977528 0.6694756554307116 0.4180126404494382 0.6706460674157303 0.4118679775280899 0.6694756554307116 0.4080056179775281 0.6650280898876404 0.4041432584269663 0.6523876404494382 0.40625 0.6430243445692884 0.4120435393258427 0.6383426966292135 0.41941713483146065 0.6374063670411985
0 0.6242977528089888 0.36446629213483145 0.6307935393258427 0.36961610486891383 0.6336025280898876 0.3827247191011236 0.6283356741573034 0.3955992509363296 0.6197331460674157 0.398876404494382 0.608497191011236 0.39325842696629215 0.605688202247191 0.37640449438202245 0.6141151685393258 0.3651685393258427 0.624122191011236 0.36446629213483145
0 0.5930477528089888 0.3197565543071161 0.5988412921348315 0.3237359550561798 0.6028792134831461 0.3309925093632959 0.6035814606741573 0.34058988764044945 0.5997191011235955 0.352059925093633 0.5958567415730337 0.35697565543071164 0.589185393258427 0.3600187265917603 0.5816362359550562 0.3586142322097378 0.5753160112359551 0.352059925093633 0.5737359550561798 0.337312734082397 0.5798806179775281 0.323501872659176 0.5849719101123596 0.3197565543071161 0.592872191011236 0.3197565543071161
0 0.5268609550561798 0.6544943820224719 0.5338834269662921 0.6645599250936329 0.5345856741573034 0.6757958801498127 0.5305477528089888 0.6863295880149812 0.5228230337078652 0.6896067415730337 0.515625 0.6875 0.5115870786516854 0.6832865168539326 0.5087780898876404 0.6659644194756554 0.5101825842696629 0.660814606741573 0.5143960674157303 0.6563670411985019 0.5224719101123596 0.6533239700374532 0.526685393258427 0.6544943820224719
0 0.5862008426966292 0.45318352059925093 0.5918188202247191 0.4583333333333333 0.594627808988764 0.4705056179775281 0.5923455056179775 0.48080524344569286 0.5849719101123596 0.4866573033707865 0.578125 0.4857209737827715 0.5733848314606742 0.4815074906367041 0.570751404494382 0.47425093632958804 0.5704002808988764 0.46324906367041196 0.5768960674157303 0.4550561797752809 0.5860252808988764 0.45318352059925093
0 0.5758426966292135 0.6432584269662921 0.5846207865168539 0.6509831460674157 0.5865519662921348 0.665496254681648 0.5823384831460674 0.6760299625468165 0.5753160112359551 0.6790730337078652 0.5696980337078652 0.6772003745318352 0.5626755617977528 0.6694756554307116 0.5612710674157303 0.6619850187265918 0.5658356741573034 0.6493445692883895 0.5756671348314607 0.6432584269662921
0 0.37043539325842695 0.3012640449438202 0.3806179775280899 0.3073501872659176 0.383251404494382 0.3188202247191011 0.38167134831460675 0.325374531835206 0.3765800561797753 0.33286516853932585 0.37025983146067415 0.3345037453183521 0.36271067415730335 0.3345037453183521 0.3591994382022472 0.33192883895131087 0.35603932584269665 0.32209737827715357 0.3591994382022472 0.3061797752808989 0.37025983146067415 0.3012640449438202
0 0.43223314606741575 0.30875468164794007 0.4397823033707865 0.31203183520599254 0.4436446629213483 0.3171816479400749 0.4452247191011236 0.3279494382022472 0.4429424157303371 0.33848314606741575 0.43820224719101125 0.34363295880149813 0.4297752808988764 0.3443352059925094 0.42433286516853935 0.3419943820224719 0.42134831460674155 0.336376404494382 0.41906601123595505 0.32514044943820225 0.42082162921348315 0.3167134831460674 0.4262640449438202 0.31062734082397003 0.4320575842696629 0.3089887640449438
0 0.49912219101123595 0.4349250936329588 0.5057935393258427 0.4431179775280899 0.5061446629213483 0.4550561797752809 0.5017556179775281 0.46418539325842695 0.49543539325842695 0.4674625468164794 0.4878862359550562 0.46629213483146065 0.4840238764044944 0.46207865168539325 0.4805126404494382 0.4545880149812734 0.4801615168539326 0.44569288389513106 0.48314606741573035 0.43913857677902624 0.488061797752809 0.43515917602996257 0.49894662921348315 0.4349250936329588
0 0.5895365168539326 0.5325374531835206 0.6002457865168539 0.5390917602996255 0.601123595505618 0.5566479400749064 0.5944522471910112 0.5657771535580525 0.5856741573033708 0.5681179775280899 0.5779494382022472 0.5632022471910112 0.5756671348314607 0.5465823970037453 0.5783005617977528 0.537687265917603 0.5849719101123596 0.5320692883895131 0.5893609550561798 0.5325374531835206
0 0.5872542134831461 0.40847378277153557 0.5951544943820225 0.414559925093633 0.5969101123595506 0.426498127340824 0.5942766853932584 0.43820224719101125 0.5849719101123596 0.4442883895131086 0.5737359550561798 0.4375 0.5704002808988764 0.42392322097378277 0.5742626404494382 0.41175093632958804 0.5870786516853933 0.40847378277153557
0 0.6132373595505618 0.45552434456928836 0.6192064606741573 0.4583333333333333 0.6223665730337079 0.46301498127340823 0.6239466292134831 0.4772940074906367 0.6218398876404494 0.48478464419475653 0.610252808988764 0.48829588014981273 0.6018258426966292 0.4833801498127341 0.5997191011235955 0.4693352059925094 0.6039325842696629 0.4580992509363296 0.613061797752809 0.45552434456928836
0 0.5294943820224719 0.4833801498127341 0.5373946629213483 0.48782771535580527 0.5412570224719101 0.49812734082397003 0.5405547752808989 0.5072565543071161 0.5373946629213483 0.514747191011236 0.5300210674157303 0.5180243445692884 0.5200140449438202 0.5154494382022472 0.5149227528089888 0.5053838951310862 0.5179073033707865 0.48993445692883897 0.5222963483146067 0.48525280898876405 0.5293188202247191 0.4833801498127341
0 0.460498595505618 0.5990168539325843 0.4689255617977528 0.6048689138576779 0.47138342696629215 0.6139981273408239 0.4666432584269663 0.6299157303370787 0.46014747191011235 0.6348314606741573 0.45382724719101125 0.6338951310861424 0.4454002808988764 0.6285112359550562 0.4438202247191011 0.6165730337078652 0.4490870786516854 0.6027621722846442 0.4552317415730337 0.5987827715355806 0.46032303370786515 0.5990168539325843
0 0.558813202247191 0.3171816479400749 0.566186797752809 0.3211610486891386 0.5716292134831461 0.335440074906367 0.5656601123595506 0.34901685393258425 0.5575842696629213 0.35159176029962547 0.5502106741573034 0.34925093632958804 0.5451193820224719 0.3352059925093633 0.5482794943820225 0.32397003745318353 0.5535463483146067 0.31858614232209737 0.5586376404494382 0.3171816479400749
0 0.45014044943820225 0.6383426966292135 0.45768960674157305 0.6418539325842697 0.4610252808988764 0.6474719101123596 0.4610252808988764 0.6526217228464419 0.4575140449438202 0.6659644194756554 0.44996488764044945 0.670880149812734 0.441186797752809 0.6664325842696629 0.43644662921348315 0.651685393258427 0.4375 0.6460674157303371 0.4410112359550562 0.641619850187266 0.44996488764044945 0.6383426966292135
0 0.4984199438202247 0.3937265917602996 0.5061446629213483 0.39747191011235955 0.5096558988764045 0.4066011235955056 0.5061446629213483 0.42228464419475653 0.49912219101123595 0.4272003745318352 0.4905196629213483 0.42602996254681647 0.4864817415730337 0.42275280898876405 0.48297050561797755 0.41245318352059923 0.48384831460674155 0.40472846441947563 0.4878862359550562 0.3970037453183521 0.4982443820224719 0.3937265917602996
0 0.5840941011235955 0.49063670411985016 0.59375 0.49812734082397003 0.5969101123595506 0.5049157303370787 0.597436797752809 0.5156835205992509 0.5923455056179775 0.5259831460674157 0.5823384831460674 0.5304307116104869 0.5777738764044944 0.5297284644194756 0.5709269662921348 0.5236423220973783 0.5691713483146067 0.5051498127340824 0.5730337078651685 0.4934456928838951 0.5839185393258427 0.49063670411985016
0 0.5545997191011236 0.6184456928838952 0.5630266853932584 0.6235955056179775 0.5665379213483146 0.6336610486891385 0.5647823033707865 0.6451310861423221 0.5572331460674157 0.6521535580524345 0.5463483146067416 0.6486423220973783 0.5430126404494382 0.6439606741573034 0.5419592696629213 0.6371722846441947 0.543188202247191 0.6266385767790262 0.5544241573033708 0.6184456928838952
0 0.42082162921348315 0.5976123595505618 0.4273174157303371 0.6036985018726592 0.4299508426966292 0.6163389513108615 0.4236306179775281 0.6275749063670412 0.41537921348314605 0.6308520599250936 0.41116573033707865 0.6303838951310862 0.40695224719101125 0.6257022471910112 0.40379213483146065 0.6163389513108615 0.4039676966292135 0.6060393258426966 0.4123946629213483 0.5980805243445693 0.42064606741573035 0.5976123595505618
0 0.3711376404494382 0.426498127340824 0.37745786516853935 0.43211610486891383 0.3793890449438202 0.448501872659176 0.37412219101123595 0.45739700374531833 0.36639747191011235 0.46090823970037453 0.3614817415730337 0.45997191011235955 0.355688202247191 0.4545880149812734 0.3539325842696629 0.43984082397003743 0.3577949438202247 0.4302434456928839 0.36587078651685395 0.42602996254681647 0.3709620786516854 0.426498127340824
0 0.5296699438202247 0.31109550561797755 0.5379213483146067 0.3171816479400749 0.5389747191011236 0.3321629213483146 0.5372191011235955 0.33848314606741575 0.5326544943820225 0.3433988764044944 0.5263342696629213 0.34573970037453183 0.5208918539325843 0.3441011235955056 0.5140449438202247 0.33754681647940077 0.5129915730337079 0.3270131086142322 0.5140449438202247 0.32069288389513106 0.5189606741573034 0.313436329588015 0.5294943820224719 0.31109550561797755
0 0.4885884831460674 0.5681179775280899 0.49859550561797755 0.5746722846441947 0.5007022471910112 0.5884831460674157 0.49683988764044945 0.5990168539325843 0.488061797752809 0.6022940074906367 0.48103932584269665 0.6006554307116105 0.47717696629213485 0.5966760299625468 0.4745435393258427 0.5840355805243446 0.47770365168539325 0.5732677902621723 0.48174157303370785 0.5692883895131086 0.4884129213483146 0.5681179775280899
0 0.49877106741573035 0.4789325842696629 0.5061446629213483 0.48525280898876405 0.5077247191011236 0.4969569288389513 0.5061446629213483 0.5044475655430711 0.5022823033707865 0.5105337078651685 0.49525983146067415 0.5131086142322098 0.4840238764044944 0.5051498127340824 0.4820926966292135 0.49508426966292135 0.48332162921348315 0.48735955056179775 0.48735955056179775 0.48103932584269665 0.49859550561797755 0.4789325842696629
0 0.4080056179775281 0.38436329588014984 0.4160814606741573 0.38974719101123595 0.4197682584269663 0.40004681647940077 0.41906601123595505 0.4089419475655431 0.4162570224719101 0.4152621722846442 0.4083567415730337 0.41970973782771537 0.40150983146067415 0.41830524344569286 0.3929073033707865 0.40777153558052437 0.3929073033707865 0.40074906367041196 0.3964185393258427 0.39068352059925093 0.4078300561797753 0.38436329588014984
0 0.3908005617977528 0.6069756554307116 0.3962429775280899 0.611189138576779 0.4006320224719101 0.62687265917603 0.39536516853932585 0.6381086142322098 0.38781601123595505 0.6427902621722846 0.3765800561797753 0.6381086142322098 0.3727176966292135 0.6228932584269663 0.3767556179775281 0.6104868913857678 0.390625 0.6069756554307116
0 0.5228230337078652 0.586376404494382 0.5365168539325843 0.6044007490636704 0.5387991573033708 0.6132958801498127 0.5384480337078652 0.6224250936329588 0.534936797752809 0.6306179775280899 0.523876404494382 0.6376404494382022 0.5122893258426966 0.6306179775280899 0.508251404494382 0.62312734082397 0.5079002808988764 0.6182116104868914 0.5103581460674157 0.5915262172284644 0.5152738764044944 0.587312734082397 0.5226474719101124 0.586376404494382
0 0.4548806179775281 0.40215355805243447 0.4645365168539326 0.4080056179775281 0.4671699438202247 0.4208801498127341 0.46383426966292135 0.4318820224719101 0.45610955056179775 0.43469101123595505 0.44592696629213485 0.4323501872659176 0.441186797752809 0.4225187265917603 0.441186797752809 0.4147940074906367 0.4436446629213483 0.40777153558052437 0.44820926966292135 0.4033239700374532 0.4547050561797753 0.40215355805243447
0 0.35832162921348315 0.6444288389513109 0.3674508426966292 0.6514513108614233 0.371313202247191 0.6650280898876404 0.3669241573033708 0.6753277153558053 0.3572682584269663 0.6800093632958801 0.3472612359550562 0.675561797752809 0.34375 0.6612827715355806 0.34901685393258425 0.6479400749063671 0.35814606741573035 0.6444288389513109
0 0.6227176966292135 0.5320692883895131 0.6309691011235955 0.5402621722846442 0.6321980337078652 0.5507958801498127 0.6290379213483146 0.5608614232209738 0.6197331460674157 0.5676498127340824 0.6088483146067416 0.5603932584269663 0.6063904494382022 0.5543071161048689 0.6067415730337079 0.5461142322097379 0.6106039325842697 0.5351123595505618 0.6163974719101124 0.5318352059925093 0.6225421348314607 0.5320692883895131
0 0.5607443820224719 0.5259831460674157 0.5684691011235955 0.5327715355805244 0.5712780898876404 0.5430711610486891 0.5682935393258427 0.5552434456928839 0.5607443820224719 0.5613295880149812 0.5498595505617978 0.5575842696629213 0.5451193820224719 0.5440074906367042 0.5452949438202247 0.536750936329588 0.5495084269662921 0.5297284644194756 0.5538974719101124 0.5259831460674157 0.5605688202247191 0.5259831460674157
0 0.5103581460674157 0.3544007490636704 0.5170294943820225 0.3600187265917603 0.5196629213483146 0.3719569288389513 0.5166783707865169 0.3815543071161049 0.5093047752808989 0.386938202247191 0.5005266853932584 0.38319288389513106 0.4964887640449438 0.37640449438202245 0.4959620786516854 0.36914794007490637 0.4998244382022472 0.35767790262172283 0.5049157303370787 0.3541666666666667 0.5101825842696629 0.3544007490636704
0 0.39747191011235955 0.475187265917603 0.40484550561797755 0.4794007490636704 0.4080056179775281 0.4875936329588015 0.40572331460674155 0.5030430711610487 0.39747191011235955 0.5086610486891385 0.3867626404494382 0.5056179775280899 0.3825491573033708 0.49836142322097376 0.38219803370786515 0.4913389513108614 0.3867626404494382 0.4768258426966292 0.39729634831460675 0.475187265917603
0 0.46014747191011235 0.31530898876404495 0.47120786516853935 0.31999063670411987 0.47559691011235955 0.33497191011235955 0.47366573033707865 0.3441011235955056 0.46365870786516855 0.3506554307116105 0.45417837078651685 0.34691011235955055 0.44820926966292135 0.335440074906367 0.4510182584269663 0.3211610486891386 0.45593398876404495 0.3160112359550562 0.45997191011235955 0.31530898876404495
0 0.38781601123595505 0.5142790262172284 0.3948384831460674 0.5170880149812734 0.40115870786516855 0.5292602996254682 0.3950140449438202 0.5409644194756554 0.38799157303370785 0.5456460674157303 0.37833567415730335 0.5435393258426966 0.375 0.5397940074906367 0.3732443820224719 0.5325374531835206 0.3767556179775281 0.5184925093632958 0.38342696629213485 0.5135767790262172 0.38764044943820225 0.5142790262172284
0 0.44013342696629215 0.44499063670411987 0.4476825842696629 0.45107677902621723 0.4496137640449438 0.46090823970037453 0.44610252808988765 0.4756554307116105 0.43890449438202245 0.4803370786516854 0.42889747191011235 0.4791666666666667 0.42468398876404495 0.47120786516853935 0.4238061797752809 0.46090823970037453 0.42450842696629215 0.45435393258426965 0.4280196629213483 0.448501872659176 0.4352176966292135 0.44452247191011235 0.43995786516853935 0.44499063670411987
0 0.37008426966292135 0.47963483146067415 0.37763342696629215 0.49461610486891383 0.37798455056179775 0.5063202247191011 0.3728932584269663 0.5145131086142322 0.3649929775280899 0.5175561797752809 0.3551615168539326 0.5114700374531835 0.35235252808988765 0.5 0.35603932584269665 0.487125468164794 0.3628862359550562 0.48080524344569286 0.36990870786516855 0.47963483146067415
0 0.4861306179775281 0.648876404494382 0.49104634831460675 0.650749063670412 0.49490870786516855 0.6556647940074907 0.4964887640449438 0.6699438202247191 0.49332865168539325 0.6788389513108615 0.4845505617977528 0.6835205992509363 0.47787921348314605 0.6795411985018727 0.47173455056179775 0.6718164794007491 0.47120786516853935 0.6577715355805244 0.47752808988764045 0.6491104868913857 0.4859550561797753 0.648876404494382
0 0.45768960674157305 0.48852996254681647 0.46576544943820225 0.4964887640449438 0.46734550561797755 0.5088951310861424 0.4643609550561798 0.5161516853932584 0.4566362359550562 0.5215355805243446 0.445751404494382 0.5170880149812734 0.44241573033707865 0.5042134831460674 0.44627808988764045 0.49250936329588013 0.45066713483146065 0.488998127340824 0.4575140449438202 0.48852996254681647
0 0.6235955056179775 0.4901685393258427 0.6307935393258427 0.4957865168539326 0.6346558988764045 0.5084269662921348 0.6334269662921348 0.5187265917602997 0.6235955056179775 0.5271535580524345 0.6120084269662921 0.5245786516853933 0.6077949438202247 0.5189606741573034 0.6076193820224719 0.5154494382022472 0.6081460674157303 0.5044475655430711 0.6109550561797753 0.49765917602996257 0.6234199438202247 0.4901685393258427
0 0.5898876404494382 0.36142322097378277 0.6002457865168539 0.36891385767790263 0.6034058988764045 0.38412921348314605 0.6007724719101124 0.3916198501872659 0.589185393258427 0.3955992509363296 0.5846207865168539 0.3951310861423221 0.5797050561797753 0.38974719101123595 0.5754915730337079 0.37312734082397003 0.5795294943820225 0.36587078651685395 0.5897120786516854 0.36142322097378277
0 0.6178019662921348 0.6540262172284644 0.6271067415730337 0.6610486891385767 0.6300912921348315 0.6673689138576779 0.6314957865168539 0.6783707865168539 0.6264044943820225 0.6926498127340824 0.6195575842696629 0.6973314606741573 0.6127106741573034 0.6970973782771536 0.6058637640449438 0.6919475655430711 0.6023525280898876 0.6865636704119851 0.5998946629213483 0.6762640449438202 0.6012991573033708 0.6659644194756554 0.604810393258427 0.6594101123595506 0.6132373595505618 0.6540262172284644 0.617626404494382 0.6540262172284644
0 0.527563202247191 0.43726591760299627 0.5356390449438202 0.4426498127340824 0.5384480337078652 0.4529494382022472 0.5372191011235955 0.46348314606741575 0.5294943820224719 0.4714419475655431 0.5182584269662921 0.4693352059925094 0.5143960674157303 0.46441947565543074 0.5126404494382022 0.45646067415730335 0.5126404494382022 0.44967228464419473 0.5154494382022472 0.4417134831460674 0.5194873595505618 0.43820224719101125 0.5273876404494382 0.43726591760299627
0 0.6239466292134831 0.32397003745318353 0.6307935393258427 0.3312265917602996 0.6320224719101124 0.34129213483146065 0.625 0.3532303370786517 0.6179775280898876 0.35697565543071164 0.608497191011236 0.352059925093633 0.604810393258427 0.34269662921348315 0.604810393258427 0.33497191011235955 0.613061797752809 0.32397003745318353 0.6237710674157303 0.32397003745318353
0 0.5586376404494382 0.3913857677902622 0.5654845505617978 0.39653558052434457 0.5695224719101124 0.40823970037453183 0.5642556179775281 0.41970973782771537 0.5572331460674157 0.4229868913857678 0.5523174157303371 0.4225187265917603 0.5475772471910112 0.41830524344569286 0.5433637640449438 0.4112827715355805 0.543188202247191 0.40098314606741575 0.5454705056179775 0.39536516853932585 0.5502106741573034 0.3913857677902622 0.5584620786516854 0.3913857677902622
0 0.538623595505618 0.3522940074906367 0.5474016853932584 0.3595505617977528 0.5496839887640449 0.36914794007490637 0.5479283707865169 0.3801498127340824 0.5400280898876404 0.386938202247191 0.5324789325842697 0.38647003745318353 0.5254564606741573 0.37991573033707865 0.523876404494382 0.36282771535580527 0.5300210674157303 0.3548689138576779 0.5384480337078652 0.3522940074906367
0 0.5256320224719101 0.3925561797752809 0.5340589887640449 0.398876404494382 0.5354634831460674 0.41198501872659177 0.5338834269662921 0.41853932584269665 0.5298455056179775 0.42368913857677903 0.5231741573033708 0.42579588014981273 0.5133426966292135 0.42181647940074907 0.5105337078651685 0.4068352059925094 0.5172050561797753 0.39396067415730335 0.5254564606741573 0.3925561797752809
0 0.366748595505618 0.3398876404494382 0.3767556179775281 0.34527153558052437 0.38009129213483145 0.3541666666666667 0.37780898876404495 0.36704119850187267 0.37008426966292135 0.3728932584269663 0.36060393258426965 0.3707865168539326 0.35656601123595505 0.3661048689138577 0.35481039325842695 0.3595505617977528 0.355688202247191 0.3487827715355805 0.35849719101123595 0.34363295880149813 0.36253511235955055 0.3398876404494382 0.36657303370786515 0.3398876404494382
0 0.49139747191011235 0.610252808988764 0.4984199438202247 0.6154026217228464 0.5019311797752809 0.6214887640449438 0.5026334269662921 0.6280430711610487 0.4984199438202247 0.6420880149812734 0.4887640449438202 0.6458333333333334 0.48349719101123595 0.6451310861423221 0.47787921348314605 0.6404494382022472 0.47559691011235955 0.6266385767790262 0.480688202247191 0.6137640449438202 0.49122191011235955 0.610252808988764
0 0.4044943820224719 0.5529026217228464 0.4116924157303371 0.5592228464419475 0.414501404494382 0.572565543071161 0.4116924157303371 0.5833333333333334 0.40115870786516855 0.5903558052434457 0.3929073033707865 0.5859082397003745 0.3885182584269663 0.5795880149812734 0.3864115168539326 0.5709269662921348 0.39167837078651685 0.5575842696629213 0.4043188202247191 0.5529026217228464
0 0.3941362359550562 0.42064606741573035 0.4080056179775281 0.426498127340824 0.4160814606741573 0.4342228464419476 0.4183637640449438 0.44592696629213485 0.4123946629213483 0.4616104868913858 0.40870786516853935 0.46512172284644193 0.40098314606741575 0.4658239700374532 0.39343398876404495 0.46114232209737827 0.3908005617977528 0.45646067415730335 0.386938202247191 0.4286048689138577 0.39396067415730335 0.4208801498127341
0 0.5294943820224719 0.600187265917603 0.5363412921348315 0.6069756554307116 0.5379213483146067 0.6144662921348315 0.5363412921348315 0.6271067415730337 0.5294943820224719 0.6341292134831461 0.5224719101123596 0.6336610486891385 0.5173806179775281 0.6301498127340824 0.5145716292134831 0.6266385767790262 0.5108848314606742 0.6132958801498127 0.5135182584269663 0.6074438202247191 0.5293188202247191 0.600187265917603
1 0.4075912921348314 0.3324414794007491 0.025154494382022472 0.03598080524344569
1 0.4071910112359551 0.37207631086142323 0.024352176966292136 0.029419475655430714
1 0.43802668539325845 0.3768235018726592 0.023994030898876403 0.029552902621722846
1 0.46844452247191015 0.3766736891385768 0.023967696629213484 0.03237125468164794
1 0.5575421348314608 0.37675327715355805 0.01957865168539326 0.03097378277153558
1 0.6137570224719101 0.4249485018726592 0.021989115168539325 0.030608614232209737
1 0.4376685393258427 0.41873829588014977 0.02444873595505618 0.03067181647940075
1 0.3779090589887641 0.4117602996254682 0.021968047752808986 0.029201779026217227
1 0.46582514044943824 0.45676498127340825 0.022240168539325846 0.030257490636704118
1 0.5517415730337079 0.4619920411985019 0.019682233146067415 0.03135065543071161
1 0.5531987359550562 0.5013178838951311 0.02376755617977528 0.03197565543071161
1 0.4356337780898876 0.4962968164794007 0.019206460674157304 0.028174157303370785
1 0.3707040028089888 0.5343867041198502 0.018093398876404494 0.031006554307116106
1 0.3767345505617978 0.5752574906367042 0.018449789325842698 0.033162453183520596
1 0.37209445224719095 0.6141315543071162 0.0161938202247191 0.028202247191011238
1 0.3954547050561798 0.6577294007490637 0.017266502808988764 0.023323970037453182
1 0.43185744382022473 0.5757209737827715 0.0221875 0.030966760299625466
1 0.4340783005617978 0.5335791198501872 0.021950491573033706 0.03407303370786517
1 0.46284410112359553 0.5742298689138577 0.019789325842696628 0.024864232209737828
1 0.46550210674157305 0.5368117977528091 0.020424859550561798 0.02961610486891386
1 0.4936429073033708 0.5374882958801498 0.022866924157303372 0.02784878277153558
1 0.5217942415730337 0.5408403558052434 0.02181706460674157 0.0298689138576779
1 0.5197559691011236 0.5784082397003746 0.024766502808988764 0.028541666666666667
1 0.5502405196629213 0.5817720037453183 0.0213623595505618 0.024344569288389514
1 0.5793311095505618 0.5822869850187267 0.018681530898876406 0.023813202247191013
1 0.6108093398876404 0.5823595505617978 0.018435744382022473 0.022397003745318354
1 0.5491502808988764 0.6596956928838951 0.02035112359550562 0.027254213483146068
1 0.5783023174157303 0.6203019662921347 0.020135182584269662 0.024939138576779027
1 0.6099490870786517 0.6250210674157304 0.016715238764044942 0.02189138576779026
2 0.6454822682584269 0.3097689606741573 0.3528723665730337 0.29524859550561794 0.34071558988764045 0.6837705992509364 0.6356822331460674 0.6993150749063671