0 0.42714185393258425 0.31484082397003743 0.4373244382022472 0.32045880149812733 0.4410112359550562 0.33403558052434457 0.4410112359550562 0.33941947565543074 0.43802668539325845 0.34620786516853935 0.42889747191011235 0.34995318352059923 0.42047050561797755 0.3466760299625468 0.4141502808988764 0.33497191011235955 0.4143258426966292 0.3274812734082397 0.4180126404494382 0.3197565543071161 0.42696629213483145 0.31484082397003743
0 0.48911516853932585 0.5292602996254682 0.5007022471910112 0.5318352059925093 0.5052668539325843 0.540496254681648 0.5040379213483146 0.5573501872659176 0.5015800561797753 0.5620318352059925 0.49473314606741575 0.5653089887640449 0.484375 0.5617977528089888 0.47945926966292135 0.5507958801498127 0.4805126404494382 0.5362827715355806 0.484375 0.5306647940074907 0.48893960674157305 0.5292602996254682
0 0.5233497191011236 0.3167134831460674 0.5354634831460674 0.3237359550561798 0.5393258426966292 0.33848314606741575 0.5365168539325843 0.34901685393258425 0.5310744382022472 0.35580524344569286 0.5159761235955056 0.35978464419475653 0.5086025280898876 0.35603932584269665 0.5049157303370787 0.3497191011235955 0.5049157303370787 0.3450374531835206 0.5105337078651685 0.32467228464419473 0.5158005617977528 0.3188202247191011 0.5231741573033708 0.3167134831460674
0 0.49877106741573035 0.44358614232209737 0.5068469101123596 0.449438202247191 0.5105337078651685 0.4595037453183521 0.5091292134831461 0.48080524344569286 0.5 0.48431647940074907 0.49157303370786515 0.4824438202247191 0.4859550561797753 0.4782303370786517 0.48121488764044945 0.46324906367041196 0.48314606741573035 0.4524812734082397 0.48771067415730335 0.4461610486891386 0.49859550561797755 0.44358614232209737
0 0.5305477528089888 0.40636704119850187 0.5377457865168539 0.41292134831460675 0.5396769662921348 0.42907303370786515 0.535814606741573 0.43984082397003743 0.5263342696629213 0.44545880149812733 0.5189606741573034 0.44288389513108617 0.5143960674157303 0.43586142322097376 0.5135182584269663 0.42134831460674155 0.5208918539325843 0.4075374531835206 0.530372191011236 0.40636704119850187
0 0.36464185393258425 0.6048689138576779 0.3765800561797753 0.6088483146067416 0.38026685393258425 0.6240636704119851 0.3746488764044944 0.6404494382022472 0.36429073033707865 0.6467696629213483 0.3591994382022472 0.6467696629213483 0.35235252808988765 0.6418539325842697 0.34884129213483145 0.637874531835206 0.34849016853932585 0.6296816479400749 0.352001404494382 0.6123595505617978 0.35884831460674155 0.6058052434456929 0.36446629213483145 0.6048689138576779
0 0.4885884831460674 0.48642322097378277 0.49736657303370785 0.49157303370786515 0.5007022471910112 0.5049157303370787 0.49754213483146065 0.5149812734082397 0.4936797752808989 0.5194288389513109 0.4887640449438202 0.5208333333333334 0.47770365168539325 0.5170880149812734 0.4745435393258427 0.5067883895131086 0.4762991573033708 0.49297752808988765 0.4826193820224719 0.48735955056179775 0.4884129213483146 0.48642322097378277
0 0.4652387640449438 0.4419475655430712 0.4741924157303371 0.44897003745318353 0.4780547752808989 0.46324906367041196 0.47717696629213485 0.4747191011235955 0.47384129213483145 0.4803370786516854 0.46787219101123595 0.48174157303370785 0.45962078651685395 0.4812734082397004 0.453125 0.4777621722846442 0.4475070224719101 0.4648876404494382 0.4487359550561798 0.45271535580524347 0.45224719101123595 0.4463951310861423 0.45997191011235955 0.44147940074906367 0.465063202247191 0.4419475655430712
0 0.36639747191011235 0.31015917602996257 0.37359550561797755 0.3171816479400749 0.3751755617977528 0.32818352059925093 0.37166432584269665 0.3387172284644195 0.3634129213483146 0.3443352059925094 0.35849719101123595 0.3433988764044944 0.35235252808988765 0.337312734082397 0.3498946629213483 0.324438202247191 0.3555126404494382 0.31296816479400746 0.36622191011235955 0.31015917602996257
0 0.39782303370786515 0.31226591760299627 0.40554775280898875 0.3176498127340824 0.40888342696629215 0.33029026217228463 0.40730337078651685 0.3387172284644195 0.39764747191011235 0.34597378277153557 0.3871137640449438 0.3431647940074906 0.38360252808988765 0.3387172284644195 0.38202247191011235 0.33169475655430714 0.3829002808988764 0.3211610486891386 0.38588483146067415 0.31624531835205993 0.39764747191011235 0.31226591760299627
0 0.46400983146067415 0.5786516853932584 0.47349016853932585 0.5847378277153558 0.476123595505618 0.5952715355805244 0.47191011235955055 0.6088483146067416 0.46418539325842695 0.6135299625468165 0.4533005617977528 0.6093164794007491 0.45031601123595505 0.5990168539325843 0.4527738764044944 0.5856741573033708 0.46383426966292135 0.5786516853932584
0 0.4608497191011236 0.48478464419475653 0.4669943820224719 0.48782771535580527 0.4708567415730337 0.5016385767790262 0.46787219101123595 0.513810861423221 0.4590941011235955 0.5205992509363296 0.4513693820224719 0.5201310861423221 0.445751404494382 0.5154494382022472 0.4436446629213483 0.5009363295880149 0.4496137640449438 0.48782771535580527 0.4606741573033708 0.48478464419475653
0 0.5263342696629213 0.3604868913857678 0.5342345505617978 0.36540262172284643 0.5372191011235955 0.37312734082397003 0.5372191011235955 0.3817883895131086 0.5328300561797753 0.39279026217228463 0.523876404494382 0.3977059925093633 0.5114115168539326 0.39021535580524347 0.5084269662921348 0.37663857677902624 0.5121137640449438 0.3651685393258427 0.5168539325842697 0.3616573033707865 0.5261587078651685 0.3604868913857678
0 0.3670997191011236 0.6502808988764045 0.37552668539325845 0.6610486891385767 0.375 0.6757958801498127 0.36832865168539325 0.6865636704119851 0.36025280898876405 0.6907771535580525 0.35252808988764045 0.6896067415730337 0.34620786516853935 0.6835205992509363 0.3439255617977528 0.6753277153558053 0.34480337078651685 0.6631554307116105 0.352001404494382 0.6505149812734082 0.3669241573033708 0.6502808988764045
0 0.36622191011235955 0.3946629213483146 0.37763342696629215 0.4002808988764045 0.38149578651685395 0.40730337078651685 0.3806179775280899 0.4190074906367041 0.37745786516853935 0.4276685393258427 0.37183988764044945 0.43164794007490637 0.36271067415730335 0.4323501872659176 0.35674157303370785 0.4286048689138577 0.35287921348314605 0.42158239700374533 0.35481039325842695 0.40402621722846443 0.36604634831460675 0.39489700374531833
0 0.430126404494382 0.40402621722846443 0.43609550561797755 0.40777153558052437 0.44013342696629215 0.41807116104868913 0.43995786516853935 0.42813670411985016 0.4376755617977528 0.43469101123595505 0.43416432584269665 0.4375 0.4257373595505618 0.43913857677902624 0.4174859550561798 0.43469101123595505 0.41485252808988765 0.41807116104868913 0.41853932584269665 0.40823970037453183 0.4299508426966292 0.40402621722846443
0 0.49473314606741575 0.3113295880149813 0.5031601123595506 0.3171816479400749 0.5057935393258427 0.32724719101123595 0.5017556179775281 0.34363295880149813 0.49473314606741575 0.3466760299625468 0.4845505617977528 0.3431647940074906 0.48174157303370785 0.33801498127340823 0.4805126404494382 0.32818352059925093 0.4840238764044944 0.3157771535580524 0.4945575842696629 0.3113295880149813
0 0.39905196629213485 0.6161048689138576 0.40625 0.6224250936329588 0.40870786516853935 0.6303838951310862 0.40747893258426965 0.6441947565543071 0.4044943820224719 0.6484082397003745 0.3985252808988764 0.6493445692883895 0.38764044943820225 0.6479400749063671 0.3825491573033708 0.6420880149812734 0.38184691011235955 0.6364700374531835 0.38377808988764045 0.62312734082397 0.3925561797752809 0.6161048689138576 0.398876404494382 0.6161048689138576
0 0.49139747191011235 0.3951310861423221 0.49859550561797755 0.39864232209737827 0.5024578651685393 0.40426029962546817 0.5043890449438202 0.4122191011235955 0.4996488764044944 0.42696629213483145 0.4882373595505618 0.4307116104868914 0.47910814606741575 0.4243913857677903 0.4766502808988764 0.4070692883895131 0.47963483146067415 0.3993445692883895 0.49122191011235955 0.3951310861423221
0 0.40098314606741575 0.48852996254681647 0.40677668539325845 0.4927434456928839 0.40958567415730335 0.5004681647940075 0.409936797752809 0.5091292134831461 0.40554775280898875 0.5205992509363296 0.3983497191011236 0.5241104868913857 0.3902738764044944 0.5229400749063671 0.38606039325842695 0.5191947565543071 0.3830758426966292 0.5011704119850188 0.38781601123595505 0.4913389513108614 0.4008075842696629 0.48852996254681647
0 0.43469101123595505 0.45365168539325845 0.44083567415730335 0.4585674157303371 0.4431179775280899 0.47097378277153557 0.43627106741573035 0.4850187265917603 0.42907303370786515 0.4875936329588015 0.42327949438202245 0.4857209737827715 0.418188202247191 0.4789325842696629 0.4164325842696629 0.4637172284644195 0.41941713483146065 0.4571629213483146 0.43451544943820225 0.45365168539325845
0 0.45804073033707865 0.3103932584269663 0.4706811797752809 0.31624531835205993 0.47542134831460675 0.32607677902621723 0.47559691011235955 0.33497191011235955 0.4729634831460674 0.34527153558052437 0.46383426966292135 0.3518258426966292 0.45224719101123595 0.34925093632958804 0.4452247191011236 0.3356741573033708 0.44610252808988765 0.32069288389513106 0.45049157303370785 0.31413857677902624 0.45786516853932585 0.3103932584269663
0 0.42907303370786515 0.49180711610486894 0.43837780898876405 0.49765917602996257 0.4410112359550562 0.5156835205992509 0.4355688202247191 0.5259831460674157 0.42872191011235955 0.5292602996254682 0.421875 0.5278558052434457 0.41467696629213485 0.5217696629213483 0.41292134831460675 0.5154494382022472 0.41520365168539325 0.49812734082397003 0.41924157303370785 0.49297752808988765 0.42889747191011235 0.49180711610486894
0 0.42521067415730335 0.3527621722846442 0.43293539325842695 0.3562734082397004 0.43802668539325845 0.36680711610486894 0.43644662921348315 0.37991573033707865 0.43223314606741575 0.3848314606741573 0.4257373595505618 0.38670411985018727 0.41731039325842695 0.38459737827715357 0.4137991573033708 0.38038389513108617 0.4122191011235955 0.37336142322097376 0.41467696629213485 0.35908239700374533 0.418188202247191 0.35463483146067415 0.42503511235955055 0.3527621722846442
0 0.4008075842696629 0.3967696629213483 0.4085323033707865 0.40168539325842695 0.4120435393258427 0.41034644194756553 0.4106390449438202 0.4311797752808989 0.4044943820224719 0.43937265917602997 0.390625 0.4349250936329588 0.38360252808988765 0.42696629213483145 0.38184691011235955 0.41947565543071164 0.3830758426966292 0.40823970037453183 0.39009831460674155 0.3972378277153558 0.4006320224719101 0.3967696629213483
0 0.36007724719101125 0.5578183520599251 0.3769311797752809 0.5639044943820225 0.37974016853932585 0.5716292134831461 0.37587780898876405 0.5917602996254682 0.3695575842696629 0.5987827715355806 0.363061797752809 0.600187265917603 0.35235252808988765 0.5919943820224719 0.3479634831460674 0.5781835205992509 0.3477879213483146 0.5711610486891385 0.35217696629213485 0.5613295880149812 0.35990168539325845 0.5578183520599251
0 0.46348314606741575 0.5341760299625468 0.472436797752809 0.5393258426966292 0.47542134831460675 0.5451779026217228 0.47559691011235955 0.5568820224719101 0.47173455056179775 0.5660112359550562 0.4669943820224719 0.5699906367041199 0.45979634831460675 0.5697565543071161 0.4554073033707865 0.5660112359550562 0.4515449438202247 0.5580524344569289 0.4515449438202247 0.5428370786516854 0.4633075842696629 0.5344101123595506
0 0.3909761235955056 0.5706928838951311 0.39747191011235955 0.572565543071161 0.40098314606741575 0.5770131086142322 0.4043188202247191 0.5880149812734082 0.4018609550561798 0.6025280898876404 0.39202949438202245 0.6090823970037453 0.38360252808988765 0.6058052434456929 0.3790379213483146 0.5962078651685393 0.37974016853932585 0.5849719101123596 0.383251404494382 0.574438202247191 0.3908005617977528 0.5706928838951311
0 0.36464185393258425 0.34925093632958804 0.37008426966292135 0.352059925093633 0.37552668539325845 0.362125468164794 0.3751755617977528 0.37336142322097376 0.3711376404494382 0.3806179775280899 0.36464185393258425 0.38459737827715357 0.3590238764044944 0.3838951310861423 0.35217696629213485 0.3782771535580524 0.34866573033707865 0.36680711610486894 0.35094803370786515 0.35580524344569286 0.3537570224719101 0.3518258426966292 0.36446629213483145 0.34925093632958804
0 0.3946629213483146 0.351123595505618 0.40291432584269665 0.35580524344569286 0.40747893258426965 0.363061797752809 0.40677668539325845 0.3728932584269663 0.40344101123595505 0.3815543071161049 0.3941362359550562 0.386001872659176 0.3871137640449438 0.38436329588014984 0.38342696629213485 0.3794475655430712 0.38026685393258425 0.36540262172284643 0.383251404494382 0.35557116104868913 0.3944873595505618 0.351123595505618
0 0.40098314606741575 0.4442883895131086 0.4080056179775281 0.44709737827715357 0.4120435393258427 0.4529494382022472 0.4125702247191011 0.46652621722846443 0.40958567415730335 0.47401685393258425 0.4041432584269663 0.47963483146067415 0.39729634831460675 0.48080524344569286 0.390625 0.4779962546816479 0.3867626404494382 0.4716760299625468 0.38535814606741575 0.4627808988764045 0.3885182584269663 0.4515449438202247 0.39712078651685395 0.4447565543071161 0.4008075842696629 0.44452247191011235
0 0.36973314606741575 0.5177902621722846 0.3767556179775281 0.5208333333333334 0.38377808988764045 0.5330056179775281 0.38360252808988765 0.5470505617977528 0.3807935393258427 0.5526685393258427 0.37605337078651685 0.5582865168539326 0.3695575842696629 0.5594569288389513 0.3628862359550562 0.5571161048689138 0.3534058988764045 0.5468164794007491 0.35270365168539325 0.5409644194756554 0.3558637640449438 0.525749063670412 0.3695575842696629 0.5180243445692884
0 0.37254213483146065 0.4812734082397004 0.3772823033707865 0.48431647940074907 0.38167134831460675 0.4953183520599251 0.3804424157303371 0.5110018726591761 0.3765800561797753 0.5161516853932584 0.35814606741573035 0.512874531835206 0.351123595505618 0.5067883895131086 0.35674157303370785 0.487125468164794 0.36622191011235955 0.48057116104868913 0.37236657303370785 0.4812734082397004
0 0.3948384831460674 0.6495786516853933 0.4046699438202247 0.6512172284644194 0.4078300561797753 0.6577715355805244 0.40765449438202245 0.6748595505617978 0.4046699438202247 0.6858614232209738 0.40150983146067415 0.68937265917603 0.3871137640449438 0.6933520599250936 0.3825491573033708 0.6907771535580525 0.3772823033707865 0.6821161048689138 0.3772823033707865 0.6683052434456929 0.38149578651685395 0.6577715355805244 0.3946629213483146 0.6495786516853933
0 0.4046699438202247 0.528558052434457 0.41116573033707865 0.5318352059925093 0.4159058988764045 0.5421348314606742 0.41292134831460675 0.5575842696629213 0.4046699438202247 0.5646067415730337 0.3923806179775281 0.5582865168539326 0.3886938202247191 0.5470505617977528 0.39325842696629215 0.5348782771535581 0.39957865168539325 0.5287921348314607 0.4044943820224719 0.528558052434457
0 0.5338834269662921 0.45341760299625467 0.5405547752808989 0.4592696629213483 0.5435393258426966 0.47120786516853935 0.5409058988764045 0.48103932584269665 0.5333567415730337 0.48829588014981273 0.5217696629213483 0.48431647940074907 0.5170294943820225 0.47869850187265917 0.5163272471910112 0.4735486891385768 0.5173806179775281 0.46254681647940077 0.5207162921348315 0.45739700374531833 0.5293188202247191 0.4529494382022472 0.5337078651685393 0.45341760299625467
0 0.45382724719101125 0.3553370786516854 0.4668188202247191 0.36118913857677903 0.46962780898876405 0.3693820224719101 0.4669943820224719 0.3813202247191011 0.45646067415730335 0.38974719101123595 0.4455758426966292 0.386001872659176 0.4418890449438202 0.37570224719101125 0.44206460674157305 0.3663389513108614 0.44452247191011235 0.3604868913857678 0.45365168539325845 0.3553370786516854
0 0.46418539325842695 0.3981741573033708 0.4703300561797753 0.40098314606741575 0.47191011235955055 0.40426029962546817 0.4741924157303371 0.4220505617977528 0.46875 0.4323501872659176 0.460498595505618 0.43562734082397003 0.45646067415730335 0.43515917602996257 0.4489115168539326 0.4286048689138577 0.44592696629213485 0.4220505617977528 0.4454002808988764 0.41409176029962547 0.45207162921348315 0.4028558052434457 0.45997191011235955 0.3977059925093633 0.46400983146067415 0.3981741573033708
0 0.42240168539325845 0.5812265917602997 0.43275983146067415 0.5889513108614233 0.4353932584269663 0.5985486891385767 0.43275983146067415 0.6109550561797753 0.42310393258426965 0.6151685393258427 0.414501404494382 0.6107209737827716 0.40905898876404495 0.5994850187265918 0.4139747191011236 0.5847378277153558 0.418188202247191 0.5807584269662921 0.4222261235955056 0.5812265917602997
0 0.4920997191011236 0.35603932584269665 0.5014044943820225 0.3616573033707865 0.5042134831460674 0.3719569288389513 0.5017556179775281 0.3883426966292135 0.49490870786516855 0.3925561797752809 0.4903441011235955 0.39185393258426965 0.48384831460674155 0.38506554307116103 0.4799859550561798 0.37429775280898875 0.48542837078651685 0.3579119850187266 0.4919241573033708 0.35603932584269665
0 0.36832865168539325 0.43703183520599254 0.375 0.44288389513108617 0.3765800561797753 0.45271535580524347 0.3753511235955056 0.46324906367041196 0.37183988764044945 0.4683988764044944 0.3632373595505618 0.47237827715355807 0.3558637640449438 0.4700374531835206 0.3518258426966292 0.46465355805243447 0.3497191011235955 0.4499063670411985 0.3516502808988764 0.44335205992509363 0.35603932584269665 0.43820224719101125 0.36815308988764045 0.43703183520599254
0 0.43697331460674155 0.5346441947565543 0.44276685393258425 0.5400280898876404 0.44452247191011235 0.5608614232209738 0.44013342696629215 0.5685861423220974 0.43240870786516855 0.5713951310861424 0.4215238764044944 0.5653089887640449 0.41906601123595505 0.5575842696629213 0.41924157303370785 0.5498595505617978 0.4201193820224719 0.5433052434456929 0.42503511235955055 0.5372191011235955 0.43679775280898875 0.5346441947565543
2 0.6367041783707865 0.31210978464419475 0.3474408356741573 0.306376638576779 0.3398354985955056 0.6944293071161048 0.6349896418539326 0.7006165730337078
1 0.5817398174157303 0.5068000936329589 0.08084796348314606 0.3519288389513109
1 0.5661850421348315 0.587251872659176 0.11645189606741572 0.1929190074906367
1 0.5515730337078653 0.627624063670412 0.14808988764044945 0.11760767790262172
1 0.518125 0.6489115168539326 0.21110779494382023 0.07435393258426966