0 0.46032303370786515 0.30430711610486894 0.46752106741573035 0.30711610486891383 0.47384129213483145 0.32045880149812733 0.47120786516853935 0.3347378277153558 0.46383426966292135 0.3398876404494382 0.4527738764044944 0.3366104868913858 0.44838483146067415 0.32771535580524347 0.44803370786516855 0.32045880149812733 0.45066713483146065 0.31062734082397003 0.4529494382022472 0.30711610486891383 0.46014747191011235 0.30430711610486894
0 0.6160463483146067 0.4562265917602996 0.6197331460674157 0.45692883895131087 0.6251755617977528 0.4726123595505618 0.6209620786516854 0.48525280898876405 0.6135884831460674 0.49040262172284643 0.6014747191011236 0.4887640449438202 0.5963834269662921 0.48103932584269665 0.5956811797752809 0.4737827715355805 0.598314606741573 0.46348314606741575 0.6021769662921348 0.4583333333333333 0.6079705056179775 0.45575842696629215 0.6158707865168539 0.4562265917602996
0 0.5862008426966292 0.32092696629213485 0.5923455056179775 0.3232677902621723 0.5960323033707865 0.3279494382022472 0.5991924157303371 0.34129213483146065 0.5960323033707865 0.3529962546816479 0.5877808988764045 0.3616573033707865 0.574438202247191 0.35908239700374533 0.5693469101123596 0.34808052434456926 0.569873595505618 0.3347378277153558 0.5730337078651685 0.3279494382022472 0.578125 0.32303370786516855 0.5860252808988764 0.32092696629213485
0 0.578125 0.4096441947565543 0.5849719101123596 0.4112827715355805 0.5919943820224719 0.41830524344569286 0.5925210674157303 0.42907303370786515 0.589185393258427 0.44030898876404495 0.5849719101123596 0.44569288389513106 0.5814606741573034 0.4452247191011236 0.5723314606741573 0.4407771535580524 0.5675912921348315 0.4344569288389513 0.5674157303370787 0.41830524344569286 0.5711025280898876 0.412687265917603 0.5779494382022472 0.40987827715355807
0 0.5189606741573034 0.36282771535580527 0.5265098314606742 0.36587078651685395 0.5308988764044944 0.37312734082397003 0.5300210674157303 0.38670411985018727 0.5265098314606742 0.3934925093632959 0.5179073033707865 0.397940074906367 0.5093047752808989 0.3946629213483146 0.5066713483146067 0.39021535580524347 0.5052668539325843 0.37663857677902624 0.5071980337078652 0.3693820224719101 0.5117626404494382 0.36446629213483145 0.5187851123595506 0.363061797752809
0 0.40133426966292135 0.572565543071161 0.4122191011235955 0.5812265917602997 0.41327247191011235 0.5854400749063671 0.41151685393258425 0.6022940074906367 0.4008075842696629 0.611189138576779 0.3909761235955056 0.6107209737827716 0.3867626404494382 0.6069756554307116 0.3843047752808989 0.6020599250936329 0.3827247191011236 0.589185393258427 0.38939606741573035 0.575374531835206 0.40115870786516855 0.572565543071161
0 0.5502106741573034 0.658941947565543 0.5570575842696629 0.6605805243445693 0.5598665730337079 0.6638576779026217 0.5632022471910112 0.6786048689138576 0.5612710674157303 0.6889044943820225 0.5577598314606742 0.6935861423220974 0.5519662921348315 0.6961610486891385 0.5426615168539326 0.6933520599250936 0.5393258426966292 0.6891385767790262 0.5375702247191011 0.6811797752808989 0.5373946629213483 0.6713483146067416 0.5398525280898876 0.663623595505618 0.5433637640449438 0.6598782771535581 0.5500351123595506 0.658941947565543
0 0.5224719101123596 0.5264513108614233 0.5316011235955056 0.5290262172284644 0.5368679775280899 0.5365168539325843 0.5377457865168539 0.5500936329588015 0.5345856741573034 0.56062734082397 0.5265098314606742 0.5662453183520599 0.5187851123595506 0.5660112359550562 0.5122893258426966 0.5608614232209738 0.5084269662921348 0.5536048689138576 0.5079002808988764 0.5428370786516854 0.511060393258427 0.5323033707865169 0.5222963483146067 0.526685393258427
0 0.366748595505618 0.3103932584269663 0.37377106741573035 0.31741573033707865 0.3751755617977528 0.32865168539325845 0.3711376404494382 0.34012172284644193 0.3628862359550562 0.3455056179775281 0.3530547752808989 0.33824906367041196 0.35024578651685395 0.32467228464419473 0.35603932584269665 0.31296816479400746 0.36657303370786515 0.3103932584269663
0 0.39764747191011235 0.31273408239700373 0.4064255617977528 0.3197565543071161 0.4083567415730337 0.33169475655430714 0.4066011235955056 0.3389513108614232 0.39747191011235955 0.34620786516853935 0.386938202247191 0.34269662921348315 0.38202247191011235 0.33192883895131087 0.3827247191011236 0.3213951310861423 0.38606039325842695 0.31624531835205993 0.39747191011235955 0.31273408239700373
0 0.4959620786516854 0.40168539325842695 0.5005266853932584 0.40379213483146065 0.5064957865168539 0.4112827715355805 0.507373595505618 0.41853932584269665 0.5033356741573034 0.43258426966292135 0.4956109550561798 0.43703183520599254 0.484375 0.4323501872659176 0.4803370786516854 0.42017790262172283 0.4841994382022472 0.40613295880149813 0.4957865168539326 0.40168539325842695
0 0.5849719101123596 0.6486423220973783 0.5925210674157303 0.6528558052434457 0.5960323033707865 0.6647940074906367 0.5909410112359551 0.6797752808988764 0.5853230337078652 0.6846910112359551 0.5758426966292135 0.6804775280898876 0.5681179775280899 0.672752808988764 0.5667134831460674 0.6683052434456929 0.5674157303370787 0.6577715355805244 0.5712780898876404 0.6502808988764045 0.5847963483146067 0.6486423220973783
0 0.6163974719101124 0.5758426966292135 0.6253511235955056 0.5805243445692884 0.6300912921348315 0.5912921348314607 0.6272823033707865 0.6062734082397003 0.6197331460674157 0.612125468164794 0.609375 0.6088483146067416 0.6041081460674157 0.6039325842696629 0.6021769662921348 0.5978464419475655 0.6049859550561798 0.5814606741573034 0.6162219101123596 0.5758426966292135
0 0.5198384831460674 0.6575374531835206 0.5296699438202247 0.6629213483146067 0.5335323033707865 0.6718164794007491 0.53125 0.6865636704119851 0.5219452247191011 0.6938202247191011 0.515625 0.6931179775280899 0.511938202247191 0.6898408239700374 0.5077247191011236 0.6783707865168539 0.5100070224719101 0.663623595505618 0.5196629213483146 0.6575374531835206
0 0.6163974719101124 0.36563670411985016 0.6237710674157303 0.36961610486891383 0.6276334269662921 0.37640449438202245 0.6285112359550562 0.38295880149812733 0.6248244382022472 0.39489700374531833 0.6163974719101124 0.40168539325842695 0.609375 0.40004681647940077 0.6039325842696629 0.39489700374531833 0.6016502808988764 0.3899812734082397 0.601123595505618 0.37687265917602997 0.6079705056179775 0.36891385767790263 0.6162219101123596 0.36563670411985016
0 0.35867275280898875 0.6055711610486891 0.36832865168539325 0.6079119850187266 0.3748244382022472 0.6191479400749064 0.37447331460674155 0.6261704119850188 0.3711376404494382 0.6324906367041199 0.36780196629213485 0.6376404494382022 0.363061797752809 0.6399812734082397 0.355688202247191 0.639747191011236 0.35217696629213485 0.6367041198501873 0.34884129213483145 0.6315543071161048 0.34638342696629215 0.6203183520599251 0.34901685393258425 0.6097846441947565 0.35270365168539325 0.6062734082397003 0.35849719101123595 0.6055711610486891
0 0.39536516853932585 0.3529962546816479 0.40537219101123595 0.35908239700374533 0.40712780898876405 0.36282771535580527 0.40712780898876405 0.37312734082397003 0.402563202247191 0.3822565543071161 0.3941362359550562 0.38647003745318353 0.3871137640449438 0.3852996254681648 0.3830758426966292 0.38085205992509363 0.3804424157303371 0.36446629213483145 0.38412921348314605 0.35580524344569286 0.39518960674157305 0.3529962546816479
0 0.4887640449438202 0.5262172284644194 0.49877106741573035 0.5290262172284644 0.503686797752809 0.5388576779026217 0.5017556179775281 0.5559456928838952 0.4984199438202247 0.56062734082397 0.49280196629213485 0.5625 0.48683286516853935 0.5617977528089888 0.480688202247191 0.5573501872659176 0.4764747191011236 0.5437734082397003 0.480688202247191 0.5299625468164794 0.4885884831460674 0.5262172284644194
0 0.4589185393258427 0.3541666666666667 0.46752106741573035 0.3600187265917603 0.46822331460674155 0.3703183520599251 0.4645365168539326 0.3813202247191011 0.453125 0.38881086142322097 0.4438202247191011 0.38038389513108617 0.44241573033707865 0.36563670411985016 0.44803370786516855 0.35580524344569286 0.4587429775280899 0.3541666666666667
0 0.5538974719101124 0.31952247191011235 0.5614466292134831 0.32303370786516855 0.5668890449438202 0.3345037453183521 0.5647823033707865 0.34925093632958804 0.5556530898876404 0.3548689138576779 0.550561797752809 0.35463483146067415 0.5451193820224719 0.35042134831460675 0.5410814606741573 0.3419943820224719 0.5428370786516854 0.32865168539325845 0.5465238764044944 0.32303370786516855 0.5537219101123596 0.31952247191011235
0 0.40695224719101125 0.5348782771535581 0.4157303370786517 0.5433052434456929 0.41660814606741575 0.5519662921348315 0.4120435393258427 0.5641385767790262 0.4046699438202247 0.5692883895131086 0.3927317415730337 0.5622659176029963 0.38957162921348315 0.5533707865168539 0.39343398876404495 0.5397940074906367 0.40677668539325845 0.5348782771535581
0 0.43486657303370785 0.4028558052434457 0.44224016853932585 0.4089419475655431 0.4455758426966292 0.4190074906367041 0.44469803370786515 0.4262640449438202 0.4397823033707865 0.4330524344569288 0.43275983146067415 0.4375 0.4274929775280899 0.4363295880149813 0.4202949438202247 0.4286048689138577 0.41906601123595505 0.41807116104868913 0.4202949438202247 0.4112827715355805 0.42521067415730335 0.4044943820224719 0.43469101123595505 0.4028558052434457
0 0.4943820224719101 0.35931647940074907 0.5019311797752809 0.3663389513108614 0.5031601123595506 0.3801498127340824 0.5019311797752809 0.386938202247191 0.49877106741573035 0.39115168539325845 0.49157303370786515 0.3934925093632959 0.48121488764044945 0.3883426966292135 0.4784058988764045 0.37265917602996257 0.47963483146067415 0.3661048689138577 0.48542837078651685 0.36025280898876405 0.49087078651685395 0.3579119850187266 0.4942064606741573 0.35931647940074907
0 0.4078300561797753 0.4463951310861423 0.41309691011235955 0.45271535580524347 0.41502808988764045 0.46324906367041196 0.41134129213483145 0.4772940074906367 0.4078300561797753 0.48057116104868913 0.40098314606741575 0.4798689138576779 0.39308286516853935 0.47448501872659177 0.3886938202247191 0.46863295880149813 0.38799157303370785 0.4639513108614232 0.38939606741573035 0.45575842696629215 0.39308286516853935 0.44967228464419473 0.4008075842696629 0.44545880149812733 0.40765449438202245 0.4463951310861423
0 0.5273876404494382 0.31296816479400746 0.5365168539325843 0.3202247191011236 0.5396769662921348 0.33403558052434457 0.5365168539325843 0.34527153558052437 0.5294943820224719 0.35346441947565543 0.5224719101123596 0.35697565543071164 0.5105337078651685 0.34691011235955055 0.5084269662921348 0.3424625468164794 0.5084269662921348 0.33169475655430714 0.5100070224719101 0.324438202247191 0.5150983146067416 0.3160112359550562 0.5272120786516854 0.31296816479400746
0 0.45804073033707865 0.48642322097378277 0.4671699438202247 0.4922752808988764 0.46962780898876405 0.5056179775280899 0.4666432584269663 0.5161516853932584 0.4573384831460674 0.5210674157303371 0.4468047752808989 0.5156835205992509 0.44417134831460675 0.5007022471910112 0.44838483146067415 0.4901685393258427 0.45786516853932585 0.48642322097378277
0 0.4643609550561798 0.41034644194756553 0.4741924157303371 0.41619850187265917 0.476123595505618 0.42837078651685395 0.47349016853932585 0.43913857677902624 0.4647120786516854 0.4442883895131086 0.45628511235955055 0.4417134831460674 0.45066713483146065 0.43211610486891383 0.4527738764044944 0.414559925093633 0.46418539325842695 0.41034644194756553
0 0.3732443820224719 0.5203651685393258 0.3813202247191011 0.525749063670412 0.38412921348314605 0.5402621722846442 0.37780898876404495 0.5552434456928839 0.37008426966292135 0.5573501872659176 0.35656601123595505 0.5503277153558053 0.35463483146067415 0.5470505617977528 0.35463483146067415 0.5397940074906367 0.36077949438202245 0.525749063670412 0.3730688202247191 0.5203651685393258
0 0.5540730337078652 0.6139981273408239 0.5607443820224719 0.6172752808988764 0.566186797752809 0.6320224719101124 0.5649578651685393 0.6441947565543071 0.5572331460674157 0.6523876404494382 0.5475772471910112 0.6514513108614233 0.5435393258426966 0.6479400749063671 0.538623595505618 0.6338951310861424 0.5414325842696629 0.6203183520599251 0.5481039325842697 0.614934456928839 0.5538974719101124 0.6139981273408239
0 0.5259831460674157 0.6015917602996255 0.5328300561797753 0.6048689138576779 0.5372191011235955 0.612125468164794 0.5375702247191011 0.6235955056179775 0.5344101123595506 0.6336610486891385 0.5247542134831461 0.6404494382022472 0.5150983146067416 0.636938202247191 0.5101825842696629 0.6275749063670412 0.5103581460674157 0.612125468164794 0.5182584269662921 0.6048689138576779 0.5258075842696629 0.6018258426966292
0 0.6162219101123596 0.32467228464419473 0.6239466292134831 0.33075842696629215 0.6257022471910112 0.34222846441947563 0.6211376404494382 0.3544007490636704 0.613061797752809 0.3586142322097378 0.608497191011236 0.35720973782771537 0.6012991573033708 0.3485486891385768 0.6007724719101124 0.33801498127340823 0.605688202247191 0.32771535580524347 0.6160463483146067 0.32467228464419473
0 0.3628862359550562 0.34995318352059923 0.37043539325842695 0.3532303370786517 0.3753511235955056 0.36282771535580527 0.37377106741573035 0.37897940074906367 0.36622191011235955 0.38553370786516855 0.3553370786516854 0.3827247191011236 0.351123595505618 0.3771067415730337 0.34901685393258425 0.3663389513108614 0.35252808988764045 0.3544007490636704 0.36271067415730335 0.34995318352059923
0 0.4257373595505618 0.35135767790262173 0.43627106741573035 0.35978464419475653 0.4371488764044944 0.37312734082397003 0.43240870786516855 0.38085205992509363 0.42240168539325845 0.38553370786516855 0.4183637640449438 0.38459737827715357 0.4137991573033708 0.3792134831460674 0.4122191011235955 0.3647003745318352 0.4160814606741573 0.3548689138576779 0.425561797752809 0.35135767790262173
0 0.3765800561797753 0.5582865168539326 0.3813202247191011 0.5632022471910112 0.38412921348314605 0.5774812734082397 0.3804424157303371 0.5856741573033708 0.37236657303370785 0.5877808988764045 0.36990870786516855 0.5959737827715356 0.36604634831460675 0.5952715355805244 0.36780196629213485 0.5917602996254682 0.3558637640449438 0.5861423220973783 0.35287921348314605 0.5720973782771536 0.3551615168539326 0.5641385767790262 0.3590238764044944 0.5596910112359551 0.37640449438202245 0.5582865168539326
0 0.6172752808988764 0.5355805243445693 0.6267556179775281 0.5433052434456929 0.6285112359550562 0.5573501872659176 0.6265800561797753 0.56437265917603 0.6163974719101124 0.5723314606741573 0.6041081460674157 0.5657771535580525 0.6009480337078652 0.5608614232209738 0.5998946629213483 0.5519662921348315 0.601123595505618 0.5435393258426966 0.6035814606741573 0.540496254681648 0.6121839887640449 0.5355805243445693 0.6170997191011236 0.5355805243445693
0 0.49525983146067415 0.31203183520599254 0.5031601123595506 0.3169475655430712 0.5070224719101124 0.33052434456928836 0.5019311797752809 0.3441011235955056 0.49543539325842695 0.3471441947565543 0.4841994382022472 0.34222846441947563 0.4820926966292135 0.32467228464419473 0.48367275280898875 0.31788389513108617 0.48683286516853935 0.31437265917602997 0.49508426966292135 0.31203183520599254
0 0.5307233146067416 0.41245318352059923 0.5363412921348315 0.4147940074906367 0.5391502808988764 0.43211610486891383 0.5373946629213483 0.44124531835205993 0.5270365168539326 0.44897003745318353 0.515625 0.44288389513108617 0.5112359550561798 0.43211610486891383 0.5133426966292135 0.42158239700374533 0.5166783707865169 0.4164325842696629 0.5222963483146067 0.41245318352059923 0.5305477528089888 0.41245318352059923
0 0.6186797752808989 0.6205524344569289 0.6269311797752809 0.6242977528089888 0.6306179775280899 0.6348314606741573 0.6290379213483146 0.6479400749063671 0.6199087078651685 0.6554307116104869 0.609375 0.6519194756554307 0.6032303370786517 0.6406835205992509 0.6076193820224719 0.6273408239700374 0.6128862359550562 0.6205524344569289 0.6185042134831461 0.6205524344569289
0 0.49473314606741575 0.48174157303370785 0.5017556179775281 0.4854868913857678 0.5049157303370787 0.4948501872659176 0.5029845505617978 0.510065543071161 0.49947331460674155 0.5156835205992509 0.49490870786516855 0.5175561797752809 0.4841994382022472 0.5156835205992509 0.4801615168539326 0.5098314606741573 0.4784058988764045 0.5023408239700374 0.47910814606741575 0.49204119850187267 0.48156601123595505 0.48642322097378277 0.48753511235955055 0.48220973782771537 0.4945575842696629 0.48174157303370785
0 0.4064255617977528 0.40074906367041196 0.4122191011235955 0.4056647940074906 0.41537921348314605 0.4190074906367041 0.4137991573033708 0.4267322097378277 0.4097612359550562 0.4330524344569288 0.4023876404494382 0.43773408239700373 0.390625 0.43469101123595505 0.38606039325842695 0.4286048689138577 0.38570926966292135 0.4178370786516854 0.39202949438202245 0.40262172284644193 0.4006320224719101 0.39957865168539325 0.40625 0.40074906367041196
0 0.4606741573033708 0.5351123595505618 0.4669943820224719 0.5393258426966292 0.4706811797752809 0.5540730337078652 0.46734550561797755 0.5655430711610487 0.45997191011235955 0.5704588014981273 0.4490870786516854 0.5646067415730337 0.4450491573033708 0.5512640449438202 0.4469803370786517 0.5383895131086143 0.460498595505618 0.5351123595505618
0 0.37254213483146065 0.48057116104868913 0.37780898876404495 0.4836142322097378 0.3846558988764045 0.49461610486891383 0.38412921348314605 0.5051498127340824 0.3765800561797753 0.5163857677902621 0.35849719101123595 0.5133426966292135 0.35270365168539325 0.510065543071161 0.35042134831460675 0.5051498127340824 0.355688202247191 0.48829588014981273 0.3590238764044944 0.48408239700374533 0.36587078651685395 0.4803370786516854 0.37236657303370785 0.48057116104868913
0 0.36622191011235955 0.438436329588015 0.3767556179775281 0.44592696629213485 0.37763342696629215 0.45786516853932585 0.37359550561797755 0.46769662921348315 0.3634129213483146 0.47237827715355807 0.3558637640449438 0.4695692883895131 0.3516502808988764 0.46418539325842695 0.35042134831460675 0.45224719101123595 0.3516502808988764 0.44499063670411987 0.3553370786516854 0.43984082397003743 0.36604634831460675 0.438436329588015
0 0.5825140449438202 0.3651685393258427 0.5921699438202247 0.37336142322097376 0.5944522471910112 0.38342696629213485 0.5918188202247191 0.39630149812734083 0.5849719101123596 0.399812734082397 0.5728581460674157 0.3958333333333333 0.569873595505618 0.3916198501872659 0.5682935393258427 0.38319288389513106 0.5681179775280899 0.37640449438202245 0.5711025280898876 0.36914794007490637 0.5823384831460674 0.3651685393258427
0 0.6067415730337079 0.49461610486891383 0.6199087078651685 0.4967228464419476 0.6251755617977528 0.5051498127340824 0.6235955056179775 0.5234082397003745 0.6170997191011236 0.5306647940074907 0.6107794943820225 0.5318352059925093 0.6021769662921348 0.5301966292134831 0.5991924157303371 0.5189606741573034 0.5988412921348315 0.49836142322097376 0.6065660112359551 0.49461610486891383
0 0.613061797752809 0.4110486891385768 0.6207865168539326 0.414559925093633 0.6251755617977528 0.42532771535580527 0.6242977528089888 0.4349250936329588 0.6211376404494382 0.44124531835205993 0.6137640449438202 0.4463951310861423 0.6055126404494382 0.4452247191011236 0.5990168539325843 0.43211610486891383 0.6009480337078652 0.4147940074906367 0.6058637640449438 0.4112827715355805 0.6128862359550562 0.4110486891385768
0 0.6149929775280899 0.6556647940074907 0.6230688202247191 0.6573033707865169 0.6271067415730337 0.6610486891385767 0.6300912921348315 0.6683052434456929 0.6311446629213483 0.6786048689138576 0.6283356741573034 0.6926498127340824 0.6235955056179775 0.697565543071161 0.616748595505618 0.6987359550561798 0.6058637640449438 0.6931179775280899 0.6002457865168539 0.6781367041198502 0.6009480337078652 0.6683052434456929 0.6041081460674157 0.6612827715355806 0.6148174157303371 0.6556647940074907
0 0.582689606741573 0.612125468164794 0.5918188202247191 0.6165730337078652 0.5953300561797753 0.62687265917603 0.5932233146067416 0.6390449438202247 0.5819873595505618 0.6472378277153558 0.5714536516853933 0.6441947565543071 0.5686446629213483 0.6294475655430711 0.5723314606741573 0.6165730337078652 0.5825140449438202 0.612125468164794
0 0.42872191011235955 0.3155430711610487 0.43644662921348315 0.32092696629213485 0.44013342696629215 0.33497191011235955 0.43697331460674155 0.34597378277153557 0.4317064606741573 0.34948501872659177 0.42047050561797755 0.3464419475655431 0.4141502808988764 0.3347378277153558 0.4141502808988764 0.32818352059925093 0.4174859550561798 0.3211610486891386 0.421875 0.3167134831460674 0.42854634831460675 0.3155430711610487
0 0.3734199438202247 0.3972378277153558 0.38167134831460675 0.4035580524344569 0.38377808988764045 0.41502808988764045 0.3813202247191011 0.42579588014981273 0.3772823033707865 0.4307116104868914 0.37008426966292135 0.4332865168539326 0.36253511235955055 0.4323501872659176 0.35814606741573035 0.4288389513108614 0.3553370786516854 0.42228464419475653 0.3549859550561798 0.41409176029962547 0.3611306179775281 0.4014513108614232 0.3732443820224719 0.3972378277153558
0 0.5503862359550562 0.3651685393258427 0.5595154494382022 0.3728932584269663 0.561622191011236 0.37991573033707865 0.561622191011236 0.39115168539325845 0.5565308988764045 0.40074906367041196 0.5437148876404494 0.4056647940074906 0.5380969101123596 0.40051498127340823 0.5352879213483146 0.39302434456928836 0.5351123595505618 0.3761704119850187 0.5416081460674157 0.3663389513108614 0.5502106741573034 0.3651685393258427
0 0.42679073033707865 0.6018258426966292 0.4336376404494382 0.6093164794007491 0.4357443820224719 0.6161048689138576 0.43469101123595505 0.6226591760299626 0.42872191011235955 0.6336610486891385 0.41906601123595505 0.6371722846441947 0.41485252808988765 0.6348314606741573 0.4080056179775281 0.6252340823970037 0.40730337078651685 0.6128277153558053 0.418188202247191 0.6022940074906367 0.42661516853932585 0.6018258426966292
2 0.6378744733146068 0.3136704119850187 0.3491462429775281 0.30669358614232206 0.3421123595505618 0.693374531835206 0.6321002457865169 0.699248127340824
1 0.4347489466292135 0.4610440074906367 0.02329002808988764 0.03569756554307116
1 0.4639782303370787 0.4604119850187266 0.02322682584269663 0.03599250936329588
1 0.4928686797752809 0.4625093632958801 0.02248946629213483 0.03706694756554307
1 0.5197524578651685 0.46414091760299625 0.022419241573033707 0.03564840823970037
1 0.5493065308988764 0.46602294007490636 0.02300561797752809 0.03160814606741573
1 0.551313202247191 0.4271020599250936 0.023505969101123594 0.03023174157303371
1 0.5809322331460673 0.469248595505618 0.020712780898876404 0.02869616104868914
1 0.5807970505617978 0.5032279962546816 0.022782654494382024 0.03579119850187266
1 0.5803405898876405 0.5439817415730337 0.026551966292134833 0.0330313670411985
1 0.5808918539325844 0.5862336142322097 0.022972261235955055 0.03170880149812734
1 0.5485235252808989 0.5815262172284644 0.021439606741573036 0.026973314606741575
1 0.5474139747191011 0.5428323970037453 0.021560744382022472 0.03541666666666667
1 0.549188904494382 0.5043235018726592 0.020426615168539324 0.033305243445692884
1 0.518623595505618 0.5024485018726592 0.021327247191011235 0.03267322097378277
1 0.43264396067415734 0.5007303370786517 0.02258953651685393 0.030800561797752812
1 0.40068995786516853 0.5002551498127341 0.024225772471910115 0.036090823970037454
1 0.4316573033707865 0.5424789325842696 0.021787219101123596 0.036271067415730336
1 0.4288553370786517 0.5804166666666667 0.02320751404494382 0.0325561797752809
1 0.3964799859550562 0.6176779026217228 0.021657303370786515 0.025931647940074905
1 0.3678476123595506 0.6590917602996255 0.024085323033707865 0.024489700374531836
1 0.39969627808988767 0.6564653558052435 0.022240168539325846 0.022357209737827715
1 0.4298718398876405 0.6580266853932585 0.021727528089887642 0.025477528089887642
1 0.4596453651685393 0.6593375468164794 0.026267556179775282 0.024978932584269663
1 0.4881759129213483 0.6613881086142321 0.02714887640449438 0.022839419475655428
1 0.4879880617977528 0.6208403558052434 0.026771418539325843 0.02913623595505618
1 0.4573700842696629 0.6208497191011236 0.026397471910112363 0.026032303370786516
1 0.4583549859550562 0.5810323033707865 0.028367275280898878 0.02616573033707865
1 0.48937324438202245 0.580875468164794 0.02603054775280899 0.028789794007490637
1 0.5189659410112359 0.5822378277153558 0.025524929775280897 0.026835205992509364