0 0.5019311797752809 0.30758426966292135 0.5091292134831461 0.3125 0.5117626404494382 0.324438202247191 0.5101825842696629 0.33239700374531833 0.5017556179775281 0.34058988764044945 0.49332865168539325 0.33918539325842695 0.48771067415730335 0.33380149812734083 0.4863061797752809 0.32818352059925093 0.48718398876404495 0.31788389513108617 0.4898174157303371 0.3125 0.4945575842696629 0.30852059925093633 0.5017556179775281 0.30758426966292135
0 0.40502106741573035 0.4297752808988764 0.41502808988764045 0.4344569288389513 0.4178370786516854 0.4499063670411985 0.4162570224719101 0.45692883895131087 0.4120435393258427 0.46301498127340823 0.4044943820224719 0.46676029962546817 0.39518960674157305 0.4627808988764045 0.39115168539325845 0.44709737827715357 0.39554073033707865 0.43679775280898875 0.40484550561797755 0.4297752808988764
0 0.5224719101123596 0.6523876404494382 0.5284410112359551 0.6558988764044944 0.5335323033707865 0.6650280898876404 0.5335323033707865 0.6786048689138576 0.5305477528089888 0.68562734082397 0.5224719101123596 0.6896067415730337 0.5154494382022472 0.6875 0.5115870786516854 0.6837546816479401 0.5089536516853933 0.6753277153558053 0.5086025280898876 0.6577715355805244 0.5222963483146067 0.6526217228464419
0 0.5893609550561798 0.4033239700374532 0.5967345505617978 0.41409176029962547 0.5962078651685393 0.43164794007490637 0.5918188202247191 0.43913857677902624 0.5844452247191011 0.4426498127340824 0.5809339887640449 0.4426498127340824 0.5819873595505618 0.43913857677902624 0.5725070224719101 0.4297752808988764 0.5686446629213483 0.41830524344569286 0.5733848314606742 0.4066011235955056 0.5788272471910112 0.4033239700374532 0.589185393258427 0.4033239700374532
0 0.6165730337078652 0.4080056179775281 0.6271067415730337 0.4154962546816479 0.629564606741573 0.42837078651685395 0.6237710674157303 0.4419475655430712 0.6165730337078652 0.44662921348314605 0.6128862359550562 0.4463951310861423 0.608497191011236 0.4417134831460674 0.6039325842696629 0.4344569288389513 0.602001404494382 0.42579588014981273 0.6065660112359551 0.412687265917603 0.6121839887640449 0.40823970037453183 0.6163974719101124 0.4080056179775281
0 0.4197682584269663 0.6367041198501873 0.42679073033707865 0.6409176029962547 0.4299508426966292 0.6505149812734082 0.43030196629213485 0.6615168539325843 0.42257724719101125 0.6704119850187266 0.41731039325842695 0.6711142322097379 0.41134129213483145 0.6694756554307116 0.40677668539325845 0.663623595505618 0.40361657303370785 0.6509831460674157 0.4064255617977528 0.6420880149812734 0.41134129213483145 0.6381086142322098 0.4195926966292135 0.6367041198501873
0 0.5307233146067416 0.30969101123595505 0.5400280898876404 0.3176498127340824 0.5412570224719101 0.3312265917602996 0.5372191011235955 0.34012172284644193 0.5273876404494382 0.3450374531835206 0.5221207865168539 0.3443352059925094 0.5149227528089888 0.33848314606741575 0.5136938202247191 0.3279494382022472 0.514747191011236 0.32092696629213485 0.519311797752809 0.31320224719101125 0.5305477528089888 0.30969101123595505
0 0.5544241573033708 0.658941947565543 0.5640800561797753 0.6647940074906367 0.5660112359550562 0.6779026217228464 0.5614466292134831 0.6898408239700374 0.5545997191011236 0.6928838951310862 0.5452949438202247 0.68937265917603 0.5424859550561798 0.6851591760299626 0.5412570224719101 0.675561797752809 0.5414325842696629 0.6683052434456929 0.5449438202247191 0.6629213483146067 0.554248595505618 0.658941947565543
0 0.37043539325842695 0.301498127340824 0.378686797752809 0.30711610486891383 0.38167134831460675 0.3192883895131086 0.3767556179775281 0.33192883895131087 0.37025983146067415 0.3352059925093633 0.359375 0.3312265917602996 0.35603932584269665 0.31835205992509363 0.3595505617977528 0.30547752808988765 0.37025983146067415 0.301498127340824
0 0.4027387640449438 0.30547752808988765 0.4081811797752809 0.3082865168539326 0.4123946629213483 0.31413857677902624 0.4141502808988764 0.3249063670411985 0.4085323033707865 0.33614232209737827 0.40150983146067415 0.33965355805243447 0.3960674157303371 0.33918539325842695 0.390625 0.3352059925093633 0.38781601123595505 0.3202247191011236 0.3888693820224719 0.31320224719101125 0.3922050561797753 0.30852059925093633 0.402563202247191 0.30547752808988765
0 0.49912219101123595 0.43352059925093633 0.5061446629213483 0.4396067415730337 0.5086025280898876 0.4506086142322097 0.503686797752809 0.46441947565543074 0.4964887640449438 0.4679307116104869 0.4882373595505618 0.46558988764044945 0.4841994382022472 0.4602059925093633 0.48174157303370785 0.4461610486891386 0.4887640449438202 0.43515917602996257 0.49894662921348315 0.43352059925093633
0 0.6248244382022472 0.3651685393258427 0.6302668539325843 0.36961610486891383 0.6339536516853933 0.3801498127340824 0.6313202247191011 0.3913857677902622 0.6232443820224719 0.39957865168539325 0.609375 0.3972378277153558 0.6072682584269663 0.39325842696629215 0.6058637640449438 0.37874531835205993 0.6074438202247191 0.3714887640449438 0.6120084269662921 0.36680711610486894 0.6246488764044944 0.3651685393258427
0 0.3706109550561798 0.5615636704119851 0.3771067415730337 0.5674157303370787 0.378686797752809 0.5819288389513109 0.37447331460674155 0.5926966292134831 0.36639747191011235 0.5973782771535581 0.35410814606741575 0.5894194756554307 0.35094803370786515 0.5849719101123596 0.35042134831460675 0.5774812734082397 0.35235252808988765 0.5676498127340824 0.3632373595505618 0.5608614232209738 0.37043539325842695 0.5615636704119851
0 0.5912921348314607 0.5297284644194756 0.6000702247191011 0.5353464419475655 0.6016502808988764 0.5557116104868914 0.5953300561797753 0.5664794007490637 0.5856741573033708 0.5688202247191011 0.5811095505617978 0.5681179775280899 0.5767205056179775 0.5617977528089888 0.5746137640449438 0.5536048689138576 0.5756671348314607 0.5437734082397003 0.5800561797752809 0.5348782771535581 0.5911165730337079 0.5297284644194756
0 0.45997191011235955 0.31530898876404495 0.46980337078651685 0.3171816479400749 0.47384129213483145 0.3211610486891386 0.4764747191011236 0.33824906367041196 0.47384129213483145 0.3455056179775281 0.4669943820224719 0.350187265917603 0.45997191011235955 0.351123595505618 0.4511938202247191 0.34269662921348315 0.44856039325842695 0.335440074906367 0.44996488764044945 0.32514044943820225 0.45558286516853935 0.3167134831460674 0.45979634831460675 0.3155430711610487
0 0.6137640449438202 0.45529026217228463 0.6202598314606742 0.45903558052434457 0.6244733146067416 0.4660580524344569 0.625 0.4772940074906367 0.6218398876404494 0.48478464419475653 0.609375 0.48852996254681647 0.601123595505618 0.48220973782771537 0.5990168539325843 0.4679307116104869 0.6039325842696629 0.4571629213483146 0.6135884831460674 0.45529026217228463
0 0.5300210674157303 0.4829119850187266 0.5363412921348315 0.4866573033707865 0.5410814606741573 0.4974250936329588 0.5384480337078652 0.5126404494382022 0.5317766853932584 0.5175561797752809 0.520189606741573 0.5154494382022472 0.5152738764044944 0.5051498127340824 0.5172050561797753 0.49063670411985016 0.5251053370786517 0.4833801498127341 0.5298455056179775 0.4829119850187266
0 0.6221910112359551 0.323501872659176 0.6311446629213483 0.33146067415730335 0.6329002808988764 0.3387172284644195 0.6251755617977528 0.35346441947565543 0.6185042134831461 0.35720973782771537 0.6128862359550562 0.3562734082397004 0.608497191011236 0.352059925093633 0.6053370786516854 0.34222846441947563 0.6053370786516854 0.33497191011235955 0.6127106741573034 0.324438202247191 0.6220154494382022 0.323501872659176
0 0.35656601123595505 0.6430243445692884 0.36429073033707865 0.6460674157303371 0.367626404494382 0.6500468164794008 0.37201544943820225 0.6645599250936329 0.3670997191011236 0.6757958801498127 0.3574438202247191 0.6804775280898876 0.34831460674157305 0.677434456928839 0.34480337078651685 0.6718164794007491 0.3435744382022472 0.663623595505618 0.34708567415730335 0.6500468164794008 0.35639044943820225 0.6430243445692884
0 0.36973314606741575 0.4794007490636704 0.37780898876404495 0.49391385767790263 0.37974016853932585 0.5044475655430711 0.3765800561797753 0.5124063670411985 0.36990870786516855 0.5182584269662921 0.35884831460674155 0.5163857677902621 0.35410814606741575 0.5114700374531835 0.352001404494382 0.5030430711610487 0.3549859550561798 0.4875936329588015 0.36271067415730335 0.4803370786516854 0.3695575842696629 0.4794007490636704
0 0.3946629213483146 0.4756554307116105 0.40537219101123595 0.48080524344569286 0.4081811797752809 0.488998127340824 0.40537219101123595 0.5046816479400749 0.39396067415730335 0.5105337078651685 0.3886938202247191 0.5091292134831461 0.383251404494382 0.5037453183520599 0.38149578651685395 0.49063670411985016 0.38588483146067415 0.47869850187265917 0.3944873595505618 0.4756554307116105
0 0.4566362359550562 0.5980805243445693 0.46629213483146065 0.6022940074906367 0.4706811797752809 0.6116573033707865 0.4671699438202247 0.6285112359550562 0.46225421348314605 0.6338951310861424 0.456811797752809 0.635065543071161 0.445751404494382 0.6299157303370787 0.4429424157303371 0.6203183520599251 0.4468047752808989 0.6046348314606742 0.4529494382022472 0.5985486891385767 0.45646067415730335 0.5980805243445693
0 0.45031601123595505 0.6381086142322098 0.45804073033707865 0.6418539325842697 0.46172752808988765 0.6509831460674157 0.45821629213483145 0.6650280898876404 0.44978932584269665 0.6729868913857678 0.4418890449438202 0.6701779026217228 0.43697331460674155 0.6584737827715356 0.43627106741573035 0.649812734082397 0.44083567415730335 0.641619850187266 0.45014044943820225 0.6381086142322098
0 0.5877808988764045 0.48735955056179775 0.5925210674157303 0.49040262172284643 0.5962078651685393 0.4978932584269663 0.5976123595505618 0.5121722846441947 0.5939255617977528 0.5229400749063671 0.5860252808988764 0.5278558052434457 0.5775983146067416 0.526685393258427 0.5718047752808989 0.5224719101123596 0.5689957865168539 0.5035112359550562 0.570751404494382 0.49461610486891383 0.5740870786516854 0.49087078651685395 0.5876053370786517 0.48735955056179775
0 0.3695575842696629 0.4250936329588015 0.3790379213483146 0.4323501872659176 0.3804424157303371 0.4452247191011236 0.37833567415730335 0.45341760299625467 0.37008426966292135 0.4606741573033708 0.36639747191011235 0.46114232209737827 0.3590238764044944 0.45880149812734083 0.3549859550561798 0.45341760299625467 0.3535814606741573 0.4438202247191011 0.3551615168539326 0.4323501872659176 0.36253511235955055 0.426498127340824 0.3693820224719101 0.42532771535580527
0 0.5609199438202247 0.3169475655430712 0.5681179775280899 0.3227996254681648 0.5721558988764045 0.33497191011235955 0.5674157303370787 0.34737827715355807 0.5582865168539326 0.35159176029962547 0.550561797752809 0.34901685393258425 0.5456460674157303 0.33590823970037453 0.5500351123595506 0.32209737827715357 0.5538974719101124 0.31835205992509363 0.5607443820224719 0.3169475655430712
0 0.4573384831460674 0.4054307116104869 0.4648876404494382 0.41292134831460675 0.46734550561797755 0.4243913857677903 0.4652387640449438 0.4318820224719101 0.45646067415730335 0.43890449438202245 0.44610252808988765 0.43562734082397003 0.4418890449438202 0.42907303370786515 0.4413623595505618 0.42017790262172283 0.4434691011235955 0.41081460674157305 0.4496137640449438 0.4066011235955056 0.4571629213483146 0.4054307116104869
0 0.4083567415730337 0.38412921348314605 0.4164325842696629 0.3899812734082397 0.4202949438202247 0.40262172284644193 0.4162570224719101 0.4157303370786517 0.40695224719101125 0.41970973782771537 0.3981741573033708 0.41830524344569286 0.3908005617977528 0.40777153558052437 0.39518960674157305 0.39115168539325845 0.40133426966292135 0.386001872659176 0.4081811797752809 0.38412921348314605
0 0.39536516853932585 0.6072097378277154 0.40168539325842695 0.62312734082397 0.40115870786516855 0.6280430711610487 0.3983497191011236 0.6374063670411985 0.3871137640449438 0.6453651685393258 0.3765800561797753 0.637874531835206 0.3732443820224719 0.6196161048689138 0.3765800561797753 0.6123595505617978 0.3807935393258427 0.6090823970037453 0.39518960674157305 0.6072097378277154
0 0.522998595505618 0.5966760299625468 0.5259831460674157 0.5969101123595506 0.5330056179775281 0.6051029962546817 0.5347612359550562 0.6196161048689138 0.5293188202247191 0.6313202247191011 0.5194873595505618 0.6360018726591761 0.5122893258426966 0.6341292134831461 0.5086025280898876 0.6296816479400749 0.5050912921348315 0.6107209737827716 0.514747191011236 0.5994850187265918 0.5228230337078652 0.5966760299625468
0 0.4201193820224719 0.5969101123595506 0.4278441011235955 0.6018258426966292 0.43047752808988765 0.6170411985018727 0.42485955056179775 0.6273408239700374 0.4160814606741573 0.6306179775280899 0.41134129213483145 0.6292134831460674 0.40712780898876405 0.6238295880149812 0.4046699438202247 0.6125936329588015 0.40695224719101125 0.6034644194756554 0.41099016853932585 0.598314606741573 0.4199438202247191 0.5969101123595506
0 0.6232443820224719 0.49180711610486894 0.6300912921348315 0.4955524344569288 0.6337780898876404 0.5016385767790262 0.6343047752808989 0.5152153558052435 0.6309691011235955 0.522003745318352 0.6265800561797753 0.5259831460674157 0.6179775280898876 0.5262172284644194 0.6118328651685393 0.5234082397003745 0.6095505617977528 0.5191947565543071 0.6086727528089888 0.5074906367041199 0.6104283707865169 0.5016385767790262 0.6158707865168539 0.4943820224719101 0.6230688202247191 0.49204119850187267
0 0.3672752808988764 0.3398876404494382 0.3767556179775281 0.34527153558052437 0.3807935393258427 0.3553370786516854 0.37798455056179775 0.36704119850187267 0.36973314606741575 0.37312734082397003 0.3597261235955056 0.3705524344569288 0.35603932584269665 0.3661048689138577 0.35463483146067415 0.3600187265917603 0.35481039325842695 0.352059925093633 0.35797050561797755 0.3441011235955056 0.36183286516853935 0.34012172284644193 0.3670997191011236 0.3398876404494382
0 0.5890098314606742 0.6437265917602997 0.5962078651685393 0.6505149812734082 0.5995435393258427 0.6683052434456929 0.5953300561797753 0.6786048689138576 0.5884831460674157 0.6839887640449438 0.5763693820224719 0.6772003745318352 0.570751404494382 0.6690074906367042 0.5700491573033708 0.6640917602996255 0.5711025280898876 0.6547284644194756 0.5740870786516854 0.6486423220973783 0.5812851123595506 0.6437265917602997 0.5888342696629213 0.6437265917602997
0 0.36657303370786515 0.5578183520599251 0.37166432584269665 0.5587546816479401 0.37763342696629215 0.5639044943820225 0.3811446629213483 0.5819288389513109 0.3767556179775281 0.5994850187265918 0.3695575842696629 0.6013576779026217 0.363061797752809 0.6074438202247191 0.3553370786516854 0.6067415730337079 0.35059691011235955 0.6020599250936329 0.34831460674157305 0.5943352059925093 0.347436797752809 0.5742041198501873 0.35463483146067415 0.5625 0.36639747191011235 0.5578183520599251
0 0.4922752808988764 0.47659176029962547 0.5029845505617978 0.48384831460674155 0.5043890449438202 0.49602059925093633 0.5017556179775281 0.5067883895131086 0.49139747191011235 0.5121722846441947 0.4805126404494382 0.5049157303370787 0.4789325842696629 0.49461610486891383 0.4805126404494382 0.48408239700374533 0.48490168539325845 0.4791666666666667 0.4920997191011236 0.47659176029962547
0 0.6200842696629213 0.5311329588014981 0.6251755617977528 0.5330056179775281 0.6311446629213483 0.5400280898876404 0.6329002808988764 0.5498595505617978 0.629564606741573 0.5613295880149812 0.6200842696629213 0.5678838951310862 0.6116573033707865 0.5639044943820225 0.6065660112359551 0.5540730337078652 0.6088483146067416 0.5369850187265918 0.6151685393258427 0.5318352059925093 0.6199087078651685 0.5311329588014981
0 0.5574087078651685 0.5252808988764045 0.5675912921348315 0.5316011235955056 0.570751404494382 0.5397940074906367 0.5689957865168539 0.5545411985018727 0.5610955056179775 0.5615636704119851 0.5495084269662921 0.5578183520599251 0.5463483146067416 0.5538389513108615 0.5438904494382022 0.5433052434456929 0.5481039325842697 0.5306647940074907 0.5572331460674157 0.5252808988764045
0 0.5128160112359551 0.3522940074906367 0.5196629213483146 0.3625936329588015 0.5194873595505618 0.37336142322097376 0.5145716292134831 0.3836610486891386 0.5050912921348315 0.387874531835206 0.49683988764044945 0.37734082397003743 0.49683988764044945 0.35580524344569286 0.5049157303370787 0.350187265917603 0.5126404494382022 0.3522940074906367
0 0.38746488764044945 0.5126404494382022 0.3941362359550562 0.514747191011236 0.3981741573033708 0.5189606741573034 0.40150983146067415 0.5327715355805244 0.38746488764044945 0.5472846441947565 0.37816011235955055 0.5449438202247191 0.37412219101123595 0.5362827715355806 0.37605337078651685 0.5191947565543071 0.38360252808988765 0.5126404494382022 0.38728932584269665 0.5126404494382022
0 0.4397823033707865 0.4447565543071161 0.44610252808988765 0.449438202247191 0.45014044943820225 0.449438202247191 0.45014044943820225 0.46348314606741575 0.445751404494382 0.4777621722846442 0.4390800561797753 0.4829119850187266 0.43240870786516855 0.48431647940074907 0.42872191011235955 0.4812734082397004 0.4238061797752809 0.47027153558052437 0.4239817415730337 0.45529026217228463 0.42714185393258425 0.44803370786516855 0.43223314606741575 0.4447565543071161 0.4396067415730337 0.4447565543071161
0 0.48139044943820225 0.6477059925093633 0.49280196629213485 0.651685393258427 0.49683988764044945 0.6640917602996255 0.4964887640449438 0.6722846441947565 0.4938553370786517 0.6783707865168539 0.484375 0.6839887640449438 0.4750702247191011 0.677434456928839 0.47120786516853935 0.6720505617977528 0.47015449438202245 0.6659644194756554 0.47120786516853935 0.6549625468164794 0.47717696629213485 0.6479400749063671 0.48121488764044945 0.6477059925093633
0 0.43275983146067415 0.3078183520599251 0.4410112359550562 0.31273408239700373 0.444873595505618 0.324438202247191 0.44399578651685395 0.3312265917602996 0.43995786516853935 0.33848314606741575 0.43275983146067415 0.34269662921348315 0.42327949438202245 0.3387172284644195 0.42082162921348315 0.33497191011235955 0.4195926966292135 0.325374531835206 0.4216994382022472 0.3146067415730337 0.42714185393258425 0.3089887640449438 0.43258426966292135 0.3078183520599251
0 0.449438202247191 0.4845505617977528 0.453125 0.48431647940074907 0.461376404494382 0.48993445692883897 0.46752106741573035 0.5014044943820225 0.4666432584269663 0.5114700374531835 0.4608497191011236 0.5194288389513109 0.45575842696629215 0.5213014981273408 0.44803370786516855 0.5189606741573034 0.44276685393258425 0.5081928838951311 0.4450491573033708 0.4936797752808989 0.449438202247191 0.48478464419475653
0 0.6202598314606742 0.48618913857677903 0.6299157303370787 0.4911048689138577 0.636060393258427 0.5051498127340824 0.6337780898876404 0.5189606741573034 0.6234199438202247 0.5283239700374532 0.6127106741573034 0.5276217228464419 0.6030547752808989 0.5196629213483146 0.5990168539325843 0.511938202247191 0.5993679775280899 0.5051498127340824 0.6025280898876404 0.49765917602996257 0.609375 0.49040262172284643 0.6200842696629213 0.48618913857677903
0 0.5884831460674157 0.3600187265917603 0.5958567415730337 0.3642322097378277 0.6000702247191011 0.37102059925093633 0.5988412921348315 0.39021535580524347 0.5918188202247191 0.39653558052434457 0.5849719101123596 0.3967696629213483 0.5751404494382022 0.386938202247191 0.5726825842696629 0.37663857677902624 0.5747893258426966 0.37359550561797755 0.5746137640449438 0.3663389513108614 0.5883075842696629 0.36025280898876405
0 0.6165730337078652 0.6528558052434457 0.6272823033707865 0.6605805243445693 0.6314957865168539 0.6783707865168539 0.6274578651685393 0.6917134831460674 0.6195575842696629 0.6973314606741573 0.6121839887640449 0.6968632958801498 0.6058637640449438 0.6921816479400749 0.6000702247191011 0.6788389513108615 0.6042837078651685 0.6573033707865169 0.609375 0.6533239700374532 0.6163974719101124 0.6528558052434457
0 0.5293188202247191 0.438436329588015 0.5365168539325843 0.44592696629213485 0.5382724719101124 0.45692883895131087 0.5333567415730337 0.46863295880149813 0.5261587078651685 0.4726123595505618 0.5152738764044944 0.4679307116104869 0.5115870786516854 0.45997191011235955 0.5117626404494382 0.4520131086142322 0.5173806179775281 0.44030898876404495 0.5291432584269663 0.438436329588015
0 0.5538974719101124 0.38974719101123595 0.5619733146067416 0.39396067415730335 0.5663623595505618 0.40402621722846443 0.5644311797752809 0.41619850187265917 0.554248595505618 0.4234550561797753 0.5449438202247191 0.41947565543071164 0.5400280898876404 0.4080056179775281 0.5438904494382022 0.39396067415730335 0.5537219101123596 0.38974719101123595
0 0.5373946629213483 0.3522940074906367 0.5433637640449438 0.3541666666666667 0.5474016853932584 0.35931647940074907 0.5498595505617978 0.37125468164794007 0.5475772471910112 0.38038389513108617 0.5363412921348315 0.3892790262172285 0.5328300561797753 0.38857677902621723 0.5242275280898876 0.37991573033707865 0.5235252808988764 0.36282771535580527 0.5298455056179775 0.3548689138576779 0.5372191011235955 0.3522940074906367
0 0.5254564606741573 0.3934925093632959 0.5305477528089888 0.39864232209737827 0.5326544943820225 0.4110486891385768 0.5293188202247191 0.4208801498127341 0.5215941011235955 0.424625468164794 0.5152738764044944 0.42392322097378277 0.5108848314606742 0.41970973782771537 0.508251404494382 0.41409176029962547 0.5079002808988764 0.4054307116104869 0.5101825842696629 0.3977059925093633 0.5143960674157303 0.39396067415730335 0.5187851123595506 0.3920880149812734 0.5252808988764045 0.3934925093632959
0 0.49139747191011235 0.6090823970037453 0.49894662921348315 0.6151685393258427 0.5021067415730337 0.62312734082397 0.5022823033707865 0.6310861423220974 0.4984199438202247 0.6425561797752809 0.48929073033707865 0.6460674157303371 0.484375 0.6458333333333334 0.4785814606741573 0.641619850187266 0.4750702247191011 0.6299157303370787 0.4764747191011236 0.6196161048689138 0.4808637640449438 0.612125468164794 0.49122191011235955 0.6090823970037453
0 0.5921699438202247 0.3190543071161049 0.6000702247191011 0.324438202247191 0.6041081460674157 0.336376404494382 0.6030547752808989 0.3455056179775281 0.5995435393258427 0.3529962546816479 0.5919943820224719 0.35931647940074907 0.578125 0.3553370786516854 0.574438202247191 0.3487827715355805 0.5739115168539326 0.33965355805243447 0.5767205056179775 0.32818352059925093 0.5798806179775281 0.3237359550561798 0.5847963483146067 0.3197565543071161 0.5919943820224719 0.3190543071161049
0 0.48964185393258425 0.5676498127340824 0.4982443820224719 0.5730337078651685 0.5007022471910112 0.5854400749063671 0.49754213483146065 0.5987827715355806 0.4878862359550562 0.6025280898876404 0.4801615168539326 0.6006554307116105 0.477001404494382 0.5973782771535581 0.4741924157303371 0.5835674157303371 0.4766502808988764 0.5742041198501873 0.480688202247191 0.5692883895131086 0.48946629213483145 0.5676498127340824
2 0.643141327247191 0.31210978464419475 0.3525043890449438 0.29569054307116105 0.3397120786516854 0.6877602996254681 0.6338398876404494 0.7013693820224719
1 0.40743679775280905 0.37118913857677904 0.02835498595505618 0.03076544943820225
1 0.3795663623595506 0.41379213483146066 0.018260182584269664 0.031704119850187264
1 0.4400649578651686 0.37626404494382026 0.021049859550561798 0.03155430711610487
1 0.4704617275280899 0.3777996254681648 0.020981390449438204 0.02682116104868914
1 0.5582461376404494 0.38072565543071163 0.02098490168539326 0.026432584269662922
1 0.49789676966292135 0.4183192883895131 0.020840941011235955 0.026715823970037453
1 0.4331671348314607 0.41850889513108613 0.02012816011235955 0.030215355805243448
1 0.4659322331460674 0.45742743445692885 0.020112359550561797 0.031582397003745315
1 0.5514167837078652 0.46271769662921347 0.021372893258426964 0.03435861423220974
1 0.5818433988764045 0.4639232209737828 0.01902387640449438 0.032092696629213484
1 0.5520716292134832 0.5029845505617978 0.02034058988764045 0.032186329588014984
1 0.4364132724719101 0.4963436329588015 0.016086727528089886 0.028270131086142323
1 0.36960849719101124 0.5345037453183521 0.02409410112359551 0.026558988764044944
1 0.36780196629213485 0.6121652621722846 0.02165203651685393 0.03363061797752809
1 0.39648700842696627 0.6638483146067415 0.020502106741573035 0.0293188202247191
1 0.4006179775280899 0.5729190074906367 0.02057057584269663 0.03004447565543071
1 0.4330214185393258 0.5351521535580525 0.024517205056179776 0.02785580524344569
1 0.43230337078651687 0.5733801498127341 0.020739115168539324 0.027846441947565543
1 0.46177668539325845 0.5767181647940074 0.024676966292134832 0.02827949438202247
1 0.46447331460674157 0.5358052434456929 0.023047752808988763 0.027605337078651686
1 0.4911025280898877 0.5393445692883895 0.017787921348314605 0.025316011235955057
1 0.5195997191011236 0.540500936329588 0.018599016853932584 0.02762874531835206
1 0.5193135533707866 0.5788927902621723 0.02037043539325843 0.027947097378277153
1 0.5488237359550562 0.5803721910112359 0.01852703651685393 0.026224250936329588
1 0.5485024578651685 0.6192930711610487 0.020226474719101124 0.027598314606741576
1 0.5785094803370786 0.6210323033707865 0.019378511235955055 0.021715823970037452
1 0.5808058286516854 0.5824180711610487 0.018117977528089888 0.02563436329588015
1 0.6091959269662921 0.5819194756554307 0.015208918539325843 0.023075842696629212
1 0.6078739466292135 0.6220786516853932 0.01724543539325843 0.025367509363295883