2 0.23876404494382023 0.45099882958801496 0.7385300210674158 0.5032771535580525 0.7285814606741573 0.7147315074906367 0.22530424859550563 0.6655742041198502
0 0.4359199438202247 0.6411516853932584 0.44838483146067415 0.6463014981273408 0.45014044943820225 0.6549625468164794 0.44434691011235955 0.6790730337078652 0.4355688202247191 0.6860955056179775 0.4238061797752809 0.6825842696629213 0.41924157303370785 0.6753277153558053 0.4180126404494382 0.6687734082397003 0.4239817415730337 0.6474719101123596 0.4357443820224719 0.6411516853932584
0 0.6611657303370787 0.6221910112359551 0.6688904494382022 0.6308520599250936 0.672752808988764 0.6430243445692884 0.6704705056179775 0.6587078651685393 0.6627457865168539 0.6650280898876404 0.6523876404494382 0.6619850187265918 0.6437851123595506 0.6551966292134831 0.6413272471910112 0.6303838951310862 0.6476474719101124 0.6228932584269663 0.6609901685393258 0.6221910112359551
0 0.6860955056179775 0.5842696629213483 0.6999648876404494 0.5887172284644194 0.7038272471910112 0.600187265917603 0.7041783707865169 0.6093164794007491 0.7018960674157303 0.6161048689138576 0.6925912921348315 0.6266385767790262 0.6736306179775281 0.6198501872659176 0.6697682584269663 0.6128277153558053 0.6711727528089888 0.6013576779026217 0.6762640449438202 0.588249063670412 0.6859199438202247 0.5842696629213483
0 0.7145365168539326 0.588249063670412 0.7294592696629213 0.5955056179775281 0.7320926966292135 0.6048689138576779 0.7317415730337079 0.6163389513108615 0.7240168539325843 0.6287453183520599 0.7119030898876404 0.6287453183520599 0.7066362359550562 0.6313202247191011 0.7029494382022472 0.6308520599250936 0.6990870786516854 0.6235955056179775 0.7045294943820225 0.6088483146067416 0.7027738764044944 0.5950374531835206 0.7059339887640449 0.5905898876404494 0.7143609550561798 0.588249063670412
0 0.3709620786516854 0.6371722846441947 0.38395365168539325 0.6390449438202247 0.38764044943820225 0.6439606741573034 0.3883426966292135 0.6491104868913857 0.38799157303370785 0.6610486891385767 0.38553370786516855 0.6683052434456929 0.38009129213483145 0.6753277153558053 0.3732443820224719 0.6788389513108615 0.36271067415730335 0.6753277153558053 0.35814606741573035 0.6584737827715356 0.36042837078651685 0.6423220973782772 0.36622191011235955 0.636938202247191 0.3707865168539326 0.6371722846441947
0 0.47594803370786515 0.4695692883895131 0.4887640449438202 0.48174157303370785 0.4885884831460674 0.5102996254681648 0.48683286516853935 0.514747191011236 0.4808637640449438 0.5173220973782772 0.46769662921348315 0.5140449438202247 0.46155196629213485 0.5021067415730337 0.46190308988764045 0.4772940074906367 0.4668188202247191 0.4714419475655431 0.47577247191011235 0.4695692883895131
0 0.5568820224719101 0.6530898876404494 0.5681179775280899 0.6610486891385767 0.5718047752808989 0.6783707865168539 0.5718047752808989 0.6860955056179775 0.5693469101123596 0.6931179775280899 0.557935393258427 0.699438202247191 0.5454705056179775 0.6924157303370787 0.5424859550561798 0.68562734082397 0.5417837078651685 0.6678370786516854 0.5421348314606742 0.660814606741573 0.5456460674157303 0.6549625468164794 0.5567064606741573 0.6530898876404494
0 0.6609901685393258 0.5390917602996255 0.6701193820224719 0.5461142322097379 0.6731039325842697 0.5615636704119851 0.6692415730337079 0.5720973782771536 0.6652036516853933 0.5777153558052435 0.660814606741573 0.5793539325842697 0.6511587078651685 0.5786516853932584 0.6432584269662921 0.5723314606741573 0.6418539325842697 0.550561797752809 0.6427317415730337 0.5433052434456929 0.6465941011235955 0.5397940074906367 0.660814606741573 0.5390917602996255
0 0.5416081460674157 0.4791666666666667 0.5500351123595506 0.48431647940074907 0.5512640449438202 0.49929775280898875 0.5442415730337079 0.5173220973782772 0.5330056179775281 0.5231741573033708 0.5261587078651685 0.5201310861423221 0.520189606741573 0.5121722846441947 0.5214185393258427 0.48829588014981273 0.5294943820224719 0.48010299625468167 0.5414325842696629 0.4791666666666667
0 0.6132373595505618 0.6577715355805244 0.6293890449438202 0.6659644194756554 0.6336025280898876 0.6750936329588015 0.6337780898876404 0.6858614232209738 0.6304424157303371 0.6961610486891385 0.6206109550561798 0.7024812734082397 0.6127106741573034 0.701310861423221 0.6035814606741573 0.6884363295880149 0.6028792134831461 0.6685393258426966 0.6083216292134831 0.6601123595505618 0.613061797752809 0.6577715355805244
0 0.5314255617977528 0.5617977528089888 0.5416081460674157 0.5664794007490637 0.5442415730337079 0.5866104868913857 0.5435393258426966 0.5973782771535581 0.5372191011235955 0.6062734082397003 0.5333567415730337 0.6081460674157303 0.5224719101123596 0.6072097378277154 0.5184339887640449 0.6036985018726592 0.5149227528089888 0.598314606741573 0.5135182584269663 0.586376404494382 0.5140449438202247 0.5779494382022472 0.5182584269662921 0.5699906367041199 0.5245786516853933 0.5627340823970037 0.53125 0.5617977528089888
0 0.29757724719101125 0.44147940074906367 0.30179073033707865 0.4426498127340824 0.30337078651685395 0.44592696629213485 0.3023174157303371 0.45341760299625467 0.3063553370786517 0.4618445692883895 0.3063553370786517 0.4845505617977528 0.2966994382022472 0.49976591760299627 0.29037921348314605 0.5035112359550562 0.28265449438202245 0.5030430711610487 0.2789676966292135 0.49812734082397003 0.27668539325842695 0.46676029962546817 0.28019662921348315 0.45997191011235955 0.2912570224719101 0.4517790262172285 0.29424157303370785 0.4426498127340824 0.29740168539325845 0.44147940074906367
0 0.46804775280898875 0.6451310861423221 0.4743679775280899 0.6514513108614233 0.4768258426966292 0.6580056179775281 0.47910814606741575 0.6772003745318352 0.47717696629213485 0.6853932584269663 0.46787219101123595 0.6959269662921348 0.4708567415730337 0.700374531835206 0.4705056179775281 0.7029494382022472 0.46769662921348315 0.7034176029962547 0.4633075842696629 0.7029494382022472 0.465063202247191 0.6959269662921348 0.45066713483146065 0.6851591760299626 0.44820926966292135 0.6790730337078652 0.44820926966292135 0.6715823970037453 0.4529494382022472 0.649812734082397 0.45997191011235955 0.6451310861423221 0.46787219101123595 0.6451310861423221
0 0.3865870786516854 0.4693352059925094 0.39589185393258425 0.476123595505618 0.397998595505618 0.48267790262172283 0.397998595505618 0.49297752808988765 0.3941362359550562 0.5035112359550562 0.38360252808988765 0.5093632958801498 0.37587780898876405 0.5070224719101124 0.3714887640449438 0.5025749063670412 0.36797752808988765 0.4948501872659176 0.3674508426966292 0.4875936329588015 0.3690308988764045 0.47846441947565543 0.3732443820224719 0.47073970037453183 0.3864115168539326 0.4693352059925094
0 0.6264044943820225 0.6193820224719101 0.6386938202247191 0.6285112359550562 0.6429073033707865 0.637874531835206 0.6429073033707865 0.6505149812734082 0.6409761235955056 0.6568352059925093 0.6372893258426966 0.661750936329588 0.6302668539325843 0.6652621722846442 0.6128862359550562 0.6558988764044944 0.6095505617977528 0.6406835205992509 0.6099016853932584 0.6299157303370787 0.6134129213483146 0.62312734082397 0.6262289325842697 0.6193820224719101
0 0.6450140449438202 0.6596441947565543 0.6597612359550562 0.6664325842696629 0.6634480337078652 0.6729868913857678 0.6623946629213483 0.6956928838951311 0.6515098314606742 0.7031835205992509 0.6423806179775281 0.7001404494382022 0.6351825842696629 0.68937265917603 0.6343047752808989 0.6687734082397003 0.6404494382022472 0.660814606741573 0.6448384831460674 0.6596441947565543
0 0.5990168539325843 0.6172752808988764 0.6034058988764045 0.6189138576779026 0.6077949438202247 0.6266385767790262 0.6097261235955056 0.6500468164794008 0.6062148876404494 0.6584737827715356 0.5991924157303371 0.6624531835205992 0.5849719101123596 0.6549625468164794 0.5798806179775281 0.6383426966292135 0.5816362359550562 0.6219569288389513 0.5874297752808989 0.6179775280898876 0.5988412921348315 0.6172752808988764
0 0.7169943820224719 0.5465823970037453 0.7275280898876404 0.548689138576779 0.734375 0.5559456928838952 0.7366573033707865 0.5650749063670412 0.734375 0.5814606741573034 0.7268258426966292 0.586376404494382 0.7162921348314607 0.587312734082397 0.7101474719101124 0.5852059925093633 0.702247191011236 0.5777153558052435 0.7013693820224719 0.5676498127340824 0.7048806179775281 0.5538389513108615 0.7092696629213483 0.5482209737827716 0.7168188202247191 0.5468164794007491
0 0.5953300561797753 0.5737359550561798 0.6062148876404494 0.5816947565543071 0.6086727528089888 0.5945692883895131 0.6067415730337079 0.6090823970037453 0.6023525280898876 0.6147003745318352 0.5988412921348315 0.6156367041198502 0.5847963483146067 0.6139981273408239 0.5779494382022472 0.6053370786516854 0.5761938202247191 0.596441947565543 0.5774227528089888 0.5833333333333334 0.5811095505617978 0.5770131086142322 0.5951544943820225 0.5737359550561798
0 0.32145365168539325 0.62687265917603 0.3261938202247191 0.6303838951310862 0.32952949438202245 0.6439606741573034 0.32707162921348315 0.661750936329588 0.32127808988764045 0.6678370786516854 0.3010884831460674 0.6690074906367042 0.2965238764044944 0.6683052434456929 0.29371488764044945 0.6584737827715356 0.29950842696629215 0.6406835205992509 0.30916432584269665 0.6280430711610487 0.32127808988764045 0.62687265917603
0 0.4922752808988764 0.6463014981273408 0.5047401685393258 0.6502808988764045 0.5089536516853933 0.6570692883895131 0.5098314606741573 0.6647940074906367 0.5070224719101124 0.6821161048689138 0.49525983146067415 0.68937265917603 0.484375 0.6849250936329588 0.4799859550561798 0.6713483146067416 0.4799859550561798 0.6610486891385767 0.4824438202247191 0.6530898876404494 0.4920997191011236 0.6463014981273408
0 0.5667134831460674 0.6114232209737828 0.5786516853932584 0.6233614232209738 0.5807584269662921 0.6474719101123596 0.5784761235955056 0.6549625468164794 0.5688202247191011 0.661750936329588 0.5528441011235955 0.6519194756554307 0.5458216292134831 0.6376404494382022 0.545997191011236 0.6264044943820225 0.5493328651685393 0.6191479400749064 0.5572331460674157 0.6118913857677902 0.5665379213483146 0.6114232209737828
0 0.2561446629213483 0.4529494382022472 0.27036516853932585 0.4585674157303371 0.27633426966292135 0.47308052434456926 0.2752808988764045 0.488061797752809 0.2593047752808989 0.4943820224719101 0.2442064606741573 0.48782771535580527 0.24122191011235955 0.48431647940074907 0.23911516853932585 0.47425093632958804 0.24192415730337077 0.4595037453183521 0.2559691011235955 0.4529494382022472
0 0.269311797752809 0.6221910112359551 0.2758075842696629 0.6252340823970037 0.2933637640449438 0.6235955056179775 0.29950842696629215 0.6329588014981273 0.29231039325842695 0.6612827715355806 0.2794943820224719 0.6657303370786517 0.27212078651685395 0.6624531835205992 0.265625 0.6540262172284644 0.2601825842696629 0.6374063670411985 0.26299157303370785 0.6254681647940075 0.2654494382022472 0.6221910112359551 0.2691362359550562 0.6221910112359551
0 0.27615870786516855 0.5419007490636704 0.2952949438202247 0.547752808988764 0.2986306179775281 0.5529026217228464 0.29792837078651685 0.5713951310861424 0.29371488764044945 0.5819288389513109 0.27826544943820225 0.5868445692883895 0.2731741573033708 0.5859082397003745 0.2679073033707865 0.5777153558052435 0.26492275280898875 0.5610955056179775 0.2659761235955056 0.5470505617977528 0.2694873595505618 0.5433052434456929 0.27598314606741575 0.5419007490636704
0 0.3128511235955056 0.5435393258426966 0.3258426966292135 0.545880149812734 0.33918539325842695 0.5578183520599251 0.33883426966292135 0.5653089887640449 0.33497191011235955 0.5711610486891385 0.3200491573033708 0.5830992509363296 0.3063553370786517 0.5821629213483146 0.29933286516853935 0.5739700374531835 0.29985955056179775 0.552434456928839 0.30565308988764045 0.5456460674157303 0.3126755617977528 0.5435393258426966
0 0.35445926966292135 0.46301498127340823 0.3632373595505618 0.46769662921348315 0.36797752808988765 0.4768258426966292 0.36657303370786515 0.4913389513108614 0.36393960674157305 0.49812734082397003 0.3551615168539326 0.5049157303370787 0.34515449438202245 0.5035112359550562 0.34094101123595505 0.5004681647940075 0.3374297752808989 0.4948501872659176 0.3362008426966292 0.4824438202247191 0.3377808988764045 0.47308052434456926 0.3416432584269663 0.46629213483146065 0.35428370786516855 0.46301498127340823
0 0.44259129213483145 0.5177902621722846 0.4496137640449438 0.5205992509363296 0.4547050561797753 0.5259831460674157 0.45575842696629215 0.5449438202247191 0.44978932584269665 0.5545411985018727 0.44066011235955055 0.5582865168539326 0.4332865168539326 0.5571161048689138 0.4273174157303371 0.5498595505617978 0.425561797752809 0.5423689138576779 0.42872191011235955 0.525749063670412 0.4352176966292135 0.5194288389513109 0.44241573033707865 0.5177902621722846
0 0.6199087078651685 0.576310861423221 0.6337780898876404 0.5823970037453183 0.6386938202247191 0.5943352059925093 0.6381671348314607 0.6088483146067416 0.6302668539325843 0.6182116104868914 0.6257022471910112 0.6186797752808989 0.6163974719101124 0.6165730337078652 0.6088483146067416 0.6060393258426966 0.6088483146067416 0.5821629213483146 0.6125351123595506 0.5777153558052435 0.6197331460674157 0.576310861423221
0 0.5719803370786517 0.5280898876404494 0.5784761235955056 0.5325374531835206 0.582689606741573 0.5409644194756554 0.5825140449438202 0.5578183520599251 0.5760182584269663 0.5678838951310862 0.5649578651685393 0.5716292134831461 0.5572331460674157 0.5711610486891385 0.5502106741573034 0.5632022471910112 0.5488061797752809 0.5568820224719101 0.5503862359550562 0.5430711610486891 0.5538974719101124 0.5325374531835206 0.5632022471910112 0.5283239700374532 0.5718047752808989 0.5280898876404494
0 0.38360252808988765 0.5955056179775281 0.38746488764044945 0.5973782771535581 0.39115168539325845 0.6090823970037453 0.3904494382022472 0.6343632958801498 0.3688553370786517 0.636938202247191 0.36271067415730335 0.6338951310861424 0.359375 0.62687265917603 0.36060393258426965 0.6090823970037453 0.36411516853932585 0.6022940074906367 0.38342696629213485 0.5957397003745318
0 0.319873595505618 0.5028089887640449 0.3297050561797753 0.5079588014981273 0.3339185393258427 0.5161516853932584 0.331811797752809 0.533941947565543 0.32882724719101125 0.540496254681648 0.32478932584269665 0.5435393258426966 0.3081109550561798 0.5414325842696629 0.3026685393258427 0.5351123595505618 0.30372191011235955 0.5112359550561798 0.3109199438202247 0.5046816479400749 0.31969803370786515 0.5028089887640449
0 0.6028792134831461 0.49087078651685395 0.6114817415730337 0.4969569288389513 0.6141151685393258 0.5051498127340824 0.613939606741573 0.512874531835206 0.6097261235955056 0.5250468164794008 0.5990168539325843 0.5304307116104869 0.5914676966292135 0.5290262172284644 0.585498595505618 0.5222378277153558 0.5830407303370787 0.5159176029962547 0.5830407303370787 0.5044475655430711 0.5881320224719101 0.4936797752808989 0.6027036516853933 0.49087078651685395
0 0.6620435393258427 0.5814606741573034 0.670997191011236 0.5847378277153558 0.6732794943820225 0.588249063670412 0.6657303370786517 0.614934456928839 0.6602879213483146 0.6205524344569289 0.6422050561797753 0.62312734082397 0.636938202247191 0.62312734082397 0.633251404494382 0.6170411985018727 0.636938202247191 0.6156367041198502 0.6385182584269663 0.611189138576779 0.639747191011236 0.5854400749063671 0.647998595505618 0.5809925093632958 0.6618679775280899 0.5814606741573034
0 0.6894311797752809 0.5402621722846442 0.7029494382022472 0.5430711610486891 0.7052317415730337 0.5472846441947565 0.6982092696629213 0.5770131086142322 0.6857443820224719 0.5816947565543071 0.6711727528089888 0.5779494382022472 0.6706460674157303 0.5709269662921348 0.6734550561797753 0.5646067415730337 0.6748595505617978 0.5470505617977528 0.6820575842696629 0.5409644194756554 0.6892556179775281 0.5402621722846442
0 0.46365870786516855 0.5512640449438202 0.47735252808988765 0.56062734082397 0.48174157303370785 0.5674157303370787 0.48367275280898875 0.575374531835206 0.48139044943820225 0.5917602996254682 0.46769662921348315 0.6004213483146067 0.45997191011235955 0.5999531835205992 0.45646067415730335 0.5969101123595506 0.4496137640449438 0.5814606741573034 0.45259831460674155 0.5571161048689138 0.45646067415730335 0.552434456928839 0.46348314606741575 0.5512640449438202
0 0.6753862359550562 0.6650280898876404 0.6882022471910112 0.6718164794007491 0.6943469101123596 0.6786048689138576 0.6927668539325843 0.7029494382022472 0.6825842696629213 0.7088014981273408 0.6738061797752809 0.7069288389513109 0.6652036516853933 0.699438202247191 0.6648525280898876 0.6704119850187266 0.6695926966292135 0.6657303370786517 0.6752106741573034 0.6650280898876404
0 0.3549859550561798 0.5919943820224719 0.36025280898876405 0.6022940074906367 0.35797050561797755 0.6233614232209738 0.3549859550561798 0.6287453183520599 0.3455056179775281 0.6345973782771536 0.33848314606741575 0.6336610486891385 0.33128511235955055 0.6275749063670412 0.32900280898876405 0.6182116104868914 0.3304073033707865 0.6058052434456929 0.3376053370786517 0.5943352059925093 0.347436797752809 0.5908239700374532 0.35481039325842695 0.5919943820224719
0 0.34901685393258425 0.5063202247191011 0.3558637640449438 0.510065543071161 0.36077949438202245 0.5168539325842697 0.3634129213483146 0.5397940074906367 0.35691713483146065 0.547752808988764 0.3421699438202247 0.5557116104868914 0.3319873595505618 0.5468164794007491 0.33146067415730335 0.5372191011235955 0.33725421348314605 0.5124063670411985 0.34269662921348315 0.5077247191011236 0.34884129213483145 0.5063202247191011
0 0.5114115168539326 0.4756554307116105 0.5200140449438202 0.4850187265917603 0.520189606741573 0.5023408239700374 0.5166783707865169 0.511938202247191 0.5059691011235955 0.5175561797752809 0.4977176966292135 0.5156835205992509 0.4903441011235955 0.5065543071161048 0.48771067415730335 0.49040262172284643 0.48964185393258425 0.48314606741573035 0.4978932584269663 0.47659176029962547 0.5049157303370787 0.47401685393258425 0.5112359550561798 0.4756554307116105
0 0.4808637640449438 0.5971441947565543 0.484375 0.6048689138576779 0.48490168539325845 0.6303838951310862 0.48174157303370785 0.6371722846441947 0.4703300561797753 0.6425561797752809 0.46190308988764045 0.6404494382022472 0.45646067415730335 0.6331928838951311 0.4552317415730337 0.6261704119850188 0.4575140449438202 0.6093164794007491 0.4624297752808989 0.6008895131086143 0.4705056179775281 0.601123595505618 0.480688202247191 0.5971441947565543
0 0.5402036516853933 0.5273876404494382 0.5470505617977528 0.533941947565543 0.5500351123595506 0.5463483146067416 0.5482794943820225 0.5585205992509363 0.5402036516853933 0.5650749063670412 0.5224719101123596 0.5617977528089888 0.519311797752809 0.5503277153558053 0.523876404494382 0.5320692883895131 0.5400280898876404 0.5273876404494382
0 0.4706811797752809 0.5182584269662921 0.4801615168539326 0.5224719101123596 0.48560393258426965 0.533941947565543 0.4847261235955056 0.550561797752809 0.48174157303370785 0.5566479400749064 0.4780547752808989 0.5585205992509363 0.4606741573033708 0.5489232209737828 0.45768960674157305 0.5449438202247191 0.45786516853932585 0.5259831460674157 0.46383426966292135 0.5198970037453183 0.4705056179775281 0.5182584269662921
0 0.335498595505618 0.6324906367041199 0.3530547752808989 0.6381086142322098 0.3570926966292135 0.6441947565543071 0.36025280898876405 0.6783707865168539 0.35849719101123595 0.6821161048689138 0.35094803370786515 0.6870318352059925 0.3360252808988764 0.6790730337078652 0.32865168539325845 0.6683052434456929 0.32759831460674155 0.6605805243445693 0.3300561797752809 0.6472378277153558 0.3277738764044944 0.6338951310861424 0.33532303370786515 0.6324906367041199
0 0.4396067415730337 0.46980337078651685 0.45452949438202245 0.47752808988764045 0.46014747191011235 0.48431647940074907 0.4608497191011236 0.49976591760299627 0.45786516853932585 0.5091292134831461 0.44662921348314605 0.516619850187266 0.4373244382022472 0.5140449438202247 0.4294241573033708 0.5014044943820225 0.42889747191011235 0.4772940074906367 0.43223314606741575 0.4726123595505618 0.4394311797752809 0.46980337078651685
0 0.527563202247191 0.6528558052434457 0.5342345505617978 0.6554307116104869 0.538623595505618 0.660814606741573 0.5409058988764045 0.6683052434456929 0.5410814606741573 0.6807116104868914 0.5405547752808989 0.6858614232209738 0.5363412921348315 0.6928838951310862 0.5270365168539326 0.6963951310861424 0.5186095505617978 0.6933520599250936 0.5129915730337079 0.6858614232209738 0.511060393258427 0.6676029962546817 0.516502808988764 0.6566011235955056 0.5273876404494382 0.6528558052434457
0 0.7180477528089888 0.6299157303370787 0.7310393258426966 0.6406835205992509 0.7340238764044944 0.6519194756554307 0.7310393258426966 0.6645599250936329 0.7208567415730337 0.6729868913857678 0.7101474719101124 0.6692415730337079 0.7066362359550562 0.6652621722846442 0.7055828651685393 0.6502808988764045 0.7024227528089888 0.6385767790262172 0.7034761235955056 0.6348314606741573 0.7099719101123596 0.6303838951310862 0.717872191011236 0.6299157303370787
0 0.37833567415730335 0.5102996254681648 0.38957162921348315 0.516619850187266 0.3944873595505618 0.5227059925093633 0.3929073033707865 0.5512640449438202 0.3960674157303371 0.5573501872659176 0.39396067415730335 0.5625 0.37201544943820225 0.5547752808988764 0.36587078651685395 0.545880149812734 0.363061797752809 0.5297284644194756 0.3634129213483146 0.5194288389513109 0.3695575842696629 0.5114700374531835 0.37816011235955055 0.5102996254681648
0 0.5057935393258427 0.6086142322097379 0.5128160112359551 0.6161048689138576 0.5138693820224719 0.6320224719101124 0.5087780898876404 0.6434925093632958 0.5017556179775281 0.6474719101123596 0.49297752808988765 0.6451310861423221 0.48718398876404495 0.6399812734082397 0.48542837078651685 0.6341292134831461 0.48577949438202245 0.6193820224719101 0.4885884831460674 0.612125468164794 0.4938553370786517 0.6079119850187266 0.5056179775280899 0.6086142322097379
0 0.4078300561797753 0.5110018726591761 0.41871488764044945 0.512874531835206 0.42503511235955055 0.5191947565543071 0.42679073033707865 0.5299625468164794 0.42292837078651685 0.5456460674157303 0.41485252808988765 0.5514981273408239 0.40537219101123595 0.5522003745318352 0.40098314606741575 0.5507958801498127 0.39589185393258425 0.5442415730337079 0.39396067415730335 0.5327715355805244 0.39554073033707865 0.5222378277153558 0.4006320224719101 0.5145131086142322 0.40765449438202245 0.5112359550561798
0 0.2534234550561798 0.5988998127340824 0.03493679775280899 0.042837078651685394
0 0.4984199438202247 0.5664794007490637 0.5087780898876404 0.5699906367041199 0.5133426966292135 0.5777153558052435 0.5126404494382022 0.5959737827715356 0.5089536516853933 0.6034644194756554 0.5031601123595506 0.6069756554307116 0.49104634831460675 0.6041666666666666 0.484375 0.5908239700374532 0.4864817415730337 0.5709269662921348 0.4982443820224719 0.5664794007490637
0 0.5990168539325843 0.5308988764044944 0.6095505617977528 0.5372191011235955 0.6125351123595506 0.5503277153558053 0.6106039325842697 0.5653089887640449 0.6025280898876404 0.5727996254681648 0.5909410112359551 0.5713951310861424 0.5823384831460674 0.56062734082397 0.5842696629213483 0.5397940074906367 0.5918188202247191 0.5320692883895131 0.5988412921348315 0.5308988764044944
0 0.6688904494382022 0.6217228464419475 0.6932935393258427 0.6301498127340824 0.7011938202247191 0.636938202247191 0.7048806179775281 0.6509831460674157 0.7041783707865169 0.6643258426966292 0.7008426966292135 0.6692415730337079 0.6932935393258427 0.672752808988764 0.6780196629213483 0.6652621722846442 0.6745084269662921 0.6612827715355806 0.6725772471910112 0.6437265917602997 0.6657303370786517 0.62312734082397 0.6687148876404494 0.6217228464419475
0 0.378686797752809 0.5566479400749064 0.38535814606741575 0.5601591760299626 0.3904494382022472 0.5678838951310862 0.3908005617977528 0.5816947565543071 0.38799157303370785 0.588249063670412 0.3807935393258427 0.5955056179775281 0.36973314606741575 0.5999531835205992 0.3635884831460674 0.598314606741573 0.3590238764044944 0.5924625468164794 0.3558637640449438 0.5849719101123596 0.3558637640449438 0.5765449438202247 0.3635884831460674 0.5599250936329588 0.36973314606741575 0.5564138576779026 0.3785112359550562 0.5566479400749064
0 0.4496137640449438 0.5861423220973783 0.4571629213483146 0.6020599250936329 0.4566362359550562 0.6090823970037453 0.45207162921348315 0.6280430711610487 0.4429424157303371 0.6345973782771536 0.43469101123595505 0.6336610486891385 0.42714185393258425 0.6264044943820225 0.42468398876404495 0.6058052434456929 0.42714185393258425 0.5987827715355806 0.4317064606741573 0.5938670411985019 0.449438202247191 0.5861423220973783
0 0.31776685393258425 0.5835674157303371 0.3298806179775281 0.5877808988764045 0.33321629213483145 0.5943352059925093 0.3279494382022472 0.6254681647940075 0.3246137640449438 0.6301498127340824 0.32145365168539325 0.6271067415730337 0.3082865168539326 0.6252340823970037 0.30354634831460675 0.6205524344569289 0.29968398876404495 0.612125468164794 0.29775280898876405 0.5957397003745318 0.29950842696629215 0.5905898876404494 0.3070575842696629 0.5842696629213483 0.31759129213483145 0.5835674157303371
0 0.2561446629213483 0.536750936329588 0.26650280898876405 0.5433052434456929 0.26492275280898875 0.5536048689138576 0.265625 0.5711610486891385 0.25860252808988765 0.5784176029962547 0.24947331460674158 0.5798220973782772 0.24473314606741572 0.5793539325842697 0.23735955056179775 0.572565543071161 0.23384831460674158 0.5634363295880149 0.2341994382022472 0.5529026217228464 0.24157303370786518 0.5400280898876404 0.2559691011235955 0.536750936329588
0 0.41502808988764045 0.47027153558052437 0.42240168539325845 0.47331460674157305 0.42661516853932585 0.4794007490636704 0.4280196629213483 0.4859550561797753 0.42661516853932585 0.5032771535580525 0.4183637640449438 0.5110018726591761 0.40379213483146065 0.5074906367041199 0.39922752808988765 0.49812734082397003 0.39905196629213485 0.48478464419475653 0.40133426966292135 0.4772940074906367 0.40730337078651685 0.4721441947565543 0.41485252808988765 0.47027153558052437
0 0.5897120786516854 0.6575374531835206 0.5970856741573034 0.662687265917603 0.6025280898876404 0.6795411985018727 0.6016502808988764 0.6891385767790262 0.5988412921348315 0.6956928838951311 0.5918188202247191 0.701310861423221 0.5835674157303371 0.6996722846441947 0.577247191011236 0.6940543071161048 0.5726825842696629 0.6858614232209738 0.5718047752808989 0.6762640449438202 0.5725070224719101 0.6680711610486891 0.5770716292134831 0.6603464419475655 0.5814606741573034 0.6573033707865169 0.5895365168539326 0.6575374531835206
0 0.6292134831460674 0.535814606741573 0.6379915730337079 0.5419007490636704 0.6423806179775281 0.5573501872659176 0.6399227528089888 0.5713951310861424 0.6318469101123596 0.5781835205992509 0.6142907303370787 0.5720973782771536 0.6111306179775281 0.5641385767790262 0.6123595505617978 0.5423689138576779 0.6169241573033708 0.537687265917603 0.6290379213483146 0.535814606741573
0 0.7124297752808989 0.6713483146067416 0.7171699438202247 0.6732209737827716 0.727001404494382 0.6832865168539326 0.7296348314606742 0.6921816479400749 0.729810393258427 0.6996722846441947 0.727001404494382 0.7099719101123596 0.7175210674157303 0.7158239700374532 0.7075140449438202 0.713249063670412 0.698560393258427 0.7031835205992509 0.6962780898876404 0.6949906367041199 0.6968047752808989 0.6786048689138576 0.7041783707865169 0.6715823970037453 0.7122542134831461 0.6713483146067416
0 0.4064255617977528 0.5933988764044944 0.4176615168539326 0.5980805243445693 0.4238061797752809 0.6079119850187266 0.42468398876404495 0.6196161048689138 0.42240168539325845 0.6296816479400749 0.4139747191011236 0.6357677902621723 0.39975421348314605 0.6341292134831461 0.3962429775280899 0.6301498127340824 0.39343398876404495 0.6203183520599251 0.39343398876404495 0.6013576779026217 0.39957865168539325 0.5938670411985019 0.40625 0.5933988764044944
0 0.31776685393258425 0.4487359550561798 0.3223314606741573 0.4562265917602996 0.33479634831460675 0.46301498127340823 0.3379564606741573 0.47027153558052437 0.3360252808988764 0.4794007490636704 0.3362008426966292 0.49765917602996257 0.3283005617977528 0.5042134831460674 0.3163623595505618 0.5 0.30916432584269665 0.49180711610486894 0.3070575842696629 0.48384831460674155 0.30740870786516855 0.4737827715355805 0.31390449438202245 0.45646067415730335 0.3128511235955056 0.45271535580524347 0.31759129213483145 0.4487359550561798
0 0.6557233146067416 0.4911048689138577 0.6697682584269663 0.49812734082397003 0.6760884831460674 0.5088951310861424 0.6752106741573034 0.5327715355805244 0.6613412921348315 0.5379213483146067 0.6495786516853933 0.533941947565543 0.6446629213483146 0.5259831460674157 0.6453651685393258 0.49859550561797755 0.6474719101123596 0.4943820224719101 0.6555477528089888 0.4911048689138577
0 0.7262991573033708 0.5032771535580525 0.7364817415730337 0.5121722846441947 0.7392907303370787 0.5269194756554307 0.7340238764044944 0.5426029962546817 0.7250702247191011 0.5456460674157303 0.7155898876404494 0.5444756554307116 0.7089185393258427 0.5400280898876404 0.7069873595505618 0.535814606741573 0.7096207865168539 0.5252808988764045 0.7097963483146067 0.5077247191011236 0.7168188202247191 0.5035112359550562 0.726123595505618 0.5032771535580525
0 0.5681179775280899 0.48735955056179775 0.5746137640449438 0.4892322097378277 0.5797050561797753 0.4943820224719101 0.5823384831460674 0.5016385767790262 0.5828651685393258 0.5121722846441947 0.581811797752809 0.5180243445692884 0.5760182584269663 0.5264513108614233 0.5642556179775281 0.5278558052434457 0.5547752808988764 0.5236423220973783 0.5509129213483146 0.5156835205992509 0.5500351123595506 0.5077247191011236 0.5547752808988764 0.4901685393258427 0.5679424157303371 0.48735955056179775
0 0.5059691011235955 0.5252808988764045 0.5138693820224719 0.5325374531835206 0.5166783707865169 0.5451779026217228 0.5142205056179775 0.5578183520599251 0.5052668539325843 0.5662453183520599 0.496313202247191 0.5653089887640449 0.4905196629213483 0.5613295880149812 0.48683286516853935 0.5540730337078652 0.4864817415730337 0.5440074906367042 0.48753511235955055 0.5362827715355806 0.49297752808988765 0.528558052434457 0.5057935393258427 0.5252808988764045
0 0.29178370786516855 0.5046816479400749 0.30389747191011235 0.5121722846441947 0.3010884831460674 0.5372191011235955 0.29810393258426965 0.5411985018726592 0.28985252808988765 0.5447097378277154 0.2735252808988764 0.5400280898876404 0.26896067415730335 0.525749063670412 0.27054073033707865 0.5156835205992509 0.2754564606741573 0.5084269662921348 0.2828300561797753 0.5044475655430711 0.29160814606741575 0.5046816479400749
0 0.6281601123595506 0.4932116104868914 0.6395716292134831 0.4978932584269663 0.6446629213483146 0.5117041198501873 0.6427317415730337 0.5273876404494382 0.6297401685393258 0.5337078651685393 0.6179775280898876 0.5299625468164794 0.6134129213483146 0.5194288389513109 0.6158707865168539 0.49929775280898875 0.620435393258427 0.49461610486891383 0.6279845505617978 0.4932116104868914
0 0.42257724719101125 0.5522003745318352 0.4294241573033708 0.5573501872659176 0.43100421348314605 0.5676498127340824 0.42643960674157305 0.5849719101123596 0.41924157303370785 0.5933988764044944 0.41537921348314605 0.5948033707865169 0.40554775280898875 0.5933988764044944 0.39975421348314605 0.589185393258427 0.3965941011235955 0.5833333333333334 0.39554073033707865 0.5676498127340824 0.4046699438202247 0.5554775280898876 0.42240168539325845 0.5522003745318352
0 0.523876404494382 0.6069756554307116 0.5333567415730337 0.6081460674157303 0.538623595505618 0.6118913857677902 0.5437148876404494 0.6198501872659176 0.5438904494382022 0.6301498127340824 0.5372191011235955 0.6441947565543071 0.5194873595505618 0.6521535580524345 0.5154494382022472 0.6505149812734082 0.5105337078651685 0.6439606741573034 0.5142205056179775 0.6310861423220974 0.5129915730337079 0.6161048689138576 0.5135182584269663 0.6128277153558053 0.5184339887640449 0.608380149812734 0.5237008426966292 0.6069756554307116
0 0.6962780898876404 0.49929775280898875 0.703125 0.5011704119850188 0.7071629213483146 0.5056179775280899 0.7094452247191011 0.5189606741573034 0.7069873595505618 0.5332397003745318 0.6969803370786517 0.5400280898876404 0.6827598314606742 0.5372191011235955 0.6762640449438202 0.5294943820224719 0.6773174157303371 0.511938202247191 0.6811797752808989 0.5042134831460674 0.6887289325842697 0.49953183520599254 0.6961025280898876 0.49929775280898875
0 0.4078300561797753 0.6367041198501873 0.41678370786516855 0.6423220973782772 0.41941713483146065 0.6537921348314607 0.4157303370786517 0.6715823970037453 0.4046699438202247 0.6790730337078652 0.3941362359550562 0.6769662921348315 0.38957162921348315 0.6725187265917603 0.38922050561797755 0.6514513108614233 0.39009831460674155 0.6465355805243446 0.39571629213483145 0.638810861423221 0.4004564606741573 0.6362359550561798 0.40765449438202245 0.6367041198501873
0 0.26632724719101125 0.6025280898876404 0.265625 0.6053370786516854 0.2659761235955056 0.6128277153558053 0.26843398876404495 0.6186797752808989 0.2719452247191011 0.6233614232209738 0.277563202247191 0.625 0.2828300561797753 0.6240636704119851 0.28581460674157305 0.6224250936329588 0.288623595505618 0.6198501872659176 0.28967696629213485 0.6172752808988764 0.2928370786516854 0.6151685393258427 0.2930126404494382 0.6123595505617978 0.2907303370786517 0.598314606741573 0.28809691011235955 0.5938670411985019 0.28423455056179775 0.591058052434457 0.2794943820224719 0.5894194756554307 0.2758075842696629 0.5903558052434457 0.27247191011235955 0.5926966292134831 0.26878511235955055 0.5969101123595506
1 0.2580758426966292 0.5181015917602996 0.04096383426966292 0.035891853932584275
1 0.25310217696629217 0.6437265917602997 0.03218574438202247 0.04057350187265918
1 0.35141678370786517 0.5664794007490637 0.03218574438202247 0.048377808988764044
1 0.44270891853932587 0.5770131086142322 0.031016502808988763 0.04447565543071161
1 0.5632601825842697 0.5859854868913857 0.039208216292134834 0.04369616104868913