0 0.43258426966292135 0.6631554307116105 0.44030898876404495 0.6671348314606742 0.4434691011235955 0.6718164794007491 0.4438202247191011 0.6961610486891385 0.43627106741573035 0.7080992509363296 0.4259129213483146 0.7111423220973783 0.42082162921348315 0.7085674157303371 0.4164325842696629 0.7006086142322098 0.4160814606741573 0.6828183520599251 0.418188202247191 0.6753277153558053 0.4253862359550562 0.6647940074906367 0.43240870786516855 0.6631554307116105
0 0.4046699438202247 0.5758426966292135 0.4106390449438202 0.5861423220973783 0.4116924157303371 0.5966760299625468 0.40870786516853935 0.6135299625468165 0.40115870786516855 0.6212546816479401 0.386938202247191 0.6144662921348315 0.383251404494382 0.6022940074906367 0.38588483146067415 0.5901217228464419 0.39957865168539325 0.5852059925093633 0.4044943820224719 0.5758426966292135
0 0.3811446629213483 0.709503745318352 0.38553370786516855 0.716058052434457 0.38412921348314605 0.7413389513108615 0.37745786516853935 0.7516385767790262 0.37025983146067415 0.7560861423220974 0.36253511235955055 0.7551498127340824 0.3555126404494382 0.7478932584269663 0.3530547752808989 0.7387640449438202 0.35410814606741575 0.7272940074906367 0.3628862359550562 0.7125468164794008 0.3809691011235955 0.709503745318352
0 0.609375 0.5234082397003745 0.617626404494382 0.5280898876404494 0.6221910112359551 0.5451779026217228 0.620435393258427 0.5568820224719101 0.6163974719101124 0.5620318352059925 0.6095505617977528 0.5653089887640449 0.5990168539325843 0.5629681647940075 0.5926966292134831 0.5571161048689138 0.5907654494382022 0.5397940074906367 0.5914676966292135 0.5327715355805244 0.5955056179775281 0.526685393258427 0.6091994382022472 0.5234082397003745
0 0.6306179775280899 0.5941011235955056 0.6450140449438202 0.6013576779026217 0.6527387640449438 0.6125936329588015 0.6543188202247191 0.6221910112359551 0.6529143258426966 0.6331928838951311 0.6439606741573034 0.6427902621722846 0.6336025280898876 0.6413857677902621 0.6265800561797753 0.6352996254681648 0.625877808988764 0.6259363295880149 0.6202598314606742 0.6093164794007491 0.6232443820224719 0.5990168539325843 0.6262289325842697 0.5948033707865169 0.6304424157303371 0.5941011235955056
0 0.5454705056179775 0.5306647940074907 0.5538974719101124 0.5344101123595506 0.557935393258427 0.5397940074906367 0.5614466292134831 0.5545411985018727 0.557935393258427 0.5681179775280899 0.5538974719101124 0.5739700374531835 0.5507373595505618 0.574438202247191 0.5382724719101124 0.5723314606741573 0.5326544943820225 0.5655430711610487 0.5308988764044944 0.5592228464419475 0.5337078651685393 0.5362827715355806 0.538623595505618 0.5318352059925093 0.5452949438202247 0.5306647940074907
0 0.5228230337078652 0.523876404494382 0.5307233146067416 0.5294943820224719 0.5323033707865169 0.5402621722846442 0.5305477528089888 0.5580524344569289 0.523876404494382 0.5681179775280899 0.5191362359550562 0.5706928838951311 0.5103581460674157 0.5695224719101124 0.503686797752809 0.56437265917603 0.5003511235955056 0.5566479400749064 0.5 0.5433052434456929 0.5024578651685393 0.5362827715355806 0.5086025280898876 0.5292602996254682 0.5226474719101124 0.523876404494382
0 0.24245084269662923 0.5468164794007491 0.2482443820224719 0.5500936329588015 0.2522823033707865 0.5571161048689138 0.2522823033707865 0.5849719101123596 0.24297752808988765 0.5933988764044944 0.2345505617977528 0.5962078651685393 0.22735252808988765 0.5962078651685393 0.22419241573033707 0.5915262172284644 0.22103230337078653 0.5709269662921348 0.22366573033707865 0.56062734082397 0.2266502808988764 0.5571161048689138 0.2422752808988764 0.5468164794007491
0 0.45804073033707865 0.7062265917602997 0.47015449438202245 0.7069288389513109 0.4745435393258427 0.7200374531835206 0.47542134831460675 0.7411048689138576 0.4669943820224719 0.7530430711610487 0.46400983146067415 0.7539794007490637 0.4513693820224719 0.74812734082397 0.4454002808988764 0.7385299625468165 0.44592696629213485 0.7209737827715356 0.44785814606741575 0.7148876404494382 0.4527738764044944 0.7059925093632958 0.45786516853932585 0.7062265917602997
0 0.5210674157303371 0.612125468164794 0.5289676966292135 0.6196161048689138 0.5305477528089888 0.6362359550561798 0.5265098314606742 0.6448970037453183 0.5194873595505618 0.6481741573033708 0.514747191011236 0.6479400749063671 0.5080758426966292 0.6430243445692884 0.5040379213483146 0.636938202247191 0.5031601123595506 0.6292134831460674 0.5084269662921348 0.6144662921348315 0.5150983146067416 0.611189138576779 0.5208918539325843 0.612125468164794
0 0.35603932584269665 0.6622191011235955 0.3590238764044944 0.6683052434456929 0.3534058988764045 0.6793071161048689 0.35042134831460675 0.6919475655430711 0.35059691011235955 0.7029494382022472 0.3418188202247191 0.7134831460674157 0.3356741573033708 0.7169943820224719 0.32672050561797755 0.7153558052434457 0.32110252808988765 0.7085674157303371 0.3205758426966292 0.6900749063670412 0.3223314606741573 0.6786048689138576 0.33479634831460675 0.6704119850187266 0.34480337078651685 0.6690074906367042 0.3558637640449438 0.6622191011235955
0 0.6341292134831461 0.6797752808988764 0.6520365168539326 0.6889044943820225 0.6590589887640449 0.7020131086142322 0.6585323033707865 0.7207397003745318 0.6543188202247191 0.7275280898876404 0.6483497191011236 0.7296348314606742 0.6371137640449438 0.7254213483146067 0.6311446629213483 0.7172284644194756 0.6225421348314607 0.6926498127340824 0.6244733146067416 0.68562734082397 0.6339536516853933 0.6797752808988764
0 0.7099719101123596 0.6437265917602997 0.7219101123595506 0.6544943820224719 0.7250702247191011 0.6647940074906367 0.7227879213483146 0.6790730337078652 0.7140098314606742 0.6863295880149812 0.7064606741573034 0.68562734082397 0.6950491573033708 0.6788389513108615 0.6910112359550562 0.6619850187265918 0.6917134831460674 0.6551966292134831 0.6973314606741573 0.6467696629213483 0.7097963483146067 0.6437265917602997
0 0.45365168539325845 0.5323033707865169 0.45979634831460675 0.5344101123595506 0.4643609550561798 0.5393258426966292 0.47120786516853935 0.5634363295880149 0.4683988764044944 0.572565543071161 0.45382724719101125 0.5760767790262172 0.44224016853932585 0.5709269662921348 0.43802668539325845 0.56437265917603 0.43662219101123595 0.5538389513108615 0.4371488764044944 0.5468164794007491 0.4410112359550562 0.5390917602996255 0.4490870786516854 0.5327715355805244 0.4534761235955056 0.5323033707865169
0 0.5259831460674157 0.6514513108614233 0.5310744382022472 0.6530898876404494 0.5344101123595506 0.6575374531835206 0.5372191011235955 0.6661985018726592 0.5373946629213483 0.6823501872659176 0.5331811797752809 0.6900749063670412 0.5159761235955056 0.6996722846441947 0.5086025280898876 0.6970973782771536 0.5050912921348315 0.6914794007490637 0.5050912921348315 0.6783707865168539 0.5079002808988764 0.6633895131086143 0.5149227528089888 0.6533239700374532 0.5258075842696629 0.6514513108614233
0 0.5747893258426966 0.6069756554307116 0.5830407303370787 0.6088483146067416 0.5884831460674157 0.6161048689138576 0.5897120786516854 0.6226591760299626 0.5856741573033708 0.6364700374531835 0.5812851123595506 0.6411516853932584 0.5749648876404494 0.6430243445692884 0.5663623595505618 0.639747191011236 0.5628511235955056 0.6338951310861424 0.561622191011236 0.6247659176029963 0.5639044943820225 0.6118913857677902 0.5675912921348315 0.608380149812734 0.5746137640449438 0.6069756554307116
0 0.5646067415730337 0.6467696629213483 0.5653089887640449 0.6484082397003745 0.5621488764044944 0.6509831460674157 0.5686446629213483 0.6650280898876404 0.5686446629213483 0.68562734082397 0.5554775280898876 0.701310861423221 0.546875 0.704119850187266 0.5400280898876404 0.7001404494382022 0.538623595505618 0.6961610486891385 0.539501404494382 0.6647940074906367 0.5440660112359551 0.6554307116104869 0.5591643258426966 0.6514513108614233 0.5644311797752809 0.6467696629213483
0 0.28054775280898875 0.6800093632958801 0.2891502808988764 0.6872659176029963 0.29002808988764045 0.7034176029962547 0.2933637640449438 0.7134831460674157 0.28651685393258425 0.7202715355805244 0.27615870786516855 0.7228464419475655 0.26878511235955055 0.7219101123595506 0.2614115168539326 0.7169943820224719 0.2621137640449438 0.6921816479400749 0.2633426966292135 0.6870318352059925 0.2737008426966292 0.6846910112359551 0.28037219101123595 0.6800093632958801
0 0.5995435393258427 0.5664794007490637 0.6141151685393258 0.5702247191011236 0.620435393258427 0.5751404494382022 0.6234199438202247 0.5814606741573034 0.6246488764044944 0.5924625468164794 0.6228932584269663 0.5978464419475655 0.6185042134831461 0.6062734082397003 0.6114817415730337 0.6097846441947565 0.5981390449438202 0.6076779026217228 0.5909410112359551 0.5919943820224719 0.5911165730337079 0.5758426966292135 0.5993679775280899 0.5664794007490637
0 0.6825842696629213 0.5617977528089888 0.6892556179775281 0.5709269662921348 0.6894311797752809 0.5828651685393258 0.679248595505618 0.5994850187265918 0.6750351123595506 0.6034644194756554 0.6688904494382022 0.6046348314606742 0.6544943820224719 0.5978464419475655 0.6474719101123596 0.6004213483146067 0.6437851123595506 0.5945692883895131 0.6511587078651685 0.5852059925093633 0.6504564606741573 0.574438202247191 0.6541432584269663 0.5669475655430711 0.6613412921348315 0.5625 0.6824087078651685 0.5617977528089888
0 0.27247191011235955 0.548689138576779 0.2833567415730337 0.5571161048689138 0.28405898876404495 0.56062734082397 0.27808988764044945 0.5657771535580525 0.2715941011235955 0.5779494382022472 0.27071629213483145 0.5884831460674157 0.2737008426966292 0.5952715355805244 0.265625 0.5990168539325843 0.253686797752809 0.5816947565543071 0.25298455056179775 0.5636704119850188 0.2596558988764045 0.5503277153558053 0.2594803370786517 0.5390917602996255 0.26896067415730335 0.5365168539325843 0.27229634831460675 0.548689138576779
0 0.2540379213483146 0.6807116104868914 0.2612359550561798 0.6891385767790262 0.26228932584269665 0.7031835205992509 0.26070926966292135 0.7134831460674157 0.2554424157303371 0.7209737827715356 0.24139747191011235 0.7254213483146067 0.23542837078651685 0.7237827715355806 0.2305126404494382 0.7169943820224719 0.23086376404494383 0.7048220973782772 0.23402387640449437 0.6924157303370787 0.24157303370786518 0.6830524344569289 0.2538623595505618 0.6807116104868914
0 0.3082865168539326 0.6324906367041199 0.3219803370786517 0.6367041198501873 0.32531601123595505 0.6430243445692884 0.32514044943820225 0.650749063670412 0.3147823033707865 0.6697097378277154 0.30372191011235955 0.6760299625468165 0.2933637640449438 0.6739232209737828 0.2891502808988764 0.6690074906367042 0.28651685393258425 0.6540262172284644 0.29371488764044945 0.6374063670411985 0.3081109550561798 0.6324906367041199
0 0.5777738764044944 0.5271535580524345 0.5865519662921348 0.5325374531835206 0.5916432584269663 0.5456460674157303 0.589185393258427 0.5613295880149812 0.5791783707865169 0.5685861423220974 0.5642556179775281 0.5625 0.5600421348314607 0.5463483146067416 0.5639044943820225 0.5320692883895131 0.5705758426966292 0.5278558052434457 0.5775983146067416 0.5271535580524345
0 0.6613412921348315 0.6825842696629213 0.6725772471910112 0.6914794007490637 0.6871488764044944 0.6961610486891385 0.6901334269662921 0.7029494382022472 0.691186797752809 0.7139513108614233 0.6869733146067416 0.7256554307116105 0.6818820224719101 0.7294007490636704 0.675561797752809 0.7301029962546817 0.6683637640449438 0.7275280898876404 0.6632724719101124 0.7219101123595506 0.6544943820224719 0.6896067415730337 0.6578300561797753 0.6839887640449438 0.6611657303370787 0.6828183520599251
0 0.6030547752808989 0.6093164794007491 0.616748595505618 0.612125468164794 0.6206109550561798 0.6161048689138576 0.625 0.6266385767790262 0.625 0.6411516853932584 0.620435393258427 0.6491104868913857 0.6127106741573034 0.6521535580524345 0.6012991573033708 0.6479400749063671 0.59375 0.6317883895131086 0.5926966292134831 0.6193820224719101 0.5948033707865169 0.6125936329588015 0.6028792134831461 0.6093164794007491
0 0.5760182584269663 0.6961610486891385 0.5884831460674157 0.6992041198501873 0.5951544943820225 0.7048220973782772 0.6018258426966292 0.7272940074906367 0.5990168539325843 0.7394662921348315 0.5919943820224719 0.7467228464419475 0.5833918539325843 0.7483614232209738 0.5739115168539326 0.7415730337078652 0.5714536516853933 0.7368913857677902 0.5691713483146067 0.7165262172284644 0.5711025280898876 0.7010767790262172 0.5760182584269663 0.6963951310861424
0 0.4046699438202247 0.6629213483146067 0.4118679775280899 0.6683052434456929 0.41116573033707865 0.6961610486891385 0.40502106741573035 0.7064606741573034 0.390625 0.7127808988764045 0.3865870786516854 0.7116104868913857 0.37991573033707865 0.701310861423221 0.3827247191011236 0.6828183520599251 0.38816713483146065 0.6715823970037453 0.39747191011235955 0.6645599250936329 0.4044943820224719 0.6629213483146067
0 0.394311797752809 0.6200842696629213 0.4083567415730337 0.6217228464419475 0.4137991573033708 0.6310861423220974 0.414501404494382 0.6376404494382022 0.4122191011235955 0.6479400749063671 0.4066011235955056 0.6556647940074907 0.40133426966292135 0.6587078651685393 0.39325842696629215 0.6544943820224719 0.3871137640449438 0.6448970037453183 0.38728932584269665 0.6264044943820225 0.38939606741573035 0.6221910112359551 0.3941362359550562 0.6200842696629213
0 0.5129915730337079 0.5716292134831461 0.5233497191011236 0.5751404494382022 0.5291432584269663 0.5884831460674157 0.5268609550561798 0.5994850187265918 0.5226474719101124 0.6044007490636704 0.515625 0.6069756554307116 0.5056179775280899 0.6022940074906367 0.5061446629213483 0.5969101123595506 0.5087780898876404 0.5950374531835206 0.5050912921348315 0.5889513108614233 0.5043890449438202 0.5779494382022472 0.5075491573033708 0.5735018726591761 0.5128160112359551 0.5716292134831461
0 0.45646067415730335 0.5807584269662921 0.4643609550561798 0.5859082397003745 0.46734550561797755 0.5917602996254682 0.46769662921348315 0.5990168539325843 0.47120786516853935 0.6025280898876404 0.4727879213483146 0.6114232209737828 0.4706811797752809 0.6212546816479401 0.460498595505618 0.6266385767790262 0.44610252808988765 0.6238295880149812 0.4396067415730337 0.6196161048689138 0.4357443820224719 0.6125936329588015 0.43433988764044945 0.5945692883895131 0.43240870786516855 0.5917602996254682 0.42872191011235955 0.5924625468164794 0.42872191011235955 0.5884831460674157 0.4352176966292135 0.584503745318352 0.45628511235955055 0.5809925093632958
0 0.37377106741573035 0.6640917602996255 0.37780898876404495 0.6666666666666666 0.382373595505618 0.6753277153558053 0.38026685393258425 0.6940543071161048 0.37412219101123595 0.7076310861423221 0.3632373595505618 0.7120786516853933 0.35884831460674155 0.7118445692883895 0.3516502808988764 0.7029494382022472 0.3512991573033708 0.6891385767790262 0.3539325842696629 0.6783707865168539 0.35867275280898875 0.6711142322097379 0.37359550561797755 0.6640917602996255
0 0.277563202247191 0.5997191011235955 0.2891502808988764 0.6053370786516854 0.2910814606741573 0.6175093632958801 0.2831811797752809 0.6360018726591761 0.27440308988764045 0.6411516853932584 0.2577247191011236 0.638810861423221 0.25456460674157305 0.6324906367041199 0.2543890449438202 0.6207865168539326 0.2577247191011236 0.6088483146067416 0.2621137640449438 0.6027621722846442 0.2773876404494382 0.5997191011235955
0 0.4438202247191011 0.6235955056179775 0.4554073033707865 0.6259363295880149 0.4633075842696629 0.6320224719101124 0.46611657303370785 0.6374063670411985 0.465063202247191 0.6519194756554307 0.4590941011235955 0.6596441947565543 0.44996488764044945 0.6631554307116105 0.4378511235955056 0.6615168539325843 0.4317064606741573 0.6582397003745318 0.42872191011235955 0.6523876404494382 0.429248595505618 0.6441947565543071 0.43451544943820225 0.6324906367041199 0.4390800561797753 0.6254681647940075 0.4436446629213483 0.6235955056179775
0 0.5403792134831461 0.5739700374531835 0.5553019662921348 0.5767790262172284 0.5584620786516854 0.5917602996254682 0.5516151685393258 0.6027621722846442 0.5433637640449438 0.6062734082397003 0.5359901685393258 0.6022940074906367 0.5310744382022472 0.5917602996254682 0.5324789325842697 0.5805243445692884 0.5402036516853933 0.5739700374531835
0 0.49122191011235955 0.5770131086142322 0.5014044943820225 0.5852059925093633 0.503686797752809 0.6006554307116105 0.49912219101123595 0.6125936329588015 0.49157303370786515 0.6189138576779026 0.476123595505618 0.6168071161048689 0.4689255617977528 0.5987827715355806 0.46875 0.5917602996254682 0.47366573033707865 0.5833333333333334 0.4805126404494382 0.579119850187266 0.49104634831460675 0.577247191011236
0 0.36393960674157305 0.5484550561797753 0.36990870786516855 0.5503277153558053 0.3751755617977528 0.5564138576779026 0.3753511235955056 0.5781835205992509 0.36990870786516855 0.5866104868913857 0.35814606741573035 0.5908239700374532 0.3537570224719101 0.5896535580524345 0.34655898876404495 0.5826310861423221 0.34462780898876405 0.5634363295880149 0.35059691011235955 0.5522003745318352 0.3637640449438202 0.5484550561797753
0 0.3107443820224719 0.6762640449438202 0.3181179775280899 0.6786048689138576 0.32110252808988765 0.68562734082397 0.3204002808988764 0.7158239700374532 0.3147823033707865 0.7193352059925093 0.30407303370786515 0.7202715355805244 0.2989817415730337 0.7179307116104869 0.2924859550561798 0.7092696629213483 0.2905547752808989 0.6928838951310862 0.29213483146067415 0.6818820224719101 0.2965238764044944 0.6776685393258427 0.3105688202247191 0.6764981273408239
0 0.5575842696629213 0.7031835205992509 0.5644311797752809 0.7083333333333334 0.5679424157303371 0.7146535580524345 0.5709269662921348 0.7378277153558053 0.5693469101123596 0.7446161048689138 0.5640800561797753 0.7511704119850188 0.5553019662921348 0.7535112359550562 0.5486306179775281 0.7516385767790262 0.542310393258427 0.7446161048689138 0.5393258426966292 0.7343164794007491 0.538623595505618 0.7195692883895131 0.5430126404494382 0.7085674157303371 0.5488061797752809 0.7045880149812734 0.5574087078651685 0.7031835205992509
0 0.5294943820224719 0.6987359550561798 0.5379213483146067 0.713249063670412 0.5382724719101124 0.7343164794007491 0.5293188202247191 0.7446161048689138 0.5224719101123596 0.7457865168539326 0.5180828651685393 0.7446161048689138 0.5115870786516854 0.7378277153558053 0.5084269662921348 0.7277621722846442 0.508251404494382 0.714185393258427 0.5122893258426966 0.7043539325842697 0.5226474719101124 0.6987359550561798 0.5293188202247191 0.6987359550561798
0 0.6731039325842697 0.5187265917602997 0.6831109550561798 0.5245786516853933 0.6878511235955056 0.5362827715355806 0.6867977528089888 0.5512640449438202 0.6815308988764045 0.5582865168539326 0.6745084269662921 0.5608614232209738 0.664501404494382 0.5587546816479401 0.6573033707865169 0.5538389513108615 0.6536165730337079 0.5435393258426966 0.6539676966292135 0.5330056179775281 0.6578300561797753 0.524812734082397 0.6650280898876404 0.5194288389513109 0.6729283707865169 0.5187265917602997
0 0.2556179775280899 0.5957397003745318 0.2600070224719101 0.5985486891385767 0.26070926966292135 0.6022940074906367 0.2561446629213483 0.6109550561797753 0.2519311797752809 0.6322565543071161 0.24490870786516855 0.636938202247191 0.23191713483146068 0.6395131086142322 0.22349016853932585 0.6341292134831461 0.22033005617977527 0.6266385767790262 0.21997893258426968 0.6163389513108615 0.22384129213483145 0.6060393258426966 0.22735252808988765 0.601123595505618 0.2345505617977528 0.5973782771535581 0.2554424157303371 0.5957397003745318
0 0.39115168539325845 0.5454119850187266 0.4022120786516854 0.5507958801498127 0.40625 0.574438202247191 0.3983497191011236 0.5859082397003745 0.39150280898876405 0.5877808988764045 0.3846558988764045 0.5866104868913857 0.37974016853932585 0.5826310861423221 0.37605337078651685 0.572565543071161 0.378686797752809 0.5536048689138576 0.38360252808988765 0.547752808988764 0.3909761235955056 0.5454119850187266
0 0.6690660112359551 0.6434925093632958 0.6859199438202247 0.6558988764044944 0.6918890449438202 0.6666666666666666 0.6932935393258427 0.6764981273408239 0.6906601123595506 0.6860955056179775 0.6869733146067416 0.6907771535580525 0.6799508426966292 0.6933520599250936 0.6736306179775281 0.6926498127340824 0.6662570224719101 0.6872659176029963 0.6543188202247191 0.6650280898876404 0.6543188202247191 0.6491104868913857 0.6587078651685393 0.6439606741573034 0.6688904494382022 0.6434925093632958
0 0.31109550561797755 0.5589887640449438 0.3142556179775281 0.5648408239700374 0.3140800561797753 0.5819288389513109 0.30372191011235955 0.5959737827715356 0.29353932584269665 0.6034644194756554 0.2731741573033708 0.5955056179775281 0.27071629213483145 0.586376404494382 0.2719452247191011 0.5758426966292135 0.2794943820224719 0.5636704119850188 0.28634129213483145 0.5592228464419475 0.30389747191011235 0.5587546816479401 0.30723314606741575 0.5610955056179775 0.3109199438202247 0.5589887640449438
0 0.5886587078651685 0.6509831460674157 0.5993679775280899 0.6596441947565543 0.6034058988764045 0.6788389513108615 0.6023525280898876 0.6910112359550562 0.5988412921348315 0.6959269662921348 0.59375 0.6977996254681648 0.5758426966292135 0.6910112359550562 0.5711025280898876 0.6835205992509363 0.5696980337078652 0.6757958801498127 0.5691713483146067 0.6640917602996255 0.5716292134831461 0.6568352059925093 0.5805828651685393 0.6514513108614233 0.5884831460674157 0.6509831460674157
0 0.4847261235955056 0.5189606741573034 0.48542837078651685 0.5278558052434457 0.4943820224719101 0.5348782771535581 0.49929775280898875 0.5430711610486891 0.49947331460674155 0.5557116104868914 0.49139747191011235 0.575374531835206 0.4820926966292135 0.5784176029962547 0.47717696629213485 0.5765449438202247 0.4722612359550562 0.5688202247191011 0.46822331460674155 0.5444756554307116 0.47208567415730335 0.5365168539325843 0.4820926966292135 0.5259831460674157 0.4808637640449438 0.5191947565543071 0.4845505617977528 0.5189606741573034
0 0.48771067415730335 0.6200842696629213 0.4945575842696629 0.6221910112359551 0.4982443820224719 0.6282771535580525 0.5022823033707865 0.6540262172284644 0.4984199438202247 0.6615168539325843 0.49157303370786515 0.6647940074906367 0.4841994382022472 0.663623595505618 0.47349016853932585 0.6573033707865169 0.4689255617977528 0.6512172284644194 0.4669943820224719 0.6411516853932584 0.46752106741573035 0.636938202247191 0.47191011235955055 0.6315543071161048 0.4741924157303371 0.6205524344569289 0.48753511235955055 0.6200842696629213
0 0.28844803370786515 0.6390449438202247 0.2909058988764045 0.6406835205992509 0.2909058988764045 0.6439606741573034 0.2873946629213483 0.6509831460674157 0.2872191011235955 0.6692415730337079 0.2808988764044944 0.6795411985018727 0.26825842696629215 0.6846910112359551 0.2621137640449438 0.6837546816479401 0.2538623595505618 0.6718164794007491 0.25491573033707865 0.6441947565543071 0.25860252808988765 0.6413857677902621 0.2768609550561798 0.6423220973782772 0.28827247191011235 0.6390449438202247
0 0.24157303370786518 0.6374063670411985 0.2482443820224719 0.6385767790262172 0.2538623595505618 0.6439606741573034 0.25333567415730335 0.6687734082397003 0.2459620786516854 0.6788389513108615 0.2384129213483146 0.6814138576779026 0.23086376404494383 0.6795411985018727 0.22594803370786518 0.6750936329588015 0.2227879213483146 0.6650280898876404 0.2226123595505618 0.6570692883895131 0.22910814606741572 0.6434925093632958 0.24139747191011235 0.6374063670411985
0 0.5644311797752809 0.5667134831460674 0.5812851123595506 0.5692883895131086 0.5865519662921348 0.5800561797752809 0.5851474719101124 0.596441947565543 0.578125 0.602996254681648 0.5711025280898876 0.6041666666666666 0.5639044943820225 0.5994850187265918 0.5595154494382022 0.5915262172284644 0.5595154494382022 0.5760767790262172 0.5642556179775281 0.5667134831460674
0 0.43627106741573035 0.7097378277153558 0.4397823033707865 0.7116104868913857 0.44434691011235955 0.7202715355805244 0.4432935393258427 0.7413389513108615 0.4378511235955056 0.7516385767790262 0.4297752808988764 0.7551498127340824 0.4202949438202247 0.75187265917603 0.4143258426966292 0.7413389513108615 0.4164325842696629 0.7207397003745318 0.4216994382022472 0.7125468164794008 0.43609550561797755 0.7097378277153558
0 0.4162570224719101 0.540496254681648 0.42872191011235955 0.5433052434456929 0.43609550561797755 0.5561797752808989 0.4375 0.5653089887640449 0.43609550561797755 0.5751404494382022 0.42521067415730335 0.5868445692883895 0.41485252808988765 0.5854400749063671 0.40765449438202245 0.574438202247191 0.4046699438202247 0.5507958801498127 0.4081811797752809 0.5433052434456929 0.4160814606741573 0.540496254681648
0 0.7176966292134831 0.5941011235955056 0.7222612359550562 0.5987827715355806 0.7222612359550562 0.6022940074906367 0.717872191011236 0.6088483146067416 0.7203300561797753 0.6193820224719101 0.7194522471910112 0.6303838951310862 0.7101474719101124 0.6425561797752809 0.6964536516853933 0.6446629213483146 0.6906601123595506 0.6420880149812734 0.6859199438202247 0.6292134831460674 0.6781952247191011 0.6228932584269663 0.6773174157303371 0.6163389513108615 0.6804775280898876 0.6022940074906367 0.6890800561797753 0.5971441947565543 0.7101474719101124 0.6015917602996255 0.7138342696629213 0.5943352059925093 0.7175210674157303 0.5941011235955056
0 0.7140098314606742 0.6877340823970037 0.7238412921348315 0.6985018726591761 0.7266502808988764 0.7134831460674157 0.7203300561797753 0.7272940074906367 0.7124297752808989 0.7308052434456929 0.703125 0.727996254681648 0.6989115168539326 0.723314606741573 0.6924157303370787 0.7111423220973783 0.6906601123595506 0.6961610486891385 0.6962780898876404 0.6867977528089888 0.7138342696629213 0.6877340823970037
0 0.5470505617977528 0.6095505617977528 0.5537219101123596 0.610252808988764 0.5561797752808989 0.613061797752809 0.5591643258426966 0.6198501872659176 0.5598665730337079 0.6287453183520599 0.5565308988764045 0.6411516853932584 0.5435393258426966 0.6465355805243446 0.5356390449438202 0.6402153558052435 0.5331811797752809 0.6245318352059925 0.5354634831460674 0.6168071161048689 0.5391502808988764 0.6123595505617978 0.546875 0.6095505617977528
0 0.6100772471910112 0.6867977528089888 0.6232443820224719 0.6959269662921348 0.629564606741573 0.7130149812734082 0.6297401685393258 0.7205056179775281 0.6274578651685393 0.7272940074906367 0.616748595505618 0.7345505617977528 0.6111306179775281 0.7343164794007491 0.6034058988764045 0.7291666666666666 0.5981390449438202 0.7125468164794008 0.5986657303370787 0.7001404494382022 0.6058637640449438 0.6875 0.6099016853932584 0.6867977528089888
0 0.33479634831460675 0.5498595505617978 0.3419943820224719 0.552434456928839 0.3455056179775281 0.5568820224719101 0.34497893258426965 0.5788857677902621 0.34252106741573035 0.5854400749063671 0.32882724719101125 0.5919943820224719 0.32110252808988765 0.5896535580524345 0.3165379213483146 0.5849719101123596 0.31495786516853935 0.5685861423220974 0.32092696629213485 0.5543071161048689 0.32759831460674155 0.5500936329588015 0.33462078651685395 0.5498595505617978
0 0.7011938202247191 0.5194288389513109 0.7133075842696629 0.524812734082397 0.7176966292134831 0.538623595505618 0.7176966292134831 0.5468164794007491 0.7145365168539326 0.5547752808988764 0.7097963483146067 0.5599250936329588 0.703125 0.5615636704119851 0.695751404494382 0.5599250936329588 0.6878511235955056 0.5533707865168539 0.6882022471910112 0.5369850187265918 0.6859199438202247 0.5262172284644194 0.692064606741573 0.5213014981273408 0.7010182584269663 0.5194288389513109
0 0.6309691011235955 0.5149812734082397 0.6483497191011236 0.5215355805243446 0.6534410112359551 0.5327715355805244 0.6523876404494382 0.5517322097378277 0.6465941011235955 0.5585205992509363 0.6383426966292135 0.5603932584269663 0.6271067415730337 0.5566479400749064 0.6235955056179775 0.550561797752809 0.6248244382022472 0.5433052434456929 0.6207865168539326 0.5332397003745318 0.6214887640449438 0.5227059925093633 0.6260533707865169 0.5168539325842697 0.6307935393258427 0.5149812734082397
0 0.33865870786516855 0.5905898876404494 0.35094803370786515 0.5959737827715356 0.35287921348314605 0.6036985018726592 0.35252808988764045 0.6161048689138576 0.34655898876404495 0.6278089887640449 0.3283005617977528 0.6392790262172284 0.3165379213483146 0.6299157303370787 0.3186446629213483 0.6090823970037453 0.3239115168539326 0.5966760299625468 0.33848314606741575 0.5905898876404494
0 0.4980688202247191 0.6945224719101124 0.5017556179775281 0.7006086142322098 0.5061446629213483 0.725187265917603 0.5017556179775281 0.7394662921348315 0.49719101123595505 0.7446161048689138 0.49122191011235955 0.7460205992509363 0.4840238764044944 0.7453183520599251 0.4789325842696629 0.7411048689138576 0.476123595505618 0.7308052434456929 0.47577247191011235 0.7169943820224719 0.484375 0.6952247191011236 0.4978932584269663 0.6945224719101124
0 0.46734550561797755 0.6638576779026217 0.4750702247191011 0.6673689138576779 0.4789325842696629 0.6769662921348315 0.4750702247191011 0.6992041198501873 0.4710323033707865 0.7055243445692884 0.46804775280898875 0.7064606741573034 0.4571629213483146 0.7052902621722846 0.4508426966292135 0.701310861423221 0.445751404494382 0.6961610486891385 0.44434691011235955 0.68937265917603 0.4452247191011236 0.6786048689138576 0.44978932584269665 0.6694756554307116 0.4566362359550562 0.6647940074906367 0.4671699438202247 0.6638576779026217
0 0.4080056179775281 0.7064606741573034 0.414501404494382 0.7144194756554307 0.41520365168539325 0.7301029962546817 0.4083567415730337 0.7476591760299626 0.398876404494382 0.7525749063670412 0.390625 0.7507022471910112 0.38570926966292135 0.7450842696629213 0.38553370786516855 0.723314606741573 0.390625 0.712312734082397 0.4078300561797753 0.7064606741573034
1 0.304501404494382 0.6109456928838951 0.02379740168539326 0.04211610486891385
1 0.28883602528089886 0.7410088951310861 0.12589185393258429 0.041631554307116105
1 0.3832075140449438 0.6478206928838951 0.11332338483146068 0.03471676029962547
1 0.396090238764045 0.6279424157303372 0.08290905898876405 0.06830524344569289
1 0.5484778792134831 0.6061587078651686 0.08689080056179775 0.07623829588014981
1 0.6277001404494382 0.6622284644194757 0.052217345505617976 0.03856273408239701
1 0.6348086376404494 0.5790566479400749 0.026639747191011236 0.03607911985018727
1 0.6669592696629213 0.6193679775280899 0.027740519662921348 0.03711376404494382
1 0.7059357443820226 0.5757233146067415 0.031955758426966296 0.04033707865168539
2 0.22120786516853932 0.5500936329588015 0.7180477528089888 0.5184925093632958 0.7303370786516854 0.7326779026217228 0.23086376404494383 0.7642790262172284