2 0.3522940660112359 0.2988452715355805 0.6438133778089887 0.3111741573033708 0.6362903792134831 0.7036676029962547 0.3401327247191011 0.6887631086142323
1 0.5847120786516854 0.5872729400749064 0.02476123595505618 0.03222612359550561
1 0.4621699438202247 0.620503277153558 0.026634480337078652 0.0331437265917603
1 0.46397471910112364 0.5385978464419475 0.024390800561797755 0.03474719101123595
1 0.43284234550561795 0.4978394194756554 0.025328300561797756 0.029700374531835206
1 0.4041502808988764 0.3729119850187266 0.02412570224719101 0.027970505617977526
1 0.3656162219101124 0.3178441011235955 0.018449789325842698 0.02082865168539326
1 0.5544224016853933 0.504440543071161 0.02153441011235955 0.030419007490636703
1 0.5533971207865168 0.46470271535580526 0.02065308988764045 0.028970037453183523
1 0.5552949438202247 0.3815379213483146 0.019766502808988763 0.03273876404494382
0 0.35445926966292135 0.35674157303370785 0.35445926966292135 0.3677434456928839 0.3553370786516854 0.37312734082397003 0.36218398876404495 0.3813202247191011 0.36622191011235955 0.3836610486891386 0.36990870786516855 0.38459737827715357 0.3732443820224719 0.386938202247191 0.37622893258426965 0.3874063670411985 0.3829002808988764 0.3862359550561798 0.3864115168539326 0.38342696629213485 0.3886938202247191 0.3761704119850187 0.3883426966292135 0.36142322097378277 0.38922050561797755 0.35931647940074907 0.38360252808988765 0.3529962546816479 0.3809691011235955 0.3527621722846442 0.3765800561797753 0.34995318352059923 0.37552668539325845 0.3485486891385768 0.3748244382022472 0.3455056179775281 0.3734199438202247 0.34386704119850187 0.3656952247191011 0.34363295880149813 0.35867275280898875 0.34620786516853935 0.3555126404494382 0.352059925093633
0 0.37833567415730335 0.33192883895131087 0.37780898876404495 0.337312734082397 0.37587780898876405 0.3419943820224719 0.3785112359550562 0.34620786516853935 0.3793890449438202 0.34948501872659177 0.38781601123595505 0.35580524344569286 0.3944873595505618 0.35674157303370785 0.4058988764044944 0.352059925093633 0.40958567415730335 0.3485486891385768 0.4106390449438202 0.3455056179775281 0.4102879213483146 0.3429307116104869 0.4122191011235955 0.3387172284644195 0.41081460674157305 0.33497191011235955 0.41099016853932585 0.33146067415730335 0.40712780898876405 0.324438202247191 0.4004564606741573 0.3176498127340824 0.3944873595505618 0.31530898876404495 0.3904494382022472 0.3157771535580524 0.3883426966292135 0.3171816479400749 0.38202247191011235 0.324438202247191
0 0.3535814606741573 0.40168539325842695 0.3535814606741573 0.4075374531835206 0.35463483146067415 0.41198501872659177 0.355688202247191 0.4147940074906367 0.3595505617977528 0.4199438202247191 0.36271067415730335 0.42228464419475653 0.3672752808988764 0.42228464419475653 0.3707865168539326 0.4232209737827715 0.3730688202247191 0.42485955056179775 0.37763342696629215 0.42392322097378277 0.3785112359550562 0.42532771535580527 0.3807935393258427 0.42532771535580527 0.38009129213483145 0.42392322097378277 0.3785112359550562 0.4234550561797753 0.37833567415730335 0.42181647940074907 0.382373595505618 0.41970973782771537 0.3830758426966292 0.412687265917603 0.3851825842696629 0.40777153558052437 0.38219803370786515 0.4023876404494382 0.37974016853932585 0.40098314606741575 0.3806179775280899 0.39747191011235955 0.3767556179775281 0.3904494382022472 0.36990870786516855 0.3857677902621723 0.36622191011235955 0.38459737827715357 0.36271067415730335 0.3848314606741573 0.36060393258426965 0.38764044943820225 0.3574438202247191 0.3899812734082397 0.3555126404494382 0.39325842696629215
0 0.35270365168539325 0.43890449438202245 0.35235252808988765 0.44662921348314605 0.35410814606741575 0.45224719101123595 0.3558637640449438 0.45575842696629215 0.36271067415730335 0.4637172284644195 0.3695575842696629 0.46090823970037453 0.3765800561797753 0.46090823970037453 0.3785112359550562 0.4562265917602996 0.38377808988764045 0.4499063670411985 0.3827247191011236 0.44662921348314605 0.383251404494382 0.44241573033707865 0.3809691011235955 0.43469101123595505 0.3788623595505618 0.4318820224719101 0.37166432584269665 0.4262640449438202 0.36832865168539325 0.424625468164794 0.36253511235955055 0.42368913857677903 0.3574438202247191 0.4262640449438202 0.3553370786516854 0.4288389513108614
0 0.35217696629213485 0.49508426966292135 0.35217696629213485 0.5016385767790262 0.35428370786516855 0.5051498127340824 0.3595505617977528 0.5093632958801498 0.36639747191011235 0.510065543071161 0.3769311797752809 0.5058520599250936 0.38149578651685395 0.5016385767790262 0.3807935393258427 0.4978932584269663 0.3813202247191011 0.4936797752808989 0.38360252808988765 0.4866573033707865 0.3846558988764045 0.477059925093633 0.3813202247191011 0.4693352059925094 0.3767556179775281 0.46558988764044945 0.363061797752809 0.4658239700374532 0.35884831460674155 0.4693352059925094 0.3555126404494382 0.47542134831460675
0 0.3493679775280899 0.5325374531835206 0.3491924157303371 0.5407303370786517 0.3498946629213483 0.5449438202247191 0.3516502808988764 0.5500936329588015 0.3549859550561798 0.5543071161048689 0.36077949438202245 0.5566479400749064 0.36850421348314605 0.5561797752808989 0.37570224719101125 0.5522003745318352 0.37816011235955055 0.547752808988764 0.37991573033707865 0.5365168539325843 0.3809691011235955 0.5222378277153558 0.3788623595505618 0.5187265917602997 0.36622191011235955 0.5149812734082397 0.3553370786516854 0.5189606741573034 0.35094803370786515 0.5255149812734082
0 0.3477879213483146 0.574438202247191 0.3476123595505618 0.5814606741573034 0.34884129213483145 0.5859082397003745 0.35024578651685395 0.588249063670412 0.35235252808988765 0.5971441947565543 0.3635884831460674 0.5966760299625468 0.37008426966292135 0.5994850187265918 0.3734199438202247 0.5966760299625468 0.3769311797752809 0.5959737827715356 0.37780898876404495 0.5948033707865169 0.37956460674157305 0.5856741573033708 0.37974016853932585 0.5805243445692884 0.3811446629213483 0.5749063670411985 0.3809691011235955 0.5641385767790262 0.38009129213483145 0.5629681647940075 0.3692064606741573 0.5580524344569289 0.36622191011235955 0.5575842696629213 0.3590238764044944 0.5587546816479401 0.3553370786516854 0.5603932584269663 0.35077247191011235 0.5648408239700374 0.34901685393258425 0.5688202247191011
0 0.34041432584269665 0.6266385767790262 0.3402387640449438 0.6301498127340824 0.34269662921348315 0.6367041198501873 0.3458567415730337 0.6413857677902621 0.3481390449438202 0.6430243445692884 0.3555126404494382 0.6420880149812734 0.366748595505618 0.6383426966292135 0.3692064606741573 0.636938202247191 0.3714887640449438 0.6317883895131086 0.37394662921348315 0.6203183520599251 0.3748244382022472 0.613061797752809 0.37447331460674155 0.6107209737827716 0.37043539325842695 0.6025280898876404 0.36639747191011235 0.5997191011235955 0.35849719101123595 0.598314606741573 0.35428370786516855 0.5999531835205992 0.34884129213483145 0.6044007490636704 0.3441011235955056 0.612125468164794 0.34094101123595505 0.6226591760299626
0 0.34638342696629215 0.6612827715355806 0.3453300561797753 0.6680711610486891 0.3456811797752809 0.6825842696629213 0.3460323033707865 0.68562734082397 0.34866573033707865 0.6875 0.35603932584269665 0.6882022471910112 0.3634129213483146 0.6860955056179775 0.3672752808988764 0.6839887640449438 0.36973314606741575 0.6807116104868914 0.3732443820224719 0.6797752808988764 0.3753511235955056 0.6753277153558053 0.3753511235955056 0.6669007490636704 0.3767556179775281 0.6568352059925093 0.3751755617977528 0.6526217228464419 0.367626404494382 0.6446629213483146 0.36218398876404495 0.6437265917602997 0.352001404494382 0.6467696629213483 0.34901685393258425 0.6514513108614233
0 0.3751755617977528 0.6743913857677902 0.3751755617977528 0.6804775280898876 0.37640449438202245 0.68562734082397 0.38149578651685395 0.6926498127340824 0.3862359550561798 0.6931179775280899 0.39396067415730335 0.68937265917603 0.3981741573033708 0.6858614232209738 0.40150983146067415 0.6821161048689138 0.40361657303370785 0.672752808988764 0.40379213483146065 0.6610486891385767 0.40098314606741575 0.6472378277153558 0.39712078651685395 0.6434925093632958 0.3944873595505618 0.6448970037453183 0.390625 0.6451310861423221 0.37991573033707865 0.6521535580524345 0.378686797752809 0.6540262172284644 0.37640449438202245 0.6612827715355806
0 0.3753511235955056 0.6193820224719101 0.37359550561797755 0.636938202247191 0.37429775280898875 0.6404494382022472 0.37833567415730335 0.6479400749063671 0.3806179775280899 0.648876404494382 0.3848314606741573 0.6474719101123596 0.3888693820224719 0.6434925093632958 0.3948384831460674 0.6406835205992509 0.39922752808988765 0.6371722846441947 0.39747191011235955 0.6352996254681648 0.39712078651685395 0.6322565543071161 0.40098314606741575 0.6261704119850188 0.3999297752808989 0.6193820224719101 0.39729634831460675 0.6128277153558053 0.39922752808988765 0.6093164794007491 0.39747191011235955 0.6062734082397003 0.39115168539325845 0.6041666666666666 0.38377808988764045 0.6055711610486891 0.3788623595505618 0.611189138576779
0 0.3809691011235955 0.5847378277153558 0.3807935393258427 0.5908239700374532 0.38219803370786515 0.5952715355805244 0.38360252808988765 0.5976123595505618 0.38781601123595505 0.6008895131086143 0.3909761235955056 0.6015917602996255 0.4046699438202247 0.5969101123595506 0.4083567415730337 0.5943352059925093 0.4122191011235955 0.5877808988764045 0.41344803370786515 0.579119850187266 0.41274578651685395 0.5709269662921348 0.4097612359550562 0.5625 0.40572331460674155 0.5582865168539326 0.40168539325842695 0.5571161048689138 0.39396067415730335 0.5571161048689138 0.38728932584269665 0.5599250936329588 0.3851825842696629 0.5622659176029963 0.38360252808988765 0.5671816479400749 0.38360252808988765 0.5716292134831461
0 0.3806179775280899 0.5435393258426966 0.38026685393258425 0.5472846441947565 0.3813202247191011 0.5503277153558053 0.3871137640449438 0.5564138576779026 0.4046699438202247 0.5545411985018727 0.4120435393258427 0.5465823970037453 0.4139747191011236 0.5344101123595506 0.4139747191011236 0.5290262172284644 0.41292134831460675 0.5229400749063671 0.41151685393258425 0.5205992509363296 0.4083567415730337 0.5180243445692884 0.4002808988764045 0.514747191011236 0.39396067415730335 0.5142790262172284 0.3888693820224719 0.5173220973782772 0.3862359550561798 0.5194288389513109 0.3848314606741573 0.522003745318352 0.38377808988764045 0.5259831460674157 0.38395365168539325 0.5301966292134831
0 0.3850070224719101 0.4857209737827715 0.38360252808988765 0.49087078651685395 0.38412921348314605 0.49836142322097376 0.38606039325842695 0.5039794007490637 0.3904494382022472 0.5095973782771536 0.39396067415730335 0.5114700374531835 0.4039676966292135 0.5112359550561798 0.4080056179775281 0.5091292134831461 0.4122191011235955 0.5049157303370787 0.41309691011235955 0.49765917602996257 0.4118679775280899 0.48478464419475653 0.40888342696629215 0.4789325842696629 0.4064255617977528 0.4758895131086142 0.39782303370786515 0.47425093632958804 0.39167837078651685 0.4756554307116105 0.3871137640449438 0.4794007490636704
0 0.38957162921348315 0.4344569288389513 0.38974719101123595 0.45318352059925093 0.39115168539325845 0.45669475655430714 0.3904494382022472 0.4602059925093633 0.39343398876404495 0.46676029962546817 0.3962429775280899 0.46863295880149813 0.39747191011235955 0.4705056179775281 0.4008075842696629 0.47191011235955055 0.4078300561797753 0.4726123595505618 0.41274578651685395 0.47097378277153557 0.4155547752808989 0.46652621722846443 0.4183637640449438 0.45341760299625467 0.4183637640449438 0.44920411985018727 0.41713483146067415 0.4463951310861423 0.41678370786516855 0.44241573033707865 0.41485252808988765 0.438436329588015 0.41116573033707865 0.4349250936329588 0.4046699438202247 0.4323501872659176 0.40133426966292135 0.4286048689138577 0.39747191011235955 0.42696629213483145 0.3941362359550562 0.42743445692883897
0 0.3883426966292135 0.3934925093632959 0.38816713483146065 0.3981741573033708 0.3902738764044944 0.414559925093633 0.39185393258426965 0.4187734082397004 0.3950140449438202 0.42275280898876405 0.4006320224719101 0.42602996254681647 0.4097612359550562 0.4262640449438202 0.41099016853932585 0.42602996254681647 0.41713483146067415 0.41970973782771537 0.41941713483146065 0.4110486891385768 0.42047050561797755 0.4014513108614232 0.4201193820224719 0.397940074906367 0.418188202247191 0.3937265917602996 0.41099016853932585 0.387874531835206 0.4039676966292135 0.38553370786516855 0.40115870786516855 0.38249063670411987 0.39782303370786515 0.3822565543071161 0.3941362359550562 0.38319288389513106 0.390625 0.38670411985018727
0 0.40941011235955055 0.3663389513108614 0.4078300561797753 0.3693820224719101 0.4080056179775281 0.37336142322097376 0.4102879213483146 0.3801498127340824 0.41292134831460675 0.3836610486891386 0.42257724719101125 0.3852996254681648 0.4253862359550562 0.3883426966292135 0.42872191011235955 0.39021535580524347 0.43240870786516855 0.39021535580524347 0.4390800561797753 0.3881086142322097 0.4438202247191011 0.38342696629213485 0.444873595505618 0.37640449438202245 0.44399578651685395 0.37453183520599254 0.44241573033707865 0.37359550561797755 0.4413623595505618 0.35908239700374533 0.44066011235955055 0.35720973782771537 0.4352176966292135 0.3508895131086142 0.42889747191011235 0.34901685393258425 0.421875 0.35042134831460675 0.4180126404494382 0.35463483146067415 0.41537921348314605 0.3609550561797753 0.41116573033707865 0.363998127340824
0 0.41889044943820225 0.31788389513108617 0.4174859550561798 0.324438202247191 0.4176615168539326 0.33146067415730335 0.4222261235955056 0.3424625468164794 0.42503511235955055 0.3450374531835206 0.42907303370786515 0.3455056179775281 0.4390800561797753 0.3508895131086142 0.44259129213483145 0.35042134831460675 0.4434691011235955 0.34925093632958804 0.4436446629213483 0.34480337078651685 0.4450491573033708 0.33848314606741575 0.4450491573033708 0.3249063670411985 0.44241573033707865 0.31484082397003743 0.44066011235955055 0.31203183520599254 0.4392556179775281 0.3103932584269663 0.4359199438202247 0.30875468164794007 0.42837078651685395 0.30852059925093633 0.4216994382022472 0.31203183520599254
0 0.4220505617977528 0.4068352059925094 0.42047050561797755 0.4166666666666667 0.41871488764044945 0.42181647940074907 0.4202949438202247 0.42485955056179775 0.42240168539325845 0.43211610486891383 0.42854634831460675 0.43726591760299627 0.43627106741573035 0.43609550561797755 0.4429424157303371 0.43211610486891383 0.4473314606741573 0.4267322097378277 0.4496137640449438 0.42181647940074907 0.4492626404494382 0.40870786516853935 0.45049157303370785 0.40472846441947563 0.4508426966292135 0.39747191011235955 0.4492626404494382 0.39630149812734083 0.44627808988764045 0.3958333333333333 0.4392556179775281 0.3916198501872659 0.43223314606741575 0.39232209737827717 0.42714185393258425 0.39536516853932585 0.42433286516853935 0.398876404494382
0 0.4202949438202247 0.45646067415730335 0.41924157303370785 0.46652621722846443 0.4201193820224719 0.48080524344569286 0.4222261235955056 0.48431647940074907 0.4262640449438202 0.48782771535580527 0.42837078651685395 0.4887640449438202 0.4336376404494382 0.48782771535580527 0.4376755617977528 0.48408239700374533 0.43890449438202245 0.47963483146067415 0.44417134831460675 0.4747191011235955 0.44610252808988765 0.47073970037453183 0.445751404494382 0.4681647940074906 0.44662921348314605 0.46348314606741575 0.4452247191011236 0.4602059925093633 0.4450491573033708 0.45669475655430714 0.4415379213483146 0.45107677902621723 0.43644662921348315 0.44709737827715357 0.4320575842696629 0.44569288389513106 0.42485955056179775 0.44803370786516855 0.4215238764044944 0.45224719101123595
0 0.4159058988764045 0.5259831460674157 0.41537921348314605 0.5435393258426966 0.4160814606741573 0.5468164794007491 0.42047050561797755 0.5512640449438202 0.4274929775280899 0.5536048689138576 0.43275983146067415 0.5536048689138576 0.4357443820224719 0.5526685393258427 0.44083567415730335 0.5491573033707865 0.44452247191011235 0.5433052434456929 0.4452247191011236 0.5360486891385767 0.44434691011235955 0.5189606741573034 0.44241573033707865 0.5168539325842697 0.4273174157303371 0.5145131086142322 0.4216994382022472 0.5168539325842697 0.41853932584269665 0.5194288389513109 0.41660814606741575 0.5224719101123596
0 0.41520365168539325 0.5641385767790262 0.41502808988764045 0.5676498127340824 0.4162570224719101 0.5706928838951311 0.41660814606741575 0.5751404494382022 0.41660814606741575 0.5849719101123596 0.42099719101123595 0.5924625468164794 0.42714185393258425 0.5957397003745318 0.43240870786516855 0.5969101123595506 0.43890449438202245 0.5948033707865169 0.4432935393258427 0.5875468164794008 0.44417134831460675 0.5849719101123596 0.444873595505618 0.5674157303370787 0.4434691011235955 0.5636704119850188 0.44030898876404495 0.5592228464419475 0.43469101123595505 0.5559456928838952 0.4216994382022472 0.5557116104868914 0.41731039325842695 0.5601591760299626
0 0.4058988764044944 0.6132958801498127 0.40484550561797755 0.6198501872659176 0.4064255617977528 0.62687265917603 0.4083567415730337 0.6306179775280899 0.41344803370786515 0.6345973782771536 0.425561797752809 0.637874531835206 0.4280196629213483 0.6360018726591761 0.43223314606741575 0.6355337078651685 0.4353932584269663 0.6341292134831461 0.43855337078651685 0.6301498127340824 0.4375 0.6264044943820225 0.4396067415730337 0.6233614232209738 0.4392556179775281 0.6196161048689138 0.44066011235955055 0.6161048689138576 0.43855337078651685 0.6093164794007491 0.43258426966292135 0.6027621722846442 0.425561797752809 0.5987827715355806 0.4215238764044944 0.5978464419475655 0.41081460674157305 0.6013576779026217
0 0.40537219101123595 0.6680711610486891 0.40537219101123595 0.6788389513108615 0.40747893258426965 0.6825842696629213 0.4116924157303371 0.6853932584269663 0.41520365168539325 0.68562734082397 0.4195926966292135 0.6839887640449438 0.430126404494382 0.6760299625468165 0.43240870786516855 0.6720505617977528 0.4331109550561798 0.6669007490636704 0.43504213483146065 0.6612827715355806 0.43451544943820225 0.6549625468164794 0.4315308988764045 0.6463014981273408 0.4274929775280899 0.6418539325842697 0.4220505617977528 0.639747191011236 0.41485252808988765 0.6402153558052435 0.41081460674157305 0.6425561797752809 0.40730337078651685 0.6474719101123596 0.4058988764044944 0.6509831460674157 0.40625 0.6652621722846442
0 0.43293539325842695 0.6439606741573034 0.43275983146067415 0.6477059925093633 0.43433988764044945 0.6533239700374532 0.43416432584269665 0.663623595505618 0.43679775280898875 0.6720505617977528 0.4415379213483146 0.677434456928839 0.4452247191011236 0.6795411985018727 0.44978932584269665 0.6795411985018727 0.45400280898876405 0.6781367041198502 0.45558286516853935 0.6753277153558053 0.45628511235955055 0.6720505617977528 0.4585674157303371 0.6694756554307116 0.4627808988764045 0.6612827715355806 0.465063202247191 0.6544943820224719 0.4612008426966292 0.6455992509363296 0.45172050561797755 0.6371722846441947 0.44259129213483145 0.6331928838951311 0.43837780898876405 0.6360018726591761
0 0.46348314606741575 0.665496254681648 0.4631320224719101 0.6823501872659176 0.46576544943820225 0.68562734082397 0.4743679775280899 0.6882022471910112 0.48367275280898875 0.6877340823970037 0.48771067415730335 0.6867977528089888 0.4922752808988764 0.6825842696629213 0.49736657303370785 0.6718164794007491 0.49859550561797755 0.6612827715355806 0.49350421348314605 0.650749063670412 0.4808637640449438 0.6458333333333334 0.477001404494382 0.6458333333333334 0.47384129213483145 0.6479400749063671 0.46980337078651685 0.6530898876404494 0.4666432584269663 0.6577715355805244
0 0.4762991573033708 0.6252340823970037 0.476123595505618 0.6324906367041199 0.47770365168539325 0.6402153558052435 0.47981039325842695 0.6439606741573034 0.4841994382022472 0.6467696629213483 0.49122191011235955 0.6486423220973783 0.49666432584269665 0.6453651685393258 0.5005266853932584 0.6418539325842697 0.5022823033707865 0.638810861423221 0.503686797752809 0.6308520599250936 0.5031601123595506 0.6254681647940075 0.5012289325842697 0.6198501872659176 0.4961376404494382 0.6142322097378277 0.48490168539325845 0.6123595505617978 0.480688202247191 0.6142322097378277 0.4789325842696629 0.6161048689138576 0.47735252808988765 0.6196161048689138
0 0.4785814606741573 0.584503745318352 0.4784058988764045 0.589185393258427 0.47981039325842695 0.5980805243445693 0.4822682584269663 0.6025280898876404 0.4845505617977528 0.6041666666666666 0.49104634831460675 0.6067415730337079 0.49490870786516855 0.6062734082397003 0.4998244382022472 0.6022940074906367 0.5021067415730337 0.5985486891385767 0.5028089887640449 0.591058052434457 0.500877808988764 0.5781835205992509 0.49719101123595505 0.5730337078651685 0.49525983146067415 0.5716292134831461 0.49122191011235955 0.5702247191011236 0.4884129213483146 0.5716292134831461 0.4841994382022472 0.5713951310861424 0.48139044943820225 0.5749063670411985
0 0.4490870786516854 0.5704588014981273 0.4490870786516854 0.5849719101123596 0.4508426966292135 0.5898876404494382 0.4534761235955056 0.5919943820224719 0.45382724719101125 0.5943352059925093 0.45997191011235955 0.5952715355805244 0.4631320224719101 0.5969101123595506 0.46804775280898875 0.5966760299625468 0.4706811797752809 0.5948033707865169 0.4747191011235955 0.5816947565543071 0.47559691011235955 0.575374531835206 0.4748946629213483 0.5676498127340824 0.4726123595505618 0.5629681647940075 0.4648876404494382 0.5587546816479401 0.4569873595505618 0.5589887640449438 0.4534761235955056 0.5610955056179775 0.45031601123595505 0.56437265917603
0 0.4784058988764045 0.5388576779026217 0.4784058988764045 0.5484550561797753 0.47945926966292135 0.5536048689138576 0.48121488764044945 0.5575842696629213 0.48507724719101125 0.5615636704119851 0.4906952247191011 0.5632022471910112 0.4982443820224719 0.5632022471910112 0.5015800561797753 0.56062734082397 0.5057935393258427 0.5538389513108615 0.5071980337078652 0.5472846441947565 0.5066713483146067 0.5353464419475655 0.5022823033707865 0.5259831460674157 0.4982443820224719 0.5229400749063671 0.48964185393258425 0.5227059925093633 0.4863061797752809 0.5241104868913857 0.47945926966292135 0.5323033707865169
0 0.5049157303370787 0.660814606741573 0.5049157303370787 0.6750936329588015 0.5063202247191011 0.6816479400749064 0.5080758426966292 0.6858614232209738 0.511938202247191 0.6891385767790262 0.5175561797752809 0.6903089887640449 0.5222963483146067 0.6900749063670412 0.5261587078651685 0.6867977528089888 0.5282654494382022 0.6828183520599251 0.5291432584269663 0.6790730337078652 0.5289676966292135 0.6659644194756554 0.5263342696629213 0.6563670411985019 0.5242275280898876 0.6533239700374532 0.5233497191011236 0.6502808988764045 0.5189606741573034 0.6479400749063671 0.511938202247191 0.6479400749063671
0 0.5328300561797753 0.6750936329588015 0.5328300561797753 0.6823501872659176 0.5347612359550562 0.6860955056179775 0.5380969101123596 0.6900749063670412 0.5435393258426966 0.6931179775280899 0.5503862359550562 0.6935861423220974 0.555126404494382 0.6914794007490637 0.5575842696629213 0.6882022471910112 0.5607443820224719 0.6821161048689138 0.5625 0.6715823970037453 0.5614466292134831 0.6645599250936329 0.5582865168539326 0.6580056179775281 0.5503862359550562 0.6540262172284644 0.5465238764044944 0.6530898876404494 0.5398525280898876 0.6554307116104869 0.5361657303370787 0.6580056179775281 0.5340589887640449 0.6633895131086143
0 0.5635533707865169 0.6645599250936329 0.561622191011236 0.6858614232209738 0.5628511235955056 0.6884363295880149 0.5658356741573034 0.6907771535580525 0.5711025280898876 0.6921816479400749 0.5849719101123596 0.6903089887640449 0.5897120786516854 0.6872659176029963 0.5935744382022472 0.6821161048689138 0.5951544943820225 0.6753277153558053 0.5955056179775281 0.6683052434456929 0.5919943820224719 0.6563670411985019 0.589185393258427 0.6537921348314607 0.5811095505617978 0.6493445692883895 0.5740870786516854 0.6486423220973783 0.5711025280898876 0.6502808988764045 0.5654845505617978 0.6580056179775281 0.5651334269662921 0.6615168539325843
0 0.6032303370786517 0.6687734082397003 0.6021769662921348 0.6750936329588015 0.6027036516853933 0.6818820224719101 0.6046348314606742 0.6872659176029963 0.6074438202247191 0.6921816479400749 0.6121839887640449 0.6963951310861424 0.6195575842696629 0.6980337078651685 0.6232443820224719 0.697565543071161 0.6285112359550562 0.6945224719101124 0.6314957865168539 0.6903089887640449 0.6336025280898876 0.6779026217228464 0.6309691011235955 0.6647940074906367 0.6271067415730337 0.6596441947565543 0.6200842696629213 0.6573033707865169 0.609375 0.6577715355805244 0.6049859550561798 0.6633895131086143
0 0.6069171348314607 0.6301498127340824 0.6065660112359551 0.636938202247191 0.6088483146067416 0.6474719101123596 0.6125351123595506 0.6544943820224719 0.6265800561797753 0.6551966292134831 0.6283356741573034 0.6542602996254682 0.6313202247191011 0.6495786516853933 0.6334269662921348 0.6432584269662921 0.6341292134831461 0.6381086142322098 0.6343047752808989 0.6324906367041199 0.6336025280898876 0.6287453183520599 0.6320224719101124 0.6257022471910112 0.6239466292134831 0.6184456928838952 0.6197331460674157 0.6165730337078652 0.6127106741573034 0.6175093632958801 0.6091994382022472 0.6196161048689138 0.6074438202247191 0.62312734082397 0.6077949438202247 0.6271067415730337
0 0.6000702247191011 0.5901217228464419 0.6002457865168539 0.5955056179775281 0.602001404494382 0.6022940074906367 0.6021769662921348 0.6058052434456929 0.6128862359550562 0.6142322097378277 0.6200842696629213 0.6147003745318352 0.6234199438202247 0.6137640449438202 0.6253511235955056 0.6095505617977528 0.6292134831460674 0.6058052434456929 0.6309691011235955 0.6013576779026217 0.6316713483146067 0.5931647940074907 0.6299157303370787 0.5887172284644194 0.6293890449438202 0.5849719101123596 0.6230688202247191 0.5760767790262172 0.6134129213483146 0.574438202247191 0.610252808988764 0.5758426966292135 0.6009480337078652 0.5849719101123596
0 0.5737359550561798 0.6193820224719101 0.573560393258427 0.6271067415730337 0.5758426966292135 0.6364700374531835 0.5742626404494382 0.6404494382022472 0.5763693820224719 0.641619850187266 0.5793539325842697 0.6460674157303371 0.585498595505618 0.649812734082397 0.5923455056179775 0.6502808988764045 0.5967345505617978 0.6484082397003745 0.5988412921348315 0.6458333333333334 0.6021769662921348 0.636938202247191 0.6023525280898876 0.6306179775280899 0.6009480337078652 0.6224250936329588 0.5951544943820225 0.613061797752809 0.5910814606741573 0.613061797752809 0.5893609550561798 0.6118913857677902 0.5895365168539326 0.6093164794007491 0.5862008426966292 0.6093164794007491 0.5856741573033708 0.6114232209737828 0.5840941011235955 0.610252808988764 0.5814606741573034 0.6100187265917603 0.5791783707865169 0.6135299625468165 0.5765449438202247 0.6151685393258427
0 0.543188202247191 0.6217228464419475 0.5430126404494382 0.6306179775280899 0.5438904494382022 0.639747191011236 0.5463483146067416 0.6484082397003745 0.5495084269662921 0.6519194756554307 0.5572331460674157 0.6551966292134831 0.5612710674157303 0.6556647940074907 0.5647823033707865 0.6533239700374532 0.5679424157303371 0.6472378277153558 0.5693469101123596 0.6413857677902621 0.5691713483146067 0.6257022471910112 0.5681179775280899 0.6198501872659176 0.5654845505617978 0.6179775280898876 0.5644311797752809 0.6161048689138576 0.5607443820224719 0.6147003745318352 0.5537219101123596 0.6132958801498127 0.546875 0.6135299625468165 0.5463483146067416 0.6158707865168539 0.5444171348314607 0.6179775280898876
0 0.5084269662921348 0.6147003745318352 0.508251404494382 0.6165730337078652 0.5098314606741573 0.6207865168539326 0.5096558988764045 0.62312734082397 0.5128160112359551 0.6242977528089888 0.5142205056179775 0.6276528558052434 0.5149227528089888 0.6322565543071161 0.5196629213483146 0.6392790262172284 0.5228230337078652 0.6418539325842697 0.5259831460674157 0.6465355805243446 0.53125 0.6451310861423221 0.5351123595505618 0.6420880149812734 0.5372191011235955 0.6390449438202247 0.5380969101123596 0.6338951310861424 0.5400280898876404 0.6285112359550562 0.5405547752808989 0.6224250936329588 0.5380969101123596 0.6128277153558053 0.5330056179775281 0.6067415730337079 0.5226474719101124 0.6015917602996255 0.5154494382022472 0.6025280898876404 0.5136938202247191 0.6053370786516854 0.5128160112359551 0.6095505617977528
0 0.543188202247191 0.5781835205992509 0.5424859550561798 0.5809925093632958 0.5428370786516854 0.5955056179775281 0.5466994382022472 0.6060393258426966 0.5489817415730337 0.6093164794007491 0.5617977528089888 0.6128277153558053 0.5654845505617978 0.6116573033707865 0.5682935393258427 0.6090823970037453 0.5695224719101124 0.5999531835205992 0.5716292134831461 0.5952715355805244 0.5716292134831461 0.5931647940074907 0.5709269662921348 0.586376404494382 0.5672401685393258 0.5767790262172284 0.5607443820224719 0.5720973782771536 0.5535463483146067 0.5718632958801498 0.547752808988764 0.5732677902621723 0.5445926966292135 0.5756086142322098
0 0.5033356741573034 0.5636704119850188 0.5031601123595506 0.5676498127340824 0.5086025280898876 0.5889513108614233 0.5121137640449438 0.5924625468164794 0.5222963483146067 0.596441947565543 0.5296699438202247 0.5950374531835206 0.5310744382022472 0.5987827715355806 0.5340589887640449 0.599250936329588 0.5365168539325843 0.598314606741573 0.5379213483146067 0.5952715355805244 0.5375702247191011 0.5941011235955056 0.5361657303370787 0.5917602996254682 0.5326544943820225 0.5894194756554307 0.5347612359550562 0.5823970037453183 0.535814606741573 0.5746722846441947 0.5345856741573034 0.5678838951310862 0.5328300561797753 0.5636704119850188 0.5294943820224719 0.5603932584269663 0.5261587078651685 0.5587546816479401 0.5214185393258427 0.5587546816479401 0.5175561797752809 0.5608614232209738 0.5137522823033708 0.5613295880149812 0.5124648876404494 0.5568820224719101 0.5064957865168539 0.5587546816479401
0 0.5101825842696629 0.5259831460674157 0.5107092696629213 0.5313670411985019 0.5087780898876404 0.5400280898876404 0.5105337078651685 0.550561797752809 0.5138693820224719 0.5552434456928839 0.5189606741573034 0.5575842696629213 0.5294943820224719 0.5557116104868914 0.534936797752809 0.5519662921348315 0.5379213483146067 0.5468164794007491 0.5400280898876404 0.5400280898876404 0.5405547752808989 0.5297284644194756 0.5382724719101124 0.5245786516853933 0.5314255617977528 0.5175561797752809 0.5261587078651685 0.514747191011236 0.5189606741573034 0.5152153558052435 0.5122893258426966 0.5210674157303371
0 0.5417837078651685 0.5365168539325843 0.5409058988764045 0.5430711610486891 0.5384480337078652 0.5500936329588015 0.5384480337078652 0.5540730337078652 0.542310393258427 0.5711610486891385 0.5435393258426966 0.5720973782771536 0.5565308988764045 0.5709269662921348 0.5598665730337079 0.5692883895131086 0.5628511235955056 0.5657771535580525 0.5646067415730337 0.5601591760299626 0.5653089887640449 0.5538389513108615 0.5651334269662921 0.545880149812734 0.5640800561797753 0.5397940074906367 0.5581109550561798 0.5323033707865169 0.5538974719101124 0.5290262172284644 0.5523174157303371 0.5287921348314607 0.546875 0.5294943820224719 0.5430126404494382 0.5330056179775281
0 0.5689957865168539 0.545880149812734 0.5689957865168539 0.5522003745318352 0.5704002808988764 0.5596910112359551 0.5702247191011236 0.56437265917603 0.5709269662921348 0.5674157303370787 0.5758426966292135 0.5723314606741573 0.5814606741573034 0.5751404494382022 0.5881320224719101 0.5739700374531835 0.594627808988764 0.5716292134831461 0.5988412921348315 0.5676498127340824 0.5995435393258427 0.5536048689138576 0.5990168539325843 0.5468164794007491 0.597436797752809 0.5409644194756554 0.5888342696629213 0.5332397003745318 0.5779494382022472 0.5332397003745318 0.5753160112359551 0.5348782771535581 0.5737359550561798 0.5362827715355806
0 0.602001404494382 0.5550093632958801 0.6027036516853933 0.5641385767790262 0.6083216292134831 0.5713951310861424 0.6121839887640449 0.5727996254681648 0.6239466292134831 0.5727996254681648 0.6262289325842697 0.5709269662921348 0.632373595505618 0.5608614232209738 0.6313202247191011 0.5578183520599251 0.6304424157303371 0.5500936329588015 0.6281601123595506 0.5442415730337079 0.6200842696629213 0.5369850187265918 0.6172752808988764 0.5355805243445693 0.6109550561797753 0.5369850187265918 0.6086727528089888 0.5390917602996255 0.6058637640449438 0.5397940074906367 0.6058637640449438 0.5442415730337079 0.6037570224719101 0.5472846441947565
0 0.5991924157303371 0.5046816479400749 0.5976123595505618 0.5177902621722846 0.5939255617977528 0.5292602996254682 0.5977879213483146 0.5341760299625468 0.6021769662921348 0.5362827715355806 0.6195575842696629 0.5332397003745318 0.6242977528089888 0.5292602996254682 0.6265800561797753 0.5227059925093633 0.628686797752809 0.5194288389513109 0.6279845505617978 0.5007022471910112 0.628686797752809 0.49812734082397003 0.6313202247191011 0.49461610486891383 0.6300912921348315 0.49250936329588013 0.6265800561797753 0.4948501872659176 0.6200842696629213 0.4948501872659176 0.6162219101123596 0.49297752808988765 0.6091994382022472 0.49391385767790263 0.6037570224719101 0.49625468164794007 0.6002457865168539 0.5009363295880149
0 0.570751404494382 0.4978932584269663 0.5695224719101124 0.5049157303370787 0.5700491573033708 0.5189606741573034 0.5711025280898876 0.5236423220973783 0.574438202247191 0.5294943820224719 0.5811095505617978 0.5311329588014981 0.5884831460674157 0.5306647940074907 0.5932233146067416 0.5262172284644194 0.5955056179775281 0.5222378277153558 0.5969101123595506 0.5117041198501873 0.5963834269662921 0.50187265917603 0.5930477528089888 0.49625468164794007 0.5897120786516854 0.4932116104868914 0.5858497191011236 0.4913389513108614 0.5779494382022472 0.4911048689138577 0.573560393258427 0.4934456928838951
0 0.5995435393258427 0.46652621722846443 0.5993679775280899 0.47425093632958804 0.6002457865168539 0.48103932584269665 0.6014747191011236 0.48431647940074907 0.6016502808988764 0.48782771535580527 0.6037570224719101 0.49180711610486894 0.6053370786516854 0.4927434456928839 0.6095505617977528 0.49250936329588013 0.6193820224719101 0.49063670411985016 0.6228932584269663 0.4887640449438202 0.6255266853932584 0.48431647940074907 0.6255266853932584 0.48197565543071164 0.6265800561797753 0.4791666666666667 0.6283356741573034 0.4772940074906367 0.6281601123595506 0.4737827715355805 0.6297401685393258 0.47073970037453183 0.6276334269662921 0.4562265917602996 0.6307935393258427 0.4529494382022472 0.6300912921348315 0.44709737827715357 0.6265800561797753 0.44756554307116103 0.6234199438202247 0.4515449438202247 0.6197331460674157 0.45014044943820225 0.6121839887640449 0.45014044943820225 0.6069171348314607 0.4517790262172285 0.6044592696629213 0.4545880149812734
0 0.5663623595505618 0.4592696629213483 0.5663623595505618 0.46676029962546817 0.5672401685393258 0.47191011235955055 0.5742626404494382 0.4875936329588015 0.5777738764044944 0.48946629213483145 0.5849719101123596 0.4892322097378277 0.5883075842696629 0.488061797752809 0.5925210674157303 0.48408239700374533 0.5948033707865169 0.4772940074906367 0.5958567415730337 0.46676029962546817 0.5944522471910112 0.45997191011235955 0.5886587078651685 0.45224719101123595 0.5783005617977528 0.4473314606741573 0.5712780898876404 0.4482677902621723 0.5695224719101124 0.4506086142322097
0 0.5145716292134831 0.48314606741573035 0.5145716292134831 0.4911048689138577 0.515625 0.4969569288389513 0.5154494382022472 0.5039794007490637 0.5177317415730337 0.5091292134831461 0.5226474719101124 0.5121722846441947 0.5251053370786517 0.5126404494382022 0.5368679775280899 0.5121722846441947 0.5410814606741573 0.4913389513108614 0.5382724719101124 0.4812734082397004 0.5368679775280899 0.4791666666666667 0.5326544943820225 0.47495318352059923 0.5256320224719101 0.4735486891385768 0.5196629213483146 0.476123595505618 0.5152738764044944 0.48103932584269665
0 0.4780547752808989 0.4964887640449438 0.47787921348314605 0.5032771535580525 0.47910814606741575 0.5121722846441947 0.480688202247191 0.5145131086142322 0.484375 0.5168539325842697 0.4885884831460674 0.5177902621722846 0.5019311797752809 0.5156835205992509 0.5033356741573034 0.5135767790262172 0.5057935393258427 0.5044475655430711 0.5056179775280899 0.4948501872659176 0.503686797752809 0.48829588014981273 0.5017556179775281 0.4845505617977528 0.4982443820224719 0.48197565543071164 0.4901685393258427 0.4803370786516854 0.4845505617977528 0.4829119850187266 0.4827949438202247 0.48431647940074907 0.47963483146067415 0.4892322097378277
0 0.44662921348314605 0.4911048689138577 0.44645365168539325 0.49812734082397003 0.4475070224719101 0.5051498127340824 0.45242275280898875 0.511938202247191 0.45628511235955055 0.5135767790262172 0.460498595505618 0.5135767790262172 0.4666432584269663 0.5121722846441947 0.47155898876404495 0.5088951310861424 0.47173455056179775 0.4913389513108614 0.4689255617977528 0.4850187265917603 0.46365870786516855 0.4798689138576779 0.4566362359550562 0.4794007490636704 0.45452949438202245 0.4803370786516854 0.44978932584269665 0.4845505617977528 0.44785814606741575 0.48735955056179775
0 0.48191713483146065 0.4442883895131086 0.4803370786516854 0.44897003745318353 0.48121488764044945 0.46324906367041196 0.48735955056179775 0.47027153558052437 0.4864817415730337 0.4737827715355805 0.49122191011235955 0.47542134831460675 0.4982443820224719 0.4726123595505618 0.5015800561797753 0.47073970037453183 0.5066713483146067 0.46348314606741575 0.5075491573033708 0.45739700374531833 0.507373595505618 0.449438202247191 0.5061446629213483 0.4440543071161049 0.5033356741573034 0.43984082397003743 0.49473314606741575 0.43562734082397003 0.4906952247191011 0.43609550561797755 0.48525280898876405 0.43913857677902624
0 0.5107092696629213 0.44803370786516855 0.5108848314606742 0.4602059925093633 0.5124648876404494 0.46558988764044945 0.5158005617977528 0.47120786516853935 0.5150983146067416 0.47331460674157305 0.5154494382022472 0.47425093632958804 0.5203651685393258 0.4737827715355805 0.5286165730337079 0.47073970037453183 0.5333567415730337 0.4679307116104869 0.5372191011235955 0.46348314606741575 0.5375702247191011 0.4595037453183521 0.539501404494382 0.45318352059925093 0.5368679775280899 0.44241573033707865 0.5331811797752809 0.4386704119850187 0.5280898876404494 0.4363295880149813 0.5224719101123596 0.43562734082397003 0.516502808988764 0.43820224719101125 0.5133426966292135 0.44147940074906367
0 0.6065660112359551 0.4169007490636704 0.6055126404494382 0.4220505617977528 0.6063904494382022 0.4250936329588015 0.6062148876404494 0.4288389513108614 0.6074438202247191 0.4330524344569288 0.6121839887640449 0.43890449438202245 0.6163974719101124 0.4421816479400749 0.624122191011236 0.44124531835205993 0.6255266853932584 0.4386704119850187 0.6285112359550562 0.43703183520599254 0.6311446629213483 0.43375468164794007 0.6327247191011236 0.4288389513108614 0.6325491573033708 0.4147940074906367 0.6309691011235955 0.4110486891385768 0.6271067415730337 0.40636704119850187 0.6197331460674157 0.40426029962546817 0.613061797752809 0.40636704119850187 0.608497191011236 0.41081460674157305
0 0.5728581460674157 0.4164325842696629 0.5730337078651685 0.43211610486891383 0.5746137640449438 0.436563670411985 0.5742626404494382 0.43913857677902624 0.5775983146067416 0.4426498127340824 0.5847963483146067 0.4473314606741573 0.5884831460674157 0.44756554307116103 0.5956811797752809 0.44241573033707865 0.5990168539325843 0.4375 0.5997191011235955 0.43515917602996257 0.5997191011235955 0.42532771535580527 0.598314606741573 0.41947565543071164 0.5988412921348315 0.414559925093633 0.5963834269662921 0.4112827715355805 0.5918188202247191 0.40777153558052437 0.5862008426966292 0.4066011235955056 0.5812851123595506 0.4068352059925094 0.5775983146067416 0.4080056179775281 0.5746137640449438 0.4122191011235955
0 0.5433637640449438 0.42532771535580527 0.542310393258427 0.43352059925093633 0.5402036516853933 0.43890449438202245 0.5402036516853933 0.4431179775280899 0.5430126404494382 0.45318352059925093 0.5456460674157303 0.45552434456928836 0.5507373595505618 0.45575842696629215 0.5535463483146067 0.4545880149812734 0.5644311797752809 0.44709737827715357 0.5705758426966292 0.43562734082397003 0.5704002808988764 0.42837078651685395 0.5696980337078652 0.42579588014981273 0.5709269662921348 0.42181647940074907 0.5688202247191011 0.42017790262172283 0.5682935393258427 0.41760299625468167 0.5704002808988764 0.4147940074906367 0.5688202247191011 0.4112827715355805 0.5644311797752809 0.40613295880149813 0.5614466292134831 0.40823970037453183 0.5568820224719101 0.40847378277153557 0.5486306179775281 0.41198501872659177 0.5463483146067416 0.41596441947565543
0 0.5138693820224719 0.40636704119850187 0.5135182584269663 0.4211142322097378 0.516502808988764 0.4288389513108614 0.5200140449438202 0.43047752808988765 0.5273876404494382 0.43141385767790263 0.5323033707865169 0.43047752808988765 0.5363412921348315 0.4286048689138577 0.5384480337078652 0.42228464419475653 0.5391502808988764 0.41409176029962547 0.5402036516853933 0.4112827715355805 0.5387991573033708 0.4044943820224719 0.5352879213483146 0.39630149812734083 0.5268609550561798 0.3934925093632959 0.5224719101123596 0.39396067415730335 0.5189606741573034 0.3955992509363296 0.5175561797752809 0.39653558052434457 0.5150983146067416 0.40074906367041196
0 0.48560393258426965 0.41245318352059923 0.48560393258426965 0.4220505617977528 0.4878862359550562 0.4288389513108614 0.49473314606741575 0.4311797752808989 0.5052668539325843 0.4330524344569288 0.5080758426966292 0.4286048689138577 0.5114115168539326 0.41830524344569286 0.5121137640449438 0.4110486891385768 0.5114115168539326 0.40426029962546817 0.5096558988764045 0.40004681647940077 0.5066713483146067 0.39630149812734083 0.49736657303370785 0.39396067415730335 0.49122191011235955 0.3951310861423221 0.4887640449438202 0.3970037453183521 0.48718398876404495 0.40098314606741575 0.488061797752809 0.4035580524344569
0 0.45031601123595505 0.40823970037453183 0.44996488764044945 0.41175093632958804 0.4513693820224719 0.4234550561797753 0.45593398876404495 0.43515917602996257 0.4592696629213483 0.43773408239700373 0.4668188202247191 0.44030898876404495 0.47191011235955055 0.4396067415730337 0.47752808988764045 0.43679775280898875 0.4784058988764045 0.43562734082397003 0.4789325842696629 0.4323501872659176 0.4826193820224719 0.4288389513108614 0.4827949438202247 0.41830524344569286 0.4808637640449438 0.4089419475655431 0.47770365168539325 0.4035580524344569 0.4750702247191011 0.4023876404494382 0.47401685393258425 0.40098314606741575 0.4689255617977528 0.4014513108614232 0.45646067415730335 0.3977059925093633 0.45259831460674155 0.40074906367041196
0 0.45365168539325845 0.3738295880149813 0.4527738764044944 0.38085205992509363 0.4550561797752809 0.38717228464419473 0.45997191011235955 0.39396067415730335 0.4668188202247191 0.3955992509363296 0.4727879213483146 0.39536516853932585 0.47717696629213485 0.3937265917602996 0.4789325842696629 0.39115168539325845 0.4808637640449438 0.3801498127340824 0.4808637640449438 0.37265917602996257 0.47735252808988765 0.3625936329588015 0.46787219101123595 0.3579119850187266 0.4633075842696629 0.3586142322097378 0.46032303370786515 0.3607209737827715 0.4554073033707865 0.3661048689138577
0 0.4454002808988764 0.3419943820224719 0.4452247191011236 0.34925093632958804 0.44610252808988765 0.3522940074906367 0.4490870786516854 0.35603932584269665 0.45646067415730335 0.3595505617977528 0.45997191011235955 0.35931647940074907 0.47559691011235955 0.3508895131086142 0.47752808988764045 0.3487827715355805 0.477001404494382 0.3450374531835206 0.4787570224719101 0.33824906367041196 0.47524578651685395 0.31788389513108617 0.4729634831460674 0.3160112359550562 0.46752106741573035 0.31437265917602997 0.45646067415730335 0.31390449438202245 0.4511938202247191 0.3190543071161049 0.4489115168539326 0.3232677902621723 0.4473314606741573 0.3279494382022472 0.44627808988764045 0.33918539325842695
0 0.48542837078651685 0.37523408239700373 0.48577949438202245 0.38412921348314605 0.4905196629213483 0.39232209737827717 0.5017556179775281 0.39302434456928836 0.5077247191011236 0.3920880149812734 0.5112359550561798 0.3904494382022472 0.514747191011236 0.3852996254681648 0.5161516853932584 0.3817883895131086 0.5173806179775281 0.37663857677902624 0.516502808988764 0.36352996254681647 0.5121137640449438 0.3548689138576779 0.5063202247191011 0.35252808988764045 0.5012289325842697 0.3518258426966292 0.49332865168539325 0.35580524344569286 0.48929073033707865 0.36118913857677903
0 0.484375 0.3211610486891386 0.48367275280898875 0.32771535580524347 0.4847261235955056 0.3377808988764045 0.4841994382022472 0.34222846441947563 0.48542837078651685 0.34527153558052437 0.48560393258426965 0.3487827715355805 0.48771067415730335 0.35252808988764045 0.49139747191011235 0.3539325842696629 0.49736657303370785 0.3508895131086142 0.5057935393258427 0.3487827715355805 0.5096558988764045 0.3366104868913858 0.5105337078651685 0.3295880149812734 0.5101825842696629 0.3211610486891386 0.5064957865168539 0.313436329588015 0.49859550561797755 0.31015917602996257 0.4943820224719101 0.3103932584269663 0.48929073033707865 0.3136704119850187
0 0.5122893258426966 0.3312265917602996 0.5112359550561798 0.3487827715355805 0.5126404494382022 0.3522940074906367 0.5161516853932584 0.35580524344569286 0.5228230337078652 0.3562734082397004 0.5359901685393258 0.35135767790262173 0.5382724719101124 0.34901685393258425 0.5412570224719101 0.3419943820224719 0.5412570224719101 0.3270131086142322 0.5402036516853933 0.32162921348314605 0.5368679775280899 0.3157771535580524 0.5338834269662921 0.313436329588015 0.5294943820224719 0.31203183520599254 0.5259831460674157 0.31203183520599254 0.5189606741573034 0.31413857677902624 0.5136938202247191 0.32397003745318353
0 0.5186095505617978 0.36961610486891383 0.5184339887640449 0.3838951310861423 0.5189606741573034 0.3852996254681648 0.5256320224719101 0.3916198501872659 0.53125 0.39232209737827717 0.5361657303370787 0.39442883895131087 0.5412570224719101 0.3904494382022472 0.5465238764044944 0.37991573033707865 0.547752808988764 0.37570224719101125 0.5475772471910112 0.3684456928838951 0.5461727528089888 0.36235955056179775 0.5435393258426966 0.3586142322097378 0.5365168539325843 0.35369850187265917 0.5324789325842697 0.35369850187265917 0.5294943820224719 0.3553370786516854 0.5259831460674157 0.35580524344569286 0.5224719101123596 0.3586142322097378 0.5200140449438202 0.36329588014981273
0 0.5447682584269663 0.33192883895131087 0.5437148876404494 0.3455056179775281 0.5470505617977528 0.35580524344569286 0.5533707865168539 0.3586142322097378 0.5575842696629213 0.3586142322097378 0.5647823033707865 0.35580524344569286 0.5686446629213483 0.34948501872659177 0.5702247191011236 0.33614232209737827 0.5700491573033708 0.3312265917602996 0.5684691011235955 0.32631086142322097 0.5640800561797753 0.31952247191011235 0.5574087078651685 0.3176498127340824 0.5531952247191011 0.31858614232209737 0.5484550561797753 0.32303370786516855 0.5461727528089888 0.3270131086142322
0 0.5779494382022472 0.37312734082397003 0.5775983146067416 0.3801498127340824 0.5798806179775281 0.3874063670411985 0.5814606741573034 0.3899812734082397 0.5847963483146067 0.3920880149812734 0.5877808988764045 0.3925561797752809 0.5942766853932584 0.39091760299625467 0.5990168539325843 0.39115168539325845 0.6005969101123596 0.386938202247191 0.6014747191011236 0.37663857677902624 0.5993679775280899 0.3698501872659176 0.5958567415730337 0.3651685393258427 0.5918188202247191 0.36282771535580527 0.5881320224719101 0.36235955056179775 0.5853230337078652 0.363061797752809 0.5802317415730337 0.36704119850187267 0.5798806179775281 0.3698501872659176
0 0.5737359550561798 0.3352059925093633 0.573560393258427 0.3429307116104869 0.574438202247191 0.3518258426966292 0.5770716292134831 0.3565074906367041 0.5811095505617978 0.3595505617977528 0.586376404494382 0.3600187265917603 0.5919943820224719 0.35908239700374533 0.5960323033707865 0.35603932584269665 0.6004213483146067 0.3485486891385768 0.602001404494382 0.33918539325842695 0.6012991573033708 0.3312265917602996 0.6000702247191011 0.3279494382022472 0.5953300561797753 0.32209737827715357 0.5886587078651685 0.31999063670411987 0.5819873595505618 0.32186329588014984 0.5760182584269663 0.32818352059925093 0.574438202247191 0.3312265917602996
0 0.6042837078651685 0.33497191011235955 0.6028792134831461 0.34573970037453183 0.5997191011235955 0.3562734082397004 0.6007724719101124 0.35884831460674155 0.6076193820224719 0.3618913857677903 0.6097261235955056 0.3642322097378277 0.6127106741573034 0.3651685393258427 0.6192064606741573 0.362125468164794 0.6234199438202247 0.36282771535580527 0.6265800561797753 0.3618913857677903 0.6307935393258427 0.35674157303370785 0.6330758426966292 0.352059925093633 0.6341292134831461 0.3445692883895131 0.6336025280898876 0.33848314606741575 0.6316713483146067 0.33169475655430714 0.6320224719101124 0.3300561797752809 0.6337780898876404 0.32818352059925093 0.6339536516853933 0.324438202247191 0.6313202247191011 0.32092696629213485 0.6300912921348315 0.32069288389513106 0.6292134831460674 0.3237359550561798 0.6271067415730337 0.325374531835206 0.6192064606741573 0.3227996254681648 0.6162219101123596 0.32256554307116103 0.6123595505617978 0.3237359550561798 0.6077949438202247 0.32771535580524347 0.6051615168539326 0.33146067415730335
0 0.6046348314606742 0.37734082397003743 0.6037570224719101 0.39396067415730335 0.6090238764044944 0.3991104868913858 0.6234199438202247 0.3991104868913858 0.6299157303370787 0.3937265917602996 0.6316713483146067 0.3913857677902622 0.633251404494382 0.38717228464419473 0.6329002808988764 0.38342696629213485 0.6336025280898876 0.3801498127340824 0.6309691011235955 0.3698501872659176 0.6255266853932584 0.3647003745318352 0.6192064606741573 0.3637640449438202 0.613061797752809 0.36563670411985016 0.6074438202247191 0.36961610486891383 0.6051615168539326 0.37312734082397003
1 0.46675035112359553 0.46251170411985015 0.02292134831460674 0.032387640449438204