2 0.22296348314606743 0.4658239700374532 0.7329705056179775 0.5044475655430711 0.7241924157303371 0.7244850187265918 0.2089185393258427 0.6917134831460674
0 0.6267556179775281 0.4911048689138577 0.6343047752808989 0.4974250936329588 0.6374648876404494 0.5191947565543071 0.6336025280898876 0.5346441947565543 0.6220154494382022 0.5421348314606742 0.6181530898876404 0.5479868913857678 0.6121839887640449 0.5465823970037453 0.6121839887640449 0.5397940074906367 0.605688202247191 0.524812734082397 0.6051615168539326 0.5154494382022472 0.6088483146067416 0.5044475655430711 0.6165730337078652 0.4943820224719101 0.6202598314606742 0.49087078651685395 0.6265800561797753 0.4911048689138577
0 0.613061797752809 0.5500936329588015 0.6267556179775281 0.5552434456928839 0.6309691011235955 0.5601591760299626 0.6327247191011236 0.5674157303370787 0.6337780898876404 0.575374531835206 0.6309691011235955 0.5849719101123596 0.6207865168539326 0.5929307116104869 0.6090238764044944 0.5889513108614233 0.5991924157303371 0.5735018726591761 0.598314606741573 0.5639044943820225 0.5998946629213483 0.5573501872659176 0.6060393258426966 0.5507958801498127 0.6128862359550562 0.5500936329588015
0 0.6474719101123596 0.513810861423221 0.6566011235955056 0.5215355805243446 0.6616924157303371 0.5348782771535581 0.6550210674157303 0.5615636704119851 0.6481741573033708 0.5660112359550562 0.6408005617977528 0.5648408239700374 0.636938202247191 0.5601591760299626 0.6313202247191011 0.5433052434456929 0.6390449438202247 0.5173220973782772 0.6422050561797753 0.5140449438202247 0.6472963483146067 0.513810861423221
0 0.5605688202247191 0.5028089887640449 0.5679424157303371 0.5079588014981273 0.5712780898876404 0.5189606741573034 0.5711025280898876 0.5294943820224719 0.5651334269662921 0.5400280898876404 0.5582865168539326 0.5437734082397003 0.5502106741573034 0.5419007490636704 0.5438904494382022 0.5360486891385767 0.5405547752808989 0.5154494382022472 0.5475772471910112 0.5044475655430711 0.5603932584269663 0.5028089887640449
0 0.5017556179775281 0.5695224719101124 0.5057935393258427 0.5711610486891385 0.503686797752809 0.5816947565543071 0.5075491573033708 0.5922284644194756 0.5064957865168539 0.6058052434456929 0.5033356741573034 0.6132958801498127 0.48964185393258425 0.6235955056179775 0.4840238764044944 0.6242977528089888 0.47770365168539325 0.6198501872659176 0.4750702247191011 0.6128277153558053 0.47594803370786515 0.5950374531835206 0.4803370786516854 0.5826310861423221 0.48771067415730335 0.5765449438202247 0.49683988764044945 0.5758426966292135 0.5015800561797753 0.5697565543071161
0 0.46752106741573035 0.6502808988764045 0.4745435393258427 0.6570692883895131 0.47542134831460675 0.6699438202247191 0.46787219101123595 0.6891385767790262 0.456811797752809 0.6966292134831461 0.4492626404494382 0.6956928838951311 0.44417134831460675 0.6879681647940075 0.4415379213483146 0.6577715355805244 0.44838483146067415 0.6526217228464419 0.46734550561797755 0.6502808988764045
0 0.7117275280898876 0.5131086142322098 0.7173455056179775 0.5152153558052435 0.7222612359550562 0.5217696629213483 0.7248946629213483 0.5372191011235955 0.7217345505617978 0.5503277153558053 0.7108497191011236 0.5543071161048689 0.7029494382022472 0.5529026217228464 0.695751404494382 0.5482209737827716 0.6918890449438202 0.5416666666666666 0.6913623595505618 0.5351123595505618 0.6950491573033708 0.5180243445692884 0.7001404494382022 0.5142790262172284 0.7115519662921348 0.5131086142322098
0 0.5544241573033708 0.5835674157303371 0.5609199438202247 0.5866104868913857 0.5649578651685393 0.5919943820224719 0.5682935393258427 0.6060393258426966 0.5644311797752809 0.6198501872659176 0.5603932584269663 0.6242977528089888 0.5538974719101124 0.6264044943820225 0.5465238764044944 0.6240636704119851 0.5414325842696629 0.6189138576779026 0.5380969101123596 0.6128277153558053 0.5372191011235955 0.6013576779026217 0.5382724719101124 0.5943352059925093 0.5419592696629213 0.5877808988764045 0.5466994382022472 0.5840355805243446 0.554248595505618 0.5835674157303371
0 0.27598314606741575 0.5484550561797753 0.2793188202247191 0.5564138576779026 0.2914325842696629 0.5657771535580525 0.29353932584269665 0.574438202247191 0.29371488764044945 0.6020599250936329 0.2873946629213483 0.6093164794007491 0.28019662921348315 0.611189138576779 0.27598314606741575 0.6093164794007491 0.265625 0.5945692883895131 0.2640449438202247 0.5887172284644194 0.26422050561797755 0.574438202247191 0.26843398876404495 0.5617977528089888 0.2675561797752809 0.5536048689138576 0.2696629213483146 0.5500936329588015 0.2758075842696629 0.5484550561797753
0 0.37429775280898875 0.48993445692883897 0.3846558988764045 0.49836142322097376 0.38553370786516855 0.5161516853932584 0.3804424157303371 0.5259831460674157 0.37008426966292135 0.5297284644194756 0.36271067415730335 0.5280898876404494 0.35691713483146065 0.5222378277153558 0.35445926966292135 0.5156835205992509 0.35428370786516855 0.5056179775280899 0.3558637640449438 0.49812734082397003 0.36183286516853935 0.4911048689138577 0.37412219101123595 0.48993445692883897
0 0.4020365168539326 0.5695224719101124 0.4125702247191011 0.576310861423221 0.4164325842696629 0.5887172284644194 0.41292134831460675 0.6039325842696629 0.40115870786516855 0.6128277153558053 0.3890449438202247 0.610252808988764 0.3864115168539326 0.6053370786516854 0.3844803370786517 0.5912921348314607 0.38922050561797755 0.575374531835206 0.3944873595505618 0.5711610486891385 0.4018609550561798 0.5695224719101124
0 0.5301966292134831 0.5023408239700374 0.5373946629213483 0.5098314606741573 0.5391502808988764 0.5229400749063671 0.5345856741573034 0.5353464419475655 0.5263342696629213 0.5395599250936329 0.5150983146067416 0.5362827715355806 0.5117626404494382 0.5313670411985019 0.5103581460674157 0.5217696629213483 0.5117626404494382 0.5126404494382022 0.515625 0.5051498127340824 0.5224719101123596 0.5014044943820225 0.5300210674157303 0.5023408239700374
0 0.6388693820224719 0.6657303370786517 0.6422050561797753 0.6748595505617978 0.6494030898876404 0.6825842696629213 0.6555477528089888 0.7020131086142322 0.6550210674157303 0.7099719101123596 0.6509831460674157 0.7212078651685393 0.6476474719101124 0.7247191011235955 0.641502808988764 0.7258895131086143 0.6357092696629213 0.7237827715355806 0.6265800561797753 0.7090355805243446 0.6235955056179775 0.699438202247191 0.6227176966292135 0.6823501872659176 0.6292134831460674 0.6683052434456929 0.6386938202247191 0.6657303370786517
0 0.36973314606741575 0.5681179775280899 0.38009129213483145 0.5746722846441947 0.3843047752808989 0.584503745318352 0.3843047752808989 0.6055711610486891 0.37816011235955055 0.6163389513108615 0.37974016853932585 0.6238295880149812 0.37833567415730335 0.6266385767790262 0.37394662921348315 0.6275749063670412 0.3692064606741573 0.6182116104868914 0.3574438202247191 0.6093164794007491 0.35410814606741575 0.5990168539325843 0.35797050561797755 0.5742041198501873 0.3695575842696629 0.5681179775280899
0 0.31127106741573035 0.48314606741573035 0.32092696629213485 0.48782771535580527 0.3246137640449438 0.49180711610486894 0.3258426966292135 0.49765917602996257 0.3226825842696629 0.5187265917602997 0.31127106741573035 0.5245786516853933 0.3031952247191011 0.5241104868913857 0.2966994382022472 0.5198970037453183 0.2928370786516854 0.5135767790262172 0.29178370786516855 0.5053838951310862 0.2926615168539326 0.4957865168539326 0.29564606741573035 0.4897003745318352 0.30354634831460675 0.48384831460674155 0.31109550561797755 0.48314606741573035
0 0.43223314606741575 0.4932116104868914 0.4410112359550562 0.49812734082397003 0.4438202247191011 0.5030430711610487 0.4452247191011236 0.512874531835206 0.44066011235955055 0.5273876404494382 0.43047752808988765 0.5334737827715356 0.42521067415730335 0.5320692883895131 0.41871488764044945 0.5259831460674157 0.4164325842696629 0.5072565543071161 0.4174859550561798 0.5011704119850188 0.42047050561797755 0.49765917602996257 0.4320575842696629 0.4932116104868914
0 0.40361657303370785 0.48267790262172283 0.40941011235955055 0.4854868913857678 0.4162570224719101 0.5016385767790262 0.41520365168539325 0.526685393258427 0.41309691011235955 0.5301966292134831 0.40677668539325845 0.5330056179775281 0.40677668539325845 0.5437734082397003 0.4044943820224719 0.5472846441947565 0.39729634831460675 0.5449438202247191 0.3965941011235955 0.5346441947565543 0.3902738764044944 0.5276217228464419 0.38781601123595505 0.5177902621722846 0.38816713483146065 0.5016385767790262 0.39308286516853935 0.487125468164794 0.39729634831460675 0.48267790262172283 0.40344101123595505 0.48267790262172283
0 0.3237359550561798 0.6432584269662921 0.32672050561797755 0.653558052434457 0.32285814606741575 0.6786048689138576 0.3109199438202247 0.6891385767790262 0.2945926966292135 0.6882022471910112 0.29775280898876405 0.6912453183520599 0.296875 0.6947565543071161 0.2930126404494382 0.6926498127340824 0.2926615168539326 0.68937265917603 0.2947682584269663 0.6821161048689138 0.29213483146067415 0.6680711610486891 0.29547050561797755 0.6544943820224719 0.3024929775280899 0.647003745318352 0.3103932584269663 0.6432584269662921 0.32356039325842695 0.6432584269662921
0 0.5466994382022472 0.6652621722846442 0.5581109550561798 0.6729868913857678 0.5625 0.6816479400749064 0.5628511235955056 0.6992041198501873 0.5582865168539326 0.7078651685393258 0.5535463483146067 0.7120786516853933 0.5461727528089888 0.7134831460674157 0.5396769662921348 0.709503745318352 0.5326544943820225 0.6996722846441947 0.5326544943820225 0.6825842696629213 0.5352879213483146 0.6741573033707865 0.5414325842696629 0.6669007490636704 0.5465238764044944 0.665496254681648
0 0.4885884831460674 0.6573033707865169 0.49508426966292135 0.6601123595505618 0.49877106741573035 0.6647940074906367 0.5024578651685393 0.6786048689138576 0.5028089887640449 0.6891385767790262 0.49859550561797755 0.7029494382022472 0.49508426966292135 0.7071629213483146 0.4882373595505618 0.7090355805243446 0.480688202247191 0.7073970037453183 0.47559691011235955 0.7029494382022472 0.47173455056179775 0.6842228464419475 0.4731390449438202 0.6762640449438202 0.4799859550561798 0.6615168539325843 0.4884129213483146 0.6573033707865169
0 0.5226474719101124 0.5816947565543071 0.5330056179775281 0.5887172284644194 0.5368679775280899 0.6079119850187266 0.5338834269662921 0.6212546816479401 0.5237008426966292 0.6280430711610487 0.5143960674157303 0.625 0.507373595505618 0.6109550561797753 0.5105337078651685 0.5880149812734082 0.515625 0.5833333333333334 0.5224719101123596 0.5816947565543071
0 0.710498595505618 0.6877340823970037 0.7173455056179775 0.6933520599250936 0.7205056179775281 0.7015449438202247 0.7182233146067416 0.7167602996254682 0.7106741573033708 0.721441947565543 0.6990870786516854 0.7169943820224719 0.6950491573033708 0.7071629213483146 0.6964536516853933 0.6931179775280899 0.7047050561797753 0.6875 0.7103230337078652 0.6877340823970037
0 0.2808988764044944 0.4798689138576779 0.29002808988764045 0.48431647940074907 0.29353932584269665 0.4913389513108614 0.2910814606741573 0.5014044943820225 0.29160814606741575 0.5154494382022472 0.28019662921348315 0.5208333333333334 0.265625 0.516619850187266 0.26264044943820225 0.5060861423220974 0.2635182584269663 0.487125468164794 0.2710674157303371 0.48057116104868913 0.28072331460674155 0.4798689138576779
0 0.34322331460674155 0.47963483146067415 0.34901685393258425 0.48174157303370785 0.35235252808988765 0.4866573033707865 0.35445926966292135 0.5191947565543071 0.35287921348314605 0.5231741573033708 0.34269662921348315 0.5320692883895131 0.3421699438202247 0.5402621722846442 0.33848314606741575 0.5437734082397003 0.3344452247191011 0.5423689138576779 0.33286516853932585 0.5313670411985019 0.3260182584269663 0.5184925093632958 0.32514044943820225 0.5081928838951311 0.32724719101123595 0.4969569288389513 0.3337429775280899 0.48408239700374533 0.33848314606741575 0.4794007490636704 0.34304775280898875 0.47963483146067415
0 0.29424157303370785 0.6406835205992509 0.2991573033707865 0.6430243445692884 0.2991573033707865 0.6474719101123596 0.2926615168539326 0.6594101123595506 0.28651685393258425 0.6793071161048689 0.27861657303370785 0.6889044943820225 0.2698384831460674 0.6926498127340824 0.2598314606741573 0.6891385767790262 0.25509129213483145 0.6818820224719101 0.25316011235955055 0.6718164794007491 0.25649578651685395 0.660814606741573 0.2654494382022472 0.6502808988764045 0.28634129213483145 0.6411516853932584 0.29406601123595505 0.6406835205992509
0 0.49122191011235955 0.48946629213483145 0.5021067415730337 0.49508426966292135 0.5091292134831461 0.5065543071161048 0.5100070224719101 0.5161516853932584 0.5050912921348315 0.5365168539325843 0.4984199438202247 0.5411985018726592 0.49104634831460675 0.5400280898876404 0.4840238764044944 0.5323033707865169 0.47910814606741575 0.5227059925093633 0.47928370786516855 0.5014044943820225 0.49104634831460675 0.4897003745318352
0 0.46348314606741575 0.576310861423221 0.46822331460674155 0.5784176029962547 0.4731390449438202 0.5849719101123596 0.4750702247191011 0.6018258426966292 0.4731390449438202 0.6125936329588015 0.4610252808988764 0.6207865168539326 0.453125 0.6179775280898876 0.4476825842696629 0.6123595505617978 0.4452247191011236 0.5976123595505618 0.4496137640449438 0.5819288389513109 0.45435393258426965 0.5779494382022472 0.4633075842696629 0.576310861423221
0 0.4257373595505618 0.5699906367041199 0.43100421348314605 0.5765449438202247 0.4394311797752809 0.5805243445692884 0.44469803370786515 0.588249063670412 0.44417134831460675 0.6200842696629213 0.44030898876404495 0.6266385767790262 0.43293539325842695 0.6289794007490637 0.41906601123595505 0.6205524344569289 0.4162570224719101 0.6123595505617978 0.4164325842696629 0.5915262172284644 0.42240168539325845 0.5814606741573034 0.421875 0.5713951310861424 0.425561797752809 0.5699906367041199
0 0.31776685393258425 0.5479868913857678 0.32145365168539325 0.5503277153558053 0.31969803370786515 0.56062734082397 0.32549157303370785 0.5751404494382022 0.32145365168539325 0.5959737827715356 0.30775983146067415 0.6076779026217228 0.3003862359550562 0.6067415730337079 0.29564606741573035 0.6022940074906367 0.2947682584269663 0.5716292134831461 0.29968398876404495 0.5622659176029963 0.30951544943820225 0.5571161048689138 0.3128511235955056 0.5482209737827716 0.31759129213483145 0.5479868913857678
0 0.2478932584269663 0.5603932584269663 0.2654494382022472 0.5641385767790262 0.26281601123595505 0.5842696629213483 0.25509129213483145 0.5952715355805244 0.24157303370786518 0.6020599250936329 0.23402387640449437 0.6013576779026217 0.22682584269662923 0.5955056179775281 0.22313904494382023 0.5856741573033708 0.22384129213483145 0.5746722846441947 0.234375 0.5620318352059925 0.24771769662921347 0.5603932584269663
0 0.5893609550561798 0.5044475655430711 0.5997191011235955 0.5114700374531835 0.6035814606741573 0.5280898876404494 0.5991924157303371 0.540496254681648 0.589185393258427 0.5451779026217228 0.5775983146067416 0.5402621722846442 0.5726825842696629 0.5308988764044944 0.5728581460674157 0.5189606741573034 0.5753160112359551 0.511938202247191 0.5811095505617978 0.5067883895131086 0.589185393258427 0.5044475655430711
0 0.616748595505618 0.5933988764044944 0.6276334269662921 0.5999531835205992 0.6320224719101124 0.6154026217228464 0.6304424157303371 0.6278089887640449 0.6197331460674157 0.6376404494382022 0.6127106741573034 0.636938202247191 0.6053370786516854 0.6313202247191011 0.6009480337078652 0.62312734082397 0.5995435393258427 0.6139981273408239 0.5997191011235955 0.6020599250936329 0.6016502808988764 0.5978464419475655 0.6060393258426966 0.5941011235955056 0.6165730337078652 0.5933988764044944
0 0.4664676966292135 0.49414794007490637 0.47120786516853935 0.4964887640449438 0.477001404494382 0.5051498127340824 0.4782303370786517 0.5231741573033708 0.47120786516853935 0.5337078651685393 0.45646067415730335 0.5419007490636704 0.4529494382022472 0.5416666666666666 0.4468047752808989 0.5325374531835206 0.44820926966292135 0.5081928838951311 0.4552317415730337 0.4967228464419476 0.46629213483146065 0.49414794007490637
0 0.24912219101123595 0.477059925093633 0.25877808988764045 0.4803370786516854 0.26316713483146065 0.49180711610486894 0.2621137640449438 0.5086610486891385 0.25649578651685395 0.5156835205992509 0.2517556179775281 0.5175561797752809 0.24087078651685392 0.5168539325842697 0.23402387640449437 0.5124063670411985 0.23086376404494383 0.5072565543071161 0.22963483146067415 0.4988295880149813 0.23086376404494383 0.4892322097378277 0.234375 0.48314606741573035 0.24122191011235955 0.4782303370786517 0.24894662921348315 0.477059925093633
0 0.5816362359550562 0.5856741573033708 0.5930477528089888 0.5908239700374532 0.598314606741573 0.6022940074906367 0.5965589887640449 0.62312734082397 0.5919943820224719 0.6278089887640449 0.5858497191011236 0.6294475655430711 0.5739115168539326 0.625 0.5688202247191011 0.613061797752809 0.5702247191011236 0.5919943820224719 0.5746137640449438 0.5870786516853933 0.5814606741573034 0.5856741573033708
0 0.41502808988764045 0.650749063670412 0.43258426966292135 0.6540262172284644 0.43995786516853935 0.661750936329588 0.44048455056179775 0.6884363295880149 0.4359199438202247 0.6961610486891385 0.42872191011235955 0.699438202247191 0.4222261235955056 0.6992041198501873 0.414501404494382 0.6935861423220974 0.4066011235955056 0.6720505617977528 0.40765449438202245 0.6575374531835206 0.41485252808988765 0.650749063670412
0 0.3458567415730337 0.5500936329588015 0.34901685393258425 0.5538389513108615 0.3453300561797753 0.56062734082397 0.35463483146067415 0.5706928838951311 0.3570926966292135 0.5849719101123596 0.34884129213483145 0.6069756554307116 0.34269662921348315 0.6132958801498127 0.33497191011235955 0.6125936329588015 0.33093398876404495 0.6090823970037453 0.3263693820224719 0.5919943820224719 0.3261938202247191 0.5774812734082397 0.33075842696629215 0.5664794007490637 0.340063202247191 0.56062734082397 0.3398876404494382 0.5536048689138576 0.3418188202247191 0.5503277153558053 0.3456811797752809 0.5500936329588015
0 0.6701193820224719 0.49812734082397003 0.6857443820224719 0.5086610486891385 0.692064606741573 0.5189606741573034 0.6901334269662921 0.5414325842696629 0.6925912921348315 0.5503277153558053 0.6890800561797753 0.5550093632958801 0.6857443820224719 0.5545411985018727 0.6827598314606742 0.5484550561797753 0.670997191011236 0.5472846441947565 0.6629213483146067 0.5433052434456929 0.6587078651685393 0.5088951310861424 0.6643258426966292 0.5002340823970037 0.6699438202247191 0.49812734082397003
0 0.40115870786516855 0.6528558052434457 0.4044943820224719 0.6551966292134831 0.4058988764044944 0.6687734082397003 0.4120435393258427 0.6891385767790262 0.41081460674157305 0.6926498127340824 0.4020365168539326 0.6996722846441947 0.38781601123595505 0.7048220973782772 0.38360252808988765 0.7031835205992509 0.3788623595505618 0.6956928838951311 0.38009129213483145 0.6809456928838952 0.3862359550561798 0.663623595505618 0.39343398876404495 0.6558988764044944 0.40098314606741575 0.6528558052434457
1 0.5816941713483146 0.5598478464419476 0.030430126404494384 0.0351123595505618
1 0.5503862359550562 0.5610182584269663 0.026334269662921347 0.035891853932584275
1 0.5222963483146067 0.5586774344569289 0.023994030898876403 0.02965121722846442
1 0.49215765449438204 0.5578955992509363 0.022238412921348316 0.031210205992509368
1 0.46494557584269663 0.5551661985018727 0.03218574438202247 0.03199204119850187
1 0.4353932584269663 0.5559456928838952 0.028089887640449437 0.0351123595505618
1 0.4064255617977528 0.552434456928839 0.028674508426966294 0.03277153558052434
1 0.37570224719101125 0.5500936329588015 0.030430126404494384 0.035891853932584275
1 0.34497893258426965 0.5512640449438202 0.03218574438202247 0.03199204119850187
1 0.3127931882022472 0.5481437265917604 0.03569698033707865 0.033551029962546816
1 0.28616573033707865 0.5430711610486891 0.022238412921348316 0.035891853932584275
1 0.2612938904494382 0.5415098314606741 0.025163272471910116 0.03901451310861423
1 0.6460674157303371 0.575063202247191 0.023407654494382025 0.028089887640449437
1 0.6703528792134832 0.5668703183520599 0.023994030898876403 0.039794007490636704
1 0.699029143258427 0.571940543071161 0.03218574438202247 0.04057350187265918
1 0.6425561797752809 0.6066643258426967 0.021067415730337078 0.02886938202247191
1 0.6671348314606742 0.6082233146067415 0.02457865168539326 0.03667368913857678
1 0.6961025280898876 0.610564138576779 0.02750526685393258 0.03667368913857678
1 0.6937622893258427 0.652310393258427 0.03569698033707865 0.034332865168539325
1 0.6598191713483146 0.6468469101123595 0.02165203651685393 0.04525514981273408
1 0.6355337078651685 0.6495786516853933 0.02574964887640449 0.04135533707865168
1 0.6083216292134831 0.6491877340823969 0.031016502808988763 0.028089887640449437
1 0.5778915028089888 0.6460674157303371 0.025163272471910116 0.024969569288389514
1 0.5480459971910112 0.6445060861423221 0.028674508426966294 0.028089887640449437
1 0.5190783005617977 0.6437265917602997 0.028089887640449437 0.02184691011235955
1 0.4892327949438202 0.6437265917602997 0.030430126404494384 0.020287921348314607
1 0.45997191011235955 0.6351427902621722 0.03160112359550562 0.02965121722846442
1 0.4307110252808989 0.6328019662921348 0.02574964887640449 0.03277153558052434
1 0.39940308988764045 0.6277317415730337 0.029845505617977528 0.02886938202247191
1 0.3619504915730337 0.626561329588015 0.033356741573033706 0.031210205992509368
1 0.33386060393258427 0.6253909176029963 0.023994030898876403 0.033551029962546816
1 0.3048929073033708 0.6238295880149812 0.029260884831460672 0.033551029962546816
1 0.27680301966292137 0.6230500936329588 0.029260884831460672 0.0351123595505618
1 0.2516379915730337 0.6210978464419475 0.023407654494382025 0.034332865168539325
1 0.25134655898876407 0.6585510299625468 0.020482794943820225 0.03901451310861423
1 0.33532303370786515 0.6686961610486891 0.030430126404494384 0.042134831460674156
1 0.36575316011235953 0.6733778089887641 0.030430126404494384 0.04369616104868913
1 0.5182004915730337 0.6811797752808989 0.026334269662921347 0.03277153558052434
1 0.5802317415730337 0.6839115168539326 0.028674508426966294 0.04135533707865168
1 0.6115396769662921 0.6913225655430711 0.028089887640449437 0.04057350187265918
0 0.6683637640449438 0.6757958801498127 0.6785463483146067 0.6790730337078652 0.6859199438202247 0.6879681647940075 0.6887289325842697 0.7015449438202247 0.6869733146067416 0.7134831460674157 0.6820575842696629 0.7188670411985019 0.6736306179775281 0.7207397003745318 0.6657303370786517 0.7169943820224719 0.6613412921348315 0.711376404494382 0.657127808988764 0.6996722846441947 0.657127808988764 0.6858614232209738 0.659936797752809 0.6821161048689138 0.6581811797752809 0.6788389513108615 0.668188202247191 0.6760299625468165