0 0.42240168539325845 0.5807584269662921 0.4332865168539326 0.5915262172284644 0.43433988764044945 0.5999531835205992 0.43223314606741575 0.6072097378277154 0.4220505617977528 0.6139981273408239 0.4141502808988764 0.6104868913857678 0.40765449438202245 0.598314606741573 0.41344803370786515 0.5842696629213483 0.418188202247191 0.5802902621722846 0.4222261235955056 0.5807584269662921
0 0.4671699438202247 0.5786516853932584 0.47384129213483145 0.5852059925093633 0.47577247191011235 0.5976123595505618 0.47155898876404495 0.6090823970037453 0.4648876404494382 0.6123595505617978 0.45558286516853935 0.6095505617977528 0.45066713483146065 0.5976123595505618 0.4547050561797753 0.5840355805243446 0.4669943820224719 0.5786516853932584
0 0.581811797752809 0.36352996254681647 0.5890098314606742 0.3672752808988764 0.5933988764044944 0.37663857677902624 0.5918188202247191 0.39232209737827717 0.5849719101123596 0.3967696629213483 0.569873595505618 0.39185393258426965 0.5675912921348315 0.3801498127340824 0.5709269662921348 0.3682116104868914 0.5816362359550562 0.36352996254681647
0 0.5591643258426966 0.4056647940074906 0.5684691011235955 0.41385767790262173 0.5691713483146067 0.42181647940074907 0.5679424157303371 0.43211610486891383 0.557935393258427 0.44030898876404495 0.5465238764044944 0.4353932584269663 0.5435393258426966 0.41807116104868913 0.5452949438202247 0.4110486891385768 0.5488061797752809 0.4070692883895131 0.5589887640449438 0.4056647940074906
0 0.5261587078651685 0.4897003745318352 0.535814606741573 0.4969569288389513 0.5370435393258427 0.5126404494382022 0.5337078651685393 0.5208333333333334 0.5259831460674157 0.5243445692883895 0.5152738764044944 0.5194288389513109 0.5107092696629213 0.5053838951310862 0.5152738764044944 0.49391385767790263 0.5259831460674157 0.4897003745318352
0 0.36604634831460675 0.3099250936329588 0.37359550561797755 0.3176498127340824 0.375 0.32771535580524347 0.3709620786516854 0.3389513108614232 0.3634129213483146 0.34386704119850187 0.35849719101123595 0.3429307116104869 0.3532303370786517 0.33801498127340823 0.35042134831460675 0.324438202247191 0.3549859550561798 0.3136704119850187 0.3591994382022472 0.3103932584269663 0.36587078651685395 0.3099250936329588
0 0.46418539325842695 0.5348782771535581 0.47138342696629215 0.5383895131086143 0.47542134831460675 0.5465823970037453 0.4745435393258427 0.5592228464419475 0.47138342696629215 0.5653089887640449 0.4669943820224719 0.5681179775280899 0.4566362359550562 0.5657771535580525 0.4513693820224719 0.5538389513108615 0.45224719101123595 0.5426029962546817 0.46400983146067415 0.5348782771535581
0 0.3983497191011236 0.3125 0.40554775280898875 0.31788389513108617 0.4080056179775281 0.33169475655430714 0.40502106741573035 0.3403558052434457 0.39764747191011235 0.34480337078651685 0.3864115168539326 0.34176029962546817 0.3829002808988764 0.33590823970037453 0.382373595505618 0.32724719101123595 0.38606039325842695 0.31647940074906367 0.3981741573033708 0.3125
0 0.49543539325842695 0.39630149812734083 0.5010533707865169 0.40426029962546817 0.5031601123595506 0.4154962546816479 0.4996488764044944 0.4243913857677903 0.49157303370786515 0.4302434456928839 0.484375 0.42954119850187267 0.4799859550561798 0.425561797752809 0.477001404494382 0.4154962546816479 0.477001404494382 0.4044943820224719 0.4827949438202247 0.3972378277153558 0.49525983146067415 0.39630149812734083
0 0.4645365168539326 0.31086142322097376 0.47401685393258425 0.31788389513108617 0.4766502808988764 0.33169475655430714 0.47191011235955055 0.3441011235955056 0.46365870786516855 0.3476123595505618 0.45646067415730335 0.34573970037453183 0.45224719101123595 0.34152621722846443 0.45049157303370785 0.33848314606741575 0.45031601123595505 0.3279494382022472 0.4547050561797753 0.31530898876404495 0.4643609550561798 0.31086142322097376
0 0.45997191011235955 0.4854868913857678 0.46787219101123595 0.4901685393258427 0.4710323033707865 0.5049157303370787 0.46787219101123595 0.5163857677902621 0.45839185393258425 0.5205992509363296 0.4496137640449438 0.5180243445692884 0.4452247191011236 0.511938202247191 0.44417134831460675 0.5016385767790262 0.4496137640449438 0.488998127340824 0.45979634831460675 0.4854868913857678
0 0.6162219101123596 0.323501872659176 0.6227176966292135 0.32771535580524347 0.6262289325842697 0.336376404494382 0.6244733146067416 0.34808052434456926 0.6163974719101124 0.3579119850187266 0.6095505617977528 0.3574438202247191 0.6051615168539326 0.35369850187265917 0.6002457865168539 0.3419943820224719 0.6005969101123596 0.33403558052434457 0.6044592696629213 0.32724719101123595 0.6160463483146067 0.323501872659176
0 0.5879564606741573 0.32069288389513106 0.5956811797752809 0.3279494382022472 0.598314606741573 0.34222846441947563 0.5925210674157303 0.3565074906367041 0.585498595505618 0.3607209737827715 0.5770716292134831 0.35978464419475653 0.5704002808988764 0.3529962546816479 0.5688202247191011 0.33824906367041196 0.5709269662921348 0.32982209737827717 0.5746137640449438 0.32467228464419473 0.5814606741573034 0.32045880149812733 0.5877808988764045 0.32069288389513106
0 0.37043539325842695 0.6500468164794008 0.37816011235955055 0.6577715355805244 0.37833567415730335 0.6767322097378277 0.3734199438202247 0.68562734082397 0.363061797752809 0.6910112359550562 0.355688202247191 0.6891385767790262 0.3493679775280899 0.6821161048689138 0.3477879213483146 0.6650280898876404 0.35410814606741575 0.6528558052434457 0.3590238764044944 0.6502808988764045 0.37025983146067415 0.6500468164794008
0 0.3946629213483146 0.351123595505618 0.40326544943820225 0.3553370786516854 0.40695224719101125 0.36282771535580527 0.40625 0.37336142322097376 0.40326544943820225 0.38038389513108617 0.394311797752809 0.38506554307116103 0.3867626404494382 0.3827247191011236 0.3830758426966292 0.3771067415730337 0.3811446629213483 0.36235955056179775 0.38395365168539325 0.35580524344569286 0.3944873595505618 0.351123595505618
0 0.4315308988764045 0.4927434456928839 0.4392556179775281 0.49953183520599254 0.44048455056179775 0.5126404494382022 0.4353932584269663 0.5227059925093633 0.4297752808988764 0.5250468164794008 0.421875 0.5241104868913857 0.41467696629213485 0.5159176029962547 0.4141502808988764 0.5028089887640449 0.41485252808988765 0.49929775280898875 0.42064606741573035 0.49391385767790263 0.4313553370786517 0.4927434456928839
0 0.5540730337078652 0.3192883895131086 0.5607443820224719 0.3227996254681648 0.5646067415730337 0.3279494382022472 0.5663623595505618 0.33497191011235955 0.5639044943820225 0.3497191011235955 0.5607443820224719 0.3532303370786517 0.5554775280898876 0.3541666666666667 0.5444171348314607 0.3497191011235955 0.5403792134831461 0.3403558052434457 0.5421348314606742 0.3274812734082397 0.5484550561797753 0.32045880149812733 0.5538974719101124 0.3192883895131086
0 0.4592696629213483 0.3529962546816479 0.46611657303370785 0.35931647940074907 0.46734550561797755 0.3698501872659176 0.461376404494382 0.3822565543071161 0.45452949438202245 0.3852996254681648 0.4450491573033708 0.3817883895131086 0.44224016853932585 0.37312734082397003 0.44224016853932585 0.36282771535580527 0.44856039325842695 0.3539325842696629 0.4590941011235955 0.3529962546816479
0 0.5254564606741573 0.4122191011235955 0.5342345505617978 0.41807116104868913 0.5375702247191011 0.4323501872659176 0.5331811797752809 0.44335205992509363 0.5251053370786517 0.44662921348314605 0.5149227528089888 0.4431179775280899 0.5114115168539326 0.43562734082397003 0.5108848314606742 0.4286048689138577 0.5158005617977528 0.41385767790262173 0.5252808988764045 0.4122191011235955
0 0.39764747191011235 0.4875936329588015 0.4064255617977528 0.4936797752808989 0.40941011235955055 0.5 0.4097612359550562 0.5084269662921348 0.40765449438202245 0.5163857677902621 0.39747191011235955 0.5224719101123596 0.386938202247191 0.5182584269662921 0.38377808988764045 0.5086610486891385 0.38570926966292135 0.4943820224719101 0.390625 0.48946629213483145 0.39747191011235955 0.4875936329588015
0 0.425561797752809 0.40472846441947563 0.43486657303370785 0.40941011235955055 0.43995786516853935 0.4211142322097378 0.43697331460674155 0.43258426966292135 0.42907303370786515 0.43773408239700373 0.4183637640449438 0.4349250936329588 0.41485252808988765 0.4243913857677903 0.41713483146067415 0.41058052434456926 0.4253862359550562 0.40472846441947563
0 0.5228230337078652 0.31273408239700373 0.5298455056179775 0.31530898876404495 0.5365168539325843 0.32397003745318353 0.5373946629213483 0.32841760299625467 0.5361657303370787 0.34058988764044945 0.5330056179775281 0.3410580524344569 0.5330056179775281 0.34597378277153557 0.5261587078651685 0.3518258426966292 0.5117626404494382 0.34527153558052437 0.508251404494382 0.3389513108614232 0.5114115168539326 0.3211610486891386 0.5152738764044944 0.3157771535580524 0.5226474719101124 0.31273408239700373
0 0.4633075842696629 0.39864232209737827 0.47120786516853935 0.4054307116104869 0.4727879213483146 0.4187734082397004 0.47155898876404495 0.4241573033707865 0.4671699438202247 0.42954119850187267 0.46032303370786515 0.4323501872659176 0.4513693820224719 0.425561797752809 0.44838483146067415 0.4187734082397004 0.44803370786516855 0.4112827715355805 0.45400280898876405 0.399812734082397 0.4631320224719101 0.39864232209737827
0 0.491748595505618 0.35603932584269665 0.4998244382022472 0.3618913857677903 0.5033356741573034 0.37336142322097376 0.5 0.38717228464419473 0.49139747191011235 0.3920880149812734 0.4808637640449438 0.386001872659176 0.4782303370786517 0.37429775280898875 0.47945926966292135 0.36657303370786515 0.48349719101123595 0.35884831460674155 0.49157303370786515 0.35603932584269665
0 0.397998595505618 0.3960674157303371 0.40677668539325845 0.40098314606741575 0.41151685393258425 0.40823970037453183 0.41134129213483145 0.41830524344569286 0.40888342696629215 0.42579588014981273 0.4044943820224719 0.4302434456928839 0.39957865168539325 0.4311797752808989 0.3886938202247191 0.4288389513108614 0.3846558988764045 0.42158239700374533 0.38395365168539325 0.412687265917603 0.3848314606741573 0.4044943820224719 0.38746488764044945 0.4002808988764045 0.3908005617977528 0.3967696629213483 0.39782303370786515 0.3960674157303371
0 0.3734199438202247 0.5184925093632958 0.3811446629213483 0.525749063670412 0.38395365168539325 0.5411985018726592 0.3806179775280899 0.5500936329588015 0.3732443820224719 0.5557116104868914 0.3655196629213483 0.5538389513108615 0.35814606741573035 0.5472846441947565 0.3576193820224719 0.5440074906367042 0.3614817415730337 0.5259831460674157 0.36622191011235955 0.5210674157303371 0.3732443820224719 0.5184925093632958
0 0.4922752808988764 0.4897003745318352 0.4996488764044944 0.49625468164794007 0.5021067415730337 0.5088951310861424 0.4980688202247191 0.5196629213483146 0.4898174157303371 0.5241104868913857 0.4840238764044944 0.5231741573033708 0.47735252808988765 0.5159176029962547 0.4766502808988764 0.5009363295880149 0.4822682584269663 0.4911048689138577 0.4920997191011236 0.4897003745318352
0 0.40519662921348315 0.5278558052434457 0.4125702247191011 0.5325374531835206 0.4164325842696629 0.5435393258426966 0.41309691011235955 0.5547752808988764 0.4046699438202247 0.5620318352059925 0.39571629213483145 0.5585205992509363 0.3925561797752809 0.5538389513108615 0.3904494382022472 0.5433052434456929 0.39536516853932585 0.5323033707865169 0.40502106741573035 0.5278558052434457
0 0.36464185393258425 0.34901685393258425 0.37201544943820225 0.35510299625468167 0.375 0.36352996254681647 0.37447331460674155 0.37265917602996257 0.37201544943820225 0.3775749063670412 0.36393960674157305 0.38342696629213485 0.35621488764044945 0.3813202247191011 0.35235252808988765 0.3775749063670412 0.3493679775280899 0.36563670411985016 0.35094803370786515 0.3562734082397004 0.3539325842696629 0.35159176029962547 0.359375 0.3485486891385768 0.36446629213483145 0.34901685393258425
0 0.4260884831460674 0.3508895131086142 0.43644662921348315 0.3595505617977528 0.4376755617977528 0.3703183520599251 0.4334620786516854 0.3806179775280899 0.425561797752809 0.38459737827715357 0.4183637640449438 0.38295880149812733 0.414501404494382 0.37874531835205993 0.4123946629213483 0.36563670411985016 0.4162570224719101 0.35463483146067415 0.4259129213483146 0.3508895131086142
0 0.3634129213483146 0.5594569288389513 0.3711376404494382 0.5639044943820225 0.3765800561797753 0.5704588014981273 0.3771067415730337 0.574438202247191 0.3769311797752809 0.5786516853932584 0.3714887640449438 0.5877808988764045 0.3634129213483146 0.5924625468164794 0.35867275280898875 0.5905898876404494 0.3553370786516854 0.5856741573033708 0.3514747191011236 0.5781835205992509 0.35059691011235955 0.5713951310861424 0.3553370786516854 0.5599250936329588 0.3632373595505618 0.5594569288389513
0 0.5301966292134831 0.4515449438202247 0.5368679775280899 0.4545880149812734 0.5409058988764045 0.4669943820224719 0.5377457865168539 0.48057116104868913 0.530372191011236 0.4854868913857678 0.5221207865168539 0.48408239700374533 0.5152738764044944 0.47425093632958804 0.5170294943820225 0.4585674157303371 0.5222963483146067 0.45318352059925093 0.5300210674157303 0.4515449438202247
0 0.4959620786516854 0.311563670411985 0.5035112359550562 0.3171816479400749 0.5061446629213483 0.33146067415730335 0.5024578651685393 0.3403558052434457 0.49508426966292135 0.3445692883895131 0.4882373595505618 0.3431647940074906 0.48349719101123595 0.3389513108614232 0.48191713483146065 0.3213951310861423 0.4861306179775281 0.3136704119850187 0.4957865168539326 0.311563670411985
0 0.40326544943820225 0.4440543071161049 0.41116573033707865 0.44967228464419473 0.41292134831460675 0.4618445692883895 0.40888342696629215 0.47331460674157305 0.40150983146067415 0.4777621722846442 0.3904494382022472 0.47191011235955055 0.3867626404494382 0.46301498127340823 0.39132724719101125 0.44897003745318353 0.40308988764044945 0.4440543071161049
0 0.4357443820224719 0.5351123595505618 0.44259129213483145 0.5395599250936329 0.444873595505618 0.5575842696629213 0.44241573033707865 0.5653089887640449 0.43258426966292135 0.5702247191011236 0.4241573033707865 0.5667134831460674 0.42047050561797755 0.5608614232209738 0.41924157303370785 0.5533707865168539 0.42082162921348315 0.5444756554307116 0.42521067415730335 0.5383895131086143 0.4355688202247191 0.5351123595505618
0 0.36973314606741575 0.47869850187265917 0.37780898876404495 0.4859550561797753 0.38149578651685395 0.49765917602996257 0.375 0.5145131086142322 0.35849719101123595 0.5114700374531835 0.35077247191011235 0.5051498127340824 0.3553370786516854 0.488061797752809 0.3628862359550562 0.4803370786516854 0.3695575842696629 0.47869850187265917
0 0.43504213483146065 0.45435393258426965 0.44276685393258425 0.46301498127340823 0.4432935393258427 0.4735486891385768 0.4357443820224719 0.48478464419475653 0.42872191011235955 0.48618913857677903 0.4238061797752809 0.4850187265917603 0.42047050561797755 0.48057116104868913 0.4178370786516854 0.47331460674157305 0.4174859550561798 0.46348314606741575 0.42433286516853935 0.45529026217228463 0.43486657303370785 0.45435393258426965
0 0.36271067415730335 0.43703183520599254 0.3730688202247191 0.44147940074906367 0.37622893258426965 0.45271535580524347 0.37394662921348315 0.46324906367041196 0.36393960674157305 0.47191011235955055 0.3534058988764045 0.4674625468164794 0.3497191011235955 0.4538857677902622 0.35287921348314605 0.4421816479400749 0.36253511235955055 0.43703183520599254
0 0.4297752808988764 0.31530898876404495 0.43679775280898875 0.3202247191011236 0.44048455056179775 0.33239700374531833 0.43837780898876405 0.3431647940074906 0.43223314606741575 0.3487827715355805 0.42099719101123595 0.34620786516853935 0.41695926966292135 0.34222846441947563 0.4141502808988764 0.33403558052434457 0.4143258426966292 0.3274812734082397 0.4183637640449438 0.3190543071161049 0.42485955056179775 0.31484082397003743 0.4295997191011236 0.31530898876404495
0 0.6162219101123596 0.36446629213483145 0.6232443820224719 0.36797752808988765 0.6281601123595506 0.37640449438202245 0.6276334269662921 0.3874063670411985 0.6248244382022472 0.3934925093632959 0.6195575842696629 0.397940074906367 0.610252808988764 0.39840823970037453 0.6042837078651685 0.39279026217228463 0.6021769662921348 0.386938202247191 0.6016502808988764 0.37312734082397003 0.6097261235955056 0.3661048689138577 0.6160463483146067 0.3647003745318352
0 0.49912219101123595 0.533941947565543 0.5052668539325843 0.5411985018726592 0.5063202247191011 0.5543071161048689 0.5024578651685393 0.5646067415730337 0.49508426966292135 0.5681179775280899 0.48349719101123595 0.5617977528089888 0.4803370786516854 0.5540730337078652 0.480688202247191 0.547752808988764 0.48542837078651685 0.5374531835205992 0.49894662921348315 0.533941947565543
0 0.3734199438202247 0.6093164794007491 0.3813202247191011 0.6186797752808989 0.3829002808988764 0.6301498127340824 0.38009129213483145 0.6413857677902621 0.36973314606741575 0.6467696629213483 0.35884831460674155 0.6439606741573034 0.35691713483146065 0.6219569288389513 0.3595505617977528 0.6163389513108615 0.3732443820224719 0.6093164794007491
0 0.49947331460674155 0.44756554307116103 0.5047401685393258 0.450374531835206 0.5086025280898876 0.45552434456928836 0.5093047752808989 0.460440074906367 0.5066713483146067 0.477059925093633 0.5022823033707865 0.48267790262172283 0.49754213483146065 0.4845505617977528 0.49122191011235955 0.4836142322097378 0.4841994382022472 0.4772940074906367 0.48191713483146065 0.46324906367041196 0.4841994382022472 0.45552434456928836 0.48911516853932585 0.44967228464419473 0.49929775280898875 0.44756554307116103
0 0.5860252808988764 0.40613295880149813 0.5926966292134831 0.41058052434456926 0.5958567415730337 0.42181647940074907 0.5925210674157303 0.4318820224719101 0.5853230337078652 0.43796816479400746 0.5768960674157303 0.4363295880149813 0.5723314606741573 0.4323501872659176 0.5714536516853933 0.42790262172284643 0.5733848314606742 0.41151685393258425 0.578125 0.40730337078651685 0.5858497191011236 0.40613295880149813
0 0.5194873595505618 0.36142322097378277 0.526685393258427 0.3663389513108614 0.5301966292134831 0.37336142322097376 0.5301966292134831 0.3782771535580524 0.526685393258427 0.3916198501872659 0.5191362359550562 0.39653558052434457 0.5086025280898876 0.39279026217228463 0.5042134831460674 0.3827247191011236 0.508251404494382 0.36657303370786515 0.519311797752809 0.36142322097378277
0 0.3706109550561798 0.3967696629213483 0.3792134831460674 0.40472846441947563 0.3809691011235955 0.4147940074906367 0.37780898876404495 0.4262640449438202 0.36990870786516855 0.4307116104868914 0.3595505617977528 0.42743445692883897 0.35621488764044945 0.42181647940074907 0.35481039325842695 0.4112827715355805 0.35674157303370785 0.40426029962546817 0.3614817415730337 0.3991104868913858 0.37043539325842695 0.3967696629213483
0 0.5466994382022472 0.363998127340824 0.5582865168539326 0.37102059925093633 0.5612710674157303 0.3792134831460674 0.5598665730337079 0.39068352059925093 0.5574087078651685 0.3937265917602996 0.5435393258426966 0.398876404494382 0.5387991573033708 0.39630149812734083 0.5352879213483146 0.3895131086142322 0.5352879213483146 0.37312734082397003 0.5466994382022472 0.3642322097378277
0 0.46541432584269665 0.4426498127340824 0.4703300561797753 0.44545880149812733 0.4750702247191011 0.4529494382022472 0.4768258426966292 0.46722846441947563 0.47208567415730335 0.47495318352059923 0.4647120786516854 0.47963483146067415 0.45979634831460675 0.4794007490636704 0.45242275280898875 0.47425093632958804 0.44856039325842695 0.45997191011235955 0.45259831460674155 0.4482677902621723 0.45997191011235955 0.44241573033707865 0.4652387640449438 0.4426498127340824
0 0.3904494382022472 0.5706928838951311 0.39764747191011235 0.5751404494382022 0.40168539325842695 0.5816947565543071 0.40379213483146065 0.5945692883895131 0.4022120786516854 0.6022940074906367 0.39747191011235955 0.6072097378277154 0.3902738764044944 0.6097846441947565 0.37956460674157305 0.6020599250936329 0.37833567415730335 0.5943352059925093 0.37991573033707865 0.5830992509363296 0.386938202247191 0.572565543071161 0.3902738764044944 0.5709269662921348
2 0.6378744733146068 0.3097689606741573 0.3481655547752809 0.3050812265917603 0.34162078651685396 0.6932771535580524 0.6337048806179776 0.7000313670411985
1 0.6144803370786517 0.5487757490636704 0.033969452247191015 0.2954307116104869
1 0.5857250702247191 0.5703417602996255 0.09115870786516854 0.24492977528089885
1 0.5700070224719102 0.6105852059925094 0.12409585674157304 0.1677996254681648
1 0.5544259129213484 0.6284714419475655 0.15379740168539324 0.12398408239700374
1 0.5068100421348315 0.6522659176029962 0.2481706460674157 0.08418539325842696