0 0.42661516853932585 0.6383426966292135 0.430126404494382 0.6484082397003745 0.4311797752808989 0.6650280898876404 0.4236306179775281 0.6753277153558053 0.4080056179775281 0.6816479400749064 0.40168539325842695 0.6786048689138576 0.3981741573033708 0.6718164794007491 0.40344101123595505 0.6437265917602997 0.41467696629213485 0.637874531835206 0.42643960674157305 0.6383426966292135
0 0.503686797752809 0.3082865168539326 0.5091292134831461 0.3125 0.5126404494382022 0.32162921348314605 0.5086025280898876 0.33824906367041196 0.5019311797752809 0.34152621722846443 0.4943820224719101 0.3408239700374532 0.48771067415730335 0.33590823970037453 0.48542837078651685 0.324438202247191 0.49139747191011235 0.31062734082397003 0.4978932584269663 0.30758426966292135 0.5035112359550562 0.3082865168539326
0 0.43697331460674155 0.4344569288389513 0.44206460674157305 0.43562734082397003 0.4410112359550562 0.43913857677902624 0.4496137640449438 0.4461610486891386 0.4529494382022472 0.4562265917602996 0.45259831460674155 0.46348314606741575 0.45172050561797755 0.47027153558052437 0.44785814606741575 0.4777621722846442 0.43223314606741575 0.48829588014981273 0.4199438202247191 0.47237827715355807 0.42134831460674155 0.44499063670411987 0.42310393258426965 0.43562734082397003 0.43679775280898875 0.4344569288389513
0 0.620435393258427 0.36352996254681647 0.6267556179775281 0.36493445692883897 0.6304424157303371 0.3686797752808989 0.6341292134831461 0.3806179775280899 0.6283356741573034 0.39630149812734083 0.6170997191011236 0.40004681647940077 0.6127106741573034 0.3993445692883895 0.6074438202247191 0.39442883895131087 0.6051615168539326 0.3794475655430712 0.6107794943820225 0.36750936329588013 0.6202598314606742 0.36352996254681647
0 0.592872191011236 0.31952247191011235 0.5998946629213483 0.32467228464419473 0.6035814606741573 0.33286516853932585 0.6037570224719101 0.3408239700374532 0.5986657303370787 0.3539325842696629 0.5884831460674157 0.36025280898876405 0.5816362359550562 0.3586142322097378 0.5760182584269663 0.35346441947565543 0.5739115168539326 0.33754681647940077 0.5800561797752809 0.3232677902621723 0.5849719101123596 0.31952247191011235 0.5926966292134831 0.31952247191011235
0 0.5774227528089888 0.4482677902621723 0.5916432584269663 0.4529494382022472 0.594627808988764 0.4597378277153558 0.5932233146067416 0.4794007490636704 0.5849719101123596 0.48735955056179775 0.5767205056179775 0.4854868913857678 0.5696980337078652 0.477059925093633 0.5677668539325843 0.4705056179775281 0.5672401685393258 0.4524812734082397 0.577247191011236 0.4482677902621723
0 0.5370435393258427 0.35159176029962547 0.5438904494382022 0.3544007490636704 0.5495084269662921 0.3661048689138577 0.547752808988764 0.3801498127340824 0.5405547752808989 0.39068352059925093 0.5377457865168539 0.3916198501872659 0.5294943820224719 0.3904494382022472 0.522998595505618 0.38038389513108617 0.5224719101123596 0.37125468164794007 0.5252808988764045 0.3595505617977528 0.5287921348314607 0.35510299625468167 0.5368679775280899 0.35159176029962547
0 0.5605688202247191 0.6125936329588015 0.5675912921348315 0.62312734082397 0.5686446629213483 0.6336610486891385 0.5647823033707865 0.6474719101123596 0.5577598314606742 0.6523876404494382 0.5509129213483146 0.6509831460674157 0.5438904494382022 0.6437265917602997 0.542310393258427 0.6266385767790262 0.546875 0.6196161048689138 0.5456460674157303 0.6161048689138576 0.5603932584269663 0.6125936329588015
0 0.37043539325842695 0.3012640449438202 0.3767556179775281 0.30430711610486894 0.38149578651685395 0.31062734082397003 0.38342696629213485 0.32514044943820225 0.38149578651685395 0.3321629213483146 0.37833567415730335 0.335440074906367 0.36657303370786515 0.33707865168539325 0.35814606741573035 0.33192883895131087 0.3558637640449438 0.31413857677902624 0.36007724719101125 0.3038389513108614 0.37025983146067415 0.3012640449438202
0 0.49157303370786515 0.6065074906367042 0.4984199438202247 0.6095505617977528 0.5021067415730337 0.6257022471910112 0.49877106741573035 0.6411516853932584 0.49157303370786515 0.6465355805243446 0.4840238764044944 0.6458333333333334 0.47770365168539325 0.641619850187266 0.4743679775280899 0.6306179775280899 0.477001404494382 0.6151685393258427 0.484375 0.6076779026217228 0.49139747191011235 0.6065074906367042
0 0.40133426966292135 0.3036048689138577 0.4120435393258427 0.3094569288389513 0.41467696629213485 0.3223314606741573 0.41151685393258425 0.33286516853932585 0.40115870786516855 0.3387172284644195 0.3941362359550562 0.3366104868913858 0.38992275280898875 0.33146067415730335 0.3888693820224719 0.32514044943820225 0.3902738764044944 0.30969101123595505 0.3941362359550562 0.30500936329588013 0.40115870786516855 0.3036048689138577
0 0.5301966292134831 0.4386704119850187 0.5377457865168539 0.44358614232209737 0.5409058988764045 0.4585674157303371 0.5363412921348315 0.47073970037453183 0.5294943820224719 0.47542134831460675 0.5172050561797753 0.47237827715355807 0.5142205056179775 0.4637172284644195 0.5142205056179775 0.4559925093632959 0.5154494382022472 0.4482677902621723 0.5205407303370787 0.4410112359550562 0.5300210674157303 0.4386704119850187
0 0.49473314606741575 0.39325842696629215 0.5019311797752809 0.3958333333333333 0.5068469101123596 0.4012172284644195 0.5080758426966292 0.4157303370786517 0.5052668539325843 0.4243913857677903 0.5015800561797753 0.42813670411985016 0.49104634831460675 0.4297752808988764 0.48349719101123595 0.4225187265917603 0.48156601123595505 0.41292134831460675 0.4824438202247191 0.40426029962546817 0.48718398876404495 0.3967696629213483 0.4945575842696629 0.3934925093632959
0 0.43627106741573035 0.5580524344569289 0.4434691011235955 0.5615636704119851 0.44785814606741575 0.5749063670411985 0.44434691011235955 0.5898876404494382 0.4359199438202247 0.5971441947565543 0.42872191011235955 0.5957397003745318 0.42099719101123595 0.5884831460674157 0.41889044943820225 0.5699906367041199 0.4215238764044944 0.56062734082397 0.43609550561797755 0.5580524344569289
0 0.5960323033707865 0.5283239700374532 0.5991924157303371 0.5290262172284644 0.6028792134831461 0.5341760299625468 0.6023525280898876 0.5622659176029963 0.5955056179775281 0.5713951310861424 0.5886587078651685 0.572565543071161 0.5839185393258427 0.5723314606741573 0.5786516853932584 0.5676498127340824 0.5740870786516854 0.5566479400749064 0.574438202247191 0.5465823970037453 0.5779494382022472 0.5372191011235955 0.5830407303370787 0.5327715355805244 0.5958567415730337 0.5283239700374532
0 0.4608497191011236 0.3146067415730337 0.4706811797752809 0.3167134831460674 0.47524578651685395 0.32092696629213485 0.4784058988764045 0.3387172284644195 0.47401685393258425 0.3506554307116105 0.4566362359550562 0.3600187265917603 0.45224719101123595 0.35978464419475653 0.44610252808988765 0.35346441947565543 0.44452247191011235 0.34480337078651685 0.4487359550561798 0.32256554307116103 0.4548806179775281 0.3160112359550562 0.4606741573033708 0.3146067415730337
0 0.5893609550561798 0.3609550561797753 0.5960323033707865 0.363998127340824 0.6002457865168539 0.36961610486891383 0.6025280898876404 0.38717228464419473 0.5960323033707865 0.39957865168539325 0.579002808988764 0.40823970037453183 0.5746137640449438 0.4075374531835206 0.5675912921348315 0.399812734082397 0.5663623595505618 0.38670411985018727 0.5770716292134831 0.36540262172284643 0.5816362359550562 0.3618913857677903 0.589185393258427 0.3609550561797753
0 0.613061797752809 0.45318352059925093 0.6197331460674157 0.45341760299625467 0.6283356741573034 0.4705056179775281 0.6232443820224719 0.4845505617977528 0.609375 0.488998127340824 0.6009480337078652 0.4824438202247191 0.5998946629213483 0.46676029962546817 0.6025280898876404 0.45786516853932585 0.6128862359550562 0.45318352059925093
0 0.5245786516853933 0.6514513108614233 0.5300210674157303 0.6584737827715356 0.5330056179775281 0.6720505617977528 0.5296699438202247 0.6837546816479401 0.5258075842696629 0.6877340823970037 0.5194873595505618 0.68937265917603 0.511938202247191 0.6865636704119851 0.5080758426966292 0.6804775280898876 0.5068469101123596 0.6612827715355806 0.5087780898876404 0.6563670411985019 0.5142205056179775 0.6530898876404494 0.5244030898876404 0.6514513108614233
0 0.6221910112359551 0.323501872659176 0.6300912921348315 0.3256086142322097 0.6348314606741573 0.34129213483146065 0.6346558988764045 0.34901685393258425 0.6318469101123596 0.3562734082397004 0.6237710674157303 0.36282771535580527 0.6091994382022472 0.36235955056179775 0.6014747191011236 0.35603932584269665 0.6053370786516854 0.3345037453183521 0.608497191011236 0.32841760299625467 0.6142907303370787 0.3237359550561798 0.6220154494382022 0.323501872659176
0 0.3597261235955056 0.6411516853932584 0.37025983146067415 0.6467696629213483 0.37412219101123595 0.6580056179775281 0.3672752808988764 0.675561797752809 0.35674157303370785 0.6804775280898876 0.34691011235955055 0.6764981273408239 0.3433988764044944 0.6610486891385767 0.34901685393258425 0.6463014981273408 0.3595505617977528 0.6411516853932584
0 0.37377106741573035 0.4777621722846442 0.3772823033707865 0.4789325842696629 0.38026685393258425 0.48431647940074907 0.38219803370786515 0.5084269662921348 0.3732443820224719 0.5201310861423221 0.36411516853932585 0.5262172284644194 0.3516502808988764 0.5191947565543071 0.35235252808988765 0.49836142322097376 0.3555126404494382 0.48782771535580527 0.3591994382022472 0.4836142322097378 0.36657303370786515 0.47869850187265917 0.37359550561797755 0.4777621722846442
0 0.5617977528089888 0.31788389513108617 0.5684691011235955 0.32420411985018727 0.5716292134831461 0.3377808988764045 0.5658356741573034 0.350187265917603 0.5577598314606742 0.3541666666666667 0.5482794943820225 0.3476123595505618 0.5452949438202247 0.3342696629213483 0.5489817415730337 0.32303370786516855 0.5568820224719101 0.31741573033707865 0.561622191011236 0.31788389513108617
0 0.5832162921348315 0.49063670411985016 0.59375 0.49812734082397003 0.5969101123595506 0.5051498127340824 0.5972612359550562 0.5161516853932584 0.5925210674157303 0.5259831460674157 0.582689606741573 0.5308988764044944 0.5765449438202247 0.5294943820224719 0.5711025280898876 0.5245786516853933 0.5693469101123596 0.5049157303370787 0.5723314606741573 0.49414794007490637 0.5830407303370787 0.49063670411985016
0 0.42889747191011235 0.513810861423221 0.4375 0.5189606741573034 0.4410112359550562 0.5287921348314607 0.44013342696629215 0.5390917602996255 0.43627106741573035 0.5447097378277154 0.42889747191011235 0.5491573033707865 0.4176615168539326 0.5440074906367042 0.4139747191011236 0.5362827715355806 0.414501404494382 0.5262172284644194 0.41713483146067415 0.5196629213483146 0.4216994382022472 0.5149812734082397 0.42872191011235955 0.513810861423221
0 0.4705056179775281 0.3960674157303371 0.47735252808988765 0.40262172284644193 0.4780547752808989 0.4286048689138577 0.47384129213483145 0.43679775280898875 0.4643609550561798 0.4407771535580524 0.4566362359550562 0.4396067415730337 0.45224719101123595 0.43258426966292135 0.45031601123595505 0.42579588014981273 0.4508426966292135 0.4112827715355805 0.4527738764044944 0.4049625468164794 0.45997191011235955 0.3960674157303371 0.4703300561797753 0.3960674157303371
0 0.5791783707865169 0.6463014981273408 0.5904143258426966 0.6537921348314607 0.59375 0.6720505617977528 0.5872542134831461 0.68562734082397 0.5695224719101124 0.6898408239700374 0.5637289325842697 0.6898408239700374 0.5600421348314607 0.6865636704119851 0.5563553370786517 0.6790730337078652 0.5565308988764045 0.6718164794007491 0.5675912921348315 0.6493445692883895 0.579002808988764 0.6463014981273408
0 0.4081811797752809 0.5500936329588015 0.4155547752808989 0.5603932584269663 0.4157303370786517 0.5784176029962547 0.41134129213483145 0.5859082397003745 0.39747191011235955 0.5912921348314607 0.386938202247191 0.5870786516853933 0.38360252808988765 0.5816947565543071 0.3844803370786517 0.574438202247191 0.3904494382022472 0.5554775280898876 0.39957865168539325 0.5500936329588015 0.4080056179775281 0.5500936329588015
0 0.5342345505617978 0.31015917602996257 0.5407303370786517 0.3171816479400749 0.5433637640449438 0.32420411985018727 0.5414325842696629 0.33801498127340823 0.5368679775280899 0.3455056179775281 0.5226474719101124 0.3529962546816479 0.5194873595505618 0.3522940074906367 0.5189606741573034 0.34808052434456926 0.515625 0.3497191011235955 0.5121137640449438 0.34129213483146065 0.5138693820224719 0.32092696629213485 0.5208918539325843 0.311563670411985 0.5340589887640449 0.31015917602996257
0 0.40484550561797755 0.39068352059925093 0.4155547752808989 0.39536516853932585 0.4201193820224719 0.4066011235955056 0.41853932584269665 0.4204119850187266 0.41502808988764045 0.42602996254681647 0.4080056179775281 0.43047752808988765 0.39747191011235955 0.42743445692883897 0.390625 0.41502808988764045 0.3923806179775281 0.40098314606741575 0.4046699438202247 0.39068352059925093
0 0.38588483146067415 0.6062734082397003 0.39132724719101125 0.6067415730337079 0.3948384831460674 0.6107209737827716 0.39922752808988765 0.6271067415730337 0.39747191011235955 0.639747191011236 0.38781601123595505 0.6477059925093633 0.38412921348314605 0.6481741573033708 0.3730688202247191 0.6411516853932584 0.37183988764044945 0.6266385767790262 0.37552668539325845 0.6128277153558053 0.38026685393258425 0.6079119850187266 0.38570926966292135 0.6062734082397003
0 0.5516151685393258 0.5664794007490637 0.5637289325842697 0.5716292134831461 0.5682935393258427 0.5814606741573034 0.567064606741573 0.5957397003745318 0.5621488764044944 0.6025280898876404 0.5572331460674157 0.6044007490636704 0.5428370786516854 0.5999531835205992 0.5393258426966292 0.5959737827715356 0.5398525280898876 0.5723314606741573 0.5435393258426966 0.5669475655430711 0.551439606741573 0.5664794007490637
0 0.624122191011236 0.4913389513108614 0.6299157303370787 0.4953183520599251 0.633251404494382 0.5016385767790262 0.6339536516853933 0.5154494382022472 0.6300912921348315 0.5231741573033708 0.6206109550561798 0.526685393258427 0.609375 0.5222378277153558 0.6083216292134831 0.5067883895131086 0.6123595505617978 0.4974250936329588 0.6239466292134831 0.4913389513108614
0 0.4155547752808989 0.5955056179775281 0.4220505617977528 0.5959737827715356 0.4339887640449438 0.6022940074906367 0.4394311797752809 0.6118913857677902 0.4394311797752809 0.6198501872659176 0.43644662921348315 0.6271067415730337 0.429248595505618 0.6327247191011236 0.4118679775280899 0.6308520599250936 0.4046699438202247 0.6219569288389513 0.40361657303370785 0.6154026217228464 0.40695224719101125 0.6018258426966292 0.41537921348314605 0.5955056179775281
0 0.37025983146067415 0.425561797752809 0.3765800561797753 0.4288389513108614 0.3809691011235955 0.43515917602996257 0.3811446629213483 0.44803370786516855 0.37587780898876405 0.45997191011235955 0.3672752808988764 0.462312734082397 0.3597261235955056 0.4606741573033708 0.3555126404494382 0.45669475655430714 0.3530547752808989 0.4417134831460674 0.3558637640449438 0.4307116104868914 0.37008426966292135 0.425561797752809
0 0.39782303370786515 0.43141385767790263 0.41134129213483145 0.43562734082397003 0.4176615168539326 0.44592696629213485 0.41731039325842695 0.4606741573033708 0.41467696629213485 0.4700374531835206 0.4046699438202247 0.4737827715355805 0.39308286516853935 0.4681647940074906 0.38974719101123595 0.46348314606741575 0.38728932584269665 0.4529494382022472 0.3864115168539326 0.4419475655430712 0.3871137640449438 0.43937265917602997 0.3904494382022472 0.4400749063670412 0.3909761235955056 0.4363295880149813 0.3871137640449438 0.4386704119850187 0.3871137640449438 0.43469101123595505 0.3904494382022472 0.43164794007490637 0.39764747191011235 0.43141385767790263
0 0.3672752808988764 0.5601591760299626 0.37183988764044945 0.5641385767790262 0.37377106741573035 0.5816947565543071 0.3707865168539326 0.5924625468164794 0.3628862359550562 0.5990168539325843 0.3498946629213483 0.5952715355805244 0.3472612359550562 0.5922284644194756 0.3453300561797753 0.5833333333333334 0.347436797752809 0.5716292134831461 0.3516502808988764 0.5655430711610487 0.3591994382022472 0.5601591760299626 0.3670997191011236 0.5601591760299626
0 0.6232443820224719 0.5306647940074907 0.6318469101123596 0.537687265917603 0.6350070224719101 0.5500936329588015 0.6316713483146067 0.5641385767790262 0.6232443820224719 0.5699906367041199 0.6151685393258427 0.5683520599250936 0.6069171348314607 0.56062734082397 0.6051615168539326 0.5470505617977528 0.6058637640449438 0.5381554307116105 0.6090238764044944 0.5334737827715356 0.6230688202247191 0.5306647940074907
0 0.557935393258427 0.5252808988764045 0.5667134831460674 0.5325374531835206 0.5709269662921348 0.5430711610486891 0.5681179775280899 0.5564138576779026 0.5589887640449438 0.5629681647940075 0.5538974719101124 0.5629681647940075 0.5458216292134831 0.5573501872659176 0.5419592696629213 0.5433052434456929 0.5433637640449438 0.5327715355805244 0.5466994382022472 0.5290262172284644 0.5577598314606742 0.5252808988764045
0 0.5087780898876404 0.3487827715355805 0.5175561797752809 0.35580524344569286 0.5205407303370787 0.36235955056179775 0.5208918539325843 0.3698501872659176 0.5158005617977528 0.3836610486891386 0.5087780898876404 0.39091760299625467 0.5026334269662921 0.39232209737827717 0.4945575842696629 0.39091760299625467 0.49104634831460675 0.386938202247191 0.48893960674157305 0.37336142322097376 0.4899929775280899 0.36235955056179775 0.49719101123595505 0.3522940074906367 0.5086025280898876 0.3487827715355805
0 0.49157303370786515 0.5613295880149812 0.5015800561797753 0.5646067415730337 0.5075491573033708 0.5809925093632958 0.5066713483146067 0.5889513108614233 0.5031601123595506 0.5957397003745318 0.49490870786516855 0.6006554307116105 0.4845505617977528 0.5978464419475655 0.47963483146067415 0.586376404494382 0.4808637640449438 0.5709269662921348 0.4847261235955056 0.5641385767790262 0.49139747191011235 0.5613295880149812
0 0.39747191011235955 0.47495318352059923 0.4060744382022472 0.4772940074906367 0.41099016853932585 0.48431647940074907 0.41116573033707865 0.49812734082397003 0.4043188202247191 0.5084269662921348 0.3962429775280899 0.510065543071161 0.38588483146067415 0.5049157303370787 0.3830758426966292 0.49836142322097376 0.3827247191011236 0.48735955056179775 0.38781601123595505 0.4772940074906367 0.39729634831460675 0.47495318352059923
0 0.4643609550561798 0.5713951310861424 0.47138342696629215 0.5727996254681648 0.4768258426966292 0.5880149812734082 0.4726123595505618 0.6032303370786517 0.465063202247191 0.6074438202247191 0.45558286516853935 0.6041666666666666 0.45172050561797755 0.5990168539325843 0.45031601123595505 0.5901217228464419 0.453125 0.5767790262172284 0.4569873595505618 0.5730337078651685 0.46418539325842695 0.5713951310861424
0 0.3871137640449438 0.5114700374531835 0.3981741573033708 0.5152153558052435 0.4046699438202247 0.5301966292134831 0.40098314606741575 0.538623595505618 0.3927317415730337 0.5465823970037453 0.38360252808988765 0.5507958801498127 0.3765800561797753 0.5503277153558053 0.37201544943820225 0.5468164794007491 0.3695575842696629 0.5433052434456929 0.3688553370786517 0.5360486891385767 0.36990870786516855 0.5292602996254682 0.37570224719101125 0.5191947565543071 0.38360252808988765 0.5117041198501873 0.386938202247191 0.5114700374531835
0 0.5856741573033708 0.40847378277153557 0.5930477528089888 0.41292134831460675 0.5967345505617978 0.4241573033707865 0.5932233146067416 0.4375 0.5856741573033708 0.44288389513108617 0.5756671348314607 0.44030898876404495 0.5709269662921348 0.42954119850187267 0.573560393258427 0.41292134831460675 0.578125 0.40941011235955055 0.585498595505618 0.40847378277153557
0 0.4799859550561798 0.6455992509363296 0.4943820224719101 0.6528558052434457 0.49754213483146065 0.6713483146067416 0.49122191011235955 0.6825842696629213 0.4808637640449438 0.6860955056179775 0.47331460674157305 0.68562734082397 0.46734550561797755 0.6821161048689138 0.4647120786516854 0.6657303370786517 0.4703300561797753 0.6514513108614233 0.4743679775280899 0.647003745318352 0.47981039325842695 0.6455992509363296
0 0.4410112359550562 0.6327247191011236 0.4529494382022472 0.6362359550561798 0.45962078651685395 0.6427902621722846 0.4624297752808989 0.6505149812734082 0.46032303370786515 0.6647940074906367 0.4529494382022472 0.6743913857677902 0.4468047752808989 0.6760299625468165 0.4390800561797753 0.6729868913857678 0.4353932584269663 0.6680711610486891 0.43223314606741575 0.6570692883895131 0.43223314606741575 0.6458333333333334 0.43469101123595505 0.636938202247191 0.44083567415730335 0.6327247191011236
0 0.43223314606741575 0.31109550561797755 0.4397823033707865 0.3155430711610487 0.4436446629213483 0.32607677902621723 0.44083567415730335 0.34012172284644193 0.4378511235955056 0.3445692883895131 0.4334620786516854 0.34620786516853935 0.42433286516853935 0.34363295880149813 0.41871488764044945 0.33286516853932585 0.42117275280898875 0.31647940074906367 0.4253862359550562 0.31203183520599254 0.4320575842696629 0.31109550561797755
0 0.6216643258426966 0.4866573033707865 0.6299157303370787 0.4911048689138577 0.6362359550561798 0.5051498127340824 0.6336025280898876 0.5189606741573034 0.6278089887640449 0.5264513108614233 0.6235955056179775 0.5283239700374532 0.6127106741573034 0.5276217228464419 0.6023525280898876 0.5194288389513109 0.5988412921348315 0.5121722846441947 0.5988412921348315 0.5051498127340824 0.6021769662921348 0.49625468164794007 0.6144662921348315 0.4875936329588015 0.6214887640449438 0.4866573033707865
0 0.5898876404494382 0.3616573033707865 0.5955056179775281 0.363998127340824 0.5998946629213483 0.3698501872659176 0.6018258426966292 0.38412921348314605 0.5988412921348315 0.39185393258426965 0.5890098314606742 0.39489700374531833 0.5839185393258427 0.39442883895131087 0.5795294943820225 0.3904494382022472 0.5737359550561798 0.37991573033707865 0.5737359550561798 0.37312734082397003 0.5777738764044944 0.36587078651685395 0.5897120786516854 0.3616573033707865
0 0.6141151685393258 0.6526217228464419 0.624122191011236 0.6575374531835206 0.6309691011235955 0.6715823970037453 0.6313202247191011 0.6823501872659176 0.6278089887640449 0.6926498127340824 0.6185042134831461 0.6973314606741573 0.6127106741573034 0.6970973782771536 0.6058637640449438 0.6919475655430711 0.5998946629213483 0.6786048689138576 0.602001404494382 0.6603464419475655 0.6060393258426966 0.6556647940074907 0.613939606741573 0.6526217228464419
0 0.5235252808988764 0.3895131086142322 0.5317766853932584 0.39630149812734083 0.5345856741573034 0.40847378277153557 0.5316011235955056 0.4187734082397004 0.5224719101123596 0.4232209737827715 0.5154494382022472 0.4211142322097378 0.5114115168539326 0.4169007490636704 0.5091292134831461 0.40426029962546817 0.5101825842696629 0.39747191011235955 0.5142205056179775 0.39232209737827717 0.5233497191011236 0.3895131086142322
0 0.3672752808988764 0.3398876404494382 0.37833567415730335 0.3466760299625468 0.3811446629213483 0.35978464419475653 0.37833567415730335 0.3684456928838951 0.37359550561797755 0.37476591760299627 0.36657303370786515 0.375936329588015 0.36007724719101125 0.3728932584269663 0.35603932584269665 0.36704119850187267 0.35445926966292135 0.35557116104868913 0.3553370786516854 0.34901685393258425 0.3591994382022472 0.3424625468164794 0.3670997191011236 0.3398876404494382
0 0.5472261235955056 0.3960674157303371 0.561622191011236 0.40519662921348315 0.5667134831460674 0.41151685393258425 0.5679424157303371 0.41807116104868913 0.5667134831460674 0.4323501872659176 0.5689957865168539 0.43586142322097376 0.5642556179775281 0.4461610486891386 0.5577598314606742 0.45318352059925093 0.5509129213483146 0.4545880149812734 0.5428370786516854 0.44686329588014984 0.5366924157303371 0.4272003745318352 0.5366924157303371 0.41924157303370785 0.5398525280898876 0.40847378277153557 0.5474016853932584 0.40426029962546817 0.5437148876404494 0.3977059925093633 0.5470505617977528 0.3960674157303371
0 0.5158005617977528 0.589185393258427 0.5293188202247191 0.601123595505618 0.5340589887640449 0.612125468164794 0.5331811797752809 0.6228932584269663 0.5301966292134831 0.6289794007490637 0.519311797752809 0.6371722846441947 0.5114115168539326 0.635065543071161 0.5071980337078652 0.6310861423220974 0.503686797752809 0.6245318352059925 0.5021067415730337 0.614934456928839 0.5035112359550562 0.6022940074906367 0.5121137640449438 0.5898876404494382 0.515625 0.589185393258427
0 0.519311797752809 0.5325374531835206 0.5245786516853933 0.5416666666666666 0.5258075842696629 0.5573501872659176 0.5187851123595506 0.5650749063670412 0.5128160112359551 0.5669475655430711 0.5038623595505618 0.5610955056179775 0.5012289325842697 0.5468164794007491 0.5033356741573034 0.5397940074906367 0.5077247191011236 0.5346441947565543 0.5121137640449438 0.5318352059925093 0.5191362359550562 0.5325374531835206
1 0.3763588483146067 0.41012172284644194 0.02472261235955056 0.03684691011235955
1 0.4081074438202247 0.3736657303370786 0.0215063202247191 0.02791666666666667
1 0.43867977528089885 0.3765332397003745 0.02295997191011236 0.030533707865168538
1 0.46889571629213483 0.3791455992509363 0.02252984550561798 0.027956460674157305
1 0.5581566011235956 0.38078417602996256 0.019636587078651683 0.03434925093632959
1 0.4366011235955056 0.4162265917602996 0.02348314606741573 0.028768726591760302
1 0.6141362359550562 0.4270880149812734 0.023920294943820225 0.031769662921348314
1 0.46679424157303373 0.4609597378277154 0.02183813202247191 0.027724719101123594
1 0.4946769662921348 0.4604681647940075 0.02259129213483146 0.032982209737827714
1 0.5532759831460674 0.46279026217228464 0.020410814606741573 0.03294943820224719
1 0.5537447331460674 0.5014138576779026 0.023688553370786517 0.030603932584269664
1 0.5217714185393258 0.5013998127340824 0.02177317415730337 0.02901685393258427
1 0.49429599719101125 0.49854400749063676 0.023002106741573037 0.029545880149812735
1 0.46650807584269666 0.49801029962546817 0.023607794943820225 0.028480805243445692
1 0.43538096910112356 0.49721676029962547 0.022212078651685393 0.026896067415730338
1 0.3663658707865169 0.5369943820224719 0.024631320224719103 0.031540262172284644
1 0.3708023174157304 0.6126942883895131 0.02180126404494382 0.030007022471910113
1 0.39432408707865174 0.6610205992509364 0.022027738764044943 0.028345037453183522
1 0.46000702247191005 0.6213787453183521 0.022308637640449436 0.03021067415730337
1 0.46439957865168535 0.5370388576779026 0.021731039325842697 0.03318820224719101
1 0.4919820926966292 0.5382303370786518 0.023056530898876406 0.029330524344569286
1 0.5192257724719102 0.5823314606741573 0.0213623595505618 0.025463483146067417
1 0.549657654494382 0.6612640449438203 0.028323384831460675 0.027633426966292136
1 0.580096558988764 0.6245224719101123 0.02137991573033708 0.02713249063670412
1 0.6087535112359551 0.6251404494382022 0.0190063202247191 0.023689138576779026
1 0.5806952247191011 0.5833590823970037 0.017898525280898876 0.022834737827715355
1 0.6112359550561798 0.579754213483146 0.02045997191011236 0.03122893258426966
2 0.6425561797752809 0.31210978464419475 0.3511738061797753 0.29448361423220976 0.34073384831460674 0.6874007490636704 0.6349691011235955 0.7000922284644194