1 0.3677966994382022 0.5332443820224719 0.022810744382022474 0.03184456928838951
1 0.36947682584269664 0.6126334269662922 0.025001755617977527 0.03300561797752809
1 0.4615888342696629 0.6185112359550562 0.02079002808988764 0.03852059925093633
1 0.4661516853932584 0.5376357677902622 0.022891502808988762 0.032825374531835205
1 0.43615168539325844 0.49683988764044945 0.022586025280898876 0.029260299625468163
1 0.46672577247191005 0.49711376404494384 0.020530196629213484 0.02980805243445693
1 0.4933690308988764 0.5384995318352059 0.02114817415730337 0.03143024344569289
1 0.5194276685393259 0.5821395131086142 0.019425912921348317 0.023518258426966292
1 0.5510691713483146 0.6642790262172285 0.020679424157303374 0.027059925093632958
1 0.5805846207865168 0.6242415730337079 0.02118679775280899 0.026575374531835207
1 0.5822542134831461 0.5837289325842697 0.01984375 0.026697097378277152
1 0.6110463483146067 0.5456132958801498 0.01656952247191011 0.031612827715355805
1 0.5534533005617978 0.500690543071161 0.023105688202247194 0.03071629213483146
1 0.5222068117977527 0.5004728464419476 0.01795997191011236 0.028724250936329587
1 0.49492275280898873 0.498621254681648 0.023082865168539322 0.02658005617977528
1 0.49583216292134835 0.46045411985018725 0.021392205056179774 0.02983380149812734
1 0.46677844101123595 0.4578838951310861 0.021806530898876405 0.029375
1 0.5540537219101124 0.464000468164794 0.020793539325842696 0.026004213483146067
1 0.6137096207865169 0.42595739700374535 0.018383075842696626 0.03418539325842696
1 0.5564747191011236 0.3806179775280899 0.022126053370786516 0.027778558052434458
1 0.4716573033707865 0.3802364232209738 0.02103054775280899 0.025456460674157303
1 0.4386903089887641 0.41636235955056183 0.020637289325842696 0.029044943820224718
1 0.4398297050561798 0.37767088014981276 0.020575842696629213 0.026566011235955055
2 0.644311797752809 0.3074281367041199 0.35376843398876406 0.29346558988764043 0.3403635884831461 0.6891378745318352 0.6366904845505618 0.701878277153558
0 0.35639044943820225 0.3113295880149813 0.3555126404494382 0.3181179775280899 0.35674157303370785 0.32841760299625467 0.3591994382022472 0.33497191011235955 0.3628862359550562 0.3389513108614232 0.36587078651685395 0.34058988764044945 0.3706109550561798 0.3410580524344569 0.3792134831460674 0.34363295880149813 0.3871137640449438 0.3429307116104869 0.38816713483146065 0.3419943820224719 0.38728932584269665 0.3389513108614232 0.38746488764044945 0.33192883895131087 0.3846558988764045 0.31437265917602997 0.38360252808988765 0.31062734082397003 0.3813202247191011 0.30664794007490637 0.3734199438202247 0.3012640449438202 0.3655196629213483 0.300561797752809 0.3591994382022472 0.3036048689138577
0 0.3888693820224719 0.3155430711610487 0.3890449438202247 0.32724719101123595 0.39202949438202245 0.3345037453183521 0.39378511235955055 0.34222846441947563 0.4046699438202247 0.34480337078651685 0.41344803370786515 0.34176029962546817 0.4139747191011236 0.33707865168539325 0.41520365168539325 0.33497191011235955 0.4139747191011236 0.32865168539325845 0.41467696629213485 0.32467228464419473 0.414501404494382 0.3176498127340824 0.41309691011235955 0.3103932584269663 0.4104634831460674 0.3068820224719101 0.4044943820224719 0.3036048689138577 0.39571629213483145 0.3036048689138577 0.39325842696629215 0.30500936329588013 0.38974719101123595 0.3103932584269663
0 0.35463483146067415 0.3532303370786517 0.35463483146067415 0.35978464419475653 0.355688202247191 0.3661048689138577 0.3591994382022472 0.37219101123595505 0.3628862359550562 0.37663857677902624 0.36639747191011235 0.3775749063670412 0.3690308988764045 0.37897940074906367 0.3695575842696629 0.3801498127340824 0.375 0.3771067415730337 0.3748244382022472 0.37312734082397003 0.3788623595505618 0.36891385767790263 0.3806179775280899 0.36587078651685395 0.38395365168539325 0.3661048689138577 0.38219803370786515 0.3642322097378277 0.38219803370786515 0.36235955056179775 0.38412921348314605 0.35931647940074907 0.382373595505618 0.35252808988764045 0.37991573033707865 0.3508895131086142 0.37780898876404495 0.34691011235955055 0.37254213483146065 0.34269662921348315 0.36253511235955055 0.34058988764044945 0.3591994382022472 0.3429307116104869 0.35797050561797755 0.34480337078651685
0 0.35287921348314605 0.39864232209737827 0.35270365168539325 0.4044943820224719 0.35428370786516855 0.414559925093633 0.35656601123595505 0.42064606741573035 0.3614817415730337 0.4241573033707865 0.3728932584269663 0.426498127340824 0.3790379213483146 0.42532771535580527 0.38570926966292135 0.41830524344569286 0.38799157303370785 0.41198501872659177 0.38799157303370785 0.40777153558052437 0.3862359550561798 0.40098314606741575 0.38412921348314605 0.39630149812734083 0.38412921348314605 0.39396067415730335 0.3829002808988764 0.3904494382022472 0.3806179775280899 0.38881086142322097 0.37236657303370785 0.3862359550561798 0.36639747191011235 0.38319288389513106 0.36218398876404495 0.3836610486891386 0.35445926966292135 0.3934925093632959
0 0.3532303370786517 0.44335205992509363 0.3534058988764045 0.45014044943820225 0.35481039325842695 0.45669475655430714 0.3591994382022472 0.46254681647940077 0.36271067415730335 0.46465355805243447 0.36604634831460675 0.4637172284644195 0.36990870786516855 0.46441947565543074 0.37587780898876405 0.462312734082397 0.3765800561797753 0.46090823970037453 0.3790379213483146 0.4597378277153558 0.38009129213483145 0.4602059925093633 0.37780898876404495 0.45646067415730335 0.38172981039325843 0.4508426966292135 0.38360252808988765 0.4508426966292135 0.38395365168539325 0.4499063670411985 0.3807935393258427 0.4421816479400749 0.3806179775280899 0.43913857677902624 0.3772823033707865 0.43164794007490637 0.37377106741573035 0.42837078651685395 0.36973314606741575 0.42696629213483145 0.36253511235955055 0.4262640449438202 0.3576193820224719 0.4307116104868914 0.35428370786516855 0.436563670411985
0 0.35270365168539325 0.4969569288389513 0.3518258426966292 0.516619850187266 0.35217696629213485 0.5191947565543071 0.3549859550561798 0.5224719101123596 0.3628862359550562 0.5271535580524345 0.36973314606741575 0.5243445692883895 0.3765800561797753 0.5194288389513109 0.38184691011235955 0.5117041198501873 0.3827247191011236 0.5086610486891385 0.38535814606741575 0.5053838951310862 0.38184691011235955 0.4735486891385768 0.3806179775280899 0.47027153558052437 0.37780898876404495 0.4705056179775281 0.37763342696629215 0.47659176029962547 0.3746488764044944 0.47752808988764045 0.3695575842696629 0.4768258426966292 0.36183286516853935 0.48080524344569286 0.35621488764044945 0.48735955056179775 0.3530547752808989 0.49461610486891383
0 0.34655898876404495 0.5751404494382022 0.3460323033707865 0.5774812734082397 0.34620786516853935 0.5852059925093633 0.3476123595505618 0.5917602996254682 0.35463483146067415 0.5990168539325843 0.36060393258426965 0.5999531835205992 0.36622191011235955 0.5990168539325843 0.3765800561797753 0.5903558052434457 0.37763342696629215 0.5880149812734082 0.37622893258426965 0.577247191011236 0.3767556179775281 0.5758426966292135 0.38009129213483145 0.574438202247191 0.37816011235955055 0.5639044943820225 0.3711376404494382 0.5596910112359551 0.3637640449438202 0.5587546816479401 0.3590238764044944 0.5596910112359551 0.352001404494382 0.5639044943820225 0.3491924157303371 0.5676498127340824
0 0.34884129213483145 0.6463014981273408 0.34269662921348315 0.6577715355805244 0.34427668539325845 0.6697097378277154 0.34673455056179775 0.6767322097378277 0.34901685393258425 0.6795411985018727 0.3518258426966292 0.6809456928838952 0.359375 0.6811797752808989 0.36604634831460675 0.6779026217228464 0.3690308988764045 0.6795411985018727 0.3711376404494382 0.6788389513108615 0.37254213483146065 0.6753277153558053 0.37183988764044945 0.6711142322097379 0.37377106741573035 0.6650280898876404 0.375 0.6566011235955056 0.3746488764044944 0.6519194756554307 0.37236657303370785 0.6474719101123596 0.36780196629213485 0.6423220973782772 0.3611306179775281 0.6392790262172284 0.3577949438202247 0.6395131086142322 0.35270365168539325 0.6413857677902621
0 0.37429775280898875 0.662687265917603 0.37412219101123595 0.6795411985018727 0.375 0.6853932584269663 0.3765800561797753 0.6903089887640449 0.3793890449438202 0.6926498127340824 0.38360252808988765 0.6938202247191011 0.3864115168539326 0.6926498127340824 0.38816713483146065 0.6898408239700374 0.390625 0.6889044943820225 0.3960674157303371 0.6837546816479401 0.4022120786516854 0.6753277153558053 0.4020365168539326 0.6645599250936329 0.39975421348314605 0.6549625468164794 0.3962429775280899 0.6477059925093633 0.3941362359550562 0.6453651685393258 0.39167837078651685 0.6458333333333334 0.3904494382022472 0.6474719101123596 0.3871137640449438 0.6465355805243446 0.3790379213483146 0.6491104868913857 0.37745786516853935 0.6509831460674157 0.375 0.6575374531835206
0 0.37236657303370785 0.6196161048689138 0.37025983146067415 0.6299157303370787 0.3707865168539326 0.6338951310861424 0.3730688202247191 0.6409176029962547 0.3767556179775281 0.6453651685393258 0.37956460674157305 0.6444288389513109 0.38377808988764045 0.6448970037453183 0.3867626404494382 0.6430243445692884 0.390625 0.6425561797752809 0.3923806179775281 0.6404494382022472 0.39378511235955055 0.6338951310861424 0.3985252808988764 0.6301498127340824 0.398876404494382 0.6264044943820225 0.39518960674157305 0.6062734082397003 0.39343398876404495 0.6046348314606742 0.383251404494382 0.6039325842696629 0.38026685393258425 0.6055711610486891 0.37605337078651685 0.6093164794007491
0 0.40308988764044945 0.6573033707865169 0.40308988764044945 0.6718164794007491 0.40502106741573035 0.6769662921348315 0.4078300561797753 0.6795411985018727 0.41134129213483145 0.6807116104868914 0.41520365168539325 0.6804775280898876 0.42503511235955055 0.6750936329588015 0.43030196629213485 0.6685393258426966 0.4315308988764045 0.6650280898876404 0.4320575842696629 0.6596441947565543 0.4317064606741573 0.6486423220973783 0.4297752808988764 0.6425561797752809 0.4257373595505618 0.6360018726591761 0.4220505617977528 0.6341292134831461 0.41467696629213485 0.6348314606741573 0.41134129213483145 0.6364700374531835 0.40677668539325845 0.6418539325842697 0.4039676966292135 0.6479400749063671
0 0.40379213483146065 0.6097846441947565 0.40344101123595505 0.6163389513108615 0.4078300561797753 0.6266385767790262 0.41116573033707865 0.6303838951310862 0.41327247191011235 0.6315543071161048 0.421875 0.6334269662921348 0.42872191011235955 0.6331928838951311 0.4357443820224719 0.6303838951310862 0.4397823033707865 0.6163389513108615 0.4396067415730337 0.6123595505617978 0.44030898876404495 0.6090823970037453 0.4392556179775281 0.6055711610486891 0.43504213483146065 0.6008895131086143 0.4276685393258427 0.5985486891385767 0.421875 0.5945692883895131 0.4174859550561798 0.5945692883895131 0.41151685393258425 0.596441947565543 0.4081811797752809 0.5994850187265918 0.4064255617977528 0.6020599250936329
0 0.43469101123595505 0.6371722846441947 0.43416432584269665 0.6411516853932584 0.43504213483146065 0.6444288389513109 0.43486657303370785 0.6647940074906367 0.4355688202247191 0.6680711610486891 0.43855337078651685 0.6722846441947565 0.4432935393258427 0.675561797752809 0.44978932584269665 0.6764981273408239 0.45610955056179775 0.6750936329588015 0.4569873595505618 0.6706460674157303 0.45979634831460675 0.6647940074906367 0.4631320224719101 0.6544943820224719 0.4633075842696629 0.6509831460674157 0.46207865168539325 0.6441947565543071 0.4496137640449438 0.6329588014981273 0.44276685393258425 0.6310861423220974 0.4357443820224719 0.6352996254681648
0 0.3830758426966292 0.5730337078651685 0.38377808988764045 0.5814606741573034 0.38570926966292135 0.5859082397003745 0.3888693820224719 0.5889513108614233 0.3908005617977528 0.5898876404494382 0.40098314606741575 0.5908239700374532 0.4080056179775281 0.5901217228464419 0.41292134831460675 0.5859082397003745 0.41537921348314605 0.5812265917602997 0.41731039325842695 0.5716292134831461 0.41678370786516855 0.5641385767790262 0.41485252808988765 0.5573501872659176 0.4116924157303371 0.5517322097378277 0.4083567415730337 0.549625468164794 0.4044943820224719 0.548689138576779 0.39940308988764045 0.5491573033707865 0.3941362359550562 0.5512640449438202 0.386938202247191 0.5578183520599251 0.3851825842696629 0.56062734082397 0.38535814606741575 0.5641385767790262
0 0.41871488764044945 0.56062734082397 0.41871488764044945 0.5676498127340824 0.4199438202247191 0.5711610486891385 0.41924157303370785 0.5821629213483146 0.42134831460674155 0.5889513108614233 0.42889747191011235 0.596441947565543 0.44276685393258425 0.5987827715355806 0.4473314606741573 0.5896535580524345 0.4510182584269663 0.5779494382022472 0.4510182584269663 0.5742041198501873 0.4471558988764045 0.5601591760299626 0.4392556179775281 0.5533707865168539 0.42854634831460675 0.5514981273408239 0.42468398876404495 0.5529026217228464 0.42082162921348315 0.5568820224719101
0 0.3688553370786517 0.5330056179775281 0.36815308988764045 0.5402621722846442 0.3695575842696629 0.5433052434456929 0.36973314606741575 0.5468164794007491 0.3730688202247191 0.5500936329588015 0.3827247191011236 0.552434456928839 0.3885182584269663 0.5517322097378277 0.3999297752808989 0.5454119850187266 0.4041432584269663 0.5449438202247191 0.4060744382022472 0.5433052434456929 0.4041432584269663 0.5374531835205992 0.4058988764044944 0.5299625468164794 0.40958567415730335 0.5224719101123596 0.4078300561797753 0.5168539325842697 0.40344101123595505 0.5201310861423221 0.397998595505618 0.5156835205992509 0.3871137640449438 0.5121722846441947 0.38342696629213485 0.5121722846441947 0.37956460674157305 0.5152153558052435 0.375 0.5213014981273408 0.3730688202247191 0.5227059925093633 0.37236657303370785 0.525749063670412
0 0.413623595505618 0.5250468164794008 0.4143258426966292 0.5365168539325843 0.4183637640449438 0.5463483146067416 0.42240168539325845 0.5465823970037453 0.42872191011235955 0.5500936329588015 0.4355688202247191 0.5500936329588015 0.43995786516853935 0.5475187265917603 0.4431179775280899 0.5433052434456929 0.4438202247191011 0.5287921348314607 0.44276685393258425 0.5222378277153558 0.4397823033707865 0.5170880149812734 0.4371488764044944 0.5149812734082397 0.42889747191011235 0.5114700374531835 0.42485955056179775 0.5114700374531835 0.4215238764044944 0.512874531835206 0.4164325842696629 0.5180243445692884
0 0.3850070224719101 0.48057116104868913 0.3830758426966292 0.48431647940074907 0.3843047752808989 0.49836142322097376 0.38606039325842695 0.5044475655430711 0.3883426966292135 0.5072565543071161 0.39396067415730335 0.5117041198501873 0.39782303370786515 0.5126404494382022 0.4044943820224719 0.5117041198501873 0.4080056179775281 0.5102996254681648 0.4123946629213483 0.5058520599250936 0.41344803370786515 0.4988295880149813 0.4141502808988764 0.48431647940074907 0.4097612359550562 0.47752808988764045 0.40695224719101125 0.4758895131086142 0.39396067415730335 0.47401685393258425 0.3886938202247191 0.476123595505618
0 0.42292837078651685 0.45646067415730335 0.4222261235955056 0.4737827715355805 0.42310393258426965 0.47869850187265917 0.4280196629213483 0.4857209737827715 0.43223314606741575 0.488061797752809 0.43995786516853935 0.4850187265917603 0.44820926966292135 0.4777621722846442 0.45259831460674155 0.4705056179775281 0.45400280898876405 0.4637172284644195 0.4534761235955056 0.45669475655430714 0.4511938202247191 0.44967228464419473 0.449438202247191 0.44709737827715357 0.4450491573033708 0.44358614232209737 0.44259129213483145 0.4396067415730337 0.4392556179775281 0.44241573033707865 0.43697331460674155 0.44124531835205993 0.4357443820224719 0.43913857677902624 0.43469101123595505 0.4407771535580524 0.4315308988764045 0.4419475655430712 0.4238061797752809 0.44967228464419473
0 0.3843047752808989 0.4328183520599251 0.38395365168539325 0.43562734082397003 0.38606039325842695 0.43890449438202245 0.38781601123595505 0.4508426966292135 0.39115168539325845 0.460440074906367 0.3962429775280899 0.4637172284644195 0.39940308988764045 0.46441947565543074 0.40484550561797755 0.46348314606741575 0.40747893258426965 0.46207865168539325 0.4101123595505618 0.46418539325842695 0.41151685393258425 0.4669943820224719 0.41520365168539325 0.4669943820224719 0.41274578651685395 0.46441947565543074 0.4122191011235955 0.4606741573033708 0.41309691011235955 0.45646067415730335 0.41485252808988765 0.45365168539325845 0.4160814606741573 0.449438202247191 0.41660814606741575 0.43937265917602997 0.41537921348314605 0.43211610486891383 0.40941011235955055 0.4241573033707865 0.39782303370786515 0.42064606741573035 0.3902738764044944 0.42064606741573035 0.3871137640449438 0.42532771535580527
0 0.3929073033707865 0.39630149812734083 0.39132724719101125 0.4049625468164794 0.39325842696629215 0.41175093632958804 0.39554073033707865 0.4143258426966292 0.39764747191011235 0.41853932584269665 0.40379213483146065 0.42017790262172283 0.41134129213483145 0.41947565543071164 0.4141502808988764 0.4173689138576779 0.41731039325842695 0.41292134831460675 0.41924157303370785 0.4075374531835206 0.4199438202247191 0.40098314606741575 0.41906601123595505 0.39396067415730335 0.41731039325842695 0.3904494382022472 0.4120435393258427 0.3848314606741573 0.4044943820224719 0.3796816479400749 0.40150983146067415 0.38085205992509363 0.3965941011235955 0.3801498127340824 0.394311797752809 0.39325842696629215
0 0.41889044943820225 0.32397003745318353 0.41871488764044945 0.33239700374531833 0.42047050561797755 0.33965355805243447 0.42521067415730335 0.34480337078651685 0.4278441011235955 0.34597378277153557 0.43275983146067415 0.34620786516853935 0.4373244382022472 0.34386704119850187 0.44030898876404495 0.33918539325842695 0.44276685393258425 0.33169475655430714 0.44276685393258425 0.324438202247191 0.44030898876404495 0.3171816479400749 0.43697331460674155 0.31320224719101125 0.43240870786516855 0.31109550561797755 0.42872191011235955 0.31062734082397003 0.42310393258426965 0.313436329588015 0.42082162921348315 0.3167134831460674
0 0.44434691011235955 0.3445692883895131 0.44399578651685395 0.3487827715355805 0.4454002808988764 0.3527621722846442 0.44838483146067415 0.35697565543071164 0.453125 0.3604868913857678 0.45979634831460675 0.3600187265917603 0.4748946629213483 0.35252808988764045 0.477001404494382 0.34901685393258425 0.477001404494382 0.3445692883895131 0.4782303370786517 0.3424625468164794 0.4789325842696629 0.33848314606741575 0.4787570224719101 0.3342696629213483 0.4762991573033708 0.32467228464419473 0.4764747191011236 0.32092696629213485 0.47384129213483145 0.3176498127340824 0.4703300561797753 0.3160112359550562 0.45646067415730335 0.3146067415730337 0.45242275280898875 0.31741573033707865 0.449438202247191 0.3213951310861423 0.4469803370786517 0.3279494382022472 0.44662921348314605 0.335440074906367
0 0.4861306179775281 0.3213951310861423 0.4859550561797753 0.3403558052434457 0.4887640449438202 0.3497191011235955 0.49122191011235955 0.351123595505618 0.49490870786516855 0.3508895131086142 0.5066713483146067 0.34527153558052437 0.5087780898876404 0.3433988764044944 0.5107092696629213 0.3347378277153558 0.5122893258426966 0.3211610486891386 0.5098314606741573 0.3136704119850187 0.5068469101123596 0.3099250936329588 0.5021067415730337 0.3078183520599251 0.49912219101123595 0.30758426966292135 0.49280196629213485 0.3092228464419476 0.4887640449438202 0.3136704119850187
0 0.48946629213483145 0.363998127340824 0.4887640449438202 0.37008426966292135 0.4901685393258427 0.38319288389513106 0.492626404494382 0.38881086142322097 0.4957865168539326 0.3920880149812734 0.5015800561797753 0.39396067415730335 0.5089536516853933 0.3925561797752809 0.515625 0.386938202247191 0.5196629213483146 0.375936329588015 0.5205407303370787 0.3661048689138577 0.5173806179775281 0.35603932584269665 0.511938202247191 0.3508895131086142 0.5089536516853933 0.34948501872659177 0.5052668539325843 0.34948501872659177 0.4938553370786517 0.35369850187265917 0.4919241573033708 0.35580524344569286
0 0.48349719101123595 0.4080056179775281 0.4840238764044944 0.41830524344569286 0.48542837078651685 0.4232209737827715 0.48700842696629215 0.425561797752809 0.4919241573033708 0.42954119850187267 0.49683988764044945 0.4307116104868914 0.5015800561797753 0.43047752808988765 0.5056179775280899 0.42532771535580527 0.508251404494382 0.41947565543071164 0.5087780898876404 0.41245318352059923 0.5079002808988764 0.40472846441947563 0.5064957865168539 0.3991104868913858 0.5050912921348315 0.39747191011235955 0.4977176966292135 0.39442883895131087 0.4943820224719101 0.39396067415730335 0.48753511235955055 0.3977059925093633 0.48560393258426965 0.40051498127340823
0 0.45242275280898875 0.4133895131086142 0.4527738764044944 0.4288389513108614 0.45646067415730335 0.43609550561797755 0.4594452247191011 0.43937265917602997 0.46348314606741575 0.44030898876404495 0.4705056179775281 0.43796816479400746 0.47384129213483145 0.43586142322097376 0.4764747191011236 0.43141385767790263 0.47735252808988765 0.4288389513108614 0.477001404494382 0.4254838483146067 0.4782303370786517 0.41807116104868913 0.4764747191011236 0.413623595505618 0.47717696629213485 0.4112827715355805 0.4741924157303371 0.4056647940074906 0.47015449438202245 0.40379213483146065 0.4585674157303371 0.4058988764044944 0.4547050561797753 0.40870786516853935
0 0.4510182584269663 0.5861423220973783 0.45066713483146065 0.5924625468164794 0.45189606741573035 0.6004213483146067 0.45259831460674155 0.6022940074906367 0.45839185393258425 0.6079119850187266 0.4648876404494382 0.6088483146067416 0.46927668539325845 0.6074438202247191 0.47155898876404495 0.6053370786516854 0.47577247191011235 0.598314606741573 0.4766502808988764 0.5880149812734082 0.47524578651685395 0.5812265917602997 0.4741924157303371 0.5781835205992509 0.46997893258426965 0.5727996254681648 0.4631320224719101 0.5716292134831461 0.45839185393258425 0.5735018726591761 0.45400280898876405 0.577247191011236 0.45207162921348315 0.5809925093632958
0 0.4664676966292135 0.6580056179775281 0.46594101123595505 0.6605805243445693 0.46348314606741575 0.6650280898876404 0.46541432584269665 0.6683052434456929 0.46787219101123595 0.6763810861423221 0.46822331460674155 0.6821161048689138 0.4703300561797753 0.6837546816479401 0.47981039325842695 0.6858614232209738 0.4878862359550562 0.6846910112359551 0.4919241573033708 0.6816479400749064 0.4959620786516854 0.6750936329588015 0.49701544943820225 0.6720505617977528 0.49736657303370785 0.6643258426966292 0.4959620786516854 0.6570692883895131 0.4942064606741573 0.6512172284644194 0.49139747191011235 0.648876404494382 0.4808637640449438 0.6446629213483146 0.4764747191011236 0.6448970037453183 0.47401685393258425 0.6463014981273408
0 0.47594803370786515 0.6224250936329588 0.47577247191011235 0.6299157303370787 0.47717696629213485 0.636938202247191 0.477001404494382 0.6404494382022472 0.48753511235955055 0.6463014981273408 0.49139747191011235 0.6463014981273408 0.49473314606741575 0.6448970037453183 0.49912219101123595 0.6406835205992509 0.5012289325842697 0.6301498127340824 0.5005266853932584 0.6228932584269663 0.49929775280898875 0.6191479400749064 0.4957865168539326 0.6142322097378277 0.49332865168539325 0.613061797752809 0.4922752808988764 0.6097846441947565 0.48332162921348315 0.6090823970037453 0.48156601123595505 0.613061797752809 0.47963483146067415 0.6144662921348315 0.47717696629213485 0.6182116104868914
0 0.4803370786516854 0.5742041198501873 0.4808637640449438 0.5781835205992509 0.4801615168539326 0.5816947565543071 0.48121488764044945 0.5838014981273408 0.48156601123595505 0.588249063670412 0.48367275280898875 0.5943352059925093 0.48735955056179775 0.5987827715355806 0.49525983146067415 0.5994850187265918 0.5012289325842697 0.5966760299625468 0.5057935393258427 0.589185393258427 0.5071980337078652 0.5852059925093633 0.5054424157303371 0.5739700374531835 0.5028089887640449 0.5683520599250936 0.5 0.5641385767790262 0.49859550561797755 0.5634363295880149 0.491748595505618 0.5622659176029963 0.48771067415730335 0.5629681647940075 0.48367275280898875 0.5667134831460674
0 0.5021067415730337 0.5435393258426966 0.5024578651685393 0.5573501872659176 0.5050912921348315 0.5622659176029963 0.5108848314606742 0.5676498127340824 0.5103581460674157 0.5713951310861424 0.511060393258427 0.574438202247191 0.5150983146067416 0.577247191011236 0.5186095505617978 0.5777153558052435 0.5198384831460674 0.576310861423221 0.5224719101123596 0.575374531835206 0.5249297752808989 0.5688202247191011 0.5249297752808989 0.5671816479400749 0.5231741573033708 0.5632022471910112 0.5256320224719101 0.5594569288389513 0.5294943820224719 0.5566479400749064 0.5307233146067416 0.5536048689138576 0.530372191011236 0.5500936329588015 0.5291432584269663 0.5475187265917603 0.5294943820224719 0.5433052434456929 0.5307233146067416 0.5397940074906367 0.5300210674157303 0.5381554307116105 0.5189606741573034 0.5276217228464419 0.5052668539325843 0.5365168539325843 0.5031601123595506 0.5395599250936329
0 0.5026334269662921 0.6053370786516854 0.5026334269662921 0.6151685393258427 0.504564606741573 0.6266385767790262 0.5105337078651685 0.6348314606741573 0.5154494382022472 0.636938202247191 0.5224719101123596 0.6367041198501873 0.5289676966292135 0.6310861423220974 0.5317766853932584 0.6266385767790262 0.5338834269662921 0.6172752808988764 0.5338834269662921 0.6109550561797753 0.5330056179775281 0.6065074906367042 0.5294943820224719 0.6013576779026217 0.5254564606741573 0.5980805243445693 0.5198384831460674 0.5917602996254682 0.5154494382022472 0.5894194756554307 0.5107092696629213 0.5894194756554307 0.504564606741573 0.5985486891385767
0 0.5070224719101124 0.662687265917603 0.5071980337078652 0.6725187265917603 0.5084269662921348 0.6783707865168539 0.5101825842696629 0.6830524344569289 0.5145716292134831 0.6875 0.5189606741573034 0.6889044943820225 0.5244030898876404 0.6882022471910112 0.5282654494382022 0.6858614232209738 0.5317766853932584 0.6804775280898876 0.5333567415730337 0.6722846441947565 0.5330056179775281 0.6666666666666666 0.5300210674157303 0.6580056179775281 0.5258075842696629 0.6533239700374532 0.5226474719101124 0.6512172284644194 0.5189606741573034 0.651685393258427 0.5172050561797753 0.6540262172284644 0.5089536516853933 0.6580056179775281
0 0.5158005617977528 0.4506086142322097 0.5149227528089888 0.45552434456928836 0.515625 0.4627808988764045 0.5173806179775281 0.4669943820224719 0.5205407303370787 0.4705056179775281 0.5208918539325843 0.4721441947565543 0.5237008426966292 0.47448501872659177 0.5287921348314607 0.47495318352059923 0.5330056179775281 0.4735486891385768 0.5379213483146067 0.4669943820224719 0.539501404494382 0.46324906367041196 0.5402036516853933 0.45271535580524347 0.5366924157303371 0.4447565543071161 0.5328300561797753 0.4400749063670412 0.5259831460674157 0.43890449438202245 0.5208918539325843 0.4410112359550562 0.5179073033707865 0.4440543071161049
0 0.5105337078651685 0.3972378277153558 0.5103581460674157 0.4012172284644195 0.5121137640449438 0.4056647940074906 0.5140449438202247 0.41807116104868913 0.515625 0.42064606741573035 0.5263342696629213 0.4204119850187266 0.5317766853932584 0.41619850187265917 0.5342345505617978 0.4066011235955056 0.5338834269662921 0.39747191011235955 0.5282654494382022 0.39091760299625467 0.5228230337078652 0.3883426966292135 0.5189606741573034 0.3883426966292135 0.5140449438202247 0.39185393258426965
0 0.5258075842696629 0.3686797752808989 0.5261587078651685 0.37125468164794007 0.5254564606741573 0.37687265917602997 0.527563202247191 0.38108614232209737 0.5319522471910112 0.3852996254681648 0.5359901685393258 0.386938202247191 0.5403792134831461 0.38670411985018727 0.5433637640449438 0.38506554307116103 0.5475772471910112 0.3782771535580524 0.5489817415730337 0.37336142322097376 0.5491573033707865 0.3661048689138577 0.547752808988764 0.35931647940074907 0.5438904494382022 0.3544007490636704 0.5393258426966292 0.3522940074906367 0.5359901685393258 0.352059925093633 0.5280898876404494 0.35580524344569286 0.5265098314606742 0.35931647940074907
0 0.5136938202247191 0.324438202247191 0.5131671348314607 0.34222846441947563 0.5145716292134831 0.34925093632958804 0.515625 0.3522940074906367 0.5219452247191011 0.35463483146067415 0.5268609550561798 0.3529962546816479 0.5314255617977528 0.3487827715355805 0.5372191011235955 0.3464419475655431 0.5402036516853933 0.3424625468164794 0.5438904494382022 0.3309925093632959 0.5440660112359551 0.32420411985018727 0.5433637640449438 0.3211610486891386 0.5365168539325843 0.31109550561797755 0.5307233146067416 0.3092228464419476 0.5259831460674157 0.3094569288389513 0.5191362359550562 0.31296816479400746 0.5150983146067416 0.31858614232209737
0 0.5458216292134831 0.33169475655430714 0.5454705056179775 0.33918539325842695 0.5474016853932584 0.3445692883895131 0.5479283707865169 0.3487827715355805 0.5537219101123596 0.35510299625468167 0.5607443820224719 0.35580524344569286 0.5640800561797753 0.3539325842696629 0.5675912921348315 0.34901685393258425 0.5705758426966292 0.3377808988764045 0.570751404494382 0.33146067415730335 0.5688202247191011 0.32514044943820225 0.5642556179775281 0.3188202247191011 0.5610955056179775 0.31741573033707865 0.5568820224719101 0.31741573033707865 0.5530196629213483 0.3190543071161049 0.5491573033707865 0.3237359550561798
0 0.5746137640449438 0.3345037453183521 0.5749648876404494 0.34901685393258425 0.5786516853932584 0.35580524344569286 0.5812851123595506 0.35767790262172283 0.5853230337078652 0.35884831460674155 0.5919943820224719 0.3586142322097378 0.5965589887640449 0.35603932584269665 0.5995435393258427 0.3518258426966292 0.6032303370786517 0.34176029962546817 0.6035814606741573 0.33403558052434457 0.6012991573033708 0.3274812734082397 0.5990168539325843 0.3237359550561798 0.5955056179775281 0.32069288389513106 0.5916432584269663 0.31952247191011235 0.5849719101123596 0.31999063670411987 0.5812851123595506 0.3223314606741573 0.5768960674157303 0.3279494382022472
0 0.6014747191011236 0.35252808988764045 0.6012991573033708 0.35580524344569286 0.6018258426966292 0.35674157303370785 0.605688202247191 0.36025280898876405 0.6123595505617978 0.3642322097378277 0.6190308988764045 0.3618913857677903 0.6235955056179775 0.3625936329588015 0.6276334269662921 0.3609550561797753 0.6320224719101124 0.35580524344569286 0.6337780898876404 0.3522940074906367 0.6343047752808989 0.34925093632958804 0.6344803370786517 0.3408239700374532 0.6325491573033708 0.3295880149812734 0.6343047752808989 0.324438202247191 0.6337780898876404 0.3232677902621723 0.6300912921348315 0.323501872659176 0.6288623595505618 0.3249063670411985 0.6264044943820225 0.325374531835206 0.6214887640449438 0.32303370786516855 0.6174508426966292 0.32256554307116103 0.6142907303370787 0.323501872659176 0.609375 0.3267790262172285 0.6065660112359551 0.33146067415730335 0.6049859550561798 0.3419943820224719
0 0.6053370786516854 0.37312734082397003 0.6065660112359551 0.3771067415730337 0.6055126404494382 0.3801498127340824 0.605688202247191 0.3836610486891386 0.6046348314606742 0.386938202247191 0.6041081460674157 0.39442883895131087 0.6072682584269663 0.3991104868913858 0.6162219101123596 0.4035580524344569 0.6200842696629213 0.40215355805243447 0.6225421348314607 0.40519662921348315 0.6248244382022472 0.4044943820224719 0.6276334269662921 0.4014513108614232 0.6283356741573034 0.3972378277153558 0.6300912921348315 0.3958333333333333 0.6327247191011236 0.39115168539325845 0.6339536516853933 0.38717228464419473 0.6339536516853933 0.37734082397003743 0.6330758426966292 0.37336142322097376 0.6306179775280899 0.3684456928838951 0.625877808988764 0.36446629213483145 0.6202598314606742 0.36352996254681647 0.6163974719101124 0.363998127340824 0.6083216292134831 0.36891385767790263
0 0.5740870786516854 0.37312734082397003 0.5740870786516854 0.37734082397003743 0.5747893258426966 0.3794475655430712 0.5730337078651685 0.3836610486891386 0.5767205056179775 0.38717228464419473 0.578125 0.39091760299625467 0.5779494382022472 0.39419475655430714 0.5874297752808989 0.3977059925093633 0.5884831460674157 0.3993445692883895 0.5930477528089888 0.39653558052434457 0.5941011235955056 0.39442883895131087 0.597436797752809 0.3934925093632959 0.5988412921348315 0.39396067415730335 0.6012991573033708 0.3895131086142322 0.6018258426966292 0.3848314606741573 0.6009480337078652 0.3728932584269663 0.5998946629213483 0.37008426966292135 0.5953300561797753 0.3647003745318352 0.5893609550561798 0.3618913857677903 0.5846207865168539 0.36235955056179775 0.5777738764044944 0.36587078651685395
0 0.5718047752808989 0.41947565543071164 0.5716292134831461 0.426498127340824 0.5732092696629213 0.4344569288389513 0.5753160112359551 0.43773408239700373 0.5809339887640449 0.4431179775280899 0.5904143258426966 0.4417134831460674 0.5958567415730337 0.43609550561797755 0.5962078651685393 0.4318820224719101 0.5972612359550562 0.4288389513108614 0.5970856741573034 0.41853932584269665 0.5962078651685393 0.4122191011235955 0.59375 0.40777153558052437 0.5914676966292135 0.40730337078651685 0.5897120786516854 0.40823970037453183 0.5816362359550562 0.40847378277153557 0.5765449438202247 0.4096441947565543 0.5746137640449438 0.41081460674157305 0.5732092696629213 0.4131554307116105
0 0.5391502808988764 0.41830524344569286 0.5387991573033708 0.43211610486891383 0.5430126404494382 0.43937265917602997 0.546875 0.4419475655430712 0.5458216292134831 0.44569288389513106 0.546875 0.44756554307116103 0.5482794943820225 0.44686329588014984 0.5498595505617978 0.4442883895131086 0.5535463483146067 0.44662921348314605 0.5607443820224719 0.44662921348314605 0.561622191011236 0.44592696629213485 0.5625 0.4431179775280899 0.5619733146067416 0.43890449438202245 0.5647823033707865 0.4307116104868914 0.5651334269662921 0.426498127340824 0.5632022471910112 0.4147940074906367 0.5609199438202247 0.41081460674157305 0.5572331460674157 0.40777153558052437 0.5537219101123596 0.40636704119850187 0.5500351123595506 0.4066011235955056 0.5451193820224719 0.40941011235955055 0.5419592696629213 0.412687265917603 0.5398525280898876 0.4154962546816479
0 0.5677668539325843 0.461376404494382 0.5675912921348315 0.4637172284644195 0.5686446629213483 0.4660580524344569 0.5696980337078652 0.4735486891385768 0.5774227528089888 0.48782771535580527 0.5811095505617978 0.488061797752809 0.586376404494382 0.4868913857677903 0.5905898876404494 0.4836142322097378 0.5939255617977528 0.4772940074906367 0.5951544943820225 0.47027153558052437 0.5942766853932584 0.460440074906367 0.5919943820224719 0.45552434456928836 0.5886587078651685 0.4520131086142322 0.5849719101123596 0.44967228464419473 0.5784761235955056 0.4482677902621723 0.5753160112359551 0.44920411985018727 0.5728581460674157 0.4517790262172285 0.5704002808988764 0.45646067415730335 0.5716292134831461 0.4592696629213483 0.5712780898876404 0.461376404494382
0 0.5997191011235955 0.4691011235955056 0.5995435393258427 0.47448501872659177 0.6005969101123596 0.4803370786516854 0.6058637640449438 0.49063670411985016 0.609375 0.48993445692883897 0.6158707865168539 0.4866573033707865 0.6244733146067416 0.48525280898876405 0.6255266853932584 0.48431647940074907 0.6260533707865169 0.48080524344569286 0.6292134831460674 0.47659176029962547 0.6290379213483146 0.4669943820224719 0.6278089887640449 0.4576310861423221 0.6265800561797753 0.45482209737827717 0.6230688202247191 0.4517790262172285 0.6125351123595506 0.4506086142322097 0.6060393258426966 0.45318352059925093 0.6039325842696629 0.4559925093632959 0.6012991573033708 0.462312734082397
0 0.6004213483146067 0.5014044943820225 0.5990168539325843 0.5051498127340824 0.5993679775280899 0.511938202247191 0.6012991573033708 0.5156835205992509 0.6091994382022472 0.523876404494382 0.6160463483146067 0.5280898876404494 0.6199087078651685 0.5290262172284644 0.6265800561797753 0.5271535580524345 0.6313202247191011 0.5229400749063671 0.6336025280898876 0.5184925093632958 0.6344803370786517 0.5121722846441947 0.6344803370786517 0.5014044943820225 0.6337780898876404 0.49812734082397003 0.6313202247191011 0.4936797752808989 0.6265800561797753 0.48852996254681647 0.6235955056179775 0.48735955056179775 0.6190308988764045 0.48735955056179775 0.6118328651685393 0.48993445692883897 0.6051615168539326 0.4948501872659176
0 0.5695224719101124 0.5051498127340824 0.569873595505618 0.5156835205992509 0.5749648876404494 0.5294943820224719 0.5814606741573034 0.5306647940074907 0.5890098314606742 0.528558052434457 0.5925210674157303 0.5262172284644194 0.5962078651685393 0.5194288389513109 0.5970856741573034 0.5152153558052435 0.5955056179775281 0.5014044943820225 0.592872191011236 0.4967228464419476 0.5881320224719101 0.49250936329588013 0.5851474719101124 0.4911048689138577 0.5775983146067416 0.49087078651685395 0.573560393258427 0.49297752808988765 0.570751404494382 0.4974250936329588
0 0.5723314606741573 0.5517322097378277 0.5725070224719101 0.5573501872659176 0.574438202247191 0.5646067415730337 0.5793539325842697 0.572565543071161 0.589185393258427 0.5735018726591761 0.5949789325842697 0.5713951310861424 0.5998946629213483 0.5664794007490637 0.6023525280898876 0.5601591760299626 0.6044592696629213 0.5447097378277154 0.6042837078651685 0.5362827715355806 0.5986657303370787 0.5287921348314607 0.5960323033707865 0.5280898876404494 0.5918188202247191 0.5287921348314607 0.5793539325842697 0.533941947565543 0.5760182584269663 0.5390917602996255
0 0.5458216292134831 0.5278558052434457 0.5424859550561798 0.5327715355805244 0.5426615168539326 0.540496254681648 0.5451193820224719 0.5507958801498127 0.5475772471910112 0.5566479400749064 0.550561797752809 0.5603932584269663 0.5605688202247191 0.5627340823970037 0.5644311797752809 0.5615636704119851 0.5677668539325843 0.5585205992509363 0.5688202247191011 0.5571161048689138 0.5700491573033708 0.5493913857677902 0.5711025280898876 0.5468164794007491 0.5704002808988764 0.5428370786516854 0.5712780898876404 0.5393258426966292 0.570751404494382 0.5362827715355806 0.5640800561797753 0.5262172284644194 0.5607443820224719 0.5243445692883895 0.5535463483146067 0.5241104868913857 0.5482794943820225 0.525749063670412
0 0.6012991573033708 0.5779494382022472 0.6004213483146067 0.5847378277153558 0.6009480337078652 0.5990168539325843 0.6042837078651685 0.6044007490636704 0.6083216292134831 0.6069756554307116 0.6135884831460674 0.6088483146067416 0.6162219101123596 0.6109550561797753 0.6193820224719101 0.6104868913857678 0.6242977528089888 0.6067415730337079 0.6278089887640449 0.6025280898876404 0.6293890449438202 0.599250936329588 0.6304424157303371 0.5955056179775281 0.6306179775280899 0.5889513108614233 0.6297401685393258 0.5833333333333334 0.6285112359550562 0.5798220973782772 0.6227176966292135 0.5735018726591761 0.6172752808988764 0.5706928838951311 0.6162219101123596 0.5688202247191011 0.6132373595505618 0.5706928838951311 0.609375 0.5697565543071161 0.6035814606741573 0.5727996254681648
0 0.539501404494382 0.5828651685393258 0.5396769662921348 0.5938670411985019 0.5417837078651685 0.5987827715355806 0.5535463483146067 0.6048689138576779 0.5593398876404494 0.6046348314606742 0.5637289325842697 0.6022940074906367 0.5665379213483146 0.5969101123595506 0.5686446629213483 0.5859082397003745 0.5675912921348315 0.5781835205992509 0.5607443820224719 0.5688202247191011 0.5510884831460674 0.5671816479400749 0.5463483146067416 0.5678838951310862 0.5461727528089888 0.5711610486891385 0.5409058988764045 0.5777153558052435
0 0.6000702247191011 0.6264044943820225 0.6007724719101124 0.6352996254681648 0.5986657303370787 0.6404494382022472 0.5988412921348315 0.6418539325842697 0.6005969101123596 0.6479400749063671 0.605688202247191 0.6526217228464419 0.6100772471910112 0.6544943820224719 0.6220154494382022 0.6549625468164794 0.6234199438202247 0.6544943820224719 0.6290379213483146 0.6479400749063671 0.6311446629213483 0.6411516853932584 0.6311446629213483 0.6334269662921348 0.628686797752809 0.6238295880149812 0.6237710674157303 0.6182116104868914 0.6183286516853933 0.6154026217228464 0.6058637640449438 0.6156367041198502 0.6018258426966292 0.6200842696629213
0 0.5437148876404494 0.6294475655430711 0.5438904494382022 0.6404494382022472 0.5451193820224719 0.6444288389513109 0.5470505617977528 0.6474719101123596 0.5519662921348315 0.6509831460674157 0.5567064606741573 0.6523876404494382 0.5602176966292135 0.6514513108614233 0.5637289325842697 0.648876404494382 0.5667134831460674 0.6439606741573034 0.5681179775280899 0.6376404494382022 0.5675912921348315 0.6245318352059925 0.5642556179775281 0.6177434456928839 0.5607443820224719 0.6144662921348315 0.5547752808988764 0.6135299625468165 0.5537219101123596 0.6125936329588015 0.5526685393258427 0.6147003745318352 0.5500351123595506 0.614934456928839 0.5463483146067416 0.6198501872659176 0.5465238764044944 0.62312734082397 0.5447682584269663 0.6245318352059925
0 0.5568820224719101 0.672752808988764 0.5563553370786517 0.6767322097378277 0.5572331460674157 0.6809456928838952 0.5603932584269663 0.6870318352059925 0.5640800561797753 0.6896067415730337 0.5719803370786517 0.6898408239700374 0.582689606741573 0.6877340823970037 0.5888342696629213 0.6832865168539326 0.5921699438202247 0.6767322097378277 0.5930477528089888 0.6725187265917603 0.5923455056179775 0.6577715355805244 0.590063202247191 0.6533239700374532 0.590063202247191 0.6509831460674157 0.5837429775280899 0.6474719101123596 0.5749648876404494 0.6458333333333334 0.5704002808988764 0.6467696629213483 0.5677668539325843 0.6486423220973783 0.5607443820224719 0.662687265917603
0 0.6005969101123596 0.6718164794007491 0.6004213483146067 0.6793071161048689 0.602001404494382 0.6853932584269663 0.6058637640449438 0.6917134831460674 0.6109550561797753 0.6961610486891385 0.6156952247191011 0.697565543071161 0.6235955056179775 0.6968632958801498 0.6276334269662921 0.6928838951310862 0.6299157303370787 0.6891385767790262 0.6320224719101124 0.6788389513108615 0.6314957865168539 0.6718164794007491 0.6262289325842697 0.6596441947565543 0.6232443820224719 0.6568352059925093 0.6104283707865169 0.6556647940074907 0.6069171348314607 0.6568352059925093 0.6055126404494382 0.6577715355805244 0.6030547752808989 0.661750936329588 0.6012991573033708 0.6669007490636704
1 0.4071225421348314 0.37393960674157306 0.02538799157303371 0.028466760299625467