0 0.40379213483146065 0.6577715355805244 0.4120435393258427 0.6715823970037453 0.41151685393258425 0.6821161048689138 0.4085323033707865 0.6926498127340824 0.4044943820224719 0.6982677902621723 0.394311797752809 0.7038857677902621 0.3871137640449438 0.702247191011236 0.3813202247191011 0.6961610486891385 0.3788623595505618 0.6858614232209738 0.37974016853932585 0.6753277153558053 0.383251404494382 0.6680711610486891 0.3904494382022472 0.660814606741573 0.40361657303370785 0.6577715355805244
0 0.620435393258427 0.5114700374531835 0.6300912921348315 0.5191947565543071 0.6316713483146067 0.5306647940074907 0.6281601123595506 0.5468164794007491 0.6200842696629213 0.5517322097378277 0.6097261235955056 0.5507958801498127 0.604810393258427 0.547752808988764 0.6009480337078652 0.5430711610486891 0.5984901685393258 0.5323033707865169 0.601123595505618 0.5217696629213483 0.605688202247191 0.514747191011236 0.6125351123595506 0.5114700374531835 0.6202598314606742 0.5114700374531835
0 0.6197331460674157 0.5536048689138576 0.6271067415730337 0.5585205992509363 0.6318469101123596 0.5737359550561798 0.6293890449438202 0.5847378277153558 0.6197331460674157 0.5933988764044944 0.6049859550561798 0.5887172284644194 0.5988412921348315 0.5781835205992509 0.5979634831460674 0.5720973782771536 0.5988412921348315 0.5636704119850188 0.605688202247191 0.5540730337078652 0.6195575842696629 0.5536048689138576
0 0.2970505617977528 0.6395131086142322 0.31899578651685395 0.6493445692883895 0.32303370786516855 0.6544943820224719 0.32338483146067415 0.6685393258426966 0.31724016853932585 0.6818820224719101 0.32127808988764045 0.6924157303370787 0.3142556179775281 0.6989700374531835 0.3084620786516854 0.6900749063670412 0.2928370786516854 0.6860955056179775 0.2893258426966292 0.6800093632958801 0.284936797752809 0.6580056179775281 0.2912570224719101 0.6439606741573034 0.296875 0.6395131086142322
0 0.5635533707865169 0.5086610486891385 0.5682935393258427 0.5114700374531835 0.5712780898876404 0.5175561797752809 0.5716292134831461 0.5353464419475655 0.5675912921348315 0.5442415730337079 0.5574087078651685 0.5491573033707865 0.5502106741573034 0.5470505617977528 0.5424859550561798 0.5397940074906367 0.5407303370786517 0.5334737827715356 0.5414325842696629 0.5224719101123596 0.547752808988764 0.5102996254681648 0.5537219101123596 0.5077247191011236 0.563377808988764 0.5086610486891385
0 0.6156952247191011 0.6381086142322098 0.6235955056179775 0.6427902621722846 0.6300912921348315 0.6544943820224719 0.6300912921348315 0.6624531835205992 0.6264044943820225 0.6739232209737828 0.6200842696629213 0.6790730337078652 0.6058637640449438 0.6750936329588015 0.5990168539325843 0.6638576779026217 0.598314606741573 0.6465355805243446 0.6004213483146067 0.6404494382022472 0.605688202247191 0.6360018726591761 0.6155196629213483 0.6381086142322098
0 0.253686797752809 0.4829119850187266 0.2789676966292135 0.48993445692883897 0.28019662921348315 0.49508426966292135 0.27282303370786515 0.5159176029962547 0.24894662921348315 0.5234082397003745 0.23665730337078653 0.5194288389513109 0.23086376404494383 0.5105337078651685 0.22998595505617977 0.5014044943820225 0.23086376404494383 0.4943820224719101 0.23735955056179775 0.4854868913857678 0.24473314606741572 0.48220973782771537 0.2535112359550562 0.4829119850187266
0 0.45997191011235955 0.6598782771535581 0.46769662921348315 0.6638576779026217 0.472436797752809 0.6704119850187266 0.47120786516853935 0.6896067415730337 0.46804775280898875 0.7024812734082397 0.4633075842696629 0.7078651685393258 0.4476825842696629 0.7127808988764045 0.44610252808988765 0.7181647940074907 0.4415379213483146 0.7134831460674157 0.44452247191011235 0.7099719101123596 0.43872893258426965 0.6882022471910112 0.44259129213483145 0.6732209737827716 0.4490870786516854 0.6659644194756554 0.45979634831460675 0.6601123595505618
0 0.3753511235955056 0.49461610486891383 0.3848314606741573 0.5007022471910112 0.38781601123595505 0.5079588014981273 0.38816713483146065 0.5163857677902621 0.38377808988764045 0.5276217228464419 0.3732443820224719 0.5344101123595506 0.36587078651685395 0.5344101123595506 0.36042837078651685 0.5311329588014981 0.3553370786516854 0.5222378277153558 0.35445926966292135 0.512874531835206 0.3558637640449438 0.5056179775280899 0.3616573033707865 0.4964887640449438 0.3751755617977528 0.49461610486891383
0 0.5121137640449438 0.5419007490636704 0.5177317415730337 0.5500936329588015 0.5138693820224719 0.5627340823970037 0.5128160112359551 0.574438202247191 0.5079002808988764 0.5816947565543071 0.5019311797752809 0.584503745318352 0.4903441011235955 0.5823970037453183 0.48332162921348315 0.5742041198501873 0.48156601123595505 0.5676498127340824 0.4824438202247191 0.5571161048689138 0.4845505617977528 0.5500936329588015 0.488061797752809 0.5465823970037453 0.511938202247191 0.5419007490636704
0 0.4898174157303371 0.5835674157303371 0.5022823033707865 0.5875468164794008 0.5061446629213483 0.5917602996254682 0.5070224719101124 0.5976123595505618 0.5022823033707865 0.614934456928839 0.49877106741573035 0.6205524344569289 0.491748595505618 0.625 0.4782303370786517 0.62312734082397 0.4708567415730337 0.610252808988764 0.4745435393258427 0.5917602996254682 0.4824438202247191 0.5840355805243446 0.48964185393258425 0.5835674157303371
0 0.6416783707865169 0.6701779026217228 0.6437851123595506 0.6783707865168539 0.6511587078651685 0.6858614232209738 0.6558988764044944 0.6987359550561798 0.6548455056179775 0.7172284644194756 0.648876404494382 0.7286985018726592 0.6429073033707865 0.7310393258426966 0.636938202247191 0.7308052434456929 0.6265800561797753 0.7167602996254682 0.6228932584269663 0.6865636704119851 0.625 0.6809456928838952 0.6353581460674157 0.6711142322097379 0.641502808988764 0.6701779026217228
0 0.7085674157303371 0.5189606741573034 0.7203300561797753 0.5241104868913857 0.7248946629213483 0.5383895131086143 0.7220856741573034 0.5536048689138576 0.7169943820224719 0.5587546816479401 0.7103230337078652 0.56062734082397 0.699438202247191 0.5571161048689138 0.6910112359550562 0.5447097378277154 0.6946980337078652 0.5259831460674157 0.699438202247191 0.5210674157303371 0.7083918539325843 0.5189606741573034
0 0.4044943820224719 0.488998127340824 0.4157303370786517 0.5016385767790262 0.42117275280898875 0.5187265917602997 0.41853932584269665 0.5299625468164794 0.41134129213483145 0.540496254681648 0.4081811797752809 0.5409644194756554 0.39325842696629215 0.5337078651685393 0.3890449438202247 0.5224719101123596 0.390625 0.4948501872659176 0.39764747191011235 0.4892322097378277 0.4043188202247191 0.488998127340824
0 0.48560393258426965 0.6259363295880149 0.49666432584269665 0.6303838951310862 0.5003511235955056 0.6406835205992509 0.5014044943820225 0.6509831460674157 0.49508426966292135 0.6631554307116105 0.49122191011235955 0.6664325842696629 0.48507724719101125 0.6671348314606742 0.47717696629213485 0.6661985018726592 0.4643609550561798 0.6577715355805244 0.46207865168539325 0.6547284644194756 0.46190308988764045 0.6451310861423221 0.4633075842696629 0.636938202247191 0.4669943820224719 0.6334269662921348 0.4747191011235955 0.6285112359550562 0.48542837078651685 0.6259363295880149
0 0.6815308988764045 0.5561797752808989 0.6924157303370787 0.5634363295880149 0.6961025280898876 0.5737359550561798 0.6939957865168539 0.5884831460674157 0.6890800561797753 0.596441947565543 0.6860955056179775 0.5971441947565543 0.6683637640449438 0.5933988764044944 0.6573033707865169 0.5814606741573034 0.6555477528089888 0.5749063670411985 0.657127808988764 0.5674157303370787 0.6613412921348315 0.5625 0.671875 0.5564138576779026 0.6813553370786517 0.5561797752808989
0 0.49122191011235955 0.6680711610486891 0.49877106741573035 0.6734550561797753 0.5017556179775281 0.6844569288389513 0.5017556179775281 0.6949906367041199 0.4959620786516854 0.709503745318352 0.4882373595505618 0.714185393258427 0.48121488764044945 0.713249063670412 0.47384129213483145 0.7062265917602997 0.47208567415730335 0.7029494382022472 0.4722612359550562 0.6889044943820225 0.47717696629213485 0.6711142322097379 0.49104634831460675 0.6680711610486891
0 0.7101474719101124 0.6924157303370787 0.7133075842696629 0.6931179775280899 0.7183988764044944 0.699438202247191 0.7205056179775281 0.7162921348314607 0.7175210674157303 0.7240168539325843 0.7099719101123596 0.727996254681648 0.6997893258426966 0.7237827715355806 0.6932935393258427 0.713249063670412 0.6929424157303371 0.7066947565543071 0.695751404494382 0.6949906367041199 0.7099719101123596 0.6924157303370787
0 0.2966994382022472 0.6072097378277154 0.3003862359550562 0.6147003745318352 0.3003862359550562 0.6235955056179775 0.2873946629213483 0.6491104868913857 0.2828300561797753 0.6537921348314607 0.26878511235955055 0.6526217228464419 0.26053370786516855 0.6467696629213483 0.25895365168539325 0.6280430711610487 0.26264044943820225 0.6170411985018727 0.2694873595505618 0.6114232209737828 0.2866924157303371 0.6132958801498127 0.2965238764044944 0.6074438202247191
0 0.305126404494382 0.5650749063670412 0.30758426966292135 0.5676498127340824 0.30723314606741575 0.577247191011236 0.29757724719101125 0.5938670411985019 0.29634831460674155 0.6022940074906367 0.29353932584269665 0.6062734082397003 0.2830056179775281 0.6100187265917603 0.27247191011235955 0.6090823970037453 0.2636938202247191 0.6025280898876404 0.2612359550561798 0.5924625468164794 0.2621137640449438 0.574438202247191 0.27071629213483145 0.5692883895131086 0.30354634831460675 0.5634363295880149 0.3049508426966292 0.5650749063670412
0 0.613061797752809 0.5941011235955056 0.6267556179775281 0.6008895131086143 0.6321980337078652 0.6161048689138576 0.629564606741573 0.6301498127340824 0.6197331460674157 0.6381086142322098 0.6074438202247191 0.635065543071161 0.6005969101123596 0.6280430711610487 0.5977879213483146 0.6200842696629213 0.5988412921348315 0.6036985018726592 0.6058637640449438 0.5955056179775281 0.6128862359550562 0.5941011235955056
0 0.3751755617977528 0.6093164794007491 0.37745786516853935 0.6196161048689138 0.38412921348314605 0.6266385767790262 0.3850070224719101 0.6437265917602997 0.3809691011235955 0.6544943820224719 0.37429775280898875 0.6643258426966292 0.36622191011235955 0.6697097378277154 0.36025280898876405 0.6683052434456929 0.3558637640449438 0.6640917602996255 0.3514747191011236 0.6500468164794008 0.3514747191011236 0.6371722846441947 0.3558637640449438 0.6261704119850188 0.36815308988764045 0.6165730337078652 0.3695575842696629 0.6090823970037453 0.375 0.6093164794007491
0 0.4353932584269663 0.5381554307116105 0.4454002808988764 0.5433052434456929 0.44838483146067415 0.5571161048689138 0.44469803370786515 0.5711610486891385 0.42872191011235955 0.5784176029962547 0.418188202247191 0.5704588014981273 0.4157303370786517 0.5543071161048689 0.4216994382022472 0.5414325842696629 0.425561797752809 0.538623595505618 0.4352176966292135 0.5381554307116105
0 0.6616924157303371 0.6783707865168539 0.6790730337078652 0.6837546816479401 0.6882022471910112 0.6966292134831461 0.6892556179775281 0.7073970037453183 0.6876755617977528 0.7167602996254682 0.6824087078651685 0.7244850187265918 0.675561797752809 0.7270599250936329 0.664501404494382 0.721441947565543 0.6566011235955056 0.7071629213483146 0.6537921348314607 0.6853932584269663 0.6544943820224719 0.6821161048689138 0.6615168539325843 0.6783707865168539
0 0.3398876404494382 0.5760767790262172 0.3491924157303371 0.577247191011236 0.3535814606741573 0.5807584269662921 0.35639044943820225 0.5859082397003745 0.3570926966292135 0.596441947565543 0.35481039325842695 0.6058052434456929 0.3493679775280899 0.6142322097378277 0.33848314606741575 0.6210205992509363 0.3321629213483146 0.6196161048689138 0.3260182584269663 0.6135299625468165 0.3225070224719101 0.5980805243445693 0.3242626404494382 0.5889513108614233 0.3298806179775281 0.5807584269662921 0.3397120786516854 0.5760767790262172
0 0.4299508426966292 0.6221910112359551 0.4390800561797753 0.6252340823970037 0.44259129213483145 0.6301498127340824 0.44434691011235955 0.6479400749063671 0.4373244382022472 0.6622191011235955 0.42907303370786515 0.6659644194756554 0.4155547752808989 0.6631554307116105 0.41099016853932585 0.6542602996254682 0.4101123595505618 0.647003745318352 0.41116573033707865 0.637874531835206 0.4157303370786517 0.6294475655430711 0.4216994382022472 0.6242977528089888 0.4297752808988764 0.6221910112359551
0 0.4392556179775281 0.5788857677902621 0.45066713483146065 0.5877808988764045 0.45400280898876405 0.5926966292134831 0.4552317415730337 0.5997191011235955 0.4529494382022472 0.610252808988764 0.43697331460674155 0.6212546816479401 0.42907303370786515 0.6210205992509363 0.42503511235955055 0.6179775280898876 0.42082162921348315 0.6128277153558053 0.41678370786516855 0.6020599250936329 0.41871488764044945 0.5917602996254682 0.42661516853932585 0.5802902621722846 0.4390800561797753 0.5788857677902621
0 0.34058988764044945 0.5292602996254682 0.35691713483146065 0.5330056179775281 0.35814606741573035 0.5362827715355806 0.355688202247191 0.5402621722846442 0.35849719101123595 0.5491573033707865 0.3576193820224719 0.5571161048689138 0.3455056179775281 0.5713951310861424 0.32882724719101125 0.5758426966292135 0.324438202247191 0.5758426966292135 0.3205758426966292 0.5716292134831461 0.3168890449438202 0.5641385767790262 0.31706460674157305 0.5573501872659176 0.32707162921348315 0.5346441947565543 0.3319873595505618 0.5306647940074907 0.34041432584269665 0.5292602996254682
0 0.2731741573033708 0.6528558052434457 0.284936797752809 0.6573033707865169 0.28985252808988765 0.6828183520599251 0.28985252808988765 0.6891385767790262 0.2866924157303371 0.6956928838951311 0.2796699438202247 0.7006086142322098 0.26509831460674155 0.6942883895131086 0.2579002808988764 0.68562734082397 0.2598314606741573 0.6622191011235955 0.2679073033707865 0.6540262172284644 0.272998595505618 0.6528558052434457
0 0.546875 0.6320224719101124 0.5498595505617978 0.6406835205992509 0.5488061797752809 0.6439606741573034 0.5421348314606742 0.648876404494382 0.5403792134831461 0.6647940074906367 0.5330056179775281 0.6715823970037453 0.5226474719101124 0.6729868913857678 0.5091292134831461 0.6718164794007491 0.5049157303370787 0.6647940074906367 0.504564606741573 0.6542602996254682 0.5089536516853933 0.6474719101123596 0.5096558988764045 0.6404494382022472 0.515625 0.635065543071161 0.5323033707865169 0.6322565543071161 0.5398525280898876 0.6355337078651685 0.5466994382022472 0.6320224719101124
0 0.7020716292134831 0.6434925093632958 0.7136587078651685 0.6481741573033708 0.7213834269662921 0.6580056179775281 0.7236657303370787 0.6645599250936329 0.7206811797752809 0.6823501872659176 0.7106741573033708 0.6889044943820225 0.6992626404494382 0.6863295880149812 0.6908356741573034 0.675561797752809 0.6887289325842697 0.6584737827715356 0.6894311797752809 0.647003745318352 0.695751404494382 0.6430243445692884 0.7018960674157303 0.6434925093632958
0 0.28002106741573035 0.5259831460674157 0.2972261235955056 0.5292602996254682 0.3024929775280899 0.5330056179775281 0.3049508426966292 0.5397940074906367 0.3023174157303371 0.5500936329588015 0.2930126404494382 0.5610955056179775 0.2768609550561798 0.5671816479400749 0.26439606741573035 0.5625 0.2594803370786517 0.5536048689138576 0.25860252808988765 0.5465823970037453 0.26070926966292135 0.5369850187265918 0.2638693820224719 0.5323033707865169 0.27984550561797755 0.5259831460674157
0 0.24912219101123595 0.6519194756554307 0.25649578651685395 0.6610486891385767 0.2559691011235955 0.6788389513108615 0.2522823033707865 0.6858614232209738 0.24455758426966293 0.6924157303370787 0.23472612359550563 0.6954588014981273 0.22823033707865167 0.6933520599250936 0.22384129213483145 0.6886704119850188 0.22120786516853932 0.6790730337078652 0.22226123595505617 0.6683052434456929 0.23086376404494383 0.6556647940074907 0.24894662921348315 0.6519194756554307
0 0.6648525280898876 0.6292134831460674 0.6659058988764045 0.6345973782771536 0.6831109550561798 0.638810861423221 0.6871488764044944 0.6439606741573034 0.6894311797752809 0.6743913857677902 0.6864466292134831 0.6788389513108615 0.6787219101123596 0.6830524344569289 0.6648525280898876 0.675561797752809 0.6578300561797753 0.6680711610486891 0.6546699438202247 0.6610486891385767 0.6567766853932584 0.6360018726591761 0.6641502808988764 0.6357677902621723 0.6646769662921348 0.6336610486891385 0.6615168539325843 0.6301498127340824 0.6646769662921348 0.6292134831460674
0 0.5849719101123596 0.6308520599250936 0.5956811797752809 0.6392790262172284 0.5995435393258427 0.6549625468164794 0.5969101123595506 0.6690074906367042 0.5919943820224719 0.6741573033707865 0.5849719101123596 0.675561797752809 0.573560393258427 0.6692415730337079 0.5674157303370787 0.6544943820224719 0.5711025280898876 0.6364700374531835 0.578125 0.6306179775280899 0.5847963483146067 0.6308520599250936
0 0.6701193820224719 0.5046816479400749 0.6864466292134831 0.5152153558052435 0.6915379213483146 0.525749063670412 0.6892556179775281 0.5479868913857678 0.6767907303370787 0.5543071161048689 0.6694171348314607 0.5536048689138576 0.663623595505618 0.547752808988764 0.657127808988764 0.5194288389513109 0.6615168539325843 0.5084269662921348 0.6699438202247191 0.5046816479400749
0 0.49894662921348315 0.49391385767790263 0.5091292134831461 0.5072565543071161 0.511060393258427 0.5189606741573034 0.5064957865168539 0.5344101123595506 0.5019311797752809 0.5407303370786517 0.49473314606741575 0.5435393258426966 0.48771067415730335 0.5433052434456929 0.4824438202247191 0.5360486891385767 0.47928370786516855 0.526685393258427 0.4789325842696629 0.5117041198501873 0.48384831460674155 0.5011704119850188 0.49877106741573035 0.49391385767790263
0 0.5366924157303371 0.5447097378277154 0.5489817415730337 0.5536048689138576 0.5510884831460674 0.56437265917603 0.5400280898876404 0.5835674157303371 0.5317766853932584 0.5870786516853933 0.522998595505618 0.5859082397003745 0.5180828651685393 0.5812265917602997 0.5143960674157303 0.5749063670411985 0.5138693820224719 0.5629681647940075 0.5182584269662921 0.5503277153558053 0.5254564606741573 0.5463483146067416 0.5365168539325843 0.5447097378277154
0 0.24332865168539325 0.610252808988764 0.2515800561797753 0.612125468164794 0.25719803370786515 0.6189138576779026 0.2579002808988764 0.636938202247191 0.2517556179775281 0.6479400749063671 0.23577949438202248 0.6533239700374532 0.22981039325842698 0.6526217228464419 0.22542134831460675 0.6481741573033708 0.222436797752809 0.6409176029962547 0.22173455056179775 0.6299157303370787 0.22384129213483145 0.6228932584269663 0.22945926966292135 0.6156367041198502 0.24315308988764045 0.610252808988764
0 0.6695926966292135 0.5950374531835206 0.6859199438202247 0.5978464419475655 0.6936446629213483 0.6090823970037453 0.6934691011235955 0.6280430711610487 0.6906601123595506 0.6338951310861424 0.682935393258427 0.637874531835206 0.6674859550561798 0.6336610486891385 0.6581811797752809 0.6125936329588015 0.6604634831460674 0.6022940074906367 0.664501404494382 0.5969101123595506 0.6694171348314607 0.5950374531835206
0 0.5212429775280899 0.5887172284644194 0.5270365168539326 0.5908239700374532 0.5338834269662921 0.5987827715355806 0.5366924157303371 0.6139981273408239 0.5333567415730337 0.6261704119850188 0.5224719101123596 0.6329588014981273 0.5140449438202247 0.6315543071161048 0.5063202247191011 0.6163389513108615 0.5063202247191011 0.6086142322097379 0.5100070224719101 0.5952715355805244 0.5154494382022472 0.5896535580524345 0.5210674157303371 0.5887172284644194
0 0.6448384831460674 0.5168539325842697 0.6574789325842697 0.5262172284644194 0.6615168539325843 0.5397940074906367 0.6590589887640449 0.5575842696629213 0.651685393258427 0.5681179775280899 0.6476474719101124 0.5699906367041199 0.6437851123595506 0.5690543071161048 0.6371137640449438 0.5613295880149812 0.6304424157303371 0.545880149812734 0.632373595505618 0.5259831460674157 0.6446629213483146 0.5168539325842697
0 0.5259831460674157 0.5058520599250936 0.5361657303370787 0.5086610486891385 0.5416081460674157 0.5187265917602997 0.5410814606741573 0.5299625468164794 0.5380969101123596 0.5381554307116105 0.5330056179775281 0.5428370786516854 0.5259831460674157 0.5447097378277154 0.5177317415730337 0.5421348314606742 0.5112359550561798 0.5294943820224719 0.5135182584269663 0.5121722846441947 0.5186095505617978 0.5077247191011236 0.5258075842696629 0.5058520599250936
2 0.22735252808988765 0.47752808988764045 0.7329705056179775 0.5208333333333334 0.7250702247191011 0.7373595505617978 0.21769662921348315 0.7010767790262172
1 0.292749297752809 0.5038623595505618 0.03247893258426966 0.043305243445692886
1 0.32171699438202245 0.507373595505618 0.027212078651685394 0.043305243445692886
1 0.3476123595505618 0.5067883895131086 0.029845505617977528 0.05149812734082397
1 0.24095856741573032 0.5465823970037453 0.025456460674157303 0.04447565543071161
1 0.24139747191011235 0.586376404494382 0.03160112359550562 0.039794007490636704
1 0.3103054775280899 0.552434456928839 0.023700842696629212 0.04447565543071161
1 0.30767205056179775 0.5963249063670412 0.021945224719101125 0.040964419475655434
1 0.30591643258426965 0.6302668539325843 0.025456460674157303 0.040964419475655434
1 0.33532303370786515 0.637874531835206 0.029845505617977528 0.042134831460674156
1 0.3344452247191011 0.6817649812734082 0.029845505617977528 0.043305243445692886
1 0.36209620786516855 0.6852762172284644 0.030723314606741572 0.040964419475655434
1 0.3695575842696629 0.5969101123595506 0.028089887640449437 0.042134831460674156
1 0.37175210674157305 0.5547752808988764 0.028967696629213485 0.03745318352059925
1 0.40291432584269665 0.5518492509363296 0.029845505617977528 0.03160112359550562
1 0.40291432584269665 0.5969101123595506 0.03160112359550562 0.03745318352059925
1 0.39984199438202245 0.6372893258426966 0.025456460674157303 0.04564606741573034
1 0.43495435393258425 0.5149812734082397 0.028967696629213485 0.039794007490636704
1 0.4643609550561798 0.5214185393258427 0.03160112359550562 0.03394194756554307
1 0.4652387640449438 0.5635533707865169 0.033356741573033706 0.03394194756554307
1 0.45953300561797755 0.5998361423220974 0.025456460674157303 0.04798689138576779
1 0.4568995786516854 0.6419709737827716 0.023700842696629212 0.03628277153558052
1 0.4239817415730337 0.6841058052434457 0.029845505617977528 0.040964419475655434
1 0.5148349719101124 0.6917134831460674 0.03423455056179775 0.039794007490636704
1 0.5446804775280899 0.6864466292134831 0.030723314606741572 0.038623595505617975
1 0.5503862359550562 0.6448970037453183 0.029845505617977528 0.039794007490636704
1 0.5486306179775281 0.6068586142322098 0.028089887640449437 0.040964419475655434
1 0.5521418539325843 0.5688202247191011 0.021067415730337078 0.030430711610486893
1 0.5833040730337079 0.5313670411985019 0.030723314606741572 0.0351123595505618
1 0.5802317415730337 0.5676498127340824 0.03686797752808989 0.03745318352059925
1 0.5767205056179775 0.6068586142322098 0.03686797752808989 0.03628277153558052
1 0.6403616573033708 0.571746254681648 0.025456460674157303 0.038623595505617975
1 0.6390449438202247 0.6097846441947565 0.028089887640449437 0.039794007490636704
1 0.6421172752808989 0.6536750936329588 0.028967696629213485 0.04564606741573034
1 0.5789150280898876 0.6940543071161048 0.03423455056179775 0.04681647940074907
1 0.6109550561797753 0.6934691011235955 0.028089887640449437 0.043305243445692886
1 0.7110252808988764 0.5758426966292135 0.03160112359550562 0.03745318352059925
1 0.7079529494382022 0.6191479400749064 0.03247893258426966 0.04681647940074907