0 0.46629213483146065 0.30032771535580527 0.4745435393258427 0.30664794007490637 0.4782303370786517 0.3211610486891386 0.472436797752809 0.33286516853932585 0.46383426966292135 0.3368445692883895 0.45452949438202245 0.3291198501872659 0.4510182584269663 0.3169475655430712 0.45646067415730335 0.30337078651685395 0.46611657303370785 0.30032771535580527
0 0.4496137640449438 0.6376404494382022 0.460498595505618 0.6425561797752809 0.4629564606741573 0.6547284644194756 0.4606741573033708 0.662687265917603 0.4529494382022472 0.6750936329588015 0.4468047752808989 0.6757958801498127 0.43995786516853935 0.6718164794007491 0.43609550561797755 0.6647940074906367 0.43451544943820225 0.6437265917602997 0.4357443820224719 0.6395131086142322 0.4390800561797753 0.6381086142322098 0.449438202247191 0.6376404494382022
0 0.38764044943820225 0.6495786516853933 0.394311797752809 0.6575374531835206 0.39747191011235955 0.6685393258426966 0.39554073033707865 0.6788389513108615 0.3850070224719101 0.6882022471910112 0.3730688202247191 0.6832865168539326 0.3709620786516854 0.6669007490636704 0.3727176966292135 0.6601123595505618 0.38009129213483145 0.650749063670412 0.38746488764044945 0.6495786516853933
0 0.5925210674157303 0.3190543071161049 0.5995435393258427 0.3237359550561798 0.6035814606741573 0.33169475655430714 0.6041081460674157 0.33848314606741575 0.5997191011235955 0.3527621722846442 0.5904143258426966 0.35884831460674155 0.5783005617977528 0.35557116104868913 0.5746137640449438 0.34901685393258425 0.5740870786516854 0.3377808988764045 0.5798806179775281 0.323501872659176 0.5847963483146067 0.31952247191011235 0.5923455056179775 0.3190543071161049
0 0.6172752808988764 0.40823970037453183 0.6272823033707865 0.41596441947565543 0.629564606741573 0.42907303370786515 0.6235955056179775 0.4426498127340824 0.6163974719101124 0.44709737827715357 0.6127106741573034 0.44662921348314605 0.604810393258427 0.43703183520599254 0.6021769662921348 0.42392322097378277 0.6063904494382022 0.4122191011235955 0.6121839887640449 0.4080056179775281 0.6170997191011236 0.40823970037453183
0 0.5988412921348315 0.5278558052434457 0.6039325842696629 0.5365168539325843 0.6023525280898876 0.5571161048689138 0.5969101123595506 0.5653089887640449 0.5865519662921348 0.5692883895131086 0.579002808988764 0.5676498127340824 0.5732092696629213 0.5571161048689138 0.5740870786516854 0.5395599250936329 0.5774227528089888 0.5337078651685393 0.5846207865168539 0.5294943820224719 0.5986657303370787 0.5278558052434457
0 0.5535463483146067 0.6556647940074907 0.5617977528089888 0.6669007490636704 0.5625 0.6793071161048689 0.5574087078651685 0.6891385767790262 0.5509129213483146 0.6919475655430711 0.5433637640449438 0.6905430711610487 0.5387991573033708 0.6858614232209738 0.5363412921348315 0.6718164794007491 0.5403792134831461 0.6584737827715356 0.5458216292134831 0.6551966292134831 0.5533707865168539 0.6556647940074907
0 0.3707865168539326 0.3017322097378277 0.3804424157303371 0.31062734082397003 0.38149578651685395 0.3211610486891386 0.37780898876404495 0.3335674157303371 0.36973314606741575 0.33707865168539325 0.36271067415730335 0.33614232209737827 0.35814606741573035 0.33192883895131087 0.355688202247191 0.3176498127340824 0.3609550561797753 0.3038389513108614 0.3706109550561798 0.3017322097378277
0 0.5170294943820225 0.5875468164794008 0.5314255617977528 0.6034644194756554 0.5347612359550562 0.6132958801498127 0.5319522471910112 0.6273408239700374 0.5261587078651685 0.6345973782771536 0.5196629213483146 0.6376404494382022 0.511938202247191 0.6357677902621723 0.5071980337078652 0.6308520599250936 0.5040379213483146 0.62312734082397 0.5029845505617978 0.610252808988764 0.5038623595505618 0.5919943820224719 0.5084269662921348 0.5877808988764045 0.5168539325842697 0.5875468164794008
0 0.4808637640449438 0.6444288389513109 0.49139747191011235 0.6486423220973783 0.4956109550561798 0.6537921348314607 0.49754213483146065 0.6718164794007491 0.49473314606741575 0.6779026217228464 0.4899929775280899 0.6823501872659176 0.48174157303370785 0.6830524344569289 0.46787219101123595 0.6683052434456929 0.4703300561797753 0.6533239700374532 0.480688202247191 0.6446629213483146
0 0.40150983146067415 0.30430711610486894 0.4078300561797753 0.3068820224719101 0.4120435393258427 0.3125 0.4141502808988764 0.32514044943820225 0.4081811797752809 0.33590823970037453 0.40115870786516855 0.3387172284644195 0.390625 0.33590823970037453 0.38781601123595505 0.31952247191011235 0.39150280898876405 0.3089887640449438 0.40133426966292135 0.30430711610486894
0 0.5823384831460674 0.6081460674157303 0.5925210674157303 0.6147003745318352 0.5956811797752809 0.6273408239700374 0.5919943820224719 0.638810861423221 0.5819873595505618 0.6430243445692884 0.5711025280898876 0.6404494382022472 0.5691713483146067 0.6264044943820225 0.5739115168539326 0.6095505617977528 0.5821629213483146 0.6081460674157303
0 0.42064606741573035 0.5945692883895131 0.4274929775280899 0.5997191011235955 0.4313553370786517 0.6128277153558053 0.42643960674157305 0.6257022471910112 0.41502808988764045 0.6306179775280899 0.4041432584269663 0.6240636704119851 0.4022120786516854 0.6095505617977528 0.4085323033707865 0.5952715355805244 0.42047050561797755 0.5945692883895131
0 0.5795294943820225 0.6451310861423221 0.5916432584269663 0.6491104868913857 0.594627808988764 0.6575374531835206 0.5948033707865169 0.6650280898876404 0.5912921348314607 0.673689138576779 0.5884831460674157 0.6779026217228464 0.582689606741573 0.6795411985018727 0.5742626404494382 0.6769662921348315 0.567064606741573 0.6680711610486891 0.567064606741573 0.6577715355805244 0.5696980337078652 0.6502808988764045 0.5737359550561798 0.6458333333333334 0.5793539325842697 0.6451310861423221
0 0.5247542134831461 0.6530898876404494 0.5308988764044944 0.6591760299625468 0.5335323033707865 0.6722846441947565 0.5298455056179775 0.6839887640449438 0.5226474719101124 0.6891385767790262 0.5152738764044944 0.6877340823970037 0.511060393258427 0.6837546816479401 0.5079002808988764 0.6757958801498127 0.5075491573033708 0.6631554307116105 0.5087780898876404 0.658941947565543 0.5138693820224719 0.6554307116104869 0.5245786516853933 0.6530898876404494
0 0.5582865168539326 0.611189138576779 0.5651334269662921 0.6184456928838952 0.567064606741573 0.6315543071161048 0.5649578651685393 0.6404494382022472 0.5567064606741573 0.6479400749063671 0.5452949438202247 0.6441947565543071 0.5424859550561798 0.6409176029962547 0.5398525280898876 0.6301498127340824 0.5410814606741573 0.6203183520599251 0.5452949438202247 0.6151685393258427 0.5517907303370787 0.6107209737827716 0.5581109550561798 0.611189138576779
0 0.36990870786516855 0.4276685393258427 0.3806179775280899 0.43890449438202245 0.37816011235955055 0.4538857677902622 0.37429775280898875 0.4602059925093633 0.36990870786516855 0.462312734082397 0.35849719101123595 0.4602059925093633 0.3549859550561798 0.45552434456928836 0.35270365168539325 0.44686329588014984 0.3532303370786517 0.43913857677902624 0.35639044943820225 0.43211610486891383 0.36271067415730335 0.42743445692883897 0.36973314606741575 0.4276685393258427
0 0.5609199438202247 0.3171816479400749 0.5684691011235955 0.323501872659176 0.5719803370786517 0.3352059925093633 0.5679424157303371 0.3471441947565543 0.5577598314606742 0.352059925093633 0.5537219101123596 0.3518258426966292 0.5489817415730337 0.34737827715355807 0.5458216292134831 0.33403558052434457 0.5516151685393258 0.3202247191011236 0.5607443820224719 0.3171816479400749
0 0.6169241573033708 0.6182116104868914 0.6232443820224719 0.6191479400749064 0.6260533707865169 0.6224250936329588 0.6302668539325843 0.6294475655430711 0.6311446629213483 0.6364700374531835 0.6311446629213483 0.6439606741573034 0.6290379213483146 0.6481741573033708 0.620435393258427 0.6544943820224719 0.6107794943820225 0.6523876404494382 0.6044592696629213 0.6437265917602997 0.6027036516853933 0.6371722846441947 0.604810393258427 0.6301498127340824 0.616748595505618 0.6182116104868914
0 0.46348314606741575 0.35135767790262173 0.4705056179775281 0.35510299625468167 0.47366573033707865 0.3604868913857678 0.4748946629213483 0.3717228464419476 0.47208567415730335 0.3806179775280899 0.460498595505618 0.38670411985018727 0.45646067415730335 0.3857677902621723 0.449438202247191 0.37687265917602997 0.44838483146067415 0.3661048689138577 0.4529494382022472 0.3548689138576779 0.456811797752809 0.3518258426966292 0.4633075842696629 0.35135767790262173
0 0.5870786516853933 0.4866573033707865 0.5935744382022472 0.4913389513108614 0.5970856741573034 0.49976591760299627 0.597436797752809 0.5072565543071161 0.5955056179775281 0.5189606741573034 0.5865519662921348 0.5271535580524345 0.5739115168539326 0.5236423220973783 0.5691713483146067 0.5156835205992509 0.5675912921348315 0.5049157303370787 0.5700491573033708 0.49461610486891383 0.5733848314606742 0.48993445692883897 0.5784761235955056 0.4868913857677903 0.5869030898876404 0.4866573033707865
0 0.5366924157303371 0.35252808988764045 0.5435393258426966 0.3548689138576779 0.5466994382022472 0.35931647940074907 0.5495084269662921 0.3728932584269663 0.5466994382022472 0.38202247191011235 0.5365168539325843 0.387874531835206 0.5291432584269663 0.3857677902621723 0.5231741573033708 0.37663857677902624 0.5237008426966292 0.36235955056179775 0.5305477528089888 0.35510299625468167 0.5365168539325843 0.35252808988764045
0 0.3944873595505618 0.5170880149812734 0.40519662921348315 0.5210674157303371 0.4097612359550562 0.5320692883895131 0.40747893258426965 0.5461142322097379 0.39747191011235955 0.5543071161048689 0.39115168539325845 0.552434456928839 0.38553370786516855 0.5472846441947565 0.382373595505618 0.5372191011235955 0.3843047752808989 0.5224719101123596 0.394311797752809 0.5170880149812734
0 0.6106039325842697 0.4538857677902622 0.6199087078651685 0.4571629213483146 0.6248244382022472 0.4669943820224719 0.6248244382022472 0.4721441947565543 0.6223665730337079 0.4845505617977528 0.6095505617977528 0.48852996254681647 0.601123595505618 0.48220973782771537 0.5988412921348315 0.47120786516853935 0.602001404494382 0.4597378277153558 0.6058637640449438 0.45482209737827717 0.6104283707865169 0.4538857677902622
0 0.5064957865168539 0.34995318352059923 0.5121137640449438 0.35135767790262173 0.5161516853932584 0.35603932584269665 0.5198384831460674 0.3698501872659176 0.5128160112359551 0.38881086142322097 0.5005266853932584 0.39419475655430714 0.49683988764044945 0.3937265917602996 0.4898174157303371 0.386938202247191 0.48964185393258425 0.36352996254681647 0.4940308988764045 0.35463483146067415 0.5063202247191011 0.34995318352059923
0 0.5298455056179775 0.3094569288389513 0.5365168539325843 0.31296816479400746 0.5400280898876404 0.31788389513108617 0.5410814606741573 0.33169475655430714 0.5347612359550562 0.3431647940074906 0.5259831460674157 0.3464419475655431 0.5140449438202247 0.33824906367041196 0.5140449438202247 0.3211610486891386 0.5189606741573034 0.31320224719101125 0.5296699438202247 0.3094569288389513
0 0.6237710674157303 0.3647003745318352 0.6304424157303371 0.37008426966292135 0.6336025280898876 0.3796816479400749 0.6318469101123596 0.39068352059925093 0.6237710674157303 0.3993445692883895 0.609375 0.39747191011235955 0.605688202247191 0.3838951310861423 0.6058637640449438 0.37640449438202245 0.608497191011236 0.3698501872659176 0.6148174157303371 0.3651685393258427 0.6235955056179775 0.3647003745318352
0 0.3983497191011236 0.3441011235955056 0.4078300561797753 0.3487827715355805 0.41134129213483145 0.35580524344569286 0.40941011235955055 0.37312734082397003 0.40502106741573035 0.3780430711610487 0.3983497191011236 0.37991573033707865 0.390625 0.37780898876404495 0.3848314606741573 0.363061797752809 0.3864115168539326 0.34995318352059923 0.3927317415730337 0.3445692883895131 0.3981741573033708 0.3441011235955056
0 0.3634129213483146 0.6048689138576779 0.37377106741573035 0.6090823970037453 0.3790379213483146 0.6226591760299626 0.37605337078651685 0.6360018726591761 0.3695575842696629 0.6420880149812734 0.35691713483146065 0.6402153558052435 0.35094803370786515 0.6301498127340824 0.35094803370786515 0.6193820224719101 0.35463483146067415 0.6093164794007491 0.3632373595505618 0.6048689138576779
0 0.6235955056179775 0.4901685393258427 0.6321980337078652 0.49812734082397003 0.6348314606741573 0.5102996254681648 0.6336025280898876 0.5187265917602997 0.6239466292134831 0.5269194756554307 0.6165730337078652 0.526685393258427 0.610252808988764 0.5229400749063671 0.6079705056179775 0.5191947565543071 0.6076193820224719 0.5091292134831461 0.6077949438202247 0.5049157303370787 0.6123595505617978 0.4969569288389513 0.6160463483146067 0.4927434456928839 0.6234199438202247 0.4901685393258427
0 0.620435393258427 0.32303370786516855 0.6276334269662921 0.3265449438202247 0.6311446629213483 0.3312265917602996 0.6325491573033708 0.34176029962546817 0.6253511235955056 0.3539325842696629 0.6172752808988764 0.3574438202247191 0.608497191011236 0.352059925093633 0.6049859550561798 0.33848314606741575 0.6091994382022472 0.32724719101123595 0.6202598314606742 0.32303370786516855
0 0.42047050561797755 0.6364700374531835 0.425561797752809 0.6392790262172284 0.429248595505618 0.6455992509363296 0.4311797752808989 0.661750936329588 0.42872191011235955 0.6673689138576779 0.421875 0.6722846441947565 0.41731039325842695 0.6725187265917603 0.4118679775280899 0.6704119850187266 0.4066011235955056 0.6631554307116105 0.40344101123595505 0.6575374531835206 0.40308988764044945 0.6505149812734082 0.4078300561797753 0.639747191011236 0.413623595505618 0.6364700374531835 0.4202949438202247 0.6364700374531835
0 0.36622191011235955 0.3419943820224719 0.37763342696629215 0.34784644194756553 0.3809691011235955 0.3586142322097378 0.3765800561797753 0.37265917602996257 0.36622191011235955 0.37663857677902624 0.3558637640449438 0.3698501872659176 0.3534058988764045 0.35814606741573035 0.3553370786516854 0.3487827715355805 0.3590238764044944 0.34386704119850187 0.36604634831460675 0.3419943820224719
0 0.42889747191011235 0.34597378277153557 0.4352176966292135 0.34784644194756553 0.43890449438202245 0.3518258426966292 0.44276685393258425 0.3625936329588015 0.44013342696629215 0.37312734082397003 0.4299508426966292 0.37991573033707865 0.41924157303370785 0.37453183520599254 0.41695926966292135 0.36493445692883897 0.4197682584269663 0.352059925093633 0.42872191011235955 0.34597378277153557
0 0.35603932584269665 0.6439606741573034 0.3670997191011236 0.6509831460674157 0.3695575842696629 0.6577715355805244 0.36657303370786515 0.6741573033707865 0.36235955056179775 0.6786048689138576 0.35639044943820225 0.6802434456928839 0.347436797752809 0.6764981273408239 0.3435744382022472 0.6650280898876404 0.34480337078651685 0.6540262172284644 0.3481390449438202 0.6477059925093633 0.3558637640449438 0.6439606741573034
0 0.621313202247191 0.5306647940074907 0.6309691011235955 0.5397940074906367 0.6330758426966292 0.5507958801498127 0.6302668539325843 0.5617977528089888 0.6202598314606742 0.5678838951310862 0.6088483146067416 0.5610955056179775 0.6062148876404494 0.5465823970037453 0.6100772471910112 0.5341760299625468 0.6158707865168539 0.5304307116104869 0.6211376404494382 0.5306647940074907
0 0.5 0.3068820224719101 0.5071980337078652 0.3099250936329588 0.5124648876404494 0.32092696629213485 0.5086025280898876 0.33707865168539325 0.5019311797752809 0.34152621722846443 0.4924508426966292 0.33965355805243447 0.4863061797752809 0.3295880149812734 0.48946629213483145 0.31320224719101125 0.4998244382022472 0.3068820224719101
0 0.5890098314606742 0.4033239700374532 0.5962078651685393 0.4112827715355805 0.5963834269662921 0.43211610486891383 0.5919943820224719 0.4396067415730337 0.5816362359550562 0.4438202247191011 0.574438202247191 0.4426498127340824 0.5783005617977528 0.43913857677902624 0.5681179775280899 0.42532771535580527 0.5677668539325843 0.41807116104868913 0.5704002808988764 0.4096441947565543 0.5758426966292135 0.4044943820224719 0.5888342696629213 0.4033239700374532
0 0.6199087078651685 0.5727996254681648 0.6285112359550562 0.5765449438202247 0.632373595505618 0.5877808988764045 0.6306179775280899 0.601123595505618 0.6248244382022472 0.6067415730337079 0.6200842696629213 0.6079119850187266 0.6135884831460674 0.6065074906367042 0.6088483146067416 0.6022940074906367 0.6055126404494382 0.5877808988764045 0.6065660112359551 0.5786516853932584 0.6095505617977528 0.5751404494382022 0.6197331460674157 0.5727996254681648
0 0.49157303370786515 0.608380149812734 0.49894662921348315 0.6147003745318352 0.5024578651685393 0.6259363295880149 0.4996488764044944 0.6402153558052435 0.491748595505618 0.6448970037453183 0.4805126404494382 0.6420880149812734 0.47559691011235955 0.6306179775280899 0.47945926966292135 0.6142322097378277 0.49139747191011235 0.608380149812734
0 0.40150983146067415 0.43609550561797755 0.41502808988764045 0.4421816479400749 0.418188202247191 0.4524812734082397 0.41485252808988765 0.4681647940074906 0.4046699438202247 0.4737827715355805 0.4008075842696629 0.4737827715355805 0.39396067415730335 0.4660580524344569 0.390625 0.4538857677902622 0.39308286516853935 0.4421816479400749 0.40133426966292135 0.43609550561797755
0 0.45435393258426965 0.598314606741573 0.46348314606741575 0.6022940074906367 0.46576544943820225 0.6135299625468165 0.46348314606741575 0.6266385767790262 0.453125 0.6327247191011236 0.444873595505618 0.6313202247191011 0.4396067415730337 0.6264044943820225 0.43802668539325845 0.612125468164794 0.4390800561797753 0.6058052434456929 0.44241573033707865 0.601123595505618 0.45417837078651685 0.598314606741573
0 0.36622191011235955 0.5152153558052435 0.3734199438202247 0.5175561797752809 0.3788623595505618 0.5323033707865169 0.3771067415730337 0.5447097378277154 0.37236657303370785 0.5507958801498127 0.3670997191011236 0.552434456928839 0.3574438202247191 0.549625468164794 0.3534058988764045 0.538623595505618 0.35217696629213485 0.526685393258427 0.35235252808988765 0.5208333333333334 0.3558637640449438 0.5213014981273408 0.36271067415730335 0.5152153558052435 0.36604634831460675 0.5152153558052435
0 0.4083567415730337 0.39419475655430714 0.4183637640449438 0.40004681647940077 0.4216994382022472 0.4112827715355805 0.4199438202247191 0.42181647940074907 0.4102879213483146 0.4302434456928839 0.40098314606741575 0.42790262172284643 0.39518960674157305 0.42181647940074907 0.39378511235955055 0.4164325842696629 0.39396067415730335 0.4070692883895131 0.3964185393258427 0.40098314606741575 0.4001053370786517 0.3970037453183521 0.4081811797752809 0.39419475655430714
0 0.3734199438202247 0.47331460674157305 0.3830758426966292 0.4772940074906367 0.38588483146067415 0.48735955056179775 0.3850070224719101 0.49812734082397003 0.3767556179775281 0.511938202247191 0.36973314606741575 0.5065543071161048 0.3613061797752809 0.5042134831460674 0.35674157303370785 0.4948501872659176 0.3628862359550562 0.4779962546816479 0.3732443820224719 0.47331460674157305
0 0.43223314606741575 0.3080524344569288 0.4413623595505618 0.313436329588015 0.44452247191011235 0.3279494382022472 0.4432935393258427 0.33614232209737827 0.4332865168539326 0.3431647940074906 0.4253862359550562 0.3408239700374532 0.4216994382022472 0.33614232209737827 0.42099719101123595 0.3176498127340824 0.4259129213483146 0.3103932584269663 0.4320575842696629 0.3082865168539326
0 0.40115870786516855 0.47752808988764045 0.409936797752809 0.48057116104868913 0.4143258426966292 0.4875936329588015 0.4122191011235955 0.5070224719101124 0.4018609550561798 0.5135767790262172 0.39396067415730335 0.5110018726591761 0.3883426966292135 0.5051498127340824 0.386938202247191 0.4913389513108614 0.38922050561797755 0.48384831460674155 0.40098314606741575 0.47752808988764045
0 0.6202598314606742 0.4859550561797753 0.6299157303370787 0.4911048689138577 0.6367626404494382 0.5067883895131086 0.6320224719101124 0.5227059925093633 0.6230688202247191 0.528558052434457 0.6127106741573034 0.5276217228464419 0.6023525280898876 0.5196629213483146 0.5986657303370787 0.5126404494382022 0.5988412921348315 0.5042134831460674 0.6049859550561798 0.4934456928838951 0.6200842696629213 0.4859550561797753
0 0.5886587078651685 0.3604868913857678 0.5958567415730337 0.36446629213483145 0.5998946629213483 0.3714887640449438 0.6002457865168539 0.38319288389513106 0.5988412921348315 0.39021535580524347 0.5956811797752809 0.39396067415730335 0.5849719101123596 0.397940074906367 0.5783005617977528 0.3951310861423221 0.5746137640449438 0.3904494382022472 0.5711025280898876 0.375936329588015 0.5746137640449438 0.3661048689138577 0.5884831460674157 0.3604868913857678
0 0.6192064606741573 0.6549625468164794 0.6274578651685393 0.6619850187265918 0.6304424157303371 0.6701779026217228 0.6311446629213483 0.6825842696629213 0.6262289325842697 0.6933520599250936 0.617626404494382 0.6970973782771536 0.6060393258426966 0.6921816479400749 0.6016502808988764 0.6846910112359551 0.6000702247191011 0.673689138576779 0.6014747191011236 0.6640917602996255 0.6053370786516854 0.6575374531835206 0.6123595505617978 0.6542602996254682 0.6190308988764045 0.6549625468164794
0 0.5545997191011236 0.3895131086142322 0.5642556179775281 0.3977059925093633 0.566186797752809 0.40777153558052437 0.5637289325842697 0.4169007490636704 0.5538974719101124 0.4229868913857678 0.5435393258426966 0.4187734082397004 0.5389747191011236 0.4075374531835206 0.5438904494382022 0.39396067415730335 0.5502106741573034 0.3892790262172285 0.5544241573033708 0.3895131086142322
0 0.37377106741573035 0.3857677902621723 0.38395365168539325 0.39068352059925093 0.38781601123595505 0.40847378277153557 0.38342696629213485 0.4190074906367041 0.3732443820224719 0.4241573033707865 0.36622191011235955 0.4220505617977528 0.36271067415730335 0.4173689138576779 0.35867275280898875 0.40098314606741575 0.36587078651685395 0.3890449438202247 0.37359550561797755 0.3857677902621723
0 0.37377106741573035 0.5531367041198502 0.3806179775280899 0.5573501872659176 0.38412921348314605 0.5746722846441947 0.37745786516853935 0.5884831460674157 0.3709620786516854 0.5919943820224719 0.35884831460674155 0.5884831460674157 0.35463483146067415 0.5814606741573034 0.3535814606741573 0.5742041198501873 0.35621488764044945 0.5596910112359551 0.37359550561797755 0.5531367041198502
0 0.5226474719101124 0.5976123595505618 0.5314255617977528 0.6053370786516854 0.5337078651685393 0.6200842696629213 0.5291432584269663 0.6301498127340824 0.5189606741573034 0.6357677902621723 0.511938202247191 0.6341292134831461 0.5084269662921348 0.6299157303370787 0.5052668539325843 0.6144662921348315 0.5117626404494382 0.6022940074906367 0.5224719101123596 0.5976123595505618
2 0.6425561797752809 0.31210978464419475 0.3550668890449438 0.29602270599250935 0.3393142556179775 0.6844288389513109 0.6329504915730337 0.6993302902621723
1 0.5569943820224719 0.379435861423221 0.02199613764044944 0.028534644194756556
1 0.4369504915730337 0.4158801498127341 0.02183988764044944 0.032759831460674155
1 0.4355846207865169 0.4552247191011236 0.023792134831460678 0.03186095505617978
1 0.43448735955056184 0.4940519662921349 0.022768609550561796 0.03148642322097378
1 0.4013553370786517 0.5736446629213483 0.02321629213483146 0.028373127340823968
1 0.3959199438202247 0.6105126404494382 0.01819873595505618 0.027202715355805242
1 0.43072331460674157 0.5748642322097378 0.02226123595505618 0.03081460674157303
1 0.43297401685393255 0.5341058052434456 0.02090941011235955 0.030447097378277152
1 0.46235077247191014 0.5757888576779027 0.021144662921348315 0.02642322097378277
1 0.4894575140449438 0.576748595505618 0.021518609550561795 0.0267813670411985
1 0.519438202247191 0.5777481273408239 0.021788974719101125 0.025657771535580524
1 0.5496769662921348 0.5816783707865169 0.02140625 0.027275280898876403
1 0.5795926966292135 0.5832724719101123 0.01803370786516854 0.024225187265917603
1 0.5502668539325843 0.5407022471910112 0.02258251404494382 0.029592696629213485
1 0.5202018960674157 0.5389583333333333 0.02097612359550562 0.027666198501872658
1 0.49091994382022475 0.5366455992509364 0.023270716292134834 0.030842696629213483
1 0.4640747893258427 0.5351919475655431 0.022248946629213485 0.03261938202247191
1 0.4667398174157304 0.4991924157303371 0.021731039325842697 0.029283707865168537
1 0.4946049859550562 0.49940308988764043 0.018936095505617978 0.0281437265917603
1 0.5213711376404494 0.5020248127340824 0.018630617977528092 0.028707865168539327
1 0.5516783707865168 0.503066479400749 0.019555828651685394 0.030786516853932588
1 0.5827756320224718 0.46310627340823973 0.020888342696629213 0.03514044943820225
1 0.5530846207865169 0.4614723782771536 0.021197331460674155 0.03187265917602996
1 0.5257040028089888 0.4221769662921348 0.02261587078651685 0.029747191011235956
1 0.5218433988764045 0.4613529962546817 0.02074438202247191 0.030074906367041195
1 0.4939782303370786 0.4600514981273408 0.021197331460674155 0.03214887640449438
1 0.4980038623595506 0.4205524344569288 0.021055126404494383 0.024939138576779027
1 0.4701790730337078 0.4175421348314607 0.021583567415730337 0.02984316479400749
1 0.46826896067415735 0.4583520599250936 0.021274578651685395 0.03499297752808989