0 0.35059691011235955 0.313436329588015 0.35059691011235955 0.3211610486891386 0.352001404494382 0.32771535580524347 0.3535814606741573 0.3312265917602996 0.35884831460674155 0.336376404494382 0.363061797752809 0.3389513108614232 0.3656952247191011 0.33965355805243447 0.36973314606741575 0.33918539325842695 0.37447331460674155 0.33614232209737827 0.3807935393258427 0.32397003745318353 0.3809691011235955 0.32069288389513106 0.3785112359550562 0.3150749063670412 0.3767556179775281 0.3082865168539326 0.3731272823033708 0.30181015917603 0.3695575842696629 0.29868913857677903 0.36218398876404495 0.2975187265917603 0.3553370786516854 0.3000936329588015 0.35217696629213485 0.3052434456928839
0 0.38570926966292135 0.3279494382022472 0.3848314606741573 0.33146067415730335 0.3851825842696629 0.34129213483146065 0.3864115168539326 0.3455056179775281 0.38974719101123595 0.35042134831460675 0.3946629213483146 0.3539325842696629 0.39922752808988765 0.35252808988764045 0.40484550561797755 0.3522940074906367 0.4080056179775281 0.34925093632958804 0.4078300561797753 0.3450374531835206 0.409936797752809 0.33824906367041196 0.4106390449438202 0.33146067415730335 0.4078300561797753 0.325374531835206 0.40133426966292135 0.32092696629213485 0.39396067415730335 0.31952247191011235 0.38764044943820225 0.32420411985018727
0 0.35287921348314605 0.35931647940074907 0.35270365168539325 0.3663389513108614 0.3532303370786517 0.3682116104868914 0.355688202247191 0.374063670411985 0.359375 0.3785112359550562 0.36271067415730335 0.3801498127340824 0.3709620786516854 0.38085205992509363 0.3753511235955056 0.3782771535580524 0.3785112359550562 0.37336142322097376 0.3793890449438202 0.3625936329588015 0.37763342696629215 0.3562734082397004 0.3746488764044944 0.3508895131086142 0.37025983146067415 0.3476123595505618 0.36622191011235955 0.34620786516853935 0.359375 0.34831460674157305 0.3549859550561798 0.3522940074906367 0.3534058988764045 0.35580524344569286
0 0.3535814606741573 0.4014513108614232 0.3534058988764045 0.4054307116104869 0.35428370786516855 0.41034644194756553 0.3570926966292135 0.4166666666666667 0.359375 0.4199438202247191 0.36253511235955055 0.4220505617977528 0.37043539325842695 0.4225187265917603 0.37552668539325845 0.4208801498127341 0.37763342696629215 0.41830524344569286 0.3772823033707865 0.4147940074906367 0.38026685393258425 0.4044943820224719 0.3804424157303371 0.40004681647940077 0.38026685393258425 0.39747191011235955 0.3767556179775281 0.3916198501872659 0.36797752808988765 0.386938202247191 0.36271067415730335 0.386938202247191 0.3590238764044944 0.3899812734082397 0.35621488764044945 0.39396067415730335
0 0.35428370786516855 0.43562734082397003 0.3535814606741573 0.44452247191011235 0.35445926966292135 0.44967228464419473 0.35797050561797755 0.45575842696629215 0.36271067415730335 0.4592696629213483 0.3707865168539326 0.4585674157303371 0.3730688202247191 0.45552434456928836 0.3765800561797753 0.4571629213483146 0.3809691011235955 0.4461610486891386 0.3811446629213483 0.43890449438202245 0.3792134831460674 0.4332865168539326 0.36973314606741575 0.42579588014981273 0.36235955056179775 0.424625468164794 0.3595505617977528 0.42602996254681647 0.35674157303370785 0.4288389513108614
0 0.3539325842696629 0.48384831460674155 0.3537570224719101 0.49157303370786515 0.35639044943820225 0.4969569288389513 0.363061797752809 0.499063670411985 0.36464185393258425 0.5030430711610487 0.36973314606741575 0.5056179775280899 0.37236657303370785 0.5028089887640449 0.3753511235955056 0.50187265917603 0.3769311797752809 0.5002340823970037 0.38342696629213485 0.4854868913857678 0.38377808988764045 0.4777621722846442 0.38026685393258425 0.47073970037453183 0.37816011235955055 0.46863295880149813 0.367626404494382 0.46629213483146065 0.36271067415730335 0.46629213483146065 0.359375 0.46886704119850187 0.35621488764044945 0.4737827715355805 0.3549859550561798 0.477059925093633
0 0.35042134831460675 0.5262172284644194 0.35042134831460675 0.5351123595505618 0.35235252808988765 0.5428370786516854 0.355688202247191 0.5470505617977528 0.359375 0.5500936329588015 0.367626404494382 0.550561797752809 0.37166432584269665 0.5484550561797753 0.3732443820224719 0.5465823970037453 0.3767556179775281 0.5451779026217228 0.38026685393258425 0.5264513108614233 0.38009129213483145 0.5224719101123596 0.3767556179775281 0.5182584269662921 0.36639747191011235 0.5124063670411985 0.36007724719101125 0.5133426966292135 0.35445926966292135 0.5175561797752809 0.3516502808988764 0.522003745318352
0 0.3477879213483146 0.5727996254681648 0.3477879213483146 0.5777153558052435 0.34884129213483145 0.5816947565543071 0.35024578651685395 0.5859082397003745 0.35270365168539325 0.5898876404494382 0.359375 0.5929307116104869 0.366748595505618 0.5926966292134831 0.3714887640449438 0.5901217228464419 0.3753511235955056 0.5852059925093633 0.37605337078651685 0.5779494382022472 0.3790379213483146 0.5702247191011236 0.37974016853932585 0.5641385767790262 0.3769311797752809 0.5582865168539326 0.37377106741573035 0.5566479400749064 0.3653441011235955 0.5540730337078652 0.3572682584269663 0.5550093632958801 0.35287921348314605 0.5580524344569289 0.35024578651685395 0.5622659176029963 0.34901685393258425 0.5655430711610487
0 0.34322331460674155 0.6161048689138576 0.34287219101123595 0.6203183520599251 0.3416432584269663 0.6228932584269663 0.3418188202247191 0.6306179775280899 0.34287219101123595 0.6313202247191011 0.34497893258426965 0.6364700374531835 0.3476123595505618 0.6383426966292135 0.34884129213483145 0.6404494382022472 0.35287921348314605 0.6404494382022472 0.3577949438202247 0.6383426966292135 0.3632373595505618 0.637874531835206 0.36604634831460675 0.6364700374531835 0.3711376404494382 0.6308520599250936 0.3727176966292135 0.6266385767790262 0.37183988764044945 0.6172752808988764 0.37359550561797755 0.6090823970037453 0.3727176966292135 0.6058052434456929 0.36657303370786515 0.5987827715355806 0.3591994382022472 0.5980805243445693 0.3532303370786517 0.602996254681648 0.3477879213483146 0.6053370786516854 0.3453300561797753 0.6097846441947565
0 0.34655898876404495 0.6615168539325843 0.3460323033707865 0.6687734082397003 0.34691011235955055 0.6750936329588015 0.34866573033707865 0.6802434456928839 0.3518258426966292 0.6832865168539326 0.3558637640449438 0.6846910112359551 0.36271067415730335 0.6844569288389513 0.36639747191011235 0.6823501872659176 0.37025983146067415 0.6753277153558053 0.37201544943820225 0.665496254681648 0.3714887640449438 0.6544943820224719 0.3707865168539326 0.6509831460674157 0.36604634831460675 0.6463014981273408 0.36271067415730335 0.6451310861423221 0.36060393258426965 0.6453651685393258 0.35410814606741575 0.6479400749063671 0.35042134831460675 0.6519194756554307
0 0.3772823033707865 0.6622191011235955 0.3771067415730337 0.6685393258426966 0.37816011235955055 0.6750936329588015 0.3811446629213483 0.6816479400749064 0.3846558988764045 0.6849250936329588 0.39009831460674155 0.6865636704119851 0.3948384831460674 0.6849250936329588 0.397998595505618 0.6823501872659176 0.402563202247191 0.6750936329588015 0.40361657303370785 0.6664325842696629 0.40344101123595505 0.6612827715355806 0.4006320224719101 0.6512172284644194 0.3983497191011236 0.648876404494382 0.39308286516853935 0.6477059925093633 0.3830758426966292 0.6502808988764045 0.3793890449438202 0.6544943820224719
0 0.3751755617977528 0.6278089887640449 0.3753511235955056 0.6329588014981273 0.378686797752809 0.6374063670411985 0.37640449438202245 0.6409176029962547 0.37816011235955055 0.6427902621722846 0.38360252808988765 0.6455992509363296 0.38728932584269665 0.6432584269662921 0.3908005617977528 0.6430243445692884 0.3950140449438202 0.6404494382022472 0.3960674157303371 0.6343632958801498 0.39922752808988765 0.6266385767790262 0.3983497191011236 0.6198501872659176 0.3964185393258427 0.6151685393258427 0.3925561797752809 0.6100187265917603 0.3871137640449438 0.6074438202247191 0.38360252808988765 0.6086142322097379 0.37780898876404495 0.6147003745318352 0.37587780898876405 0.6198501872659176
0 0.3827247191011236 0.574438202247191 0.38360252808988765 0.5779494382022472 0.38167134831460675 0.5814606741573034 0.38395365168539325 0.5859082397003745 0.38342696629213485 0.5884831460674157 0.39132724719101125 0.600187265917603 0.3941362359550562 0.6008895131086143 0.40133426966292135 0.5990168539325843 0.40572331460674155 0.5952715355805244 0.40870786516853935 0.5880149812734082 0.40958567415730335 0.5823970037453183 0.40923455056179775 0.5765449438202247 0.4078300561797753 0.572565543071161 0.4044943820224719 0.5678838951310862 0.39378511235955055 0.5632022471910112 0.38412921348314605 0.5676498127340824 0.38570926966292135 0.5704588014981273 0.3850070224719101 0.5723314606741573
0 0.38570926966292135 0.525749063670412 0.3804424157303371 0.5468164794007491 0.38149578651685395 0.5482209737827716 0.38395365168539325 0.5491573033707865 0.38588483146067415 0.552434456928839 0.38764044943820225 0.5533707865168539 0.38799157303370785 0.5573501872659176 0.3969452247191011 0.5594569288389513 0.4041432584269663 0.5578183520599251 0.4118679775280899 0.5470505617977528 0.4123946629213483 0.5393258426966292 0.4116924157303371 0.5308988764044944 0.4080056179775281 0.5217696629213483 0.39747191011235955 0.5180243445692884 0.39378511235955055 0.5182584269662921 0.3883426966292135 0.5213014981273408
0 0.3825491573033708 0.49602059925093633 0.382373595505618 0.5009363295880149 0.38342696629213485 0.5060861423220974 0.3867626404494382 0.5110018726591761 0.3904494382022472 0.5114700374531835 0.39343398876404495 0.5142790262172284 0.39782303370786515 0.5145131086142322 0.4044943820224719 0.5133426966292135 0.4064255617977528 0.5102996254681648 0.40958567415730335 0.5086610486891385 0.4118679775280899 0.5053838951310862 0.4102879213483146 0.49508426966292135 0.4078300561797753 0.4901685393258427 0.40677668539325845 0.4845505617977528 0.40098314606741575 0.48057116104868913 0.39589185393258425 0.4794007490636704 0.38957162921348315 0.4803370786516854 0.3851825842696629 0.4875936329588015
0 0.39185393258426965 0.45271535580524347 0.39132724719101125 0.46348314606741575 0.39308286516853935 0.4681647940074906 0.39536516853932585 0.4714419475655431 0.40168539325842695 0.4756554307116105 0.41134129213483145 0.47635767790262173 0.4122191011235955 0.47401685393258425 0.4123946629213483 0.47027153558052437 0.4160814606741573 0.45997191011235955 0.4164325842696629 0.4571629213483146 0.4159058988764045 0.45271535580524347 0.4120435393258427 0.44288389513108617 0.4078300561797753 0.43937265917602997 0.4039676966292135 0.4396067415730337 0.40098314606741575 0.43820224719101125 0.39536516853932585 0.44335205992509363
0 0.3964185393258427 0.40098314606741575 0.39360955056179775 0.41081460674157305 0.3944873595505618 0.4143258426966292 0.3941362359550562 0.41830524344569286 0.398876404494382 0.42790262172284643 0.4044943820224719 0.4318820224719101 0.4080056179775281 0.4323501872659176 0.41151685393258425 0.4302434456928839 0.4162570224719101 0.42532771535580527 0.41871488764044945 0.413623595505618 0.41713483146067415 0.4044943820224719 0.414501404494382 0.40004681647940077 0.4078300561797753 0.39630149812734083 0.40572331460674155 0.39630149812734083 0.4008075842696629 0.3967696629213483
0 0.41731039325842695 0.3092228464419476 0.41695926966292135 0.3150749063670412 0.4180126404494382 0.3279494382022472 0.42310393258426965 0.34012172284644193 0.42907303370786515 0.34480337078651685 0.43065308988764045 0.3485486891385768 0.4320575842696629 0.34995318352059923 0.4415379213483146 0.3487827715355805 0.441186797752809 0.3464419475655431 0.4436446629213483 0.3389513108614232 0.44452247191011235 0.325374531835206 0.4438202247191011 0.31062734082397003 0.4429424157303371 0.30711610486891383 0.43679775280898875 0.30290262172284643 0.4317064606741573 0.30196629213483145 0.41941713483146065 0.3052434456928839 0.4176615168539326 0.3068820224719101
0 0.42433286516853935 0.36587078651685395 0.42450842696629215 0.37008426966292135 0.4236306179775281 0.37265917602996257 0.42433286516853935 0.3806179775280899 0.4280196629213483 0.38436329588014984 0.43223314606741575 0.3852996254681648 0.4357443820224719 0.38764044943820225 0.44206460674157305 0.3862359550561798 0.44610252808988765 0.3895131086142322 0.45031601123595505 0.38342696629213485 0.45242275280898875 0.37663857677902624 0.45242275280898875 0.37312734082397003 0.45031601123595505 0.3663389513108614 0.45014044943820225 0.3625936329588015 0.44856039325842695 0.35931647940074907 0.44592696629213485 0.35580524344569286 0.4394311797752809 0.352059925093633 0.4353932584269663 0.35252808988764045 0.42907303370786515 0.3562734082397004 0.42661516853932585 0.3600187265917603
0 0.42872191011235955 0.40402621722846443 0.42485955056179775 0.4152621722846442 0.4259129213483146 0.4164325842696629 0.42679073033707865 0.41947565543071164 0.4259129213483146 0.42181647940074907 0.42714185393258425 0.4232209737827715 0.4278441011235955 0.42602996254681647 0.42872191011235955 0.42696629213483145 0.43223314606741575 0.426498127340824 0.4336376404494382 0.42930711610486894 0.43240870786516855 0.43211610486891383 0.43275983146067415 0.43352059925093633 0.43609550561797755 0.4342228464419476 0.43890449438202245 0.436563670411985 0.44013342696629215 0.436563670411985 0.44592696629213485 0.43469101123595505 0.449438202247191 0.4318820224719101 0.45224719101123595 0.42532771535580527 0.453125 0.41760299625468167 0.4515449438202247 0.40823970037453183 0.4487359550561798 0.4035580524344569 0.44241573033707865 0.39840823970037453 0.4357443820224719 0.398876404494382 0.4315308988764045 0.40098314606741575 0.43082865168539325 0.4035580524344569
0 0.42064606741573035 0.45435393258426965 0.42064606741573035 0.46629213483146065 0.4216994382022472 0.47401685393258425 0.4278441011235955 0.48174157303370785 0.43223314606741575 0.4829119850187266 0.43820224719101125 0.48080524344569286 0.4452247191011236 0.4737827715355805 0.4436446629213483 0.47027153558052437 0.44417134831460675 0.4562265917602996 0.4394311797752809 0.448501872659176 0.43240870786516855 0.4447565543071161 0.42872191011235955 0.4442883895131086 0.4238061797752809 0.4482677902621723
0 0.4176615168539326 0.5259831460674157 0.41485252808988765 0.5325374531835206 0.41537921348314605 0.5433052434456929 0.4160814606741573 0.5465823970037453 0.4195926966292135 0.5507958801498127 0.42521067415730335 0.5547752808988764 0.43223314606741575 0.5550093632958801 0.43644662921348315 0.5512640449438202 0.4396067415730337 0.5470505617977528 0.44013342696629215 0.5390917602996255 0.4392556179775281 0.5332397003745318 0.43802668539325845 0.5259831460674157 0.4357443820224719 0.522003745318352 0.43047752808988765 0.5208333333333334 0.42503511235955055 0.5210674157303371 0.42064606741573035 0.5229400749063671
0 0.421875 0.5830992509363296 0.4216994382022472 0.5852059925093633 0.42503511235955055 0.5917602996254682 0.4274929775280899 0.5943352059925093 0.4357443820224719 0.5985486891385767 0.4397823033707865 0.5971441947565543 0.4436446629213483 0.5938670411985019 0.44662921348314605 0.5884831460674157 0.4473314606741573 0.5852059925093633 0.4469803370786517 0.5676498127340824 0.4450491573033708 0.5641385767790262 0.4394311797752809 0.5603932584269663 0.4320575842696629 0.5603932584269663 0.4281952247191011 0.5615636704119851 0.42643960674157305 0.5655430711610487 0.42433286516853935 0.5676498127340824
0 0.4078300561797753 0.6123595505617978 0.40712780898876405 0.6193820224719101 0.40747893258426965 0.6266385767790262 0.40923455056179775 0.6303838951310862 0.41467696629213485 0.635065543071161 0.4216994382022472 0.6371722846441947 0.42468398876404495 0.6371722846441947 0.4359199438202247 0.6336610486891385 0.4396067415730337 0.6301498127340824 0.44066011235955055 0.6161048689138576 0.44013342696629215 0.6118913857677902 0.4390800561797753 0.6086142322097379 0.4371488764044944 0.6058052434456929 0.43223314606741575 0.6022940074906367 0.42257724719101125 0.600187265917603 0.418188202247191 0.6004213483146067 0.41274578651685395 0.6022940074906367 0.4102879213483146 0.6039325842696629 0.40905898876404495 0.6060393258426966
0 0.40941011235955055 0.648876404494382 0.40888342696629215 0.6549625468164794 0.4106390449438202 0.6638576779026217 0.4139747191011236 0.6701779026217228 0.4176615168539326 0.6729868913857678 0.421875 0.675561797752809 0.42503511235955055 0.672752808988764 0.42889747191011235 0.6676029962546817 0.43240870786516855 0.6647940074906367 0.4332865168539326 0.658941947565543 0.43293539325842695 0.6542602996254682 0.43030196629213485 0.6463014981273408 0.42714185393258425 0.6425561797752809 0.4216994382022472 0.6404494382022472 0.41537921348314605 0.641619850187266 0.41134129213483145 0.6437265917602997
0 0.43995786516853935 0.6509831460674157 0.4392556179775281 0.6568352059925093 0.44013342696629215 0.6647940074906367 0.4418890449438202 0.6692415730337079 0.44417134831460675 0.6715823970037453 0.44610252808988765 0.6753277153558053 0.44978932584269665 0.6757958801498127 0.45365168539325845 0.6739232209737828 0.4585674157303371 0.6685393258426966 0.46190308988764045 0.6612827715355806 0.4624297752808989 0.6551966292134831 0.46190308988764045 0.6502808988764045 0.45821629213483145 0.6444288389513109 0.45452949438202245 0.6420880149812734 0.449438202247191 0.6411516853932584 0.44627808988764045 0.6423220973782772 0.4415379213483146 0.6474719101123596
0 0.4647120786516854 0.6647940074906367 0.4633075842696629 0.6683052434456929 0.4633075842696629 0.6821161048689138 0.4664676966292135 0.68562734082397 0.47366573033707865 0.6884363295880149 0.4845505617977528 0.6884363295880149 0.4905196629213483 0.6860955056179775 0.49912219101123595 0.6750936329588015 0.5001755617977528 0.6720505617977528 0.4998244382022472 0.6647940074906367 0.5003511235955056 0.6612827715355806 0.49929775280898875 0.6591760299625468 0.4982443820224719 0.6587078651685393 0.4964887640449438 0.6540262172284644 0.4920997191011236 0.650749063670412 0.48103932584269665 0.6467696629213483 0.476123595505618 0.647003745318352 0.47208567415730335 0.6502808988764045
0 0.44610252808988765 0.6163389513108615 0.445751404494382 0.6235955056179775 0.4489115168539326 0.6334269662921348 0.45259831460674155 0.6390449438202247 0.456811797752809 0.6420880149812734 0.46365870786516855 0.6423220973782772 0.46804775280898875 0.639747191011236 0.47120786516853935 0.6336610486891385 0.47173455056179775 0.6296816479400749 0.4743679775280899 0.62312734082397 0.4743679775280899 0.6156367041198502 0.4703300561797753 0.6058052434456929 0.4629564606741573 0.6022940074906367 0.45646067415730335 0.6020599250936329 0.45014044943820225 0.6058052434456929 0.44838483146067415 0.6088483146067416
0 0.4511938202247191 0.576310861423221 0.4510182584269663 0.5826310861423221 0.45189606741573035 0.5884831460674157 0.45400280898876405 0.591058052434457 0.4554073033707865 0.5962078651685393 0.4575140449438202 0.599250936329588 0.46383426966292135 0.600187265917603 0.4703300561797753 0.5999531835205992 0.4741924157303371 0.5959737827715356 0.47787921348314605 0.5861423220973783 0.4784058988764045 0.5770131086142322 0.476123595505618 0.5674157303370787 0.472436797752809 0.5627340823970037 0.4683988764044944 0.56062734082397 0.46032303370786515 0.5613295880149812 0.45558286516853935 0.5634363295880149 0.45259831460674155 0.5674157303370787 0.4527738764044944 0.5699906367041199
0 0.44785814606741575 0.525749063670412 0.44785814606741575 0.5306647940074907 0.4455758426966292 0.5395599250936329 0.4469803370786517 0.549625468164794 0.44662921348314605 0.5571161048689138 0.4492626404494382 0.5582865168539326 0.4533005617977528 0.5578183520599251 0.460498595505618 0.5592228464419475 0.4689255617977528 0.5564138576779026 0.47384129213483145 0.5468164794007491 0.4741924157303371 0.5346441947565543 0.4726123595505618 0.5259831460674157 0.46980337078651685 0.5224719101123596 0.4671699438202247 0.5208333333333334 0.4606741573033708 0.5194288389513109 0.45365168539325845 0.5201310861423221 0.44996488764044945 0.5217696629213483
0 0.4473314606741573 0.4911048689138577 0.4471558988764045 0.5 0.44785814606741575 0.5058520599250936 0.45066713483146065 0.512874531835206 0.45979634831460675 0.516619850187266 0.46365870786516855 0.5163857677902621 0.46822331460674155 0.5142790262172284 0.47208567415730335 0.5088951310861424 0.4741924157303371 0.49976591760299627 0.4748946629213483 0.4911048689138577 0.4743679775280899 0.488061797752809 0.47015449438202245 0.48174157303370785 0.46383426966292135 0.4789325842696629 0.45997191011235955 0.47846441947565543 0.4566362359550562 0.47963483146067415 0.4510182584269663 0.4833801498127341 0.44803370786516855 0.4875936329588015
0 0.45189606741573035 0.4562265917602996 0.45172050561797755 0.4639513108614232 0.45435393258426965 0.4716760299625468 0.4554073033707865 0.4737827715355805 0.45997191011235955 0.4768258426966292 0.4669943820224719 0.47752808988764045 0.47015449438202245 0.4768258426966292 0.47401685393258425 0.47448501872659177 0.47559691011235955 0.47191011235955055 0.47787921348314605 0.46348314606741575 0.4780547752808989 0.45271535580524347 0.4764747191011236 0.44803370786516855 0.4747191011235955 0.44569288389513106 0.4668188202247191 0.4410112359550562 0.4629564606741573 0.44030898876404495 0.45804073033707865 0.4426498127340824 0.4534761235955056 0.4499063670411985
0 0.4594452247191011 0.4147940074906367 0.4571629213483146 0.4250936329588015 0.4575140449438202 0.42837078651685395 0.45821629213483145 0.43211610486891383 0.46348314606741575 0.43703183520599254 0.4708567415730337 0.43913857677902624 0.47401685393258425 0.43726591760299627 0.47735252808988765 0.436563670411985 0.48191713483146065 0.4286048689138577 0.48297050561797755 0.4204119850187266 0.4827949438202247 0.4143258426966292 0.47945926966292135 0.4068352059925094 0.4762991573033708 0.40379213483146065 0.47384129213483145 0.40262172284644193 0.46927668539325845 0.40308988764044945 0.46207865168539325 0.4089419475655431
0 0.45646067415730335 0.3684456928838951 0.45593398876404495 0.3761704119850187 0.4569873595505618 0.38342696629213485 0.4587429775280899 0.386938202247191 0.4587429775280899 0.39068352059925093 0.4666432584269663 0.39419475655430714 0.4703300561797753 0.39442883895131087 0.4743679775280899 0.39396067415730335 0.47910814606741575 0.39091760299625467 0.4824438202247191 0.3806179775280899 0.48314606741573035 0.36961610486891383 0.48139044943820225 0.3637640449438202 0.47770365168539325 0.3586142322097378 0.4748946629213483 0.35674157303370785 0.4708567415730337 0.35580524344569286 0.46629213483146065 0.35674157303370785 0.46155196629213485 0.3595505617977528 0.4569873595505618 0.3661048689138577
0 0.4469803370786517 0.34480337078651685 0.4469803370786517 0.34925093632958804 0.45189606741573035 0.35463483146067415 0.45575842696629215 0.3565074906367041 0.46014747191011235 0.3565074906367041 0.47559691011235955 0.34948501872659177 0.47770365168539325 0.3419943820224719 0.47787921348314605 0.3342696629213483 0.47542134831460675 0.32069288389513106 0.47331460674157305 0.3176498127340824 0.46997893258426965 0.3150749063670412 0.4608497191011236 0.31320224719101125 0.45628511235955055 0.31390449438202245 0.45224719101123595 0.31788389513108617 0.45049157303370785 0.3211610486891386 0.4487359550561798 0.3279494382022472 0.44838483146067415 0.3387172284644195
0 0.48384831460674155 0.32631086142322097 0.48367275280898875 0.33239700374531833 0.48577949438202245 0.3487827715355805 0.48753511235955055 0.35159176029962547 0.49122191011235955 0.35369850187265917 0.5012289325842697 0.3532303370786517 0.5026334269662921 0.35252808988764045 0.5054424157303371 0.3487827715355805 0.5054424157303371 0.3464419475655431 0.5091292134831461 0.33590823970037453 0.5096558988764045 0.3295880149812734 0.5089536516853933 0.32092696629213485 0.5061446629213483 0.31484082397003743 0.49859550561797755 0.31086142322097376 0.4945575842696629 0.31086142322097376 0.4906952247191011 0.31273408239700373 0.4864817415730337 0.3171816479400749 0.4845505617977528 0.3211610486891386
0 0.48525280898876405 0.3761704119850187 0.48560393258426965 0.3838951310861423 0.48367275280898875 0.3890449438202247 0.48349719101123595 0.3913857677902622 0.48490168539325845 0.39747191011235955 0.48771067415730335 0.40308988764044945 0.49508426966292135 0.4035580524344569 0.5014044943820225 0.4012172284644195 0.5080758426966292 0.40004681647940077 0.5114115168539326 0.39747191011235955 0.5143960674157303 0.39185393258426965 0.5150983146067416 0.38717228464419473 0.5140449438202247 0.3836610486891386 0.5122893258426966 0.37008426966292135 0.5101825842696629 0.36704119850187267 0.5050912921348315 0.3625936329588015 0.4977176966292135 0.3618913857677903 0.4899929775280899 0.36493445692883897 0.4864817415730337 0.36961610486891383
0 0.48753511235955055 0.413623595505618 0.48718398876404495 0.4152621722846442 0.4885884831460674 0.43211610486891383 0.4924508426966292 0.43726591760299627 0.4980688202247191 0.4396067415730337 0.5050912921348315 0.4386704119850187 0.5093047752808989 0.43586142322097376 0.5114115168539326 0.43258426966292135 0.5128160112359551 0.4220505617977528 0.5122893258426966 0.4166666666666667 0.5103581460674157 0.41034644194756553 0.5066713483146067 0.40613295880149813 0.5015800561797753 0.40426029962546817 0.49490870786516855 0.40519662921348315 0.4906952247191011 0.4075374531835206
0 0.48297050561797755 0.45318352059925093 0.4824438202247191 0.45646067415730335 0.4827949438202247 0.4669943820224719 0.48542837078651685 0.47425093632958804 0.49087078651685395 0.4768258426966292 0.49877106741573035 0.4777621722846442 0.5015800561797753 0.477059925093633 0.5064957865168539 0.4735486891385768 0.5080758426966292 0.4637172284644195 0.5079002808988764 0.4562265917602996 0.5056179775280899 0.44920411985018727 0.5035112359550562 0.44662921348314605 0.5015800561797753 0.44545880149812733 0.4945575842696629 0.44499063670411987 0.48577949438202245 0.4487359550561798
0 0.4766502808988764 0.49765917602996257 0.4768258426966292 0.5081928838951311 0.4782303370786517 0.5124063670411985 0.4808637640449438 0.5163857677902621 0.48542837078651685 0.5173220973782772 0.48771067415730335 0.5189606741573034 0.4943820224719101 0.5175561797752809 0.49929775280898875 0.5154494382022472 0.5017556179775281 0.5117041198501873 0.5029845505617978 0.5058520599250936 0.5026334269662921 0.49719101123595505 0.4998244382022472 0.49040262172284643 0.4938553370786517 0.48525280898876405 0.49122191011235955 0.48408239700374533 0.484375 0.4845505617977528 0.47910814606741575 0.49087078651685395
0 0.4762991573033708 0.5362827715355806 0.476123595505618 0.5444756554307116 0.477001404494382 0.5500936329588015 0.47963483146067415 0.5571161048689138 0.4808637640449438 0.5585205992509363 0.4864817415730337 0.5615636704119851 0.48911516853932585 0.5617977528089888 0.49525983146067415 0.5608614232209738 0.5022823033707865 0.5568820224719101 0.5043890449438202 0.5503277153558053 0.5050912921348315 0.5433052434456929 0.5042134831460674 0.536750936329588 0.5015800561797753 0.5299625468164794 0.49701544943820225 0.5241104868913857 0.4924508426966292 0.5224719101123596 0.4845505617977528 0.5234082397003745 0.48121488764044945 0.5262172284644194
0 0.47752808988764045 0.6252340823970037 0.47735252808988765 0.6287453183520599 0.4789325842696629 0.6404494382022472 0.4805126404494382 0.6439606741573034 0.4820926966292135 0.6448970037453183 0.49087078651685395 0.6479400749063671 0.49297752808988765 0.6474719101123596 0.49859550561797755 0.6434925093632958 0.5021067415730337 0.637874531835206 0.5022823033707865 0.6287453183520599 0.5010533707865169 0.6221910112359551 0.4996488764044944 0.6186797752808989 0.49473314606741575 0.6135299625468165 0.49122191011235955 0.6125936329588015 0.4884129213483146 0.6135299625468165 0.48577949438202245 0.613061797752809 0.48490168539325845 0.6093164794007491 0.4840238764044944 0.6093164794007491 0.48297050561797755 0.6132958801498127 0.480688202247191 0.6156367041198502 0.4787570224719101 0.6196161048689138
0 0.4820926966292135 0.5814606741573034 0.48191713483146065 0.5887172284644194 0.48367275280898875 0.5987827715355806 0.48771067415730335 0.6022940074906367 0.4982443820224719 0.602996254681648 0.5015800561797753 0.6018258426966292 0.5054424157303371 0.5987827715355806 0.5070224719101124 0.5952715355805244 0.5077247191011236 0.5854400749063671 0.5059691011235955 0.575374531835206 0.504564606741573 0.5711610486891385 0.4980688202247191 0.5648408239700374 0.49122191011235955 0.5650749063670412 0.48683286516853935 0.5674157303370787 0.48683286516853935 0.5692883895131086 0.48332162921348315 0.576310861423221
0 0.5068469101123596 0.5323033707865169 0.5068469101123596 0.5395599250936329 0.5105337078651685 0.5500936329588015 0.5101825842696629 0.5571161048689138 0.5115870786516854 0.5589887640449438 0.5154494382022472 0.5613295880149812 0.5224719101123596 0.5608614232209738 0.5244030898876404 0.5587546816479401 0.527563202247191 0.5571161048689138 0.53125 0.5519662921348315 0.5335323033707865 0.5500936329588015 0.5342345505617978 0.5456460674157303 0.5363412921348315 0.5414325842696629 0.5365168539325843 0.5323033707865169 0.5351123595505618 0.5323033707865169 0.5342345505617978 0.5308988764044944 0.5345856741573034 0.5294943820224719 0.5326106039325843 0.5268609550561798 0.53125 0.5222378277153558 0.5279143258426966 0.5196629213483146 0.5224719101123596 0.5173220973782772 0.5179073033707865 0.5175561797752809 0.5115870786516854 0.5210674157303371 0.5089536516853933 0.5259831460674157
0 0.5115870786516854 0.5751404494382022 0.5117626404494382 0.5807584269662921 0.5142205056179775 0.5856741573033708 0.5138693820224719 0.5957397003745318 0.514747191011236 0.5990168539325843 0.5219452247191011 0.6046348314606742 0.5263342696629213 0.6051029962546817 0.5307233146067416 0.6034644194756554 0.5375702247191011 0.5987827715355806 0.5403792134831461 0.5842696629213483 0.5405547752808989 0.5781835205992509 0.5356390449438202 0.5676498127340824 0.5259831460674157 0.5632022471910112 0.5221207865168539 0.5639044943820225 0.5175561797752809 0.5669475655430711 0.5140449438202247 0.5676498127340824 0.5142205056179775 0.5685861423220974 0.5121137640449438 0.5709269662921348
0 0.5029845505617978 0.6132958801498127 0.5029845505617978 0.6191479400749064 0.5043890449438202 0.6233614232209738 0.5050912921348315 0.6287453183520599 0.5075491573033708 0.6374063670411985 0.5089536516853933 0.638810861423221 0.5101825842696629 0.6427902621722846 0.5114115168539326 0.6444288389513109 0.5142205056179775 0.6463014981273408 0.519311797752809 0.6477059925093633 0.5259831460674157 0.6477059925093633 0.5296699438202247 0.6455992509363296 0.5340589887640449 0.6406835205992509 0.534936797752809 0.6336610486891385 0.5368679775280899 0.6294475655430711 0.5375702247191011 0.6228932584269663 0.5361657303370787 0.6163389513108615 0.5333567415730337 0.6107209737827716 0.5280898876404494 0.6072097378277154 0.519311797752809 0.6044007490636704 0.5154494382022472 0.6015917602996255 0.5098314606741573 0.6039325842696629 0.5087780898876404 0.6055711610486891 0.5061446629213483 0.6067415730337079
0 0.5047401685393258 0.662687265917603 0.5049157303370787 0.6793071161048689 0.5054424157303371 0.6818820224719101 0.5080758426966292 0.6863295880149812 0.511938202247191 0.6891385767790262 0.5158005617977528 0.6900749063670412 0.5221207865168539 0.6898408239700374 0.5252808988764045 0.6875 0.5289676966292135 0.6788389513108615 0.5289676966292135 0.6694756554307116 0.5284410112359551 0.6647940074906367 0.526685393258427 0.6601123595505618 0.5245786516853933 0.6570692883895131 0.5194873595505618 0.6537921348314607 0.5179073033707865 0.6509831460674157 0.5143960674157303 0.6502808988764045 0.5121137640449438 0.6509831460674157 0.5108848314606742 0.6547284644194756 0.5084269662921348 0.6556647940074907 0.5049157303370787 0.6610486891385767
0 0.5063202247191011 0.48735955056179775 0.5061446629213483 0.4934456928838951 0.5071980337078652 0.5049157303370787 0.5133426966292135 0.5117041198501873 0.5133426966292135 0.5154494382022472 0.5159761235955056 0.5159176029962547 0.5191362359550562 0.5140449438202247 0.5226474719101124 0.5135767790262172 0.5314255617977528 0.5074906367041199 0.5331811797752809 0.4988295880149813 0.5326544943820225 0.48782771535580527 0.5316011235955056 0.4833801498127341 0.5273876404494382 0.47846441947565543 0.5228230337078652 0.4758895131086142 0.5152738764044944 0.4758895131086142 0.5094803370786517 0.47963483146067415 0.5075491573033708 0.48267790262172283
0 0.5133426966292135 0.4461610486891386 0.5131671348314607 0.4576310861423221 0.5145716292134831 0.4660580524344569 0.5189606741573034 0.47237827715355807 0.5259831460674157 0.475187265917603 0.5294943820224719 0.47448501872659177 0.5344101123595506 0.47120786516853935 0.5382724719101124 0.46558988764044945 0.5419592696629213 0.4562265917602996 0.5421348314606742 0.45271535580524347 0.5405547752808989 0.449438202247191 0.5400280898876404 0.44545880149812733 0.534936797752809 0.43820224719101125 0.5330056179775281 0.43679775280898875 0.5222963483146067 0.43609550561797755 0.5177317415730337 0.4386704119850187
0 0.516502808988764 0.36704119850187267 0.5161516853932584 0.37453183520599254 0.5175561797752809 0.38342696629213485 0.5224719101123596 0.3883426966292135 0.5294943820224719 0.39021535580524347 0.5361657303370787 0.38764044943820225 0.5400280898876404 0.38202247191011235 0.5417837078651685 0.37687265917602997 0.5424859550561798 0.36961610486891383 0.5407303370786517 0.363061797752809 0.5363412921348315 0.35580524344569286 0.5333567415730337 0.3539325842696629 0.5256320224719101 0.3541666666666667 0.5210674157303371 0.35603932584269665 0.5182584269662921 0.36142322097378277
0 0.5124648876404494 0.4056647940074906 0.5122893258426966 0.4080056179775281 0.5142205056179775 0.4208801498127341 0.5158005617977528 0.4262640449438202 0.5172050561797753 0.4286048689138577 0.5170294943820225 0.43211610486891383 0.5177317415730337 0.4328183520599251 0.5226474719101124 0.43375468164794007 0.53125 0.4323501872659176 0.532127808988764 0.4288389513108614 0.5351123595505618 0.42743445692883897 0.5372191011235955 0.42368913857677903 0.5396769662921348 0.4112827715355805 0.5387991573033708 0.4044943820224719 0.5345856741573034 0.3958333333333333 0.5300210674157303 0.39396067415730335 0.5224719101123596 0.3934925093632959 0.5173806179775281 0.39653558052434457 0.5136938202247191 0.4012172284644195
0 0.511938202247191 0.33029026217228463 0.5135182584269663 0.3377808988764045 0.511938202247191 0.3424625468164794 0.5133426966292135 0.34901685393258425 0.5154494382022472 0.3532303370786517 0.5208918539325843 0.3544007490636704 0.5365168539325843 0.3532303370786517 0.5398525280898876 0.3497191011235955 0.5412570224719101 0.3441011235955056 0.5426615168539326 0.34176029962546817 0.542310393258427 0.33146067415730335 0.543188202247191 0.3279494382022472 0.543188202247191 0.32397003745318353 0.5379213483146067 0.31413857677902624 0.5301966292134831 0.3099250936329588 0.5222963483146067 0.31062734082397003 0.5177317415730337 0.313436329588015 0.5150983146067416 0.3181179775280899
0 0.5447682584269663 0.33169475655430714 0.5442415730337079 0.34831460674157305 0.5452949438202247 0.352059925093633 0.5472261235955056 0.3544007490636704 0.5537219101123596 0.35720973782771537 0.5610955056179775 0.3562734082397004 0.5642556179775281 0.35463483146067415 0.5682935393258427 0.3487827715355805 0.5711025280898876 0.33497191011235955 0.5688202247191011 0.3265449438202247 0.5644311797752809 0.3197565543071161 0.5572331460674157 0.31741573033707865 0.5530196629213483 0.31858614232209737 0.5489817415730337 0.3227996254681648 0.545997191011236 0.3279494382022472
0 0.5449438202247191 0.37312734082397003 0.5449438202247191 0.38412921348314605 0.5456460674157303 0.3899812734082397 0.5486306179775281 0.3951310861423221 0.5535463483146067 0.39747191011235955 0.5609199438202247 0.3977059925093633 0.5653089887640449 0.39442883895131087 0.5689957865168539 0.38553370786516855 0.570751404494382 0.37359550561797755 0.5689957865168539 0.36704119850187267 0.5663623595505618 0.3625936329588015 0.5607443820224719 0.35931647940074907 0.5523174157303371 0.3607209737827715 0.5475772471910112 0.36563670411985016
0 0.5442415730337079 0.4147940074906367 0.5435393258426966 0.43211610486891383 0.5458216292134831 0.43913857677902624 0.5481039325842697 0.4431179775280899 0.546875 0.4461610486891386 0.5503862359550562 0.449438202247191 0.5524929775280899 0.4473314606741573 0.5577598314606742 0.4461610486891386 0.5640800561797753 0.4426498127340824 0.567064606741573 0.43703183520599254 0.5684691011235955 0.4323501872659176 0.5686446629213483 0.42485955056179775 0.5693469101123596 0.42181647940074907 0.5688202247191011 0.414559925093633 0.5677668539325843 0.41245318352059923 0.5640800561797753 0.4080056179775281 0.5607443820224719 0.40613295880149813 0.5533707865168539 0.4054307116104869 0.5493328651685393 0.4066011235955056 0.5466994382022472 0.40870786516853935 0.5449438202247191 0.4112827715355805
0 0.539501404494382 0.5074906367041199 0.5398525280898876 0.5156835205992509 0.5428370786516854 0.522003745318352 0.5482794943820225 0.5280898876404494 0.5531952247191011 0.5292602996254682 0.5582865168539326 0.5283239700374532 0.5623244382022472 0.5241104868913857 0.5649578651685393 0.5189606741573034 0.5654845505617978 0.5161516853932584 0.5651334269662921 0.5049157303370787 0.5628511235955056 0.4978932584269663 0.5603932584269663 0.4934456928838951 0.5502106741573034 0.4932116104868914 0.5458216292134831 0.4948501872659176 0.543188202247191 0.49765917602996257
0 0.5384480337078652 0.5430711610486891 0.5359901685393258 0.5543071161048689 0.5387991573033708 0.5646067415730337 0.543188202247191 0.5711610486891385 0.5503862359550562 0.5706928838951311 0.5572331460674157 0.5690543071161048 0.5625 0.5608614232209738 0.5628511235955056 0.549625468164794 0.5635533707865169 0.5468164794007491 0.5626755617977528 0.5397940074906367 0.5574087078651685 0.5337078651685393 0.5538974719101124 0.5318352059925093 0.5509129213483146 0.5313670411985019 0.5445926966292135 0.5327715355805244 0.5407303370786517 0.5372191011235955
0 0.5442415730337079 0.5809925093632958 0.5444171348314607 0.5856741573033708 0.543188202247191 0.5922284644194756 0.5442415730337079 0.5987827715355806 0.5474016853932584 0.6039325842696629 0.5533707865168539 0.6081460674157303 0.5591643258426966 0.608380149812734 0.5632022471910112 0.6069756554307116 0.567064606741573 0.602996254681648 0.5688202247191011 0.598314606741573 0.5689957865168539 0.5915262172284644 0.5674157303370787 0.5807584269662921 0.5647823033707865 0.5758426966292135 0.5581109550561798 0.5723314606741573 0.5503862359550562 0.5727996254681648 0.545997191011236 0.5760767790262172
0 0.5407303370786517 0.6264044943820225 0.5403792134831461 0.6338951310861424 0.5421348314606742 0.6423220973782772 0.5447682584269663 0.649812734082397 0.546875 0.6512172284644194 0.5577598314606742 0.653558052434457 0.5605688202247191 0.6549625468164794 0.5647823033707865 0.6519194756554307 0.5686446629213483 0.641619850187266 0.5693469101123596 0.6329588014981273 0.5677668539325843 0.6200842696629213 0.5642556179775281 0.6154026217228464 0.5603932584269663 0.6132958801498127 0.5540730337078652 0.6118913857677902 0.5466994382022472 0.6125936329588015 0.5428370786516854 0.6161048689138576 0.5416081460674157 0.6196161048689138
0 0.5340589887640449 0.6645599250936329 0.5337078651685393 0.6821161048689138 0.5354634831460674 0.68562734082397 0.5398525280898876 0.6905430711610487 0.5440660112359551 0.6912453183520599 0.5465238764044944 0.6926498127340824 0.5503862359550562 0.6914794007490637 0.5540730337078652 0.6891385767790262 0.5596910112359551 0.6807116104868914 0.5614466292134831 0.6713483146067416 0.5614466292134831 0.6643258426966292 0.5603932584269663 0.660814606741573 0.5570575842696629 0.6561329588014981 0.5470505617977528 0.6530898876404494 0.5402036516853933 0.6547284644194756 0.5356390449438202 0.6580056179775281
0 0.5617977528089888 0.6804775280898876 0.561622191011236 0.6860955056179775 0.5625 0.6884363295880149 0.5677668539325843 0.6921816479400749 0.5742626404494382 0.6940543071161048 0.5779494382022472 0.6940543071161048 0.5883075842696629 0.6910112359550562 0.592872191011236 0.6865636704119851 0.5949789325842697 0.6825842696629213 0.5963834269662921 0.6788389513108615 0.598314606741573 0.6657303370786517 0.6023525280898876 0.6633895131086143 0.6039325842696629 0.6615168539325843 0.6041081460674157 0.6577715355805244 0.6032303370786517 0.6547284644194756 0.6023525280898876 0.653558052434457 0.6007724719101124 0.6537921348314607 0.5953300561797753 0.6577715355805244 0.5921699438202247 0.6542602996254682 0.5814606741573034 0.6514513108614233 0.579002808988764 0.6500468164794008 0.5746137640449438 0.649812734082397 0.5712780898876404 0.6509831460674157 0.5712780898876404 0.6533239700374532 0.5677668539325843 0.6561329588014981 0.5656601123595506 0.6633895131086143 0.5644311797752809 0.6647940074906367 0.5646067415730337 0.6687734082397003
0 0.5726825842696629 0.6193820224719101 0.5725070224719101 0.62687265917603 0.5739115168539326 0.6367041198501873 0.5728581460674157 0.6406835205992509 0.5740870786516854 0.6425561797752809 0.5802317415730337 0.648876404494382 0.5881320224719101 0.6519194756554307 0.5919943820224719 0.6523876404494382 0.5972612359550562 0.6500468164794008 0.5984901685393258 0.6486423220973783 0.6021769662921348 0.639747191011236 0.6027036516853933 0.6348314606741573 0.6007724719101124 0.6235955056179775 0.5977879213483146 0.6172752808988764 0.59375 0.6142322097378277 0.5883577949438202 0.6139981273408239 0.5812851123595506 0.612125468164794 0.5747893258426966 0.614934456928839
0 0.5719803370786517 0.5779494382022472 0.5709269662921348 0.5826310861423221 0.5725070224719101 0.5938670411985019 0.5721558988764045 0.5990168539325843 0.5740870786516854 0.6055711610486891 0.5783005617977528 0.6093164794007491 0.5849719101123596 0.612125468164794 0.5953300561797753 0.6125936329588015 0.5988412921348315 0.6076779026217228 0.6005969101123596 0.6004213483146067 0.5988412921348315 0.5849719101123596 0.5990168539325843 0.5812265917602997 0.5976123595505618 0.5781835205992509 0.5921699438202247 0.5737359550561798 0.5884831460674157 0.5720973782771536 0.5753160112359551 0.5730337078651685 0.5733848314606742 0.5746722846441947
0 0.5647823033707865 0.5397940074906367 0.5651334269662921 0.5433052434456929 0.563377808988764 0.5468164794007491 0.5667134831460674 0.5498595505617978 0.5684691011235955 0.5536048689138576 0.5684691011235955 0.5571161048689138 0.5695224719101124 0.5587546816479401 0.5693469101123596 0.5632022471910112 0.5677668539325843 0.5641385767790262 0.5714536516853933 0.5660112359550562 0.5730337078651685 0.5692883895131086 0.5805828651685393 0.5713951310861424 0.5867275280898876 0.5711610486891385 0.5921699438202247 0.5681179775280899 0.5958567415730337 0.5641385767790262 0.597436797752809 0.5608614232209738 0.5979634831460674 0.5545411985018727 0.5967345505617978 0.550561797752809 0.5970856741573034 0.5433052434456929 0.5956811797752809 0.5393258426966292 0.5897120786516854 0.5327715355805244 0.5814606741573034 0.5318352059925093 0.5746137640449438 0.5294943820224719 0.5709269662921348 0.5301966292134831 0.5668890449438202 0.533941947565543
0 0.5688202247191011 0.5124063670411985 0.5686446629213483 0.5159176029962547 0.5695224719101124 0.5201310861423221 0.5737359550561798 0.5269194756554307 0.5814606741573034 0.5304307116104869 0.5884831460674157 0.5301966292134831 0.592872191011236 0.5262172284644194 0.5955056179775281 0.5205992509363296 0.5967345505617978 0.5154494382022472 0.5962078651685393 0.5016385767790262 0.5930477528089888 0.4955524344569288 0.5883075842696629 0.49157303370786515 0.5835674157303371 0.49040262172284643 0.5774227528089888 0.49063670411985016 0.573560393258427 0.4927434456928839 0.5711025280898876 0.49625468164794007 0.569873595505618 0.5014044943820225
0 0.567064606741573 0.45341760299625467 0.5663623595505618 0.4562265917602996 0.567064606741573 0.4695692883895131 0.5730337078651685 0.4824438202247191 0.5758426966292135 0.4866573033707865 0.5779494382022472 0.488061797752809 0.586376404494382 0.48782771535580527 0.5883075842696629 0.48735955056179775 0.5919943820224719 0.48408239700374533 0.5949789325842697 0.47659176029962547 0.5949789325842697 0.46465355805243447 0.5921699438202247 0.4559925093632959 0.589185393258427 0.45224719101123595 0.5793539325842697 0.4473314606741573 0.574438202247191 0.44709737827715357 0.570751404494382 0.4482677902621723
0 0.5704002808988764 0.41807116104868913 0.5696980337078652 0.43352059925093633 0.5679424157303371 0.43913857677902624 0.5682935393258427 0.44241573033707865 0.5696980337078652 0.4442883895131086 0.5784761235955056 0.4452247191011236 0.585498595505618 0.448501872659176 0.5916432584269663 0.4477996254681648 0.5984901685393258 0.44452247191011235 0.6000702247191011 0.44288389513108617 0.6030547752808989 0.42954119850187267 0.6025280898876404 0.41830524344569286 0.601123595505618 0.4133895131086142 0.5979634831460674 0.4110486891385768 0.5970856741573034 0.40941011235955055 0.5921699438202247 0.40636704119850187 0.5839185393258427 0.40730337078651685 0.5767205056179775 0.4110486891385768
0 0.574438202247191 0.3703183520599251 0.5742626404494382 0.37523408239700373 0.5753160112359551 0.3796816479400749 0.5746137640449438 0.3815543071161049 0.5723314606741573 0.3838951310861423 0.5696980337078652 0.3934925093632959 0.5700491573033708 0.3970037453183521 0.5711025280898876 0.3991104868913858 0.5774227528089888 0.4058988764044944 0.5795294943820225 0.4066011235955056 0.5846207865168539 0.4058988764044944 0.5918188202247191 0.4028558052434457 0.5955056179775281 0.4023876404494382 0.5965589887640449 0.4012172284644195 0.5991924157303371 0.3960674157303371 0.6012991573033708 0.3895131086142322 0.6016502808988764 0.37663857677902624 0.6002457865168539 0.3719569288389513 0.5953300561797753 0.36540262172284643 0.5884831460674157 0.3616573033707865 0.578125 0.36493445692883897 0.5763693820224719 0.36657303370786515
0 0.573560393258427 0.33614232209737827 0.5733848314606742 0.34269662921348315 0.5746137640449438 0.35159176029962547 0.5777738764044944 0.35697565543071164 0.5846207865168539 0.35978464419475653 0.5918188202247191 0.35908239700374533 0.5965589887640449 0.3562734082397004 0.6007724719101124 0.3487827715355805 0.6028792134831461 0.33848314606741575 0.6025280898876404 0.33192883895131087 0.6002457865168539 0.3265449438202247 0.5960323033707865 0.32162921348314605 0.5918188202247191 0.3197565543071161 0.5862008426966292 0.31999063670411987 0.5812851123595506 0.32209737827715357 0.5761938202247191 0.32818352059925093 0.574438202247191 0.33192883895131087
0 0.6012991573033708 0.3522940074906367 0.6009480337078652 0.35603932584269665 0.602001404494382 0.3574438202247191 0.6049859550561798 0.35814606741573035 0.6072682584269663 0.3600187265917603 0.6086727528089888 0.363061797752809 0.6127106741573034 0.36563670411985016 0.6149929775280899 0.363998127340824 0.6193820224719101 0.363061797752809 0.6234199438202247 0.3637640449438202 0.6269311797752809 0.36142322097378277 0.6311446629213483 0.35603932584269665 0.6330758426966292 0.3518258426966292 0.6341292134831461 0.34620786516853935 0.6336025280898876 0.33941947565543074 0.6307935393258427 0.3279494382022472 0.6300912921348315 0.3270131086142322 0.6274578651685393 0.3270131086142322 0.6200842696629213 0.3232677902621723 0.613939606741573 0.3237359550561798 0.6091994382022472 0.3265449438202247 0.6055126404494382 0.33192883895131087 0.6044592696629213 0.33801498127340823 0.6046348314606742 0.3419943820224719
0 0.6051615168539326 0.37312734082397003 0.6042837078651685 0.39419475655430714 0.6091994382022472 0.399812734082397 0.6163974719101124 0.40074906367041196 0.6232443820224719 0.39840823970037453 0.6292134831460674 0.39396067415730335 0.6327247191011236 0.387874531835206 0.6329002808988764 0.3796816479400749 0.6316713483146067 0.37312734082397003 0.6297401685393258 0.36914794007490637 0.6265800561797753 0.36657303370786515 0.6206109550561798 0.36446629213483145 0.6160463483146067 0.36493445692883897 0.608497191011236 0.36914794007490637
0 0.6070926966292135 0.41760299625468167 0.6058637640449438 0.43258426966292135 0.6069171348314607 0.43562734082397003 0.6109550561797753 0.4386704119850187 0.6158707865168539 0.4407771535580524 0.6228932584269663 0.4405430711610487 0.6281601123595506 0.436563670411985 0.6309691011235955 0.4323501872659176 0.6316713483146067 0.4288389513108614 0.6316713483146067 0.42158239700374533 0.6307935393258427 0.4152621722846442 0.629564606741573 0.41151685393258425 0.6253511235955056 0.40730337078651685 0.6195575842696629 0.4056647940074906 0.6127106741573034 0.40847378277153557 0.6090238764044944 0.41151685393258425 0.6074438202247191 0.4147940074906367
0 0.6000702247191011 0.4674625468164794 0.6000702247191011 0.4737827715355805 0.6014747191011236 0.4803370786516854 0.6039325842696629 0.48642322097378277 0.6062148876404494 0.4897003745318352 0.6125351123595506 0.4913389513108614 0.616748595505618 0.4901685393258427 0.6211376404494382 0.4866573033707865 0.6242977528089888 0.4803370786516854 0.6267556179775281 0.4772940074906367 0.6265800561797753 0.47331460674157305 0.628686797752809 0.4705056179775281 0.628686797752809 0.4669943820224719 0.6267556179775281 0.4592696629213483 0.6232443820224719 0.4524812734082397 0.6132373595505618 0.450374531835206 0.6086727528089888 0.4517790262172285 0.605688202247191 0.4545880149812734 0.6023525280898876 0.4606741573033708
0 0.5960323033707865 0.5250468164794008 0.5958567415730337 0.5294943820224719 0.5965589887640449 0.5306647940074907 0.5986657303370787 0.5332397003745318 0.6023525280898876 0.5344101123595506 0.6197331460674157 0.5327715355805244 0.6237710674157303 0.5301966292134831 0.6271067415730337 0.525749063670412 0.6292134831460674 0.5208333333333334 0.629564606741573 0.5189606741573034 0.6279845505617978 0.5088951310861424 0.6283356741573034 0.5053838951310862 0.6290379213483146 0.5035112359550562 0.6336025280898876 0.49812734082397003 0.6327247191011236 0.49461610486891383 0.6302668539325843 0.49180711610486894 0.6253511235955056 0.4943820224719101 0.6125351123595506 0.4922752808988764 0.6023525280898876 0.49625468164794007 0.6000702247191011 0.49929775280898875 0.598314606741573 0.5049157303370787 0.5977879213483146 0.5170880149812734
0 0.6021769662921348 0.5514981273408239 0.6016502808988764 0.5575842696629213 0.6034058988764045 0.5639044943820225 0.608497191011236 0.5699906367041199 0.6125351123595506 0.5723314606741573 0.6234199438202247 0.572565543071161 0.6276334269662921 0.5683520599250936 0.6304424157303371 0.5627340823970037 0.6336025280898876 0.56062734082397 0.6320224719101124 0.5580524344569289 0.6309691011235955 0.5500936329588015 0.628686797752809 0.5435393258426966 0.6227176966292135 0.5374531835205992 0.6190308988764045 0.5353464419475655 0.6155196629213483 0.5348782771535581 0.6083216292134831 0.5360486891385767 0.6053370786516854 0.5397940074906367 0.605688202247191 0.5423689138576779 0.6039325842696629 0.5451779026217228
0 0.6016502808988764 0.5849719101123596 0.6012991573033708 0.5922284644194756 0.6023525280898876 0.5952715355805244 0.6021769662921348 0.5990168539325843 0.6030547752808989 0.602996254681648 0.6044592696629213 0.6058052434456929 0.6091994382022472 0.6104868913857678 0.6151685393258427 0.613061797752809 0.6214887640449438 0.6123595505617978 0.6299157303370787 0.6060393258426966 0.6318469101123596 0.6020599250936329 0.6327247191011236 0.5950374531835206 0.6313202247191011 0.5849719101123596 0.6276334269662921 0.5798220973782772 0.6228932584269663 0.5756086142322098 0.6199087078651685 0.574438202247191 0.6127106741573034 0.574438202247191 0.6044592696629213 0.5798220973782772
0 0.6046348314606742 0.6228932584269663 0.605688202247191 0.6331928838951311 0.6051615168539326 0.6376404494382022 0.6034058988764045 0.6406835205992509 0.6034058988764045 0.6439606741573034 0.6090238764044944 0.6521535580524345 0.6125351123595506 0.6554307116104869 0.6269311797752809 0.6554307116104869 0.6302668539325843 0.6542602996254682 0.6306179775280899 0.651685393258427 0.6318469101123596 0.650749063670412 0.6344803370786517 0.6367041198501873 0.6346558988764045 0.6317883895131086 0.6336025280898876 0.6254681647940075 0.6311446629213483 0.6238295880149812 0.6293890449438202 0.6210205992509363 0.6262289325842697 0.6196161048689138 0.6248244382022472 0.6175093632958801 0.6199087078651685 0.6151685393258427 0.6120084269662921 0.6156367041198502 0.6091994382022472 0.6168071161048689 0.6077949438202247 0.6177434456928839
0 0.6021769662921348 0.6685393258426966 0.6016502808988764 0.6772003745318352 0.6023525280898876 0.6816479400749064 0.6070926966292135 0.6921816479400749 0.6127106741573034 0.6966292134831461 0.6193820224719101 0.6977996254681648 0.6248244382022472 0.6968632958801498 0.6306179775280899 0.6926498127340824 0.6336025280898876 0.6863295880149812 0.6336025280898876 0.6718164794007491 0.6302668539325843 0.6619850187265918 0.6264044943820225 0.6582397003745318 0.6200842696629213 0.6566011235955056 0.6127106741573034 0.6566011235955056 0.6077949438202247 0.6594101123595506 0.6035814606741573 0.6647940074906367
1 0.40554775280898875 0.3741409176029962 0.029260884831460672 0.03823267790262173
1 0.43305301966292137 0.5001568352059925 0.023407654494382025 0.03277153558052434
2 0.641385709269663 0.3136704119850187 0.35287921348314605 0.30196629213483145 0.34234550561797755 0.6858614232209738 0.6355337078651685 0.6983457397003745
1 0.5530196629213483 0.46114232209737827 0.023407654494382025 0.03901451310861423