0 0.36973314606741575 0.6678370786516854 0.38149578651685395 0.6788389513108615 0.38167134831460675 0.6900749063670412 0.37605337078651685 0.7069288389513109 0.36411516853932585 0.7130149812734082 0.3591994382022472 0.7116104868913857 0.352001404494382 0.7038857677902621 0.35059691011235955 0.68937265917603 0.3558637640449438 0.674625468164794 0.36007724719101125 0.6704119850187266 0.3695575842696629 0.6678370786516854
0 0.6346558988764045 0.6104868913857678 0.6508075842696629 0.6156367041198502 0.659936797752809 0.6264044943820225 0.6588834269662921 0.6455992509363296 0.652563202247191 0.6540262172284644 0.6474719101123596 0.6566011235955056 0.636938202247191 0.6547284644194756 0.6300912921348315 0.6446629213483146 0.625 0.6224250936329588 0.6300912921348315 0.6118913857677902 0.6344803370786517 0.6104868913857678
0 0.34884129213483145 0.7048220973782772 0.3572682584269663 0.7120786516853933 0.35884831460674155 0.7200374531835206 0.34884129213483145 0.7497659176029963 0.3416432584269663 0.7586610486891385 0.3319873595505618 0.7610018726591761 0.32356039325842695 0.7556179775280899 0.3200491573033708 0.7427434456928839 0.32110252808988765 0.7312734082397003 0.3265449438202247 0.721441947565543 0.34866573033707865 0.7050561797752809
0 0.6169241573033708 0.5360486891385767 0.6220154494382022 0.5390917602996255 0.6265800561797753 0.5468164794007491 0.6276334269662921 0.5641385767790262 0.624122191011236 0.5711610486891385 0.6165730337078652 0.576310861423221 0.6063904494382022 0.5749063670411985 0.5988412921348315 0.5674157303370787 0.5967345505617978 0.5465823970037453 0.5988412921348315 0.5400280898876404 0.6023525280898876 0.536750936329588 0.616748595505618 0.5360486891385767
0 0.49122191011235955 0.6966292134831461 0.4980688202247191 0.7015449438202247 0.5059691011235955 0.7200374531835206 0.5059691011235955 0.7347846441947565 0.5026334269662921 0.7446161048689138 0.49490870786516855 0.7509363295880149 0.4878862359550562 0.7514044943820225 0.47945926966292135 0.7450842696629213 0.476123595505618 0.7385299625468165 0.476123595505618 0.724250936329588 0.4784058988764045 0.7139513108614233 0.4840238764044944 0.7008426966292135 0.49104634831460675 0.6968632958801498
0 0.5507373595505618 0.5383895131086143 0.5621488764044944 0.5468164794007491 0.5668890449438202 0.5603932584269663 0.5651334269662921 0.574438202247191 0.5572331460674157 0.5826310861423221 0.5430126404494382 0.5805243445692884 0.5377457865168539 0.5678838951310862 0.5393258426966292 0.5430711610486891 0.5433637640449438 0.5395599250936329 0.550561797752809 0.5383895131086143
0 0.5935744382022472 0.6612827715355806 0.6007724719101124 0.6671348314606742 0.6079705056179775 0.68562734082397 0.6021769662921348 0.6992041198501873 0.5955056179775281 0.7010767790262172 0.5851474719101124 0.700374531835206 0.578125 0.6968632958801498 0.5688202247191011 0.6835205992509363 0.5702247191011236 0.6729868913857678 0.5732092696629213 0.6678370786516854 0.5933988764044944 0.6612827715355806
0 0.5293188202247191 0.5299625468164794 0.5342345505617978 0.5325374531835206 0.5379213483146067 0.5397940074906367 0.5344101123595506 0.5676498127340824 0.5265098314606742 0.5760767790262172 0.5161516853932584 0.5758426966292135 0.5105337078651685 0.5716292134831461 0.5057935393258427 0.56062734082397 0.5059691011235955 0.5470505617977528 0.5086025280898876 0.5407303370786517 0.5189606741573034 0.5327715355805244 0.5291432584269663 0.5301966292134831
0 0.5574087078651685 0.7109082397003745 0.5640800561797753 0.7158239700374532 0.5675912921348315 0.7221441947565543 0.5704002808988764 0.7413389513108615 0.5663623595505618 0.7551498127340824 0.563377808988764 0.7588951310861424 0.5561797752808989 0.7612359550561798 0.5489817415730337 0.7598314606741573 0.5430126404494382 0.7535112359550562 0.5387991573033708 0.7408707865168539 0.5384480337078652 0.7265917602996255 0.5426615168539326 0.7162921348314607 0.5496839887640449 0.7118445692883895 0.5572331460674157 0.7109082397003745
0 0.4741924157303371 0.6673689138576779 0.48103932584269665 0.6753277153558053 0.48139044943820225 0.6832865168539326 0.47735252808988765 0.7027153558052435 0.4703300561797753 0.7109082397003745 0.45628511235955055 0.7099719101123596 0.44820926966292135 0.7048220973782772 0.44610252808988765 0.6882022471910112 0.44838483146067415 0.6786048689138576 0.4529494382022472 0.6718164794007491 0.46383426966292135 0.6673689138576779 0.47401685393258425 0.6673689138576779
0 0.3985252808988764 0.5433052434456929 0.4081811797752809 0.5498595505617978 0.4097612359550562 0.5716292134831461 0.4008075842696629 0.5821629213483146 0.39167837078651685 0.5835674157303371 0.386938202247191 0.5828651685393258 0.3811446629213483 0.5742041198501873 0.38149578651685395 0.5538389513108615 0.38746488764044945 0.545880149812734 0.3983497191011236 0.5433052434456929
0 0.6425561797752809 0.6563670411985019 0.6509831460674157 0.660814606741573 0.6551966292134831 0.6669007490636704 0.6573033707865169 0.6825842696629213 0.6518609550561798 0.6961610486891385 0.641502808988764 0.6987359550561798 0.6293890449438202 0.6956928838951311 0.6197331460674157 0.6750936329588015 0.6220154494382022 0.6647940074906367 0.6264044943820225 0.6601123595505618 0.6339536516853933 0.6563670411985019 0.6423806179775281 0.6563670411985019
0 0.7047050561797753 0.6081460674157303 0.7138342696629213 0.6125936329588015 0.7205056179775281 0.6072097378277154 0.7254213483146067 0.6161048689138576 0.7189255617977528 0.62312734082397 0.7191011235955056 0.6367041198501873 0.7143609550561798 0.6474719101123596 0.6975070224719101 0.6528558052434457 0.6899578651685393 0.6509831460674157 0.6855688202247191 0.6446629213483146 0.6841643258426966 0.636938202247191 0.6852176966292135 0.6203183520599251 0.6873244382022472 0.6158707865168539 0.6943469101123596 0.6104868913857678 0.7045294943820225 0.6081460674157303
0 0.5330056179775281 0.6568352059925093 0.5373946629213483 0.6647940074906367 0.5335323033707865 0.6715823970037453 0.5347612359550562 0.6802434456928839 0.5330056179775281 0.6931179775280899 0.5247542134831461 0.7038857677902621 0.5089536516853933 0.7106741573033708 0.5031601123595506 0.7066947565543071 0.49754213483146065 0.6963951310861424 0.5028089887640449 0.6753277153558053 0.5086025280898876 0.6657303370786517 0.5150983146067416 0.6603464419475655 0.5261587078651685 0.6615168539325843 0.5328300561797753 0.6568352059925093
0 0.6862710674157303 0.5709269662921348 0.6931179775280899 0.5807584269662921 0.6931179775280899 0.588249063670412 0.6864466292134831 0.6104868913857678 0.6766151685393258 0.6179775280898876 0.6634480337078652 0.6161048689138576 0.6581811797752809 0.6093164794007491 0.6548455056179775 0.5922284644194756 0.6564255617977528 0.5821629213483146 0.6613412921348315 0.5767790262172284 0.6715238764044944 0.572565543071161 0.6860955056179775 0.5709269662921348
0 0.3147823033707865 0.6280430711610487 0.3219803370786517 0.6301498127340824 0.32285814606741575 0.6329588014981273 0.31917134831460675 0.6437265917602997 0.3186446629213483 0.6612827715355806 0.30916432584269665 0.6718164794007491 0.3003862359550562 0.6760299625468165 0.2928370786516854 0.673689138576779 0.2856390449438202 0.6647940074906367 0.28405898876404495 0.6580056179775281 0.2851123595505618 0.6477059925093633 0.2933637640449438 0.6362359550561798 0.3146067415730337 0.6280430711610487
0 0.43293539325842695 0.6692415730337079 0.4431179775280899 0.6757958801498127 0.4455758426966292 0.6823501872659176 0.44610252808988765 0.6970973782771536 0.44066011235955055 0.7078651685393258 0.4295997191011236 0.7116104868913857 0.42521067415730335 0.7111423220973783 0.4201193820224719 0.7055243445692884 0.41660814606741575 0.6961610486891385 0.41695926966292135 0.6858614232209738 0.4216994382022472 0.6741573033707865 0.425561797752809 0.6706460674157303 0.43275983146067415 0.6692415730337079
0 0.4216994382022472 0.5379213483146067 0.43469101123595505 0.5430711610486891 0.43995786516853935 0.5491573033707865 0.441186797752809 0.5543071161048689 0.44066011235955055 0.5751404494382022 0.4336376404494382 0.5826310861423221 0.4262640449438202 0.5842696629213483 0.4183637640449438 0.5819288389513109 0.4106390449438202 0.5699906367041199 0.40870786516853935 0.5468164794007491 0.4141502808988764 0.5397940074906367 0.4215238764044944 0.5379213483146067
0 0.36639747191011235 0.5444756554307116 0.3732443820224719 0.5461142322097379 0.3806179775280899 0.5538389513108615 0.38009129213483145 0.5676498127340824 0.3732443820224719 0.5821629213483146 0.3632373595505618 0.5856741573033708 0.3553370786516854 0.5838014981273408 0.3498946629213483 0.579119850187266 0.3477879213483146 0.5641385767790262 0.35252808988764045 0.5484550561797753 0.36622191011235955 0.5444756554307116
0 0.5825140449438202 0.5360486891385767 0.5919943820224719 0.5409644194756554 0.5963834269662921 0.5517322097378277 0.5963834269662921 0.5676498127340824 0.5898876404494382 0.5756086142322098 0.5851474719101124 0.5774812734082397 0.5779494382022472 0.5765449438202247 0.5704002808988764 0.5699906367041199 0.566186797752809 0.5510299625468165 0.5712780898876404 0.5397940074906367 0.5823384831460674 0.5360486891385767
0 0.43609550561797755 0.7111423220973783 0.44417134831460675 0.7176966292134831 0.44610252808988765 0.7235486891385767 0.4455758426966292 0.7310393258426966 0.4397823033707865 0.7516385767790262 0.429248595505618 0.7574906367041199 0.42134831460674155 0.7551498127340824 0.4183637640449438 0.7516385767790262 0.41485252808988765 0.7425093632958801 0.414501404494382 0.7305711610486891 0.4178370786516854 0.7195692883895131 0.4222261235955056 0.713249063670412 0.4359199438202247 0.7111423220973783
0 0.43275983146067415 0.5856741573033708 0.43662219101123595 0.5870786516853933 0.44276685393258425 0.5955056179775281 0.4432935393258427 0.6168071161048689 0.43644662921348315 0.6266385767790262 0.4294241573033708 0.6292134831460674 0.4220505617977528 0.6282771535580525 0.41660814606741575 0.6242977528089888 0.414501404494382 0.6058052434456929 0.4178370786516854 0.5917602996254682 0.425561797752809 0.586376404494382 0.43258426966292135 0.5856741573033708
0 0.5879564606741573 0.62312734082397 0.5933988764044944 0.6282771535580525 0.5956811797752809 0.6367041198501873 0.5939255617977528 0.6544943820224719 0.5883075842696629 0.6605805243445693 0.5749648876404494 0.6647940074906367 0.5675912921348315 0.6624531835205992 0.5626755617977528 0.6551966292134831 0.5656601123595506 0.6371722846441947 0.5686446629213483 0.6303838951310862 0.574438202247191 0.6247659176029963 0.5877808988764045 0.62312734082397
0 0.33339185393258425 0.586376404494382 0.33865870786516855 0.5868445692883895 0.34094101123595505 0.5898876404494382 0.3476123595505618 0.6168071161048689 0.3439255617977528 0.62312734082397 0.33848314606741575 0.6266385767790262 0.32549157303370785 0.6282771535580525 0.31706460674157305 0.6266385767790262 0.3142556179775281 0.6228932584269663 0.3140800561797753 0.6170411985018727 0.320751404494382 0.5943352059925093 0.328125 0.587312734082397 0.33321629213483145 0.586376404494382
0 0.6156952247191011 0.6221910112359551 0.6221910112359551 0.6254681647940075 0.6271067415730337 0.6329588014981273 0.6293890449438202 0.6509831460674157 0.6272823033707865 0.6570692883895131 0.6230688202247191 0.6610486891385767 0.6128862359550562 0.6633895131086143 0.5990168539325843 0.650749063670412 0.5979634831460674 0.635065543071161 0.601123595505618 0.6264044943820225 0.6044592696629213 0.62312734082397 0.6155196629213483 0.6221910112359551
0 0.46365870786516855 0.5835674157303371 0.47015449438202245 0.5870786516853933 0.4750702247191011 0.5952715355805244 0.47963483146067415 0.6191479400749064 0.47735252808988765 0.6285112359550562 0.46822331460674155 0.6331928838951311 0.4496137640449438 0.6238295880149812 0.44592696629213485 0.6184456928838952 0.44452247191011235 0.6116573033707865 0.444873595505618 0.5950374531835206 0.4469803370786517 0.5901217228464419 0.46348314606741575 0.5835674157303371
0 0.6444873595505618 0.6977996254681648 0.6527387640449438 0.7029494382022472 0.660814606741573 0.7198033707865169 0.6594101123595506 0.7343164794007491 0.6502808988764045 0.7429775280898876 0.6404494382022472 0.7413389513108615 0.6336025280898876 0.7343164794007491 0.629564606741573 0.7268258426966292 0.6255266853932584 0.7102059925093633 0.6257022471910112 0.7029494382022472 0.629564606741573 0.6973314606741573 0.644311797752809 0.6977996254681648
0 0.4513693820224719 0.6266385767790262 0.46348314606741575 0.6324906367041199 0.4703300561797753 0.6404494382022472 0.4685744382022472 0.653558052434457 0.46207865168539325 0.6652621722846442 0.4434691011235955 0.6718164794007491 0.4355688202247191 0.665496254681648 0.43240870786516855 0.6577715355805244 0.44224016853932585 0.6303838951310862 0.4511938202247191 0.6266385767790262
0 0.49490870786516855 0.5830992509363296 0.503686797752809 0.5903558052434457 0.5059691011235955 0.6095505617977528 0.4984199438202247 0.6235955056179775 0.488061797752809 0.62687265917603 0.4808637640449438 0.6240636704119851 0.47559691011235955 0.6060393258426966 0.47524578651685395 0.5952715355805244 0.48121488764044945 0.586376404494382 0.49473314606741575 0.5830992509363296
0 0.40519662921348315 0.6690074906367042 0.41116573033707865 0.672752808988764 0.41344803370786515 0.6783707865168539 0.41274578651685395 0.6996722846441947 0.4078300561797753 0.7106741573033708 0.39764747191011235 0.7167602996254682 0.3902738764044944 0.7153558052434457 0.3827247191011236 0.7064606741573034 0.3811446629213483 0.6999063670411985 0.38202247191011235 0.6884363295880149 0.3846558988764045 0.6809456928838952 0.40502106741573035 0.6690074906367042
0 0.40098314606741575 0.5830992509363296 0.40870786516853935 0.5870786516853933 0.41327247191011235 0.598314606741573 0.41485252808988765 0.6191479400749064 0.4123946629213483 0.6254681647940075 0.4083567415730337 0.6282771535580525 0.38728932584269665 0.6242977528089888 0.3806179775280899 0.6088483146067416 0.38009129213483145 0.5919943820224719 0.38167134831460675 0.5887172284644194 0.3904494382022472 0.5840355805243446 0.4008075842696629 0.5830992509363296
0 0.3495435393258427 0.584503745318352 0.3695575842696629 0.5854400749063671 0.37833567415730335 0.5957397003745318 0.3790379213483146 0.6060393258426966 0.38360252808988765 0.6207865168539326 0.36060393258426965 0.6275749063670412 0.3516502808988764 0.62312734082397 0.34375 0.5985486891385767 0.3441011235955056 0.5880149812734082 0.3493679775280899 0.584503745318352
0 0.272998595505618 0.7006086142322098 0.27668539325842695 0.7029494382022472 0.2770365168539326 0.7088014981273408 0.27264747191011235 0.7153558052434457 0.2698384831460674 0.7308052434456929 0.25684691011235955 0.75187265917603 0.24508426966292135 0.7595973782771536 0.23788623595505617 0.7588951310861424 0.230688202247191 0.75187265917603 0.22823033707865167 0.7411048689138576 0.23086376404494383 0.7275280898876404 0.23771067415730338 0.7193352059925093 0.2580758426966292 0.7083333333333334 0.2659761235955056 0.7076310861423221 0.27282303370786515 0.7006086142322098
0 0.5568820224719101 0.6610486891385767 0.5589887640449438 0.6619850187265918 0.5595154494382022 0.6680711610486891 0.5644311797752809 0.6793071161048689 0.5644311797752809 0.6961610486891385 0.5574087078651685 0.7066947565543071 0.5398525280898876 0.7153558052434457 0.532127808988764 0.7059925093632958 0.5356390449438202 0.6767322097378277 0.5396769662921348 0.6669007490636704 0.5444171348314607 0.6615168539325843 0.5567064606741573 0.6610486891385767
0 0.5224719101123596 0.7059925093632958 0.5301966292134831 0.7088014981273408 0.5372191011235955 0.7195692883895131 0.5382724719101124 0.7382958801498127 0.5345856741573034 0.7478932584269663 0.5280898876404494 0.7528089887640449 0.5187851123595506 0.7525749063670412 0.5084269662921348 0.7408707865168539 0.5084269662921348 0.7205056179775281 0.5112359550561798 0.7120786516853933 0.5222963483146067 0.7062265917602997
0 0.6460674157303371 0.5323033707865169 0.6560744382022472 0.5433052434456929 0.6601123595505618 0.5538389513108615 0.6595856741573034 0.5641385767790262 0.6509831460674157 0.5875468164794008 0.6469452247191011 0.5809925093632958 0.6350070224719101 0.575374531835206 0.6288623595505618 0.5676498127340824 0.6281601123595506 0.5632022471910112 0.6278089887640449 0.5493913857677902 0.6311446629213483 0.5365168539325843 0.636938202247191 0.5318352059925093 0.6458918539325843 0.5323033707865169
0 0.24315308988764045 0.5491573033707865 0.25298455056179775 0.5550093632958801 0.25509129213483145 0.5805243445692884 0.2480688202247191 0.588249063670412 0.238061797752809 0.5908239700374532 0.2303370786516854 0.5894194756554307 0.22542134831460675 0.5849719101123596 0.2226123595505618 0.5781835205992509 0.22191011235955055 0.5674157303370787 0.22384129213483145 0.5601591760299626 0.22963483146067415 0.5526685393258427 0.24297752808988765 0.5491573033707865
0 0.27650983146067415 0.6622191011235955 0.2791432584269663 0.6647940074906367 0.27879213483146065 0.6683052434456929 0.2733497191011236 0.6776685393258427 0.2696629213483146 0.6926498127340824 0.25895365168539325 0.7064606741573034 0.24157303370786518 0.7151217228464419 0.23367275280898878 0.7120786516853933 0.22805477528089887 0.7027153558052435 0.22752808988764045 0.6924157303370787 0.230688202247191 0.6839887640449438 0.24104634831460675 0.673689138576779 0.27633426966292135 0.6622191011235955
0 0.30407303370786515 0.5463483146067416 0.31109550561797755 0.548689138576779 0.3163623595505618 0.5538389513108615 0.31776685393258425 0.5739700374531835 0.3168890449438202 0.5779494382022472 0.3107443820224719 0.5842696629213483 0.3010884831460674 0.5880149812734082 0.29353932584269665 0.5870786516853933 0.288623595505618 0.5826310861423221 0.28581460674157305 0.5662453183520599 0.29195926966292135 0.5498595505617978 0.30389747191011235 0.5463483146067416
0 0.46348314606741575 0.5365168539325843 0.47138342696629215 0.5454119850187266 0.47594803370786515 0.5671816479400749 0.4741924157303371 0.574438202247191 0.4668188202247191 0.5795880149812734 0.453125 0.579119850187266 0.4475070224719101 0.575374531835206 0.44417134831460675 0.5709269662921348 0.4413623595505618 0.5580524344569289 0.44241573033707865 0.5475187265917603 0.4475070224719101 0.5397940074906367 0.45575842696629215 0.5355805243445693 0.4633075842696629 0.5365168539325843
0 0.4942064606741573 0.6282771535580525 0.4984199438202247 0.6299157303370787 0.5003511235955056 0.6336610486891385 0.5084269662921348 0.6580056179775281 0.5052668539325843 0.6683052434456929 0.49877106741573035 0.673689138576779 0.47735252808988765 0.6666666666666666 0.47208567415730335 0.6547284644194756 0.4727879213483146 0.636938202247191 0.4845505617977528 0.6292134831460674 0.4940308988764045 0.6282771535580525
0 0.3706109550561798 0.6271067415730337 0.3769311797752809 0.6289794007490637 0.3811446629213483 0.6338951310861424 0.3746488764044944 0.6446629213483146 0.3727176966292135 0.6669007490636704 0.36429073033707865 0.6687734082397003 0.3558637640449438 0.6673689138576779 0.3514747191011236 0.6624531835205992 0.35024578651685395 0.6392790262172284 0.35691713483146065 0.6299157303370787 0.37043539325842695 0.6271067415730337
0 0.34884129213483145 0.6678370786516854 0.35463483146067415 0.6718164794007491 0.34866573033707865 0.6926498127340824 0.34901685393258425 0.7048220973782772 0.33268960674157305 0.714185393258427 0.324438202247191 0.7120786516853933 0.3200491573033708 0.7064606741573034 0.31724016853932585 0.6968632958801498 0.31934691011235955 0.6821161048689138 0.3283005617977528 0.6711142322097379 0.34866573033707865 0.6678370786516854
0 0.3946629213483146 0.6313202247191011 0.40554775280898875 0.6336610486891385 0.40326544943820225 0.636938202247191 0.4044943820224719 0.6406835205992509 0.40941011235955055 0.6439606741573034 0.40870786516853935 0.6509831460674157 0.4023876404494382 0.6685393258426966 0.3871137640449438 0.6781367041198502 0.38360252808988765 0.6779026217228464 0.37201544943820225 0.6650280898876404 0.3730688202247191 0.650749063670412 0.37605337078651685 0.6409176029962547 0.38009129213483145 0.636938202247191 0.3944873595505618 0.6313202247191011
0 0.5783005617977528 0.5807584269662921 0.5881320224719101 0.5838014981273408 0.5935744382022472 0.5908239700374532 0.5972612359550562 0.6163389513108615 0.5919943820224719 0.6219569288389513 0.5711025280898876 0.6235955056179775 0.563377808988764 0.6097846441947565 0.5628511235955056 0.5917602996254682 0.5602176966292135 0.588249063670412 0.5603932584269663 0.5847378277153558 0.5640800561797753 0.5812265917602997 0.5679424157303371 0.5835674157303371 0.578125 0.5807584269662921
0 0.46365870786516855 0.7099719101123596 0.47208567415730335 0.7144194756554307 0.47577247191011235 0.7413389513108615 0.4741924157303371 0.7478932584269663 0.4683988764044944 0.7551498127340824 0.46927668539325845 0.761938202247191 0.46400983146067415 0.7659176029962547 0.46225421348314605 0.7654494382022472 0.4606741573033708 0.7572565543071161 0.4487359550561798 0.7478932584269663 0.44627808988764045 0.7385299625468165 0.4490870786516854 0.7172284644194756 0.4548806179775281 0.7116104868913857 0.46348314606741575 0.7099719101123596
0 0.6142907303370787 0.5788857677902621 0.6206109550561798 0.5812265917602997 0.6267556179775281 0.588249063670412 0.6304424157303371 0.6013576779026217 0.6285112359550562 0.6125936329588015 0.6230688202247191 0.6196161048689138 0.6174508426966292 0.6210205992509363 0.6069171348314607 0.6200842696629213 0.6007724719101124 0.6165730337078652 0.5951544943820225 0.5919943820224719 0.602001404494382 0.5805243445692884 0.6141151685393258 0.5788857677902621
0 0.6683637640449438 0.6912453183520599 0.6853932584269663 0.7062265917602997 0.6925912921348315 0.7219101123595506 0.6897823033707865 0.738061797752809 0.6855688202247191 0.7429775280898876 0.6799508426966292 0.7450842696629213 0.6685393258426966 0.7413389513108615 0.6639747191011236 0.736189138576779 0.655372191011236 0.7064606741573034 0.6569522471910112 0.6985018726591761 0.6646769662921348 0.6914794007490637 0.668188202247191 0.6912453183520599
0 0.33497191011235955 0.5454119850187266 0.3419943820224719 0.5475187265917603 0.34691011235955055 0.5533707865168539 0.34691011235955055 0.5751404494382022 0.34234550561797755 0.5830992509363296 0.3323384831460674 0.5859082397003745 0.32496488764044945 0.5854400749063671 0.3186446629213483 0.5777153558052435 0.3179424157303371 0.56062734082397 0.31969803370786515 0.5538389513108615 0.3240870786516854 0.5479868913857678 0.33479634831460675 0.5454119850187266
0 0.4924508426966292 0.5243445692883895 0.49473314606741575 0.525749063670412 0.49350421348314605 0.5351123595505618 0.5043890449438202 0.5468164794007491 0.5049157303370787 0.5575842696629213 0.5035112359550562 0.5674157303370787 0.49894662921348315 0.5777153558052435 0.4943820224719101 0.5821629213483146 0.48560393258426965 0.5833333333333334 0.47945926966292135 0.5781835205992509 0.47384129213483145 0.5587546816479401 0.47366573033707865 0.549625468164794 0.47735252808988765 0.5421348314606742 0.48683286516853935 0.5337078651685393 0.4861306179775281 0.525749063670412 0.4922752808988764 0.5243445692883895
0 0.27422752808988765 0.5475187265917603 0.2868679775280899 0.5538389513108615 0.2851123595505618 0.5781835205992509 0.2793188202247191 0.5859082397003745 0.2700140449438202 0.5889513108614233 0.25895365168539325 0.5847378277153558 0.2543890449438202 0.5767790262172284 0.25298455056179775 0.5674157303370787 0.2577247191011236 0.5531367041198502 0.2654494382022472 0.548689138576779 0.27405196629213485 0.5475187265917603
0 0.33848314606741575 0.6282771535580525 0.34866573033707865 0.6338951310861424 0.3495435393258427 0.6615168539325843 0.340063202247191 0.6683052434456929 0.32917837078651685 0.6699438202247191 0.3205758426966292 0.6633895131086143 0.31969803370786515 0.6434925093632958 0.324438202247191 0.6301498127340824 0.3383075842696629 0.6282771535580525
1 0.6934058988764045 0.5531437265917604 0.06424683988764045 0.04199204119850187
1 0.7079108146067417 0.5701217228464419 0.030052668539325846 0.07438904494382023
1 0.5362605337078652 0.6181109550561799 0.05543539325842697 0.07985720973782771
1 0.6429002808988764 0.5923010299625469 0.026437851123595507 0.03915730337078652
1 0.4289097612359551 0.6470482209737828 0.030338834269662922 0.03785346441947566
1 0.27699613764044945 0.6119054307116105 0.08114466292134831 0.029992977528089885
1 0.2550122893258427 0.6315964419475655 0.05824613764044943 0.06781132958801499
1 0.3013746488764045 0.7119499063670411 0.032759831460674155 0.07246488764044944
1 0.29664150280898877 0.7334573970037453 0.04201896067415731 0.03901451310861423
1 0.3875122893258427 0.7379915730337078 0.0505372191011236 0.04651685393258427
1 0.5966204353932584 0.7210767790262173 0.047406952247191006 0.0485814606741573
1 0.6117134831460674 0.705500936329588 0.02609375 0.08453417602996255
1 0.6741116573033707 0.652006086142322 0.025658356741573036 0.07430009363295881
1 0.6937956460674157 0.6709058988764045 0.07087780898876404 0.0574812734082397
1 0.7104020365168539 0.6987195692883895 0.03503511235955056 0.09906132958801499
2 0.22910814606741572 0.5407303370786517 0.7259480337078652 0.5325374531835206 0.7312148876404494 0.7549157303370787 0.2247191011235955 0.7631086142322098