0 0.6448384831460674 0.6685393258426966 0.6555477528089888 0.6741573033707865 0.6618679775280899 0.68937265917603 0.6620435393258427 0.7001404494382022 0.659936797752809 0.7069288389513109 0.6515098314606742 0.7134831460674157 0.644311797752809 0.7127808988764045 0.6372893258426966 0.7071629213483146 0.6334269662921348 0.7015449438202247 0.6306179775280899 0.6858614232209738 0.6318469101123596 0.6786048689138576 0.6362359550561798 0.6729868913857678 0.6446629213483146 0.6685393258426966
0 0.35235252808988765 0.6673689138576779 0.355688202247191 0.6683052434456929 0.35867275280898875 0.6750936329588015 0.35639044943820225 0.7031835205992509 0.3595505617977528 0.714185393258427 0.3558637640449438 0.7221441947565543 0.3493679775280899 0.7272940074906367 0.3418188202247191 0.7240168539325843 0.33128511235955055 0.7169943820224719 0.3263693820224719 0.7069288389513109 0.3283005617977528 0.6858614232209738 0.3360252808988764 0.677434456928839 0.35217696629213485 0.6676029962546817
0 0.5305477528089888 0.5009363295880149 0.5384480337078652 0.5070224719101124 0.5403792134831461 0.5203651685393258 0.5345856741573034 0.537687265917603 0.5235252808988764 0.5449438202247191 0.5172050561797753 0.5437734082397003 0.5071980337078652 0.533941947565543 0.5066713483146067 0.5187265917602997 0.5108848314606742 0.5084269662921348 0.5150983146067416 0.5037453183520599 0.530372191011236 0.5009363295880149
0 0.4274929775280899 0.5011704119850188 0.4432935393258427 0.5084269662921348 0.4490870786516854 0.5191947565543071 0.4468047752808989 0.5379213483146067 0.44030898876404495 0.5447097378277154 0.43240870786516855 0.5468164794007491 0.42468398876404495 0.5444756554307116 0.42064606741573035 0.5397940074906367 0.4176615168539326 0.5327715355805244 0.41520365168539325 0.5159176029962547 0.4183637640449438 0.5049157303370787 0.421875 0.5016385767790262 0.4273174157303371 0.5011704119850188
0 0.366748595505618 0.540496254681648 0.37833567415730335 0.545880149812734 0.38535814606741575 0.5538389513108615 0.38588483146067415 0.5849719101123596 0.3804424157303371 0.5880149812734082 0.36622191011235955 0.5868445692883895 0.3576193820224719 0.5777153558052435 0.3549859550561798 0.5503277153558053 0.3609550561797753 0.5428370786516854 0.36657303370786515 0.540496254681648
0 0.6211376404494382 0.5063202247191011 0.6269311797752809 0.5084269662921348 0.6307935393258427 0.5140449438202247 0.6344803370786517 0.5297284644194756 0.6302668539325843 0.5414325842696629 0.6202598314606742 0.5470505617977528 0.6090238764044944 0.5447097378277154 0.6049859550561798 0.5400280898876404 0.6027036516853933 0.5189606741573034 0.6091994382022472 0.5084269662921348 0.6209620786516854 0.5063202247191011
0 0.6206109550561798 0.5922284644194756 0.6271067415730337 0.5955056179775281 0.6330758426966292 0.6095505617977528 0.6313202247191011 0.6235955056179775 0.6214887640449438 0.6320224719101124 0.6127106741573034 0.6315543071161048 0.6042837078651685 0.62312734082397 0.6037570224719101 0.6118913857677902 0.6005969101123596 0.6020599250936329 0.601123595505618 0.5950374531835206 0.6044592696629213 0.5912921348314607 0.6135884831460674 0.5901217228464419 0.620435393258427 0.5922284644194756
0 0.676439606741573 0.5468164794007491 0.6922401685393258 0.5472846441947565 0.6966292134831461 0.5538389513108615 0.6901334269662921 0.5821629213483146 0.6799508426966292 0.5887172284644194 0.6674859550561798 0.5856741573033708 0.6613412921348315 0.5774812734082397 0.6569522471910112 0.5653089887640449 0.6569522471910112 0.5603932584269663 0.6606390449438202 0.5533707865168539 0.6687148876404494 0.5479868913857678 0.6762640449438202 0.5468164794007491
0 0.32110252808988765 0.6692415730337079 0.32935393258426965 0.6753277153558053 0.3240870786516854 0.7064606741573034 0.3142556179775281 0.7134831460674157 0.300561797752809 0.7146535580524345 0.2947682584269663 0.7134831460674157 0.29037921348314605 0.7064606741573034 0.2933637640449438 0.6928838951310862 0.30372191011235955 0.6750936329588015 0.32092696629213485 0.6692415730337079
0 0.5907654494382022 0.5084269662921348 0.5991924157303371 0.5140449438202247 0.6035814606741573 0.5255149812734082 0.601123595505618 0.5433052434456929 0.5921699438202247 0.549625468164794 0.5821629213483146 0.5484550561797753 0.5774227528089888 0.5433052434456929 0.5732092696629213 0.5360486891385767 0.5719803370786517 0.5224719101123596 0.5723314606741573 0.5159176029962547 0.5749648876404494 0.5121722846441947 0.5842696629213483 0.5081928838951311 0.5905898876404494 0.5084269662921348
0 0.620435393258427 0.6338951310861424 0.6337780898876404 0.6425561797752809 0.6402738764044944 0.6577715355805244 0.6355337078651685 0.673689138576779 0.6272823033707865 0.6797752808988764 0.6116573033707865 0.6715823970037453 0.6055126404494382 0.6563670411985019 0.6055126404494382 0.6444288389513109 0.6077949438202247 0.639747191011236 0.6121839887640449 0.6355337078651685 0.6202598314606742 0.6338951310861424
0 0.5584620786516854 0.5070224719101124 0.5642556179775281 0.5093632958801498 0.5682935393258427 0.5154494382022472 0.5696980337078652 0.5327715355805244 0.5658356741573034 0.5419007490636704 0.5545997191011236 0.5463483146067416 0.5451193820224719 0.5435393258426966 0.5417837078651685 0.5397940074906367 0.5396769662921348 0.5320692883895131 0.5428370786516854 0.5124063670411985 0.5484550561797753 0.5079588014981273 0.5582865168539326 0.5070224719101124
0 0.6104283707865169 0.6732209737827716 0.6272823033707865 0.6811797752808989 0.6313202247191011 0.6903089887640449 0.6306179775280899 0.7069288389513109 0.6265800561797753 0.7134831460674157 0.620435393258427 0.7167602996254682 0.6091994382022472 0.7139513108614233 0.6016502808988764 0.7024812734082397 0.6012991573033708 0.6804775280898876 0.605688202247191 0.6739232209737828 0.610252808988764 0.6732209737827716
0 0.491748595505618 0.6753277153558053 0.5021067415730337 0.6762640449438202 0.5063202247191011 0.6814138576779026 0.5091292134831461 0.6917134831460674 0.5093047752808989 0.7006086142322098 0.5064957865168539 0.7099719101123596 0.49490870786516855 0.7174625468164794 0.484375 0.7137172284644194 0.4803370786516854 0.7064606741573034 0.4785814606741573 0.6970973782771536 0.480688202247191 0.6811797752808989 0.4845505617977528 0.6764981273408239 0.49157303370786515 0.6753277153558053
0 0.4018609550561798 0.5058520599250936 0.4085323033707865 0.5072565543071161 0.4141502808988764 0.5124063670411985 0.41678370786516855 0.5325374531835206 0.41099016853932585 0.5440074906367042 0.4020365168539326 0.5463483146067416 0.3925561797752809 0.5437734082397003 0.38922050561797755 0.5400280898876404 0.38570926966292135 0.5292602996254682 0.3885182584269663 0.5124063670411985 0.39343398876404495 0.5079588014981273 0.40168539325842695 0.5058520599250936
0 0.5228230337078652 0.5861423220973783 0.5330056179775281 0.587312734082397 0.5365168539325843 0.5931647940074907 0.5403792134831461 0.6086142322097379 0.5375702247191011 0.6224250936329588 0.5328300561797753 0.6271067415730337 0.5259831460674157 0.6287453183520599 0.5154494382022472 0.6261704119850188 0.5107092696629213 0.6163389513108615 0.5094803370786517 0.6048689138576779 0.5145716292134831 0.5905898876404494 0.5226474719101124 0.5861423220973783
0 0.5956811797752809 0.6334269662921348 0.6025280898876404 0.6409176029962547 0.6065660112359551 0.6643258426966292 0.6035814606741573 0.6725187265917603 0.5962078651685393 0.6767322097378277 0.5802317415730337 0.6701779026217228 0.5718047752808989 0.6547284644194756 0.5737359550561798 0.6409176029962547 0.5763693820224719 0.6371722846441947 0.5955056179775281 0.6334269662921348
0 0.7103230337078652 0.5503277153558053 0.7236657303370787 0.5561797752808989 0.7275280898876404 0.5641385767790262 0.7273525280898876 0.5784176029962547 0.7203300561797753 0.5896535580524345 0.7171699438202247 0.591058052434457 0.7055828651685393 0.5896535580524345 0.6950491573033708 0.5814606741573034 0.6946980337078652 0.5678838951310862 0.6976825842696629 0.5566479400749064 0.7029494382022472 0.5512640449438202 0.7101474719101124 0.5503277153558053
0 0.4645365168539326 0.5063202247191011 0.4706811797752809 0.5077247191011236 0.47401685393258425 0.5121722846441947 0.46804775280898875 0.528558052434457 0.47015449438202245 0.5416666666666666 0.46383426966292135 0.5442415730337079 0.45646067415730335 0.5423689138576779 0.45189606741573035 0.5332397003745318 0.44978932584269665 0.5229400749063671 0.44996488764044945 0.5093632958801498 0.4643609550561798 0.5063202247191011
0 0.5537219101123596 0.6294475655430711 0.5640800561797753 0.6322565543071161 0.5691713483146067 0.6392790262172284 0.5704002808988764 0.6584737827715356 0.5754915730337079 0.6683052434456929 0.5677668539325843 0.6652621722846442 0.5619733146067416 0.674625468164794 0.5570575842696629 0.6753277153558053 0.5466994382022472 0.6676029962546817 0.542310393258427 0.6577715355805244 0.5426615168539326 0.6467696629213483 0.5454705056179775 0.637874531835206 0.5535463483146067 0.6296816479400749
0 0.617626404494382 0.5484550561797753 0.6281601123595506 0.5529026217228464 0.6339536516853933 0.56437265917603 0.6330758426966292 0.5816947565543071 0.6269311797752809 0.5889513108614233 0.6223665730337079 0.5905898876404494 0.6127106741573034 0.5894194756554307 0.6058637640449438 0.5852059925093633 0.5990168539325843 0.5676498127340824 0.5997191011235955 0.56062734082397 0.6035814606741573 0.5533707865168539 0.6174508426966292 0.5484550561797753
0 0.5849719101123596 0.5894194756554307 0.5962078651685393 0.5948033707865169 0.6027036516853933 0.610252808988764 0.6027036516853933 0.6200842696629213 0.5997191011235955 0.6264044943820225 0.5953300561797753 0.6315543071161048 0.5890098314606742 0.6329588014981273 0.5814606741573034 0.6324906367041199 0.573560393258427 0.6257022471910112 0.5693469101123596 0.6118913857677902 0.5718047752808989 0.596441947565543 0.5774227528089888 0.5908239700374532 0.5847963483146067 0.5894194756554307
0 0.2866924157303371 0.6704119850187266 0.2933637640449438 0.673689138576779 0.2966994382022472 0.6725187265917603 0.2970505617977528 0.6821161048689138 0.289501404494382 0.7062265917602997 0.2796699438202247 0.7130149812734082 0.27247191011235955 0.7116104868913857 0.2652738764044944 0.7043539325842697 0.258251404494382 0.6891385767790262 0.2580758426966292 0.6788389513108615 0.261938202247191 0.6715823970037453 0.2735252808988764 0.6750936329588015 0.28651685393258425 0.6704119850187266
0 0.27071629213483145 0.5908239700374532 0.29353932584269665 0.5950374531835206 0.2914325842696629 0.6008895131086143 0.2912570224719101 0.6235955056179775 0.2835323033707865 0.6313202247191011 0.27615870786516855 0.6334269662921348 0.26685393258426965 0.6301498127340824 0.2612359550561798 0.6198501872659176 0.2612359550561798 0.5999531835205992 0.265625 0.5917602996254682 0.27054073033707865 0.5908239700374532
0 0.31109550561797755 0.586376404494382 0.3246137640449438 0.5919943820224719 0.33093398876404495 0.6022940074906367 0.3279494382022472 0.6123595505617978 0.31917134831460675 0.6238295880149812 0.30547752808988765 0.6261704119850188 0.3003862359550562 0.6259363295880149 0.2947682584269663 0.6203183520599251 0.2924859550561798 0.6018258426966292 0.29933286516853935 0.5908239700374532 0.3109199438202247 0.586376404494382
0 0.47384129213483145 0.6324906367041199 0.4784058988764045 0.635065543071161 0.480688202247191 0.6399812734082397 0.4789325842696629 0.660814606741573 0.47401685393258425 0.6715823970037453 0.46787219101123595 0.673689138576779 0.45242275280898875 0.6704119850187266 0.4490870786516854 0.661750936329588 0.4487359550561798 0.650749063670412 0.45207162921348315 0.6406835205992509 0.45646067415730335 0.6362359550561798 0.4666432584269663 0.6317883895131086 0.47366573033707865 0.6324906367041199
0 0.43469101123595505 0.5489232209737828 0.44259129213483145 0.5536048689138576 0.44645365168539325 0.5737359550561798 0.4415379213483146 0.5856741573033708 0.4317064606741573 0.591058052434457 0.4253862359550562 0.5898876404494382 0.41660814606741575 0.5814606741573034 0.41695926966292135 0.5632022471910112 0.41941713483146065 0.5561797752808989 0.42310393258426965 0.5526685393258427 0.43451544943820225 0.5489232209737828
0 0.4647120786516854 0.5472846441947565 0.47384129213483145 0.5531367041198502 0.47770365168539325 0.5641385767790262 0.4741924157303371 0.5812265917602997 0.4706811797752809 0.5861423220973783 0.46348314606741575 0.5896535580524345 0.45189606741573035 0.5847378277153558 0.44856039325842695 0.5760767790262172 0.44785814606741575 0.5632022471910112 0.4529494382022472 0.5498595505617978 0.4645365168539326 0.5472846441947565
0 0.413623595505618 0.5856741573033708 0.42310393258426965 0.5915262172284644 0.4253862359550562 0.599250936329588 0.41889044943820225 0.6217228464419475 0.41502808988764045 0.6273408239700374 0.4081811797752809 0.6299157303370787 0.3941362359550562 0.6266385767790262 0.39009831460674155 0.6196161048689138 0.39009831460674155 0.6051029962546817 0.3927317415730337 0.596441947565543 0.39712078651685395 0.5917602996254682 0.40677668539325845 0.586376404494382 0.41344803370786515 0.5856741573033708
0 0.31197331460674155 0.545880149812734 0.324438202247191 0.5510299625468165 0.3283005617977528 0.5503277153558053 0.32531601123595505 0.5749063670411985 0.32110252808988765 0.5852059925093633 0.3047752808988764 0.5866104868913857 0.30021067415730335 0.5859082397003745 0.2952949438202247 0.5812265917602997 0.29353932584269665 0.5723314606741573 0.29406601123595505 0.5568820224719101 0.3003862359550562 0.5493913857677902 0.31179775280898875 0.545880149812734
0 0.6546699438202247 0.588249063670412 0.6639747191011236 0.5952715355805244 0.6653792134831461 0.6067415730337079 0.6587078651685393 0.6266385767790262 0.648876404494382 0.6348314606741573 0.6348314606741573 0.6299157303370787 0.6325491573033708 0.6205524344569289 0.632373595505618 0.6020599250936329 0.6293890449438202 0.5952715355805244 0.6300912921348315 0.5931647940074907 0.6336025280898876 0.5941011235955056 0.636938202247191 0.588249063670412 0.6402738764044944 0.5917602996254682 0.6544943820224719 0.588249063670412
0 0.6864466292134831 0.5917602996254682 0.6939957865168539 0.6008895131086143 0.6971558988764045 0.613061797752809 0.6943469101123596 0.6240636704119851 0.6862710674157303 0.6301498127340824 0.6662570224719101 0.6271067415730337 0.664501404494382 0.6168071161048689 0.6683637640449438 0.5957397003745318 0.6753862359550562 0.5917602996254682 0.6862710674157303 0.5917602996254682
0 0.4984199438202247 0.5507958801498127 0.5028089887640449 0.5531367041198502 0.5059691011235955 0.5594569288389513 0.5059691011235955 0.5816947565543071 0.5005266853932584 0.5894194756554307 0.4887640449438202 0.5912921348314607 0.4840238764044944 0.5903558052434457 0.4787570224719101 0.5819288389513109 0.47770365168539325 0.5742041198501873 0.47928370786516855 0.5615636704119851 0.484375 0.5547752808988764 0.4982443820224719 0.5507958801498127
0 0.6648525280898876 0.6687734082397003 0.6767907303370787 0.6781367041198502 0.6882022471910112 0.6814138576779026 0.6931179775280899 0.6921816479400749 0.6925912921348315 0.7062265917602997 0.6890800561797753 0.7118445692883895 0.6822331460674157 0.7158239700374532 0.6716994382022472 0.7137172284644194 0.6629213483146067 0.6999063670411985 0.659936797752809 0.6753277153558053 0.6648525280898876 0.6690074906367042
0 0.2835323033707865 0.4866573033707865 0.28441011235955055 0.49859550561797755 0.30354634831460675 0.5173220973782772 0.304248595505618 0.5245786516853933 0.300561797752809 0.533941947565543 0.28985252808988765 0.538623595505618 0.28247893258426965 0.5479868913857678 0.27650983146067415 0.5493913857677902 0.26843398876404495 0.5468164794007491 0.2635182584269663 0.5327715355805244 0.26228932584269665 0.5154494382022472 0.2652738764044944 0.5070224719101124 0.27405196629213485 0.49812734082397003 0.2737008426966292 0.48782771535580527 0.2833567415730337 0.4866573033707865
0 0.45435393258426965 0.5889513108614233 0.4668188202247191 0.5915262172284644 0.47208567415730335 0.5976123595505618 0.47349016853932585 0.6053370786516854 0.4731390449438202 0.6228932584269663 0.46822331460674155 0.6275749063670412 0.4587429775280899 0.6303838951310862 0.44610252808988765 0.62687265917603 0.4378511235955056 0.6025280898876404 0.43855337078651685 0.5952715355805244 0.4415379213483146 0.5915262172284644 0.4490870786516854 0.5880149812734082 0.45417837078651685 0.5889513108614233
0 0.28405898876404495 0.6352996254681648 0.29231039325842695 0.6404494382022472 0.29406601123595505 0.6582397003745318 0.28967696629213485 0.6645599250936329 0.27598314606741575 0.6741573033707865 0.2672050561797753 0.6722846441947565 0.26106039325842695 0.6652621722846442 0.2615870786516854 0.6465355805243446 0.265625 0.6364700374531835 0.28388342696629215 0.6352996254681648
0 0.38395365168539325 0.665496254681648 0.38816713483146065 0.6715823970037453 0.3871137640449438 0.6966292134831461 0.38167134831460675 0.7097378277153558 0.37254213483146065 0.7172284644194756 0.3628862359550562 0.7158239700374532 0.35884831460674155 0.7097378277153558 0.3572682584269663 0.7017790262172284 0.35884831460674155 0.6835205992509363 0.3616573033707865 0.6772003745318352 0.3732443820224719 0.6673689138576779 0.37991573033707865 0.6638576779026217 0.38377808988764045 0.665496254681648
0 0.5298455056179775 0.6722846441947565 0.5363412921348315 0.6816479400749064 0.5402036516853933 0.6999063670411985 0.5366924157303371 0.7134831460674157 0.5263342696629213 0.7202715355805244 0.515625 0.7176966292134831 0.5126404494382022 0.7134831460674157 0.5108848314606742 0.7097378277153558 0.5094803370786517 0.6891385767790262 0.5114115168539326 0.6828183520599251 0.5154494382022472 0.6786048689138576 0.5296699438202247 0.6722846441947565
0 0.4123946629213483 0.6624531835205992 0.42047050561797755 0.6718164794007491 0.4202949438202247 0.6786048689138576 0.4120435393258427 0.7062265917602997 0.40150983146067415 0.7137172284644194 0.394311797752809 0.7125468164794008 0.3883426966292135 0.7064606741573034 0.3871137640449438 0.6992041198501873 0.3886938202247191 0.6786048689138576 0.3929073033707865 0.6718164794007491 0.40098314606741575 0.6652621722846442 0.4122191011235955 0.6624531835205992
0 0.7106741573033708 0.6338951310861424 0.7243679775280899 0.6404494382022472 0.7291081460674157 0.650749063670412 0.7296348314606742 0.6582397003745318 0.7271769662921348 0.6680711610486891 0.7173455056179775 0.6757958801498127 0.7062851123595506 0.6732209737827716 0.6980337078651685 0.6647940074906367 0.695751404494382 0.6434925093632958 0.7013693820224719 0.6367041198501873 0.710498595505618 0.6338951310861424
0 0.24561095505617977 0.5049157303370787 0.25912921348314605 0.5117041198501873 0.26246488764044945 0.5264513108614233 0.2596558988764045 0.537687265917603 0.2522823033707865 0.5437734082397003 0.24666432584269662 0.5451779026217228 0.2305126404494382 0.5416666666666666 0.22735252808988765 0.5379213483146067 0.22542134831460675 0.528558052434457 0.22682584269662923 0.5154494382022472 0.23016151685393257 0.5105337078651685 0.23788623595505617 0.5053838951310862 0.24543539325842698 0.5049157303370787
0 0.25860252808988765 0.6259363295880149 0.26246488764044945 0.6301498127340824 0.26316713483146065 0.6360018726591761 0.2594803370786517 0.661750936329588 0.24139747191011235 0.6701779026217228 0.23595505617977527 0.6685393258426966 0.2303370786516854 0.6612827715355806 0.23367275280898878 0.6343632958801498 0.2480688202247191 0.6275749063670412 0.25842696629213485 0.6259363295880149
0 0.688377808988764 0.5067883895131086 0.6975070224719101 0.5156835205992509 0.6997893258426966 0.5297284644194756 0.6945224719101124 0.5419007490636704 0.6832865168539326 0.5468164794007491 0.6745084269662921 0.5451779026217228 0.667310393258427 0.537687265917603 0.6650280898876404 0.5327715355805244 0.6650280898876404 0.5154494382022472 0.6743328651685393 0.5070224719101124 0.6882022471910112 0.5067883895131086
0 0.4878862359550562 0.5023408239700374 0.4964887640449438 0.5046816479400749 0.5038623595505618 0.5142790262172284 0.5033356741573034 0.5294943820224719 0.49912219101123595 0.5409644194756554 0.49139747191011235 0.5451779026217228 0.4805126404494382 0.5454119850187266 0.47384129213483145 0.5440074906367042 0.47015449438202245 0.5397940074906367 0.4689255617977528 0.5269194756554307 0.47349016853932585 0.513810861423221 0.4803370786516854 0.5049157303370787 0.48771067415730335 0.5025749063670412
0 0.6706460674157303 0.6308520599250936 0.6896067415730337 0.639747191011236 0.6961025280898876 0.6521535580524345 0.6964536516853933 0.6683052434456929 0.6924157303370787 0.6760299625468165 0.6850421348314607 0.6788389513108615 0.671875 0.6729868913857678 0.6576544943820225 0.6509831460674157 0.6573033707865169 0.6437265917602997 0.6613412921348315 0.6336610486891385 0.6648525280898876 0.6308520599250936 0.6704705056179775 0.6308520599250936
0 0.3843047752808989 0.5091292134831461 0.38799157303370785 0.5154494382022472 0.38588483146067415 0.522003745318352 0.38764044943820225 0.538623595505618 0.38009129213483145 0.5444756554307116 0.36587078651685395 0.5379213483146067 0.3616573033707865 0.525749063670412 0.3690308988764045 0.5088951310861424 0.3769311797752809 0.5065543071161048 0.38412921348314605 0.5091292134831461
0 0.40554775280898875 0.5475187265917603 0.41134129213483145 0.5498595505617978 0.4159058988764045 0.5568820224719101 0.41660814606741575 0.5742041198501873 0.4125702247191011 0.5828651685393258 0.4008075842696629 0.5877808988764045 0.39167837078651685 0.5866104868913857 0.38764044943820225 0.5812265917602997 0.38588483146067415 0.5599250936329588 0.38799157303370785 0.5543071161048689 0.39396067415730335 0.5491573033707865 0.40537219101123595 0.5475187265917603
0 0.24859550561797752 0.5877808988764045 0.26053370786516855 0.5919943820224719 0.2593047752808989 0.5990168539325843 0.26088483146067415 0.6163389513108615 0.2559691011235955 0.6240636704119851 0.24122191011235955 0.6301498127340824 0.23086376404494383 0.6266385767790262 0.22717696629213482 0.6205524344569289 0.22612359550561797 0.6022940074906367 0.2303370786516854 0.5943352059925093 0.23507724719101122 0.5908239700374532 0.24841994382022473 0.5877808988764045
0 0.4357443820224719 0.6671348314606742 0.44259129213483145 0.6720505617977528 0.44610252808988765 0.6818820224719101 0.4468047752808989 0.6963951310861424 0.4431179775280899 0.7134831460674157 0.43240870786516855 0.7186329588014981 0.42064606741573035 0.7146535580524345 0.4178370786516854 0.7099719101123596 0.4162570224719101 0.6989700374531835 0.4202949438202247 0.6818820224719101 0.42872191011235955 0.6699438202247191 0.4355688202247191 0.6671348314606742
0 0.5840941011235955 0.6739232209737828 0.5977879213483146 0.6823501872659176 0.6007724719101124 0.6992041198501873 0.5969101123595506 0.7127808988764045 0.5886587078651685 0.7176966292134831 0.5767205056179775 0.7134831460674157 0.569873595505618 0.6961610486891385 0.570751404494382 0.6823501872659176 0.5783005617977528 0.674625468164794 0.5839185393258427 0.6739232209737828
0 0.6996137640449438 0.6748595505617978 0.7152387640449438 0.6767322097378277 0.7257724719101124 0.6858614232209738 0.7280547752808989 0.6952247191011236 0.7262991573033708 0.7130149812734082 0.7203300561797753 0.7191011235955056 0.7127808988764045 0.7202715355805244 0.7064606741573034 0.7174625468164794 0.6990870786516854 0.7099719101123596 0.6943469101123596 0.6996722846441947 0.6936446629213483 0.6853932584269663 0.6950491573033708 0.6797752808988764 0.699438202247191 0.6750936329588015
0 0.7103230337078652 0.5915262172284644 0.7219101123595506 0.5936329588014981 0.7254213483146067 0.6065074906367042 0.7240168539325843 0.6235955056179775 0.7189255617977528 0.6306179775280899 0.7138342696629213 0.6329588014981273 0.6983848314606742 0.6315543071161048 0.6950491573033708 0.6266385767790262 0.6968047752808989 0.6168071161048689 0.695751404494382 0.598314606741573 0.7018960674157303 0.5919943820224719 0.7101474719101124 0.5915262172284644
0 0.34252106741573035 0.5044475655430711 0.35639044943820225 0.5117041198501873 0.359375 0.5182584269662921 0.359375 0.523876404494382 0.355688202247191 0.535814606741573 0.34515449438202245 0.5437734082397003 0.33918539325842695 0.5454119850187266 0.3316362359550562 0.5442415730337079 0.3246137640449438 0.537687265917603 0.32127808988764045 0.5294943820224719 0.32127808988764045 0.5224719101123596 0.328125 0.5074906367041199 0.34234550561797755 0.5044475655430711
0 0.7136587078651685 0.5084269662921348 0.7238412921348315 0.5145131086142322 0.7285814606741573 0.5259831460674157 0.7277036516853933 0.5397940074906367 0.722436797752809 0.5475187265917603 0.7173455056179775 0.5503277153558053 0.703125 0.547752808988764 0.6980337078651685 0.5433052434456929 0.6973314606741573 0.5397940074906367 0.6997893258426966 0.526685393258427 0.6983848314606742 0.5154494382022472 0.7025983146067416 0.5112359550561798 0.7134831460674157 0.5084269662921348
0 0.5646067415730337 0.5470505617977528 0.5733848314606742 0.5498595505617978 0.5758426966292135 0.5660112359550562 0.5746137640449438 0.576310861423221 0.5712780898876404 0.5847378277153558 0.5675912921348315 0.5880149812734082 0.5538974719101124 0.5917602996254682 0.5470505617977528 0.5898876404494382 0.542310393258427 0.5847378277153558 0.5430126404494382 0.5639044943820225 0.5463483146067416 0.5545411985018727 0.5523174157303371 0.5491573033707865 0.5644311797752809 0.5470505617977528
0 0.5335323033707865 0.549625468164794 0.5414325842696629 0.5571161048689138 0.542310393258427 0.5667134831460674 0.5398525280898876 0.5847378277153558 0.5331811797752809 0.5866104868913857 0.5191362359550562 0.5852059925093633 0.5161516853932584 0.5819288389513109 0.5138693820224719 0.5746722846441947 0.5135182584269663 0.5571161048689138 0.5212429775280899 0.5517322097378277 0.5333567415730337 0.549625468164794
0 0.2851123595505618 0.5500936329588015 0.29441713483146065 0.5571161048689138 0.2926615168539326 0.5704588014981273 0.2947682584269663 0.5816947565543071 0.2873946629213483 0.5896535580524345 0.28019662921348315 0.5912921348314607 0.26896067415730335 0.5887172284644194 0.265625 0.5847378277153558 0.26316713483146065 0.5751404494382022 0.2633426966292135 0.5653089887640449 0.27036516853932585 0.5522003745318352 0.284936797752809 0.5500936329588015
0 0.46734550561797755 0.6781367041198502 0.4710323033707865 0.6797752808988764 0.47559691011235955 0.6870318352059925 0.4780547752808989 0.7031835205992509 0.4708567415730337 0.7172284644194756 0.46348314606741575 0.7205056179775281 0.4566362359550562 0.7186329588014981 0.4510182584269663 0.713249063670412 0.44838483146067415 0.7069288389513109 0.44803370786516855 0.6959269662921348 0.45172050561797755 0.6844569288389513 0.4589185393258427 0.6795411985018727 0.4671699438202247 0.6781367041198502
0 0.6455407303370787 0.49953183520599254 0.6580056179775281 0.5049157303370787 0.6625702247191011 0.511938202247191 0.6637991573033708 0.5189606741573034 0.6625702247191011 0.5365168539325843 0.6555477528089888 0.5430711610486891 0.6474719101123596 0.5447097378277154 0.6400983146067416 0.5419007490636704 0.6348314606741573 0.5362827715355806 0.6350070224719101 0.525749063670412 0.6306179775280899 0.5121722846441947 0.6362359550561798 0.5002340823970037 0.6453651685393258 0.49953183520599254
0 0.31162219101123595 0.6275749063670412 0.320751404494382 0.6299157303370787 0.3258426966292135 0.636938202247191 0.32303370786516855 0.6463014981273408 0.3219803370786517 0.665496254681648 0.30775983146067415 0.6711142322097379 0.30354634831460675 0.6697097378277154 0.29599719101123595 0.6610486891385767 0.293188202247191 0.6434925093632958 0.29582162921348315 0.6336610486891385 0.2988061797752809 0.6299157303370787 0.31144662921348315 0.6275749063670412
0 0.3435744382022472 0.5491573033707865 0.3534058988764045 0.5531367041198502 0.35621488764044945 0.5636704119850188 0.35691713483146065 0.5781835205992509 0.34620786516853935 0.5901217228464419 0.33497191011235955 0.5976123595505618 0.328125 0.5931647940074907 0.32566713483146065 0.5884831460674157 0.32707162921348315 0.5610955056179775 0.33497191011235955 0.549625468164794 0.3433988764044944 0.5491573033707865
0 0.3495435393258427 0.6317883895131086 0.3551615168539326 0.6341292134831461 0.3553370786516854 0.6404494382022472 0.359375 0.6420880149812734 0.359375 0.6472378277153558 0.3491924157303371 0.6669007490636704 0.33848314606741575 0.6732209737827716 0.33058286516853935 0.6718164794007491 0.3242626404494382 0.6659644194756554 0.3219803370786517 0.6549625468164794 0.32356039325842695 0.6434925093632958 0.3261938202247191 0.637874531835206 0.3344452247191011 0.6313202247191011 0.3493679775280899 0.6317883895131086
0 0.5205407303370787 0.6289794007490637 0.5345856741573034 0.6301498127340824 0.5398525280898876 0.6423220973782772 0.539501404494382 0.6533239700374532 0.5333567415730337 0.665496254681648 0.515625 0.674625468164794 0.5079002808988764 0.6685393258426966 0.5103581460674157 0.6561329588014981 0.5087780898876404 0.6402153558052435 0.5142205056179775 0.6301498127340824 0.5203651685393258 0.6289794007490637
0 0.5015800561797753 0.6348314606741573 0.5079002808988764 0.6406835205992509 0.5094803370786517 0.6580056179775281 0.5056179775280899 0.6673689138576779 0.49543539325842695 0.6732209737827716 0.48771067415730335 0.6722846441947565 0.4840238764044944 0.6687734082397003 0.47981039325842695 0.660814606741573 0.47981039325842695 0.6502808988764045 0.4847261235955056 0.6385767790262172 0.5014044943820225 0.6348314606741573
1 0.24863061797752808 0.5687968164794007 0.026757373595505618 0.035847378277153556
1 0.2512113764044944 0.6915238764044944 0.023725421348314603 0.050339419475655435
1 0.31702071629213485 0.5255383895131086 0.02308637640449438 0.03984316479400749
1 0.37501228932584274 0.5262265917602996 0.02671172752808989 0.03653558052434457
1 0.36166959269662924 0.6079353932584269 0.0550316011235955 0.028293539325842696
1 0.37651334269662917 0.6220365168539326 0.023858848314606742 0.07210205992509362
1 0.40627457865168537 0.6424555243445693 0.0822120786516854 0.04271301498127341
1 0.43591643258426965 0.6286610486891385 0.02562324438202247 0.06818352059925092
1 0.46167310393258426 0.5271863295880149 0.024469803370786514 0.043134363295880156
1 0.5551299157303371 0.6106413857677903 0.028799157303370786 0.03526451310861423
1 0.5559129213483146 0.6964466292134831 0.024515449438202244 0.03677668539325843
1 0.587280547752809 0.5683684456928839 0.024046699438202247 0.039672284644194755
1 0.6463781601123596 0.6479728464419475 0.0252001404494382 0.03345973782771536
1 0.6467924859550562 0.5676381086142321 0.02134831460674157 0.04289091760299625