0 0.46014747191011235 0.30664794007490637 0.46804775280898875 0.3113295880149813 0.4722612359550562 0.324438202247191 0.4705056179775281 0.3342696629213483 0.46348314606741575 0.3431647940074906 0.4527738764044944 0.33918539325842695 0.44662921348314605 0.32841760299625467 0.4468047752808989 0.32069288389513106 0.44996488764044945 0.31203183520599254 0.45365168539325845 0.3080524344569288 0.45997191011235955 0.30664794007490637
0 0.5883075842696629 0.6481741573033708 0.5932233146067416 0.6528558052434457 0.5962078651685393 0.6685393258426966 0.5918188202247191 0.6821161048689138 0.5830407303370787 0.6858614232209738 0.5675912921348315 0.6715823970037453 0.5675912921348315 0.6577715355805244 0.5728581460674157 0.6493445692883895 0.5881320224719101 0.6481741573033708
0 0.4253862359550562 0.3518258426966292 0.43627106741573035 0.35908239700374533 0.43820224719101125 0.3684456928838951 0.43679775280898875 0.37663857677902624 0.43223314606741575 0.38319288389513106 0.42310393258426965 0.386001872659176 0.4183637640449438 0.38553370786516855 0.41467696629213485 0.38108614232209737 0.4122191011235955 0.36750936329588013 0.4141502808988764 0.35908239700374533 0.41731039325842695 0.3548689138576779 0.42521067415730335 0.3518258426966292
0 0.38746488764044945 0.650749063670412 0.39360955056179775 0.6523876404494382 0.3987008426966292 0.6582397003745318 0.40361657303370785 0.6797752808988764 0.40326544943820225 0.6842228464419475 0.4002808988764045 0.6875 0.39202949438202245 0.6917134831460674 0.37956460674157305 0.6867977528089888 0.3751755617977528 0.6786048689138576 0.3785112359550562 0.6587078651685393 0.383251404494382 0.6542602996254682 0.383251404494382 0.6509831460674157 0.38728932584269665 0.650749063670412
0 0.4023876404494382 0.43164794007490637 0.40765449438202245 0.4332865168539326 0.41151685393258425 0.43773408239700373 0.41502808988764045 0.448501872659176 0.4120435393258427 0.46324906367041196 0.4046699438202247 0.4705056179775281 0.4008075842696629 0.47027153558052437 0.39185393258426965 0.4627808988764045 0.38781601123595505 0.4562265917602996 0.38606039325842695 0.44662921348314605 0.3923806179775281 0.4349250936329588 0.4022120786516854 0.43164794007490637
0 0.5851474719101124 0.32092696629213485 0.5925210674157303 0.3237359550561798 0.5956811797752809 0.3279494382022472 0.5984901685393258 0.33848314606741575 0.5960323033707865 0.35252808988764045 0.5911165730337079 0.35978464419475653 0.5862008426966292 0.362125468164794 0.5740870786516854 0.35884831460674155 0.5704002808988764 0.35369850187265917 0.5689957865168539 0.34597378277153557 0.5696980337078652 0.335440074906367 0.5728581460674157 0.32818352059925093 0.5779494382022472 0.3232677902621723 0.5849719101123596 0.32092696629213485
0 0.613061797752809 0.45552434456928836 0.6221910112359551 0.4637172284644195 0.6255266853932584 0.4705056179775281 0.6239466292134831 0.48080524344569286 0.6188553370786517 0.488061797752809 0.613061797752809 0.49087078651685395 0.6023525280898876 0.4892322097378277 0.5976123595505618 0.48408239700374533 0.5953300561797753 0.4772940074906367 0.5977879213483146 0.4639513108614232 0.6018258426966292 0.4580992509363296 0.6128862359550562 0.45552434456928836
0 0.5560042134831461 0.3202247191011236 0.5649578651685393 0.32818352059925093 0.5667134831460674 0.3419943820224719 0.5619733146067416 0.3532303370786517 0.554248595505618 0.35580524344569286 0.5447682584269663 0.35135767790262173 0.5412570224719101 0.3455056179775281 0.5405547752808989 0.33824906367041196 0.5419592696629213 0.3295880149812734 0.5463483146067416 0.3232677902621723 0.5503862359550562 0.3202247191011236 0.5558286516853933 0.3202247191011236
0 0.5540730337078652 0.6573033707865169 0.5617977528089888 0.6647940074906367 0.5632022471910112 0.6825842696629213 0.5591643258426966 0.6926498127340824 0.5507373595505618 0.6963951310861424 0.5433637640449438 0.6942883895131086 0.5391502808988764 0.6891385767790262 0.5372191011235955 0.6697097378277154 0.5396769662921348 0.6612827715355806 0.5430126404494382 0.6580056179775281 0.5538974719101124 0.6573033707865169
0 0.5233497191011236 0.5262172284644194 0.5328300561797753 0.5301966292134831 0.5372191011235955 0.5428370786516854 0.5352879213483146 0.5582865168539326 0.53125 0.56437265917603 0.5261587078651685 0.5667134831460674 0.515625 0.5641385767790262 0.5108848314606742 0.5585205992509363 0.508251404494382 0.5503277153558053 0.5105337078651685 0.5308988764044944 0.5231741573033708 0.5262172284644194
0 0.36639747191011235 0.31015917602996257 0.37377106741573035 0.31741573033707865 0.3751755617977528 0.32841760299625467 0.371313202247191 0.33965355805243447 0.3628862359550562 0.3455056179775281 0.35235252808988765 0.33707865168539325 0.35024578651685395 0.324438202247191 0.355688202247191 0.31320224719101125 0.36622191011235955 0.31015917602996257
0 0.516502808988764 0.5908239700374532 0.5198384831460674 0.5917602996254682 0.532127808988764 0.6051029962546817 0.5365168539325843 0.6128277153558053 0.5365168539325843 0.62312734082397 0.5342345505617978 0.6308520599250936 0.5307233146067416 0.6383426966292135 0.5263342696629213 0.6420880149812734 0.5163272471910112 0.6413857677902621 0.511938202247191 0.6381086142322098 0.5086025280898876 0.6336610486891385 0.5054424157303371 0.6226591760299626 0.5050912921348315 0.5999531835205992 0.5086025280898876 0.5943352059925093 0.5163272471910112 0.5908239700374532
0 0.39747191011235955 0.31273408239700373 0.40484550561797755 0.31741573033707865 0.40888342696629215 0.3274812734082397 0.40765449438202245 0.33848314606741575 0.40344101123595505 0.34386704119850187 0.39764747191011235 0.34620786516853935 0.3867626404494382 0.34269662921348315 0.38342696629213485 0.33848314606741575 0.38167134831460675 0.3295880149812734 0.382373595505618 0.3211610486891386 0.38535814606741575 0.31647940074906367 0.39729634831460675 0.31273408239700373
0 0.5972612359550562 0.6427902621722846 0.5995435393258427 0.6479400749063671 0.597436797752809 0.6573033707865169 0.5981390449438202 0.6718164794007491 0.5958567415730337 0.6788389513108615 0.5853230337078652 0.68937265917603 0.5747893258426966 0.6949906367041199 0.5691713483146067 0.6926498127340824 0.5658356741573034 0.6865636704119851 0.5649578651685393 0.675561797752809 0.567064606741573 0.6573033707865169 0.5716292134831461 0.6493445692883895 0.5849719101123596 0.6479400749063671 0.5970856741573034 0.6427902621722846
0 0.4626053370786517 0.30664794007490637 0.46734550561797755 0.30969101123595505 0.47155898876404495 0.31741573033707865 0.47138342696629215 0.33590823970037453 0.4741924157303371 0.34129213483146065 0.47384129213483145 0.34386704119850187 0.4703300561797753 0.34386704119850187 0.46804775280898875 0.34925093632958804 0.4643609550561798 0.35042134831460675 0.45628511235955055 0.34901685393258425 0.44592696629213485 0.3424625468164794 0.43872893258426965 0.3309925093632959 0.43697331460674155 0.3227996254681648 0.4376755617977528 0.3169475655430712 0.4429424157303371 0.3103932584269663 0.453125 0.3061797752808989 0.4624297752808989 0.30664794007490637
0 0.35990168539325845 0.650749063670412 0.37008426966292135 0.6544943820224719 0.37201544943820225 0.6720505617977528 0.36973314606741575 0.6818820224719101 0.366748595505618 0.6858614232209738 0.3572682584269663 0.6910112359550562 0.35235252808988765 0.6910112359550562 0.3472612359550562 0.6865636704119851 0.3441011235955056 0.6793071161048689 0.34375 0.6701779026217228 0.34849016853932585 0.6566011235955056 0.3597261235955056 0.650749063670412
0 0.5159761235955056 0.6547284644194756 0.5282654494382022 0.6584737827715356 0.5340589887640449 0.6715823970037453 0.5335323033707865 0.6821161048689138 0.5310744382022472 0.6879681647940075 0.5228230337078652 0.6938202247191011 0.5145716292134831 0.6926498127340824 0.5079002808988764 0.6818820224719101 0.507373595505618 0.6676029962546817 0.5158005617977528 0.6547284644194756
0 0.49139747191011235 0.48267790262172283 0.49912219101123595 0.48829588014981273 0.5022823033707865 0.4978932584269663 0.5005266853932584 0.5124063670411985 0.49139747191011235 0.5182584269662921 0.4805126404494382 0.516619850187266 0.47559691011235955 0.5032771535580525 0.4764747191011236 0.4927434456928839 0.47981039325842695 0.4857209737827715 0.49122191011235955 0.48267790262172283
0 0.6170997191011236 0.36563670411985016 0.6260533707865169 0.37312734082397003 0.628686797752809 0.38412921348314605 0.625 0.39536516853932585 0.6165730337078652 0.40191947565543074 0.609375 0.40074906367041196 0.6037570224719101 0.3955992509363296 0.6016502808988764 0.3899812734082397 0.6012991573033708 0.37663857677902624 0.6072682584269663 0.36891385767790263 0.6169241573033708 0.36563670411985016
0 0.363061797752809 0.5152153558052435 0.3771067415730337 0.5205992509363296 0.38202247191011235 0.528558052434457 0.383251404494382 0.5348782771535581 0.38184691011235955 0.545880149812734 0.3765800561797753 0.5550093632958801 0.36411516853932585 0.5561797752808989 0.3553370786516854 0.5507958801498127 0.3514747191011236 0.5397940074906367 0.3535814606741573 0.5224719101123596 0.3628862359550562 0.5152153558052435
0 0.42521067415730335 0.6455992509363296 0.43451544943820225 0.6542602996254682 0.43416432584269665 0.6690074906367042 0.4317064606741573 0.6783707865168539 0.42837078651685395 0.6821161048689138 0.4157303370786517 0.6877340823970037 0.40958567415730335 0.68562734082397 0.4078300561797753 0.6809456928838952 0.40712780898876405 0.6580056179775281 0.4120435393258427 0.6474719101123596 0.4180126404494382 0.6448970037453183 0.42503511235955055 0.6455992509363296
0 0.456811797752809 0.3565074906367041 0.46769662921348315 0.36282771535580527 0.46945224719101125 0.37663857677902624 0.4647120786516854 0.38717228464419473 0.4566362359550562 0.39232209737827717 0.44785814606741575 0.38857677902621723 0.44434691011235955 0.38319288389513106 0.4429424157303371 0.37429775280898875 0.44645365168539325 0.3604868913857678 0.449438202247191 0.3574438202247191 0.4566362359550562 0.3565074906367041
0 0.5825140449438202 0.4091760299625468 0.5932233146067416 0.4154962546816479 0.5935744382022472 0.4363295880149813 0.5876053370786517 0.44686329588014984 0.5711025280898876 0.4541198501872659 0.5640800561797753 0.4508426966292135 0.5603932584269663 0.4461610486891386 0.5605688202247191 0.4323501872659176 0.5704002808988764 0.41245318352059923 0.5823384831460674 0.4091760299625468
0 0.39150280898876405 0.5690543071161048 0.4046699438202247 0.5709269662921348 0.41292134831460675 0.5781835205992509 0.4137991573033708 0.5887172284644194 0.4118679775280899 0.5987827715355806 0.40484550561797755 0.6048689138576779 0.39747191011235955 0.6074438202247191 0.38974719101123595 0.6060393258426966 0.38377808988764045 0.5987827715355806 0.38570926966292135 0.5742041198501873 0.39132724719101125 0.5690543071161048
0 0.5021067415730337 0.3506554307116105 0.5054424157303371 0.3522940074906367 0.5064957865168539 0.35674157303370785 0.5021067415730337 0.362125468164794 0.5038623595505618 0.3794475655430712 0.5019311797752809 0.3883426966292135 0.49490870786516855 0.3960674157303371 0.48121488764044945 0.3991104868913858 0.47331460674157305 0.39536516853932585 0.46980337078651685 0.38717228464419473 0.4727879213483146 0.3693820224719101 0.4808637640449438 0.3565074906367041 0.48771067415730335 0.35463483146067415 0.49490870786516855 0.35674157303370785 0.5019311797752809 0.3506554307116105
0 0.5265098314606742 0.31320224719101125 0.5365168539325843 0.3213951310861423 0.539501404494382 0.33497191011235955 0.5344101123595506 0.34901685393258425 0.5224719101123596 0.35884831460674155 0.515625 0.3529962546816479 0.5105337078651685 0.3522940074906367 0.5079002808988764 0.3342696629213483 0.5108848314606742 0.3227996254681648 0.5149227528089888 0.31624531835205993 0.5263342696629213 0.31320224719101125
0 0.4569873595505618 0.4824438202247191 0.4671699438202247 0.487125468164794 0.47138342696629215 0.5016385767790262 0.4705056179775281 0.5084269662921348 0.4669943820224719 0.5145131086142322 0.4569873595505618 0.5194288389513109 0.4476825842696629 0.5152153558052435 0.44452247191011235 0.5016385767790262 0.4468047752808989 0.4875936329588015 0.4513693820224719 0.4833801498127341 0.456811797752809 0.4824438202247191
0 0.45997191011235955 0.5348782771535581 0.46541432584269665 0.5395599250936329 0.46945224719101125 0.5526685393258427 0.4669943820224719 0.5653089887640449 0.45997191011235955 0.5697565543071161 0.44820926966292135 0.5650749063670412 0.444873595505618 0.5603932584269663 0.4434691011235955 0.5503277153558053 0.4489115168539326 0.5372191011235955 0.45979634831460675 0.5348782771535581
0 0.491748595505618 0.3579119850187266 0.49912219101123595 0.3616573033707865 0.5038623595505618 0.374063670411985 0.5017556179775281 0.3874063670411985 0.49508426966292135 0.39232209737827717 0.48771067415730335 0.3913857677902622 0.4824438202247191 0.38764044943820225 0.4789325842696629 0.37734082397003743 0.47945926966292135 0.36961610486891383 0.4847261235955056 0.3607209737827715 0.49157303370786515 0.3579119850187266
0 0.42679073033707865 0.5994850187265918 0.4371488764044944 0.6051029962546817 0.44030898876404495 0.6114232209737828 0.4415379213483146 0.6289794007490637 0.4357443820224719 0.6446629213483146 0.418188202247191 0.6399812734082397 0.41134129213483145 0.6317883895131086 0.409936797752809 0.6266385767790262 0.41134129213483145 0.6058052434456929 0.418188202247191 0.6004213483146067 0.42661516853932585 0.5994850187265918
0 0.3948384831460674 0.35252808988764045 0.40484550561797755 0.3579119850187266 0.40747893258426965 0.37008426966292135 0.40291432584269665 0.3822565543071161 0.39202949438202245 0.386938202247191 0.3827247191011236 0.3813202247191011 0.37956460674157305 0.37336142322097376 0.37956460674157305 0.3651685393258427 0.38395365168539325 0.35580524344569286 0.3946629213483146 0.35252808988764045
0 0.35481039325842695 0.5901217228464419 0.36429073033707865 0.5973782771535581 0.3730688202247191 0.5997191011235955 0.3792134831460674 0.6058052434456929 0.378686797752809 0.6409176029962547 0.37183988764044945 0.6512172284644194 0.3572682584269663 0.6448970037453183 0.34849016853932585 0.6336610486891385 0.34691011235955055 0.6205524344569289 0.3479634831460674 0.612125468164794 0.351123595505618 0.6062734082397003 0.34849016853932585 0.5952715355805244 0.35463483146067415 0.5901217228464419
0 0.363061797752809 0.6034644194756554 0.37394662921348315 0.6090823970037453 0.3772823033707865 0.6280430711610487 0.3765800561797753 0.6329588014981273 0.37183988764044945 0.6383426966292135 0.35990168539325845 0.6432584269662921 0.351123595505618 0.6376404494382022 0.34831460674157305 0.6317883895131086 0.3476123595505618 0.6224250936329588 0.351123595505618 0.610252808988764 0.355688202247191 0.6053370786516854 0.3628862359550562 0.6034644194756554
0 0.546875 0.6116573033707865 0.5605688202247191 0.6156367041198502 0.5654845505617978 0.6264044943820225 0.5653089887640449 0.6439606741573034 0.5577598314606742 0.6526217228464419 0.5470505617977528 0.6514513108614233 0.5402036516853933 0.6434925093632958 0.5382724719101124 0.6317883895131086 0.5391502808988764 0.6163389513108615 0.5430126404494382 0.6118913857677902 0.5466994382022472 0.6116573033707865
0 0.6169241573033708 0.5751404494382022 0.6255266853932584 0.5800561797752809 0.6304424157303371 0.5912921348314607 0.6278089887640449 0.6058052434456929 0.6197331460674157 0.6123595505617978 0.6091994382022472 0.6093164794007491 0.6025280898876404 0.6020599250936329 0.6005969101123596 0.5957397003745318 0.6023525280898876 0.5812265917602997 0.616748595505618 0.5751404494382022
0 0.6188553370786517 0.3256086142322097 0.6248244382022472 0.33169475655430714 0.6260533707865169 0.34222846441947563 0.6242977528089888 0.350187265917603 0.6163974719101124 0.3579119850187266 0.609375 0.35720973782771537 0.604810393258427 0.3529962546816479 0.6005969101123596 0.34573970037453183 0.6005969101123596 0.3398876404494382 0.6012991573033708 0.3342696629213483 0.605688202247191 0.3274812734082397 0.6120084269662921 0.324438202247191 0.6186797752808989 0.3256086142322097
0 0.3637640449438202 0.350187265917603 0.37183988764044945 0.3548689138576779 0.37552668539325845 0.3625936329588015 0.37359550561797755 0.3792134831460674 0.36622191011235955 0.38553370786516855 0.35463483146067415 0.3817883895131086 0.351123595505618 0.3771067415730337 0.34884129213483145 0.36657303370786515 0.35270365168539325 0.3544007490636704 0.3635884831460674 0.350187265917603
0 0.40519662921348315 0.3892790262172285 0.4141502808988764 0.39396067415730335 0.4222261235955056 0.4110486891385768 0.421875 0.4243913857677903 0.41485252808988765 0.43211610486891383 0.4120435393258427 0.4323501872659176 0.39729634831460675 0.4286048689138577 0.39167837078651685 0.42181647940074907 0.38939606741573035 0.4147940074906367 0.3888693820224719 0.4035580524344569 0.39167837078651685 0.39653558052434457 0.39922752808988765 0.3904494382022472 0.40502106741573035 0.3892790262172285
0 0.6174508426966292 0.5348782771535581 0.6267556179775281 0.5428370786516854 0.6285112359550562 0.5566479400749064 0.6257022471910112 0.5650749063670412 0.6162219101123596 0.5723314606741573 0.6121839887640449 0.5718632958801498 0.6032303370786517 0.5648408239700374 0.6002457865168539 0.5571161048689138 0.6000702247191011 0.5500936329588015 0.6012991573033708 0.5430711610486891 0.6049859550561798 0.5388576779026217 0.6172752808988764 0.5348782771535581
0 0.49525983146067415 0.313436329588015 0.5024578651685393 0.3181179775280899 0.5064957865168539 0.33075842696629215 0.5028089887640449 0.34363295880149813 0.4982443820224719 0.34831460674157305 0.4841994382022472 0.34527153558052437 0.48174157303370785 0.3419943820224719 0.48103932584269665 0.335440074906367 0.480688202247191 0.3279494382022472 0.48384831460674155 0.3176498127340824 0.4885884831460674 0.31413857677902624 0.49508426966292135 0.313436329588015
0 0.6162219101123596 0.6191479400749064 0.6239466292134831 0.6210205992509363 0.6300912921348315 0.6294475655430711 0.6307935393258427 0.6441947565543071 0.6276334269662921 0.6505149812734082 0.6209620786516854 0.6554307116104869 0.6128862359550562 0.6547284644194756 0.6055126404494382 0.6474719101123596 0.6021769662921348 0.6404494382022472 0.6049859550561798 0.6285112359550562 0.6127106741573034 0.6200842696629213 0.6160463483146067 0.6193820224719101
0 0.49122191011235955 0.5264513108614233 0.5001755617977528 0.5301966292134831 0.5035112359550562 0.5393258426966292 0.5017556179775281 0.5554775280898876 0.4977176966292135 0.56062734082397 0.49122191011235955 0.5627340823970037 0.4805126404494382 0.5585205992509363 0.4762991573033708 0.5442415730337079 0.4808637640449438 0.5297284644194756 0.49104634831460675 0.5264513108614233
0 0.3732443820224719 0.3970037453183521 0.3804424157303371 0.40098314606741575 0.38377808988764045 0.4089419475655431 0.3813202247191011 0.42532771535580527 0.3753511235955056 0.43047752808988765 0.36218398876404495 0.42837078651685395 0.35849719101123595 0.42181647940074907 0.3577949438202247 0.4147940074906367 0.3613061797752809 0.40074906367041196 0.3730688202247191 0.3970037453183521
0 0.456811797752809 0.5255149812734082 0.45962078651685395 0.5297284644194756 0.4669943820224719 0.5252808988764045 0.4706811797752809 0.5255149812734082 0.47366573033707865 0.5290262172284644 0.4706811797752809 0.5468164794007491 0.4708567415730337 0.56062734082397 0.46418539325842695 0.5718632958801498 0.45031601123595505 0.5795880149812734 0.44224016853932585 0.5770131086142322 0.43820224719101125 0.5711610486891385 0.43837780898876405 0.5641385767790262 0.4452247191011236 0.533941947565543 0.4566362359550562 0.5255149812734082
0 0.37394662921348315 0.5564138576779026 0.3806179775280899 0.56062734082397 0.3843047752808989 0.5723314606741573 0.38184691011235955 0.584503745318352 0.3753511235955056 0.5884831460674157 0.37412219101123595 0.5919943820224719 0.37622893258426965 0.5952715355805244 0.3734199438202247 0.5980805243445693 0.3649929775280899 0.5957397003745318 0.35603932584269665 0.5889513108614233 0.35235252808988765 0.5788857677902621 0.35217696629213485 0.5709269662921348 0.355688202247191 0.56062734082397 0.37377106741573035 0.5564138576779026
0 0.37008426966292135 0.4779962546816479 0.3809691011235955 0.4829119850187266 0.3843047752808989 0.488061797752809 0.3850070224719101 0.49391385767790263 0.38412921348314605 0.5049157303370787 0.3811446629213483 0.5112359550561798 0.3767556179775281 0.5163857677902621 0.3734199438202247 0.516619850187266 0.35481039325842695 0.5105337078651685 0.3514747191011236 0.5044475655430711 0.3530547752808989 0.49461610486891383 0.3576193820224719 0.48431647940074907 0.36271067415730335 0.4791666666666667 0.36990870786516855 0.4779962546816479
0 0.5819873595505618 0.3642322097378277 0.5890098314606742 0.36797752808988765 0.59375 0.37663857677902624 0.5944522471910112 0.38717228464419473 0.5884831460674157 0.40098314606741575 0.5712780898876404 0.39653558052434457 0.5665379213483146 0.39091760299625467 0.5700491573033708 0.3698501872659176 0.5767205056179775 0.3647003745318352 0.581811797752809 0.3642322097378277
0 0.4259129213483146 0.31530898876404495 0.4357443820224719 0.3188202247191011 0.44013342696629215 0.3352059925093633 0.43820224719101125 0.3443352059925094 0.4294241573033708 0.34948501872659177 0.42064606741573035 0.34620786516853935 0.4143258426966292 0.33497191011235955 0.4143258426966292 0.32771535580524347 0.4176615168539326 0.32092696629213485 0.4257373595505618 0.31530898876404495
0 0.6127106741573034 0.49391385767790263 0.6214887640449438 0.4974250936329588 0.6248244382022472 0.5032771535580525 0.625 0.5194288389513109 0.6174508426966292 0.5306647940074907 0.6034058988764045 0.5330056179775281 0.6002457865168539 0.5297284644194756 0.5981390449438202 0.5189606741573034 0.5990168539325843 0.511938202247191 0.5963834269662921 0.5051498127340824 0.602001404494382 0.49461610486891383 0.6125351123595506 0.49391385767790263
0 0.613939606741573 0.4101123595505618 0.6225421348314607 0.4147940074906367 0.6257022471910112 0.4276685393258427 0.6218398876404494 0.44147940074906367 0.6149929775280899 0.4463951310861423 0.6055126404494382 0.44545880149812733 0.6009480337078652 0.4400749063670412 0.5988412921348315 0.4328183520599251 0.6012991573033708 0.4147940074906367 0.6060393258426966 0.4110486891385768 0.6137640449438202 0.4101123595505618
0 0.6169241573033708 0.6558988764044944 0.6272823033707865 0.6615168539325843 0.6306179775280899 0.6687734082397003 0.6314957865168539 0.6802434456928839 0.6288623595505618 0.6926498127340824 0.6244733146067416 0.6973314606741573 0.6197331460674157 0.6985018726591761 0.6127106741573034 0.6980337078651685 0.6060393258426966 0.6931179775280899 0.6005969101123596 0.6790730337078652 0.601123595505618 0.6680711610486891 0.6039325842696629 0.6615168539325843 0.6097261235955056 0.6568352059925093 0.616748595505618 0.6558988764044944
0 0.4102879213483146 0.5271535580524345 0.41520365168539325 0.5292602996254682 0.4164325842696629 0.5334737827715356 0.41309691011235955 0.5362827715355806 0.41695926966292135 0.5435393258426966 0.4122191011235955 0.5617977528089888 0.40484550561797755 0.5671816479400749 0.3908005617977528 0.5629681647940075 0.3850070224719101 0.5529026217228464 0.3844803370786517 0.5433052434456929 0.3864115168539326 0.5362827715355806 0.39378511235955055 0.5287921348314607 0.4101123595505618 0.5271535580524345
0 0.5856741573033708 0.6125936329588015 0.5930477528089888 0.6177434456928839 0.5955056179775281 0.6299157303370787 0.592872191011236 0.6399812734082397 0.581811797752809 0.6472378277153558 0.5711025280898876 0.6437265917602997 0.5688202247191011 0.6336610486891385 0.5691713483146067 0.62312734082397 0.573560393258427 0.6147003745318352 0.585498595505618 0.6125936329588015
0 0.5203651685393258 0.36282771535580527 0.5298455056179775 0.3693820224719101 0.5314255617977528 0.38108614232209737 0.5272120786516854 0.39396067415730335 0.5194873595505618 0.39840823970037453 0.5077247191011236 0.3951310861423221 0.5057935393258427 0.37663857677902624 0.5098314606741573 0.36563670411985016 0.520189606741573 0.36282771535580527
0 0.36271067415730335 0.39115168539325845 0.3765800561797753 0.3960674157303371 0.38360252808988765 0.40426029962546817 0.38377808988764045 0.4204119850187266 0.3767556179775281 0.4328183520599251 0.36271067415730335 0.43258426966292135 0.3549859550561798 0.42275280898876405 0.35059691011235955 0.40074906367041196 0.35481039325842695 0.3934925093632959 0.36253511235955055 0.39115168539325845
0 0.5502106741573034 0.3647003745318352 0.5612710674157303 0.37336142322097376 0.5623244382022472 0.39068352059925093 0.5572331460674157 0.4014513108614232 0.5437148876404494 0.4080056179775281 0.5382724719101124 0.4068352059925094 0.5363412921348315 0.4023876404494382 0.5328300561797753 0.40168539325842695 0.5347612359550562 0.3761704119850187 0.5402036516853933 0.36657303370786515 0.5500351123595506 0.3647003745318352
0 0.45417837078651685 0.6331928838951311 0.4590941011235955 0.636938202247191 0.4671699438202247 0.650749063670412 0.46875 0.662687265917603 0.4652387640449438 0.674625468164794 0.45365168539325845 0.6839887640449438 0.44417134831460675 0.6793071161048689 0.4390800561797753 0.6729868913857678 0.4373244382022472 0.6570692883895131 0.43872893258426965 0.6474719101123596 0.4438202247191011 0.6371722846441947 0.45400280898876405 0.6331928838951311
0 0.36446629213483145 0.43609550561797755 0.3730688202247191 0.44030898876404495 0.37798455056179775 0.45341760299625467 0.3748244382022472 0.46465355805243447 0.3634129213483146 0.4714419475655431 0.35603932584269665 0.46886704119850187 0.3518258426966292 0.4639513108614232 0.3500702247191011 0.4517790262172285 0.35287921348314605 0.4410112359550562 0.35832162921348315 0.43679775280898875 0.36429073033707865 0.43609550561797755
2 0.6378744733146068 0.31210978464419475 0.34883532303370784 0.30559339887640447 0.34110884831460675 0.6940208333333333 0.6352617626404494 0.7006348314606742
1 0.4326685393258427 0.42012874531835204 0.02498068820224719 0.035014044943820224
1 0.4645874297752809 0.4222752808988764 0.02327598314606742 0.03306647940074906
1 0.4924245084269663 0.42208333333333337 0.022770365168539322 0.032682584269662925
1 0.5208672752808989 0.4245505617977528 0.021134129213483146 0.029812734082397003
1 0.5514975421348315 0.4248455056179775 0.023876404494382022 0.03040262172284644
1 0.5797945926966293 0.46828417602996253 0.02194698033707865 0.028328651685393256
1 0.5805477528089888 0.5031694756554307 0.019945575842696628 0.03723782771535581
1 0.5794698033707865 0.5450046816479401 0.02364115168539326 0.0350749063670412
1 0.579561095505618 0.5842696629213483 0.022650983146067418 0.030901217228464416
1 0.5488676264044944 0.5816994382022472 0.022126053370786516 0.030440074906367038
1 0.5478405898876404 0.5422659176029963 0.018902738764044944 0.034283707865168545
1 0.5489167837078652 0.5030173220973783 0.01871313202247191 0.035374531835205995
1 0.5492889747191011 0.46522705992509367 0.02179950842696629 0.030018726591760303
1 0.5180898876404494 0.5035931647940075 0.021430828651685392 0.03184456928838951
1 0.518340941011236 0.46313436329588015 0.021936446629213485 0.03363295880149813
1 0.49099192415730336 0.463934925093633 0.0245874297752809 0.030554775280898876
1 0.46419417134831464 0.4632022471910112 0.02248946629213483 0.030646067415730335
1 0.43367275280898876 0.4615074906367041 0.02230688202247191 0.03350421348314607
1 0.4328072331460674 0.49940074906367043 0.021748595505617977 0.029702715355805244
1 0.4328669241573034 0.5384971910112359 0.021864466292134833 0.03610486891385768
1 0.4034813904494382 0.5013366104868914 0.0192749297752809 0.03356975655430711
1 0.4016537921348315 0.620496254681648 0.02498244382022472 0.030004681647940075
1 0.4313711376404495 0.5779049625468164 0.02355688202247191 0.033773408239700375
1 0.46197331460674157 0.5783637640449438 0.023899227528089886 0.025327715355805244
1 0.49125877808988766 0.5814138576779027 0.025121137640449438 0.028305243445692883
1 0.460438904494382 0.6194077715355806 0.02317064606741573 0.02626638576779026
1 0.4910112359550562 0.6210510299625468 0.029306530898876405 0.029555243445692884
1 0.4892363061797753 0.6595552434456928 0.025758426966292134 0.023855337078651683
1 0.5191011235955056 0.5806390449438201 0.023456811797752813 0.026757958801498127