2 0.23759357443820225 0.4580213014981273 0.743796875 0.5048377808988764 0.7332631671348315 0.7225344101123595 0.22354863061797756 0.6710362827715356
0 0.4359199438202247 0.6423220973782772 0.445751404494382 0.6463014981273408 0.449438202247191 0.6542602996254682 0.44978932584269665 0.6605805243445693 0.4450491573033708 0.6821161048689138 0.4357443820224719 0.6889044943820225 0.42661516853932585 0.6867977528089888 0.4220505617977528 0.6823501872659176 0.41871488764044945 0.6685393258426966 0.4234550561797753 0.6512172284644194 0.4357443820224719 0.6423220973782772
0 0.6530898876404494 0.6221910112359551 0.6646769662921348 0.6242977528089888 0.6724016853932584 0.6390449438202247 0.6720505617977528 0.6570692883895131 0.6657303370786517 0.6647940074906367 0.6648525280898876 0.6692415730337079 0.6472963483146067 0.658941947565543 0.6444873595505618 0.6542602996254682 0.6404494382022472 0.6287453183520599 0.6458918539325843 0.62312734082397 0.6529143258426966 0.6221910112359551
0 0.6906601123595506 0.5852059925093633 0.7010182584269663 0.5903558052434457 0.7045294943820225 0.6048689138576779 0.702247191011236 0.6165730337078652 0.6925912921348315 0.6273408239700374 0.6738061797752809 0.6196161048689138 0.6699438202247191 0.610252808988764 0.6731039325842697 0.5959737827715356 0.6776685393258427 0.587312734082397 0.6822331460674157 0.5847378277153558 0.6904845505617978 0.5852059925093633
0 0.7140098314606742 0.588249063670412 0.729810393258427 0.5948033707865169 0.7326193820224719 0.6058052434456929 0.7320926966292135 0.6163389513108615 0.7284058988764045 0.625 0.7238412921348315 0.6289794007490637 0.7064606741573034 0.6313202247191011 0.703125 0.6310861423220974 0.6996137640449438 0.6259363295880149 0.7050561797752809 0.6086142322097379 0.7029494382022472 0.5950374531835206 0.7055828651685393 0.5905898876404494 0.7138342696629213 0.588249063670412
0 0.33532303370786515 0.6334269662921348 0.3383075842696629 0.637874531835206 0.35235252808988765 0.6390449438202247 0.3572682584269663 0.6448970037453183 0.35797050561797755 0.6643258426966292 0.3614817415730337 0.6821161048689138 0.35287921348314605 0.6903089887640449 0.34111657303370785 0.68562734082397 0.3279494382022472 0.6715823970037453 0.3298806179775281 0.6509831460674157 0.328125 0.6402153558052435 0.33146067415730335 0.6336610486891385 0.33514747191011235 0.6334269662921348
0 0.5537219101123596 0.653558052434457 0.5619733146067416 0.6554307116104869 0.5696980337078652 0.6631554307116105 0.5725070224719101 0.6863295880149812 0.5681179775280899 0.6970973782771536 0.5619733146067416 0.700374531835206 0.5537219101123596 0.6999063670411985 0.546875 0.6942883895131086 0.542310393258427 0.68562734082397 0.543188202247191 0.661750936329588 0.5461727528089888 0.6561329588014981 0.5535463483146067 0.6537921348314607
0 0.6590589887640449 0.5390917602996255 0.6667837078651685 0.5416666666666666 0.6732794943820225 0.5580524344569289 0.6729283707865169 0.5653089887640449 0.6697682584269663 0.5720973782771536 0.6652036516853933 0.5786516853932584 0.6592345505617978 0.5798220973782772 0.6474719101123596 0.5770131086142322 0.6436095505617978 0.5735018726591761 0.6422050561797753 0.5678838951310862 0.6432584269662921 0.5433052434456929 0.647998595505618 0.5395599250936329 0.6588834269662921 0.5390917602996255
0 0.5437148876404494 0.4803370786516854 0.5509129213483146 0.4875936329588015 0.5523174157303371 0.49836142322097376 0.5454705056179775 0.5189606741573034 0.5342345505617978 0.5245786516853933 0.5265098314606742 0.5227059925093633 0.5196629213483146 0.512874531835206 0.5210674157303371 0.4911048689138577 0.5259831460674157 0.48431647940074907 0.5330056179775281 0.48080524344569286 0.5435393258426966 0.4803370786516854
0 0.6544943820224719 0.5816947565543071 0.6699438202247191 0.5849719101123596 0.6729283707865169 0.5884831460674157 0.671875 0.5955056179775281 0.6630969101123596 0.6196161048689138 0.6441362359550562 0.6228932584269663 0.6420294943820225 0.6219569288389513 0.6390449438202247 0.6132958801498127 0.6390449438202247 0.5887172284644194 0.6420294943820225 0.5840355805243446 0.6543188202247191 0.5816947565543071
0 0.6169241573033708 0.658941947565543 0.6299157303370787 0.6650280898876404 0.6343047752808989 0.6767322097378277 0.6334269662921348 0.6926498127340824 0.6290379213483146 0.6996722846441947 0.6223665730337079 0.7034176029962547 0.6127106741573034 0.702247191011236 0.6041081460674157 0.6891385767790262 0.6032303370786517 0.670880149812734 0.6046348314606742 0.6650280898876404 0.6125351123595506 0.6587078651685393 0.616748595505618 0.658941947565543
0 0.5340589887640449 0.5662453183520599 0.5409058988764045 0.5699906367041199 0.5437148876404494 0.5777153558052435 0.5444171348314607 0.5924625468164794 0.5409058988764045 0.6027621722846442 0.5330056179775281 0.6088483146067416 0.5189606741573034 0.6060393258426966 0.5145716292134831 0.5987827715355806 0.5138693820224719 0.5838014981273408 0.514747191011236 0.5777153558052435 0.5224719101123596 0.5669475655430711 0.5338834269662921 0.5662453183520599
0 0.300561797752809 0.44569288389513106 0.3024929775280899 0.449438202247191 0.30143960674157305 0.45903558052434457 0.3070575842696629 0.4714419475655431 0.3063553370786517 0.4875936329588015 0.3045997191011236 0.49250936329588013 0.2907303370786517 0.5070224719101124 0.2831811797752809 0.5060861423220974 0.27844101123595505 0.5016385767790262 0.2758075842696629 0.487125468164794 0.27615870786516855 0.47027153558052437 0.2796699438202247 0.46324906367041196 0.29178370786516855 0.4559925093632959 0.293188202247191 0.44592696629213485 0.3003862359550562 0.44569288389513106
0 0.5282654494382022 0.6090823970037453 0.5368679775280899 0.6114232209737828 0.5426615168539326 0.6196161048689138 0.5428370786516854 0.6367041198501873 0.5344101123595506 0.6479400749063671 0.519311797752809 0.6547284644194756 0.5150983146067416 0.6528558052434457 0.511060393258427 0.6460674157303371 0.5143960674157303 0.6322565543071161 0.5135182584269663 0.6156367041198502 0.5207162921348315 0.6090823970037453 0.5280898876404494 0.6090823970037453
0 0.38360252808988765 0.47027153558052437 0.394311797752809 0.4737827715355805 0.397998595505618 0.48197565543071164 0.3965941011235955 0.50187265917603 0.390625 0.5086610486891385 0.38360252808988765 0.5107677902621723 0.37219101123595505 0.5063202247191011 0.36850421348314605 0.5002340823970037 0.3672752808988764 0.4913389513108614 0.36850421348314605 0.48080524344569286 0.3732443820224719 0.4721441947565543 0.38342696629213485 0.47027153558052437
0 0.6293890449438202 0.6205524344569289 0.6395716292134831 0.6299157303370787 0.6436095505617978 0.6430243445692884 0.6418539325842697 0.6577715355805244 0.6307935393258427 0.6661985018726592 0.613061797752809 0.6558988764044944 0.6100772471910112 0.6413857677902621 0.6106039325842697 0.6299157303370787 0.6149929775280899 0.6228932584269663 0.6292134831460674 0.6205524344569289
0 0.5017556179775281 0.5692883895131086 0.5093047752808989 0.5727996254681648 0.5133426966292135 0.5812265917602997 0.5128160112359551 0.5990168539325843 0.5086025280898876 0.6062734082397003 0.5033356741573034 0.6086142322097379 0.48929073033707865 0.6062734082397003 0.48542837078651685 0.5987827715355806 0.484375 0.5898876404494382 0.48560393258426965 0.5774812734082397 0.4899929775280899 0.5706928838951311 0.5015800561797753 0.5692883895131086
0 0.30775983146067415 0.5854400749063671 0.31776685393258425 0.5868445692883895 0.3304073033707865 0.5955056179775281 0.32724719101123595 0.6104868913857678 0.3265449438202247 0.6278089887640449 0.31162219101123595 0.6317883895131086 0.3045997191011236 0.6271067415730337 0.30003511235955055 0.6200842696629213 0.29564606741573035 0.6025280898876404 0.29985955056179775 0.5901217228464419 0.30758426966292135 0.5854400749063671
0 0.647998595505618 0.660814606741573 0.659936797752809 0.6661985018726592 0.6641502808988764 0.6764981273408239 0.6630969101123596 0.6959269662921348 0.6518609550561798 0.7036516853932584 0.641502808988764 0.6996722846441947 0.6355337078651685 0.6867977528089888 0.6358848314606742 0.6683052434456929 0.6422050561797753 0.6612827715355806 0.6478230337078652 0.660814606741573
0 0.7208567415730337 0.5470505617977528 0.7277036516853933 0.548689138576779 0.7326193820224719 0.5533707865168539 0.7370084269662921 0.5676498127340824 0.7340238764044944 0.5823970037453183 0.7208567415730337 0.5877808988764045 0.7096207865168539 0.5852059925093633 0.7013693820224719 0.5746722846441947 0.7029494382022472 0.56062734082397 0.707689606741573 0.5498595505617978 0.7206811797752809 0.5470505617977528
0 0.43995786516853935 0.47191011235955055 0.45804073033707865 0.4824438202247191 0.46014747191011235 0.49414794007490637 0.45768960674157305 0.5107677902621723 0.44978932584269665 0.5180243445692884 0.4436446629213483 0.5184925093632958 0.4352176966292135 0.5149812734082397 0.42837078651685395 0.49953183520599254 0.4278441011235955 0.47869850187265917 0.43275983146067415 0.4735486891385768 0.4397823033707865 0.47191011235955055
0 0.6202598314606742 0.5774812734082397 0.6339536516853933 0.5838014981273408 0.6374648876404494 0.5884831460674157 0.6395716292134831 0.598314606741573 0.6395716292134831 0.6058052434456929 0.6365870786516854 0.6125936329588015 0.6302668539325843 0.6189138576779026 0.6244733146067416 0.6191479400749064 0.6186797752808989 0.6189138576779026 0.613061797752809 0.6147003745318352 0.6091994382022472 0.6048689138576779 0.608497191011236 0.5842696629213483 0.6127106741573034 0.5786516853932584 0.6200842696629213 0.5774812734082397
0 0.31566011235955055 0.6320224719101124 0.32356039325842695 0.6352996254681648 0.32865168539325845 0.6441947565543071 0.328125 0.6629213483146067 0.3246137640449438 0.6720505617977528 0.30723314606741575 0.675561797752809 0.296875 0.6729868913857678 0.2930126404494382 0.6678370786516854 0.2930126404494382 0.661750936329588 0.29740168539325845 0.6558988764044944 0.3047752808988764 0.636938202247191 0.3105688202247191 0.6324906367041199 0.31548455056179775 0.6320224719101124
0 0.6269311797752809 0.5360486891385767 0.6357092696629213 0.5390917602996255 0.6422050561797753 0.5543071161048689 0.6408005617977528 0.5709269662921348 0.6325491573033708 0.5786516853932584 0.6192064606741573 0.5758426966292135 0.6114817415730337 0.5676498127340824 0.6121839887640449 0.5435393258426966 0.6172752808988764 0.538623595505618 0.6267556179775281 0.5360486891385767
0 0.41520365168539325 0.4726123595505618 0.421875 0.4758895131086142 0.425561797752809 0.48103932584269665 0.4276685393258427 0.49391385767790263 0.4253862359550562 0.5074906367041199 0.4160814606741573 0.513810861423221 0.40361657303370785 0.5110018726591761 0.397998595505618 0.50187265917603 0.398876404494382 0.48478464419475653 0.4020365168539326 0.47752808988764045 0.41502808988764045 0.4726123595505618
0 0.49543539325842695 0.6484082397003745 0.5014044943820225 0.6495786516853933 0.5070224719101124 0.6549625468164794 0.5103581460674157 0.6701779026217228 0.5087780898876404 0.6821161048689138 0.49754213483146065 0.6907771535580525 0.4906952247191011 0.6903089887640449 0.4840238764044944 0.6863295880149812 0.4799859550561798 0.6687734082397003 0.48297050561797755 0.6547284644194756 0.4901685393258427 0.648876404494382 0.49525983146067415 0.6484082397003745
0 0.5970856741573034 0.575374531835206 0.6067415730337079 0.5835674157303371 0.6090238764044944 0.5990168539325843 0.6065660112359551 0.611189138576779 0.6021769662921348 0.6163389513108615 0.5963834269662921 0.6175093632958801 0.5883075842696629 0.6168071161048689 0.5804073033707865 0.6095505617977528 0.577247191011236 0.6025280898876404 0.5765449438202247 0.5903558052434457 0.5821629213483146 0.577247191011236 0.5912921348314607 0.5742041198501873 0.5969101123595506 0.575374531835206
0 0.2593047752808989 0.4576310861423221 0.27018960674157305 0.462312734082397 0.2756320224719101 0.47448501872659177 0.273876404494382 0.4913389513108614 0.26264044943820225 0.49812734082397003 0.2461376404494382 0.49461610486891383 0.24104634831460675 0.48782771535580527 0.23911516853932585 0.47963483146067415 0.24087078651685392 0.4691011235955056 0.2442064606741573 0.46254681647940077 0.25122893258426965 0.4580992509363296 0.25912921348314605 0.4576310861423221
0 0.27615870786516855 0.5449438202247191 0.29371488764044945 0.5531367041198502 0.29775280898876405 0.5571161048689138 0.29985955056179775 0.5639044943820225 0.29827949438202245 0.5795880149812734 0.29406601123595505 0.588249063670412 0.28792134831460675 0.5924625468164794 0.2735252808988764 0.5887172284644194 0.2679073033707865 0.5781835205992509 0.26825842696629215 0.5512640449438202 0.27598314606741575 0.5449438202247191
0 0.5096558988764045 0.4768258426966292 0.5163272471910112 0.48103932584269665 0.520189606741573 0.487125468164794 0.5208918539325843 0.4927434456928839 0.5182584269662921 0.5121722846441947 0.5087780898876404 0.5196629213483146 0.5007022471910112 0.5189606741573034 0.49087078651685395 0.5105337078651685 0.48771067415730335 0.5025749063670412 0.48718398876404495 0.4922752808988764 0.48893960674157305 0.48431647940074907 0.49297752808988765 0.48080524344569286 0.5015800561797753 0.47659176029962547 0.5094803370786517 0.4768258426966292
0 0.4162570224719101 0.5145131086142322 0.42327949438202245 0.5180243445692884 0.42643960674157305 0.5255149812734082 0.42643960674157305 0.5311329588014981 0.42450842696629215 0.5472846441947565 0.41520365168539325 0.5550093632958801 0.40098314606741575 0.5536048689138576 0.3964185393258427 0.5465823970037453 0.3960674157303371 0.5353464419475655 0.39905196629213485 0.5191947565543071 0.4080056179775281 0.5145131086142322 0.4160814606741573 0.5145131086142322
0 0.4450491573033708 0.5194288389513109 0.4529494382022472 0.5229400749063671 0.45628511235955055 0.5294943820224719 0.45646067415730335 0.5468164794007491 0.4496137640449438 0.5575842696629213 0.4432935393258427 0.5601591760299626 0.4353932584269663 0.5589887640449438 0.4311797752808989 0.5557116104868914 0.42661516853932585 0.5500936329588015 0.4260884831460674 0.5426029962546817 0.4280196629213483 0.5290262172284644 0.4311797752808989 0.523876404494382 0.4359199438202247 0.5198970037453183 0.444873595505618 0.5194288389513109
0 0.3806179775280899 0.5568820224719101 0.386938202247191 0.5599250936329588 0.3923806179775281 0.5667134831460674 0.39396067415730335 0.5816947565543071 0.3922050561797753 0.5880149812734082 0.38535814606741575 0.5962078651685393 0.37394662921348315 0.6006554307116105 0.3649929775280899 0.5980805243445693 0.35990168539325845 0.588249063670412 0.3597261235955056 0.5816947565543071 0.3655196629213483 0.5648408239700374 0.3711376404494382 0.5599250936329588 0.3804424157303371 0.5568820224719101
0 0.3182935393258427 0.5058520599250936 0.3316362359550562 0.511938202247191 0.3342696629213483 0.5154494382022472 0.33497191011235955 0.5222378277153558 0.33286516853932585 0.5330056179775281 0.32900280898876405 0.5407303370786517 0.32496488764044945 0.5449438202247191 0.3184691011235955 0.5461142322097379 0.3068820224719101 0.5433052434456929 0.3023174157303371 0.5280898876404494 0.3028441011235955 0.5184925093632958 0.30582865168539325 0.5110018726591761 0.3105688202247191 0.5070224719101124 0.3181179775280899 0.5058520599250936
0 0.6025280898876404 0.49180711610486894 0.6104283707865169 0.4957865168539326 0.613939606741573 0.5084269662921348 0.6107794943820225 0.524812734082397 0.6002457865168539 0.5313670411985019 0.5918188202247191 0.5306647940074907 0.5877808988764045 0.5271535580524345 0.5833918539325843 0.5189606741573034 0.5830407303370787 0.5044475655430711 0.5890098314606742 0.4943820224719101 0.6023525280898876 0.49180711610486894
0 0.265625 0.5788857677902621 0.2691362359550562 0.5830992509363296 0.27071629213483145 0.5896535580524345 0.26457162921348315 0.6041666666666666 0.2633426966292135 0.6161048689138576 0.2579002808988764 0.6203183520599251 0.24473314606741572 0.6238295880149812 0.24122191011235955 0.6235955056179775 0.23402387640449437 0.613061797752809 0.23946629213483145 0.5877808988764045 0.24455758426966293 0.5821629213483146 0.2557935393258427 0.5826310861423221 0.2654494382022472 0.5788857677902621
0 0.6897823033707865 0.5407303370786517 0.6989115168539326 0.5433052434456929 0.702247191011236 0.5468164794007491 0.7027738764044944 0.5608614232209738 0.6973314606741573 0.5784176029962547 0.6860955056179775 0.5819288389513109 0.6743328651685393 0.5779494382022472 0.6713483146067416 0.5711610486891385 0.6753862359550562 0.5468164794007491 0.6818820224719101 0.5414325842696629 0.6896067415730337 0.5407303370786517
0 0.6767907303370787 0.6659644194756554 0.6836376404494382 0.6683052434456929 0.6952247191011236 0.6786048689138576 0.6939957865168539 0.701310861423221 0.6897823033707865 0.7066947565543071 0.6824087078651685 0.7092696629213483 0.6743328651685393 0.7071629213483146 0.6664325842696629 0.699438202247191 0.6648525280898876 0.6750936329588015 0.6708216292134831 0.6666666666666666 0.6766151685393258 0.6659644194756554
0 0.480688202247191 0.599250936329588 0.4859550561797753 0.6123595505617978 0.48525280898876405 0.6341292134831461 0.48139044943820225 0.6402153558052435 0.4710323033707865 0.6453651685393258 0.4631320224719101 0.6420880149812734 0.4569873595505618 0.6334269662921348 0.45839185393258425 0.6125936329588015 0.46348314606741575 0.6041666666666666 0.4805126404494382 0.599250936329588
0 0.4648876404494382 0.5550093632958801 0.4748946629213483 0.5592228464419475 0.48121488764044945 0.5660112359550562 0.484375 0.5798220973782772 0.480688202247191 0.5985486891385767 0.4669943820224719 0.6027621722846442 0.4590941011235955 0.600187265917603 0.4529494382022472 0.5917602996254682 0.44996488764044945 0.5819288389513109 0.4533005617977528 0.5601591760299626 0.456811797752809 0.5557116104868914 0.4647120786516854 0.5550093632958801
0 0.34129213483146065 0.5933988764044944 0.35235252808988765 0.5933988764044944 0.36025280898876405 0.6022940074906367 0.35481039325842695 0.6264044943820225 0.34252106741573035 0.6352996254681648 0.33146067415730335 0.6308520599250936 0.3265449438202247 0.6233614232209738 0.32724719101123595 0.6086142322097379 0.33110955056179775 0.596441947565543 0.34111657303370785 0.5933988764044944
0 0.47384129213483145 0.5210674157303371 0.48121488764044945 0.5245786516853933 0.48542837078651685 0.5341760299625468 0.48490168539325845 0.5507958801498127 0.4787570224719101 0.5596910112359551 0.46576544943820225 0.5543071161048689 0.4573384831460674 0.5470505617977528 0.4594452247191011 0.5280898876404494 0.46594101123595505 0.5222378277153558 0.47366573033707865 0.5210674157303371
0 0.2694873595505618 0.6259363295880149 0.27598314606741575 0.6287453183520599 0.2933637640449438 0.62687265917603 0.29810393258426965 0.6299157303370787 0.300561797752809 0.6348314606741573 0.30021067415730335 0.6453651685393258 0.29160814606741575 0.6661985018726592 0.2828300561797753 0.6701779026217228 0.27247191011235955 0.6657303370786517 0.26825842696629215 0.6577715355805244 0.26316713483146065 0.6336610486891385 0.265625 0.6280430711610487 0.269311797752809 0.6259363295880149
0 0.5293188202247191 0.6537921348314607 0.5363412921348315 0.6575374531835206 0.5412570224719101 0.6687734082397003 0.5403792134831461 0.6891385767790262 0.5345856741573034 0.6961610486891385 0.5296699438202247 0.6977996254681648 0.5224719101123596 0.6970973782771536 0.5168539325842697 0.6926498127340824 0.5131671348314607 0.68562734082397 0.5115870786516854 0.6722846441947565 0.5126404494382022 0.6645599250936329 0.5177317415730337 0.6568352059925093 0.5291432584269663 0.6537921348314607
0 0.5656601123595506 0.6123595505617978 0.5775983146067416 0.62312734082397 0.5811095505617978 0.6472378277153558 0.5804073033707865 0.6542602996254682 0.5711025280898876 0.6624531835205992 0.5531952247191011 0.6530898876404494 0.5493328651685393 0.6479400749063671 0.5463483146067416 0.6383426966292135 0.5461727528089888 0.6285112359550562 0.5486306179775281 0.6203183520599251 0.5570575842696629 0.613061797752809 0.5654845505617978 0.6123595505617978
0 0.37798455056179775 0.6385767790262172 0.38781601123595505 0.6453651685393258 0.3883426966292135 0.6612827715355806 0.3851825842696629 0.6715823970037453 0.37974016853932585 0.6783707865168539 0.37412219101123595 0.6804775280898876 0.36622191011235955 0.6800093632958801 0.36253511235955055 0.6769662921348315 0.3591994382022472 0.6683052434456929 0.3590238764044944 0.6519194756554307 0.36604634831460675 0.6411516853932584 0.37780898876404495 0.6385767790262172
0 0.7171699438202247 0.6299157303370787 0.7278792134831461 0.6364700374531835 0.7341994382022472 0.6500468164794008 0.7341994382022472 0.6577715355805244 0.7317415730337079 0.6645599250936329 0.7205056179775281 0.6734550561797753 0.707689606741573 0.6676029962546817 0.7036516853932584 0.6406835205992509 0.7057584269662921 0.6334269662921348 0.7169943820224719 0.6299157303370787
0 0.38167134831460675 0.5114700374531835 0.39378511235955055 0.5177902621722846 0.3965941011235955 0.5255149812734082 0.3923806179775281 0.5526685393258427 0.38377808988764045 0.5559456928838952 0.3728932584269663 0.552434456928839 0.366748595505618 0.5430711610486891 0.3655196629213483 0.5369850187265918 0.36832865168539325 0.5154494382022472 0.38149578651685395 0.5114700374531835
0 0.24912219101123595 0.6245318352059925 0.25509129213483145 0.6259363295880149 0.26246488764044945 0.6329588014981273 0.26825842696629215 0.6612827715355806 0.2654494382022472 0.6645599250936329 0.2482443820224719 0.6678370786516854 0.23735955056179775 0.6633895131086143 0.23384831460674158 0.6582397003745318 0.23121488764044945 0.6479400749063671 0.22401685393258428 0.6441947565543071 0.22384129213483145 0.639747191011236 0.22735252808988765 0.6315543071161048 0.234375 0.6348314606741573 0.24069522471910113 0.6280430711610487 0.24894662921348315 0.6245318352059925
0 0.5026334269662921 0.526685393258427 0.5131671348314607 0.5320692883895131 0.5175561797752809 0.5433052434456929 0.5150983146067416 0.5608614232209738 0.5056179775280899 0.5688202247191011 0.49350421348314605 0.5662453183520599 0.48683286516853935 0.5538389513108615 0.48718398876404495 0.5428370786516854 0.4899929775280899 0.5332397003745318 0.49508426966292135 0.528558052434457 0.5024578651685393 0.526685393258427
0 0.3188202247191011 0.4585674157303371 0.33128511235955055 0.46301498127340823 0.33725421348314605 0.47073970037453183 0.33532303370786515 0.48618913857677903 0.3362008426966292 0.5011704119850188 0.32724719101123595 0.5077247191011236 0.3165379213483146 0.5037453183520599 0.30933988764044945 0.49508426966292135 0.3068820224719101 0.4875936329588015 0.30740870786516855 0.476123595505618 0.3128511235955056 0.4583333333333333 0.31759129213483145 0.45669475655430714 0.3186446629213483 0.4585674157303371
0 0.47594803370786515 0.47191011235955055 0.4841994382022472 0.4772940074906367 0.4885884831460674 0.4836142322097378 0.48683286516853935 0.49414794007490637 0.488061797752809 0.5126404494382022 0.4863061797752809 0.5161516853932584 0.47928370786516855 0.5191947565543071 0.46576544943820225 0.5152153558052435 0.46155196629213485 0.5065543071161048 0.45979634831460675 0.49157303370786515 0.46348314606741575 0.47635767790262173 0.4705056179775281 0.47191011235955055 0.47577247191011235 0.47191011235955055
0 0.6734550561797753 0.6226591760299626 0.6929424157303371 0.6299157303370787 0.702247191011236 0.6374063670411985 0.7055828651685393 0.6505149812734082 0.7047050561797753 0.6650280898876404 0.7006671348314607 0.6701779026217228 0.6929424157303371 0.6732209737827716 0.6746839887640449 0.661750936329588 0.6731039325842697 0.6437265917602997 0.6669592696629213 0.6266385767790262 0.6680126404494382 0.6224250936329588 0.6732794943820225 0.6226591760299626
0 0.35235252808988765 0.5433052434456929 0.35691713483146065 0.5454119850187266 0.363061797752809 0.5536048689138576 0.36429073033707865 0.5641385767790262 0.35691713483146065 0.5859082397003745 0.35235252808988765 0.5908239700374532 0.34638342696629215 0.5926966292134831 0.34111657303370785 0.5922284644194756 0.33655196629213485 0.5884831460674157 0.3344452247191011 0.5809925093632958 0.33321629213483145 0.5575842696629213 0.3344452247191011 0.552434456928839 0.34076544943820225 0.545880149812734 0.35217696629213485 0.5433052434456929
0 0.4496137640449438 0.5896535580524345 0.4587429775280899 0.6027621722846442 0.4534761235955056 0.6299157303370787 0.44259129213483145 0.6374063670411985 0.433813202247191 0.6362359550561798 0.4278441011235955 0.6313202247191011 0.42468398876404495 0.6168071161048689 0.42468398876404495 0.6048689138576779 0.4315308988764045 0.5952715355805244 0.449438202247191 0.5896535580524345
0 0.35059691011235955 0.46652621722846443 0.3613061797752809 0.4700374531835206 0.366748595505618 0.4779962546816479 0.3649929775280899 0.5016385767790262 0.355688202247191 0.5072565543071161 0.34375 0.5063202247191011 0.33725421348314605 0.49719101123595505 0.3362008426966292 0.4833801498127341 0.3377808988764045 0.476123595505618 0.3418188202247191 0.4691011235955056 0.35042134831460675 0.46652621722846443
0 0.3125 0.5472846441947565 0.3277738764044944 0.5491573033707865 0.33146067415730335 0.5538389513108615 0.33128511235955055 0.5777153558052435 0.32549157303370785 0.5852059925093633 0.31759129213483145 0.5870786516853933 0.30389747191011235 0.5842696629213483 0.3007373595505618 0.5767790262172284 0.3003862359550562 0.5571161048689138 0.3123244382022472 0.5472846441947565
0 0.25649578651685395 0.5402621722846442 0.26281601123595505 0.5423689138576779 0.26685393258426965 0.5468164794007491 0.2672050561797753 0.5662453183520599 0.2658005617977528 0.5781835205992509 0.2554424157303371 0.5823970037453183 0.24683988764044945 0.5819288389513109 0.2420997191011236 0.5788857677902621 0.23771067415730338 0.5718632958801498 0.23577949438202248 0.5603932584269663 0.23735955056179775 0.5517322097378277 0.24087078651685392 0.545880149812734 0.2563202247191011 0.5402621722846442
0 0.5888342696629213 0.6577715355805244 0.5988412921348315 0.6652621722846442 0.6030547752808989 0.6788389513108615 0.602001404494382 0.6926498127340824 0.5988412921348315 0.6982677902621723 0.5921699438202247 0.7017790262172284 0.5847963483146067 0.701310861423221 0.5783005617977528 0.6954588014981273 0.5728581460674157 0.6853932584269663 0.5719803370786517 0.6753277153558053 0.5730337078651685 0.6680711610486891 0.578125 0.660814606741573 0.581811797752809 0.6580056179775281 0.5886587078651685 0.6577715355805244
0 0.7119030898876404 0.6713483146067416 0.7268258426966292 0.6816479400749064 0.730688202247191 0.6926498127340824 0.730688202247191 0.702247191011236 0.7282303370786517 0.7099719101123596 0.7236657303370787 0.7146535580524345 0.7183988764044944 0.716058052434457 0.7078651685393258 0.713249063670412 0.6992626404494382 0.7027153558052435 0.6969803370786517 0.6959269662921348 0.6971558988764045 0.6788389513108615 0.7043539325842697 0.6718164794007491 0.7117275280898876 0.6713483146067416
0 0.4018609550561798 0.5973782771535581 0.4155547752808989 0.5997191011235955 0.42310393258426965 0.6093164794007491 0.42327949438202245 0.6271067415730337 0.41485252808988765 0.6409176029962547 0.4008075842696629 0.6395131086142322 0.3929073033707865 0.6303838951310862 0.39009831460674155 0.6163389513108615 0.3904494382022472 0.6055711610486891 0.3960674157303371 0.5987827715355806 0.40168539325842695 0.5973782771535581
0 0.5433637640449438 0.5264513108614233 0.550561797752809 0.5430711610486891 0.5510884831460674 0.5489232209737828 0.5481039325842697 0.5610955056179775 0.5398525280898876 0.5704588014981273 0.5245786516853933 0.5648408239700374 0.5212429775280899 0.5594569288389513 0.5196629213483146 0.5463483146067416 0.5224719101123596 0.5355805243445693 0.5252808988764045 0.5323033707865169 0.543188202247191 0.5264513108614233
0 0.655372191011236 0.49157303370786515 0.6613412921348315 0.49297752808988765 0.671875 0.5004681647940075 0.6759129213483146 0.5095973782771536 0.6746839887640449 0.5316011235955056 0.6615168539325843 0.5383895131086143 0.6546699438202247 0.5374531835205992 0.6453651685393258 0.5292602996254682 0.6446629213483146 0.5016385767790262 0.6483497191011236 0.49461610486891383 0.6551966292134831 0.49157303370786515
0 0.7217345505617978 0.5028089887640449 0.7280547752808989 0.5039794007490637 0.7341994382022472 0.5088951310861424 0.7391151685393258 0.5224719101123596 0.7384129213483146 0.5327715355805244 0.7345505617977528 0.5421348314606742 0.7248946629213483 0.5456460674157303 0.7159410112359551 0.5444756554307116 0.7069873595505618 0.5362827715355806 0.7096207865168539 0.5259831460674157 0.7094452247191011 0.5086610486891385 0.7215589887640449 0.5028089887640449
0 0.602001404494382 0.5332397003745318 0.6099016853932584 0.5393258426966292 0.6132373595505618 0.5531367041198502 0.6106039325842697 0.5664794007490637 0.6027036516853933 0.5737359550561798 0.5888342696629213 0.5716292134831461 0.5825140449438202 0.5608614232209738 0.5851474719101124 0.5397940074906367 0.5914676966292135 0.533941947565543 0.6018258426966292 0.5332397003745318
0 0.5733848314606742 0.4901685393258427 0.5795294943820225 0.49508426966292135 0.5823384831460674 0.5023408239700374 0.5819873595505618 0.5196629213483146 0.574438202247191 0.5283239700374532 0.5581109550561798 0.5297284644194756 0.5537219101123596 0.5264513108614233 0.5496839887640449 0.5180243445692884 0.5502106741573034 0.5088951310861424 0.5553019662921348 0.49297752808988765 0.563377808988764 0.48946629213483145 0.5732092696629213 0.4901685393258427
0 0.29020365168539325 0.5084269662921348 0.3024929775280899 0.514747191011236 0.30372191011235955 0.5355805243445693 0.30143960674157305 0.5437734082397003 0.29037921348314605 0.5489232209737828 0.2751053370786517 0.5435393258426966 0.27071629213483145 0.5299625468164794 0.2714185393258427 0.5215355805243446 0.27475421348314605 0.5149812734082397 0.2828300561797753 0.5084269662921348 0.29002808988764045 0.5084269662921348
0 0.5679424157303371 0.5292602996254682 0.5751404494382022 0.5306647940074907 0.5791783707865169 0.5348782771535581 0.5828651685393258 0.5440074906367042 0.5825140449438202 0.5582865168539326 0.5784761235955056 0.5678838951310862 0.5644311797752809 0.5732677902621723 0.554248595505618 0.5711610486891385 0.5495084269662921 0.5596910112359551 0.5526685393258427 0.5397940074906367 0.5586376404494382 0.5316011235955056 0.5677668539325843 0.5292602996254682
0 0.6035814606741573 0.6189138576779026 0.6099016853932584 0.6303838951310862 0.6109550561797753 0.6530898876404494 0.6079705056179775 0.6582397003745318 0.5998946629213483 0.6631554307116105 0.5832162921348315 0.6542602996254682 0.5804073033707865 0.6409176029962547 0.5800561797752809 0.6266385767790262 0.5904143258426966 0.6193820224719101 0.6034058988764045 0.6189138576779026
0 0.46576544943820225 0.6467696629213483 0.47735252808988765 0.6582397003745318 0.4799859550561798 0.6786048689138576 0.47770365168539325 0.6872659176029963 0.4689255617977528 0.6961610486891385 0.4708567415730337 0.7034176029962547 0.46804775280898875 0.7043539325842697 0.465063202247191 0.6977996254681648 0.4529494382022472 0.6896067415730337 0.44856039325842695 0.6790730337078652 0.45259831460674155 0.653558052434457 0.45997191011235955 0.6474719101123596 0.46558988764044945 0.6467696629213483
0 0.6314957865168539 0.4943820224719101 0.6409761235955056 0.5004681647940075 0.6448384831460674 0.5124063670411985 0.6448384831460674 0.5222378277153558 0.6427317415730337 0.528558052434457 0.6336025280898876 0.5341760299625468 0.6265800561797753 0.5341760299625468 0.6172752808988764 0.5299625468164794 0.6134129213483146 0.5201310861423221 0.6137640449438202 0.5081928838951311 0.6163974719101124 0.49859550561797755 0.6227176966292135 0.4943820224719101 0.6313202247191011 0.4943820224719101
0 0.37025983146067415 0.6006554307116105 0.3862359550561798 0.6022940074906367 0.3885182584269663 0.6072097378277154 0.3890449438202247 0.6196161048689138 0.38816713483146065 0.6266385767790262 0.38149578651685395 0.6352996254681648 0.36639747191011235 0.6413857677902621 0.3591994382022472 0.6355337078651685 0.35656601123595505 0.6266385767790262 0.3614817415730337 0.6046348314606742 0.36604634831460675 0.6006554307116105 0.37008426966292135 0.6006554307116105
0 0.3479634831460674 0.5072565543071161 0.3648174157303371 0.5121722846441947 0.36604634831460675 0.5325374531835206 0.3637640449438202 0.5388576779026217 0.3591994382022472 0.5423689138576779 0.33865870786516855 0.5461142322097379 0.33497191011235955 0.5461142322097379 0.33268960674157305 0.5409644194756554 0.3344452247191011 0.5198970037453183 0.3377808988764045 0.511938202247191 0.34234550561797755 0.5079588014981273 0.3477879213483146 0.5072565543071161
0 0.4220505617977528 0.5557116104868914 0.42661516853932585 0.56062734082397 0.42837078651685395 0.5706928838951311 0.42257724719101125 0.5917602996254682 0.4155547752808989 0.5976123595505618 0.4044943820224719 0.596441947565543 0.39554073033707865 0.5884831460674157 0.3946629213483146 0.5671816479400749 0.40115870786516855 0.5582865168539326 0.421875 0.5557116104868914
0 0.5021067415730337 0.6093164794007491 0.5077247191011236 0.6109550561797753 0.5129915730337079 0.6163389513108615 0.5145716292134831 0.6273408239700374 0.5133426966292135 0.6374063670411985 0.5100070224719101 0.6448970037453183 0.5019311797752809 0.6493445692883895 0.49122191011235955 0.647003745318352 0.48577949438202245 0.6371722846441947 0.4866573033707865 0.6203183520599251 0.48946629213483145 0.6135299625468165 0.49490870786516855 0.6097846441947565 0.5019311797752809 0.6093164794007491
0 0.7003160112359551 0.5002340823970037 0.7078651685393258 0.5072565543071161 0.7096207865168539 0.5227059925093633 0.706811797752809 0.5341760299625468 0.6962780898876404 0.540496254681648 0.683813202247191 0.5381554307116105 0.6771418539325843 0.5325374531835206 0.6767907303370787 0.511938202247191 0.6852176966292135 0.5011704119850188 0.7001404494382022 0.5002340823970037
0 0.40572331460674155 0.6395131086142322 0.41537921348314605 0.6446629213483146 0.41906601123595505 0.6577715355805244 0.4141502808988764 0.6753277153558053 0.40905898876404495 0.6807116104868914 0.402563202247191 0.6825842696629213 0.3941362359550562 0.6800093632958801 0.38922050561797755 0.6750936329588015 0.3886938202247191 0.6577715355805244 0.38992275280898875 0.6491104868913857 0.3941362359550562 0.6437265917602997 0.40098314606741575 0.6392790262172284 0.40554775280898875 0.6395131086142322
1 0.562090941011236 0.5914489700374532 0.033356741573033706 0.03745318352059925
1 0.44592696629213485 0.5793539325842697 0.04096383426966292 0.04447565543071161
1 0.2615870786516854 0.5212242509363296 0.033941362359550566 0.048377808988764044
0 0.2675561797752809 0.6015917602996255 0.2659761235955056 0.6058052434456929 0.26650280898876405 0.6165730337078652 0.26843398876404495 0.62312734082397 0.27247191011235955 0.6271067415730337 0.277563202247191 0.6285112359550562 0.2828300561797753 0.6275749063670412 0.288623595505618 0.62312734082397 0.29213483146067415 0.6163389513108615 0.2912570224719101 0.6137640449438202 0.29178370786516855 0.6090823970037453 0.2887991573033708 0.6004213483146067 0.2868679775280899 0.5973782771535581 0.28230337078651685 0.5943352059925093 0.2796699438202247 0.5929307116104869 0.2756320224719101 0.5931647940074907 0.2719452247191011 0.5952715355805244