0 0.5862008426966292 0.32069288389513106 0.5955056179775281 0.3267790262172285 0.5988412921348315 0.3356741573033708 0.5990168539325843 0.3424625468164794 0.5933988764044944 0.35720973782771537 0.5853230337078652 0.3616573033707865 0.5723314606741573 0.35697565543071164 0.5688202247191011 0.3450374531835206 0.569873595505618 0.3347378277153558 0.5730337078651685 0.3279494382022472 0.578125 0.3227996254681648 0.5860252808988764 0.32069288389513106
0 0.6165730337078652 0.36493445692883897 0.6232443820224719 0.3684456928838951 0.6267556179775281 0.37336142322097376 0.6292134831460674 0.38506554307116103 0.6257022471910112 0.3955992509363296 0.6153441011235955 0.4023876404494382 0.6023525280898876 0.39653558052434457 0.6002457865168539 0.37640449438202245 0.6079705056179775 0.3684456928838951 0.6163974719101124 0.36493445692883897
0 0.5816362359550562 0.6104868913857678 0.5926966292134831 0.6151685393258427 0.5960323033707865 0.6261704119850188 0.5932233146067416 0.6395131086142322 0.5816362359550562 0.6472378277153558 0.5721558988764045 0.6448970037453183 0.5682935393258427 0.6343632958801498 0.5709269662921348 0.6128277153558053 0.5814606741573034 0.6104868913857678
0 0.5268609550561798 0.31273408239700373 0.5368679775280899 0.32045880149812733 0.5398525280898876 0.3352059925093633 0.5342345505617978 0.34995318352059923 0.5268609550561798 0.35674157303370785 0.519311797752809 0.35908239700374533 0.5121137640449438 0.3565074906367041 0.5070224719101124 0.3487827715355805 0.508251404494382 0.33169475655430714 0.5150983146067416 0.3157771535580524 0.526685393258427 0.31273408239700373
0 0.5547752808988764 0.6563670411985019 0.557935393258427 0.6577715355805244 0.5619733146067416 0.6650280898876404 0.5635533707865169 0.6804775280898876 0.5617977528089888 0.6891385767790262 0.5528441011235955 0.6963951310861424 0.5433637640449438 0.6940543071161048 0.5396769662921348 0.6891385767790262 0.5380969101123596 0.6706460674157303 0.539501404494382 0.6610486891385767 0.5417837078651685 0.6577715355805244 0.5545997191011236 0.6563670411985019
0 0.3670997191011236 0.3103932584269663 0.37377106741573035 0.31741573033707865 0.375 0.33146067415730335 0.36990870786516855 0.34269662921348315 0.363061797752809 0.34597378277153557 0.3532303370786517 0.33941947565543074 0.3497191011235955 0.324438202247191 0.3516502808988764 0.31741573033707865 0.3555126404494382 0.31273408239700373 0.36025280898876405 0.3099250936329588 0.3669241573033708 0.3103932584269663
0 0.5226474719101124 0.5259831460674157 0.5335323033707865 0.5304307116104869 0.5370435393258427 0.5365168539325843 0.5380969101123596 0.5461142322097379 0.5347612359550562 0.5608614232209738 0.5251053370786517 0.5662453183520599 0.5175561797752809 0.5650749063670412 0.5121137640449438 0.56062734082397 0.5079002808988764 0.548689138576779 0.5103581460674157 0.5330056179775281 0.5224719101123596 0.5259831460674157
0 0.39922752808988765 0.31296816479400746 0.4080056179775281 0.32186329588014984 0.4083567415730337 0.33824906367041196 0.40098314606741575 0.34620786516853935 0.390625 0.34831460674157305 0.3825491573033708 0.33824906367041196 0.38202247191011235 0.32069288389513106 0.3883426966292135 0.3136704119850187 0.39905196629213485 0.31296816479400746
0 0.526685393258427 0.40870786516853935 0.530372191011236 0.4112827715355805 0.5398525280898876 0.4421816479400749 0.5363412921348315 0.4499063670411985 0.530372191011236 0.4515449438202247 0.5154494382022472 0.44545880149812733 0.5094803370786517 0.4353932584269663 0.5117626404494382 0.414559925093633 0.515625 0.4096441947565543 0.5265098314606742 0.40870786516853935
0 0.49139747191011235 0.3981741573033708 0.4996488764044944 0.40098314606741575 0.5075491573033708 0.4143258426966292 0.5042134831460674 0.4288389513108614 0.5015800561797753 0.4332865168539326 0.49683988764044945 0.43515917602996257 0.48490168539325845 0.4332865168539326 0.47945926966292135 0.42485955056179775 0.480688202247191 0.4056647940074906 0.48577949438202245 0.40004681647940077 0.49122191011235955 0.3981741573033708
0 0.4118679775280899 0.5264513108614233 0.41924157303370785 0.533941947565543 0.41853932584269665 0.547752808988764 0.41309691011235955 0.5636704119850188 0.4044943820224719 0.5697565543071161 0.390625 0.5667134831460674 0.3864115168539326 0.5596910112359551 0.38588483146067415 0.5456460674157303 0.3890449438202247 0.5360486891385767 0.39396067415730335 0.5301966292134831 0.4116924157303371 0.5264513108614233
0 0.5919943820224719 0.6467696629213483 0.5955056179775281 0.6502808988764045 0.5967345505617978 0.6753277153558053 0.5890098314606742 0.6858614232209738 0.5754915730337079 0.6938202247191011 0.5709269662921348 0.6931179775280899 0.5663623595505618 0.6858614232209738 0.567064606741573 0.6577715355805244 0.5733848314606742 0.6486423220973783 0.5918188202247191 0.6467696629213483
0 0.5472261235955056 0.6107209737827716 0.5605688202247191 0.614934456928839 0.5653089887640449 0.6266385767790262 0.5647823033707865 0.6413857677902621 0.5607443820224719 0.648876404494382 0.5540730337078652 0.6521535580524345 0.546875 0.6512172284644194 0.5372191011235955 0.6371722846441947 0.5370435393258427 0.6193820224719101 0.5387991573033708 0.6132958801498127 0.5426615168539326 0.610252808988764 0.5470505617977528 0.6107209737827716
0 0.6186797752808989 0.5751404494382022 0.6276334269662921 0.5814606741573034 0.6307935393258427 0.5926966292134831 0.6272823033707865 0.6067415730337079 0.6234199438202247 0.611189138576779 0.6190308988764045 0.612125468164794 0.6127106741573034 0.6114232209737828 0.6049859550561798 0.6065074906367042 0.601123595505618 0.6022940074906367 0.5991924157303371 0.5957397003745318 0.5993679775280899 0.5854400749063671 0.6025280898876404 0.5786516853932584 0.6185042134831461 0.5751404494382022
0 0.460498595505618 0.3026685393258427 0.4691011235955056 0.3068820224719101 0.47401685393258425 0.31835205992509363 0.4748946629213483 0.32467228464419473 0.4722612359550562 0.33497191011235955 0.47594803370786515 0.34222846441947563 0.47384129213483145 0.3508895131086142 0.46822331460674155 0.3527621722846442 0.46348314606741575 0.3527621722846442 0.44978932584269665 0.3419943820224719 0.4396067415730337 0.32420411985018727 0.44013342696629215 0.31413857677902624 0.44241573033707865 0.3094569288389513 0.46032303370786515 0.3026685393258427
0 0.5574087078651685 0.4014513108614232 0.5644311797752809 0.40777153558052437 0.567064606741573 0.4190074906367041 0.5640800561797753 0.4339887640449438 0.5547752808988764 0.4400749063670412 0.5502106741573034 0.4400749063670412 0.5433637640449438 0.43562734082397003 0.5398525280898876 0.42158239700374533 0.5444171348314607 0.40426029962546817 0.5572331460674157 0.4014513108614232
0 0.4294241573033708 0.3155430711610487 0.43679775280898875 0.32092696629213485 0.4413623595505618 0.33824906367041196 0.4390800561797753 0.3485486891385768 0.43258426966292135 0.350187265917603 0.4202949438202247 0.3466760299625468 0.4137991573033708 0.3347378277153558 0.4143258426966292 0.3265449438202247 0.41853932584269665 0.3190543071161049 0.429248595505618 0.3155430711610487
0 0.36797752808988765 0.6013576779026217 0.3772823033707865 0.6097846441947565 0.378686797752809 0.6306179775280899 0.37570224719101125 0.6434925093632958 0.36639747191011235 0.6495786516853933 0.3595505617977528 0.6467696629213483 0.34849016853932585 0.6336610486891385 0.3456811797752809 0.6191479400749064 0.3476123595505618 0.6104868913857678 0.3532303370786517 0.6027621722846442 0.3597261235955056 0.5994850187265918 0.36780196629213485 0.6013576779026217
0 0.3946629213483146 0.352059925093633 0.4022120786516854 0.3553370786516854 0.40870786516853935 0.3625936329588015 0.4085323033707865 0.37991573033707865 0.3983497191011236 0.3904494382022472 0.3864115168539326 0.38553370786516855 0.38219803370786515 0.3806179775280899 0.37991573033707865 0.37312734082397003 0.38009129213483145 0.36329588014981273 0.3825491573033708 0.35697565543071164 0.390625 0.3518258426966292 0.3944873595505618 0.352059925093633
0 0.5544241573033708 0.3192883895131086 0.5605688202247191 0.32186329588014984 0.5653089887640449 0.3279494382022472 0.567064606741573 0.3419943820224719 0.5617977528089888 0.3541666666666667 0.5530196629213483 0.3565074906367041 0.5430126404494382 0.3508895131086142 0.5405547752808989 0.33497191011235955 0.5454705056179775 0.323501872659176 0.554248595505618 0.3192883895131086
0 0.4533005617977528 0.35346441947565543 0.4669943820224719 0.3595505617977528 0.46980337078651685 0.3693820224719101 0.4669943820224719 0.38342696629213485 0.45435393258426965 0.39115168539325845 0.4496137640449438 0.3904494382022472 0.4452247191011236 0.38506554307116103 0.44206460674157305 0.374063670411985 0.44469803370786515 0.3595505617977528 0.453125 0.35346441947565543
0 0.5537219101123596 0.4002808988764045 0.5614466292134831 0.4033239700374532 0.5672401685393258 0.414559925093633 0.5637289325842697 0.43562734082397003 0.5567064606741573 0.4410112359550562 0.5452949438202247 0.4400749063670412 0.5359901685393258 0.42954119850187267 0.5314255617977528 0.41830524344569286 0.53125 0.4110486891385768 0.5351123595505618 0.40308988764044945 0.5433637640449438 0.399812734082397 0.5535463483146067 0.40051498127340823
0 0.5800561797752809 0.4096441947565543 0.5860252808988764 0.41151685393258425 0.5919943820224719 0.41830524344569286 0.5921699438202247 0.4363295880149813 0.5890098314606742 0.4461610486891386 0.5716292134831461 0.45224719101123595 0.5647823033707865 0.449438202247191 0.5675912921348315 0.44545880149812733 0.5630266853932584 0.4426498127340824 0.5672401685393258 0.41807116104868913 0.5691713483146067 0.413623595505618 0.5798806179775281 0.4096441947565543
0 0.48929073033707865 0.3539325842696629 0.5022823033707865 0.35580524344569286 0.5014044943820225 0.35931647940074907 0.5047401685393258 0.36961610486891383 0.5035112359550562 0.38319288389513106 0.5021067415730337 0.387874531835206 0.49754213483146065 0.39185393258426965 0.48174157303370785 0.39747191011235955 0.4768258426966292 0.39653558052434457 0.4731390449438202 0.3913857677902622 0.47173455056179775 0.3761704119850187 0.47366573033707865 0.36657303370786515 0.47770365168539325 0.35908239700374533 0.48121488764044945 0.35557116104868913 0.48911516853932585 0.3539325842696629
0 0.6137640449438202 0.6551966292134831 0.6232443820224719 0.6568352059925093 0.6269311797752809 0.6601123595505618 0.6306179775280899 0.6678370786516854 0.6313202247191011 0.6776685393258427 0.628686797752809 0.6928838951310862 0.6230688202247191 0.697565543071161 0.6162219101123596 0.6982677902621723 0.605688202247191 0.6924157303370787 0.602001404494382 0.6858614232209738 0.6004213483146067 0.6764981273408239 0.601123595505618 0.6664325842696629 0.6035814606741573 0.6605805243445693 0.6135884831460674 0.6551966292134831
0 0.4592696629213483 0.4854868913857678 0.46383426966292135 0.48735955056179775 0.46752106741573035 0.49250936329588013 0.46997893258426965 0.5058520599250936 0.4668188202247191 0.5168539325842697 0.45786516853932585 0.5208333333333334 0.4496137640449438 0.5191947565543071 0.445751404494382 0.5149812734082397 0.4432935393258427 0.5051498127340824 0.4434691011235955 0.49461610486891383 0.4529494382022472 0.48478464419475653 0.4590941011235955 0.4854868913857678
0 0.460498595505618 0.3955992509363296 0.4727879213483146 0.40402621722846443 0.47787921348314605 0.41760299625468167 0.4780547752808989 0.42579588014981273 0.4748946629213483 0.4339887640449438 0.4666432584269663 0.4400749063670412 0.45962078651685395 0.43984082397003743 0.45259831460674155 0.43586142322097376 0.44785814606741575 0.42579588014981273 0.4469803370786517 0.414559925093633 0.4496137640449438 0.40262172284644193 0.453125 0.39747191011235955 0.46032303370786515 0.3955992509363296
0 0.4901685393258427 0.3562734082397004 0.5 0.36025280898876405 0.5047401685393258 0.3724250936329588 0.5017556179775281 0.386938202247191 0.4936797752808989 0.39232209737827717 0.48753511235955055 0.3913857677902622 0.480688202247191 0.37874531835205993 0.48367275280898875 0.3586142322097378 0.4899929775280899 0.3562734082397004
0 0.37201544943820225 0.5170880149812734 0.3811446629213483 0.5255149812734082 0.38360252808988765 0.5400280898876404 0.37780898876404495 0.5550093632958801 0.36973314606741575 0.5568820224719101 0.3628862359550562 0.5566479400749064 0.35481039325842695 0.5503277153558053 0.35235252808988765 0.5449438202247191 0.35217696629213485 0.5374531835205992 0.35270365168539325 0.5292602996254682 0.3558637640449438 0.5210674157303371 0.3635884831460674 0.5168539325842697 0.37183988764044945 0.5170880149812734
0 0.4396067415730337 0.4487359550561798 0.44645365168539325 0.4559925093632959 0.45365168539325845 0.4768258426966292 0.45031601123595505 0.48478464419475653 0.4410112359550562 0.49040262172284643 0.43223314606741575 0.48946629213483145 0.4241573033707865 0.4845505617977528 0.4202949438202247 0.4777621722846442 0.4199438202247191 0.4660580524344569 0.418188202247191 0.46348314606741575 0.4216994382022472 0.4637172284644195 0.4278441011235955 0.4529494382022472 0.4394311797752809 0.4487359550561798
0 0.6163974719101124 0.32397003745318353 0.621313202247191 0.3265449438202247 0.6274578651685393 0.33824906367041196 0.6251755617977528 0.350187265917603 0.6172752808988764 0.35884831460674155 0.6088483146067416 0.3574438202247191 0.6000702247191011 0.3455056179775281 0.6021769662921348 0.33169475655430714 0.609375 0.324438202247191 0.6162219101123596 0.32397003745318353
0 0.4002808988764045 0.5713951310861424 0.41537921348314605 0.584503745318352 0.4176615168539326 0.5959737827715356 0.41537921348314605 0.6022940074906367 0.41151685393258425 0.6058052434456929 0.3987008426966292 0.613061797752809 0.3865870786516854 0.6093164794007491 0.383251404494382 0.6025280898876404 0.38342696629213485 0.588249063670412 0.38957162921348315 0.574438202247191 0.4001053370786517 0.5713951310861424
0 0.36622191011235955 0.350187265917603 0.37429775280898875 0.3579119850187266 0.3769311797752809 0.36961610486891383 0.3746488764044944 0.3801498127340824 0.36622191011235955 0.38670411985018727 0.3590238764044944 0.3857677902621723 0.35270365168539325 0.38108614232209737 0.34866573033707865 0.3663389513108614 0.3514747191011236 0.35580524344569286 0.35445926966292135 0.352059925093633 0.36604634831460675 0.350187265917603
0 0.4253862359550562 0.3508895131086142 0.43662219101123595 0.35931647940074907 0.43872893258426965 0.3717228464419476 0.4320575842696629 0.38436329588014984 0.4220505617977528 0.38857677902621723 0.41344803370786515 0.3806179775280899 0.41116573033707865 0.3651685393258427 0.41485252808988765 0.35580524344569286 0.42521067415730335 0.3508895131086142
0 0.433813202247191 0.40402621722846443 0.4392556179775281 0.4058988764044944 0.44399578651685395 0.4133895131086142 0.44627808988764045 0.43258426966292135 0.4390800561797753 0.4431179775280899 0.4259129213483146 0.44709737827715357 0.421875 0.4461610486891386 0.4220505617977528 0.4426498127340824 0.418188202247191 0.43820224719101125 0.4176615168539326 0.41760299625468167 0.42310393258426965 0.40777153558052437 0.4336376404494382 0.40402621722846443
0 0.37745786516853935 0.5582865168539326 0.38202247191011235 0.5632022471910112 0.38553370786516855 0.5779494382022472 0.38009129213483145 0.589185393258427 0.3772823033707865 0.5868445692883895 0.37412219101123595 0.5884831460674157 0.3753511235955056 0.5955056179775281 0.3714887640449438 0.5990168539325843 0.36183286516853935 0.5955056179775281 0.3558637640449438 0.5884831460674157 0.35235252808988765 0.5781835205992509 0.35235252808988765 0.5709269662921348 0.35832162921348315 0.5594569288389513 0.3772823033707865 0.5582865168539326
0 0.6185042134831461 0.5348782771535581 0.6235955056179775 0.5372191011235955 0.6281601123595506 0.5430711610486891 0.629564606741573 0.5552434456928839 0.6274578651685393 0.5641385767790262 0.6162219101123596 0.572565543071161 0.6118328651685393 0.5720973782771536 0.602001404494382 0.5646067415730337 0.5998946629213483 0.5500936329588015 0.6009480337078652 0.5428370786516854 0.6044592696629213 0.538623595505618 0.6127106741573034 0.5346441947565543 0.6183286516853933 0.5348782771535581
0 0.6269311797752809 0.3192883895131086 0.6302668539325843 0.3202247191011236 0.6339536516853933 0.32771535580524347 0.6290379213483146 0.33146067415730335 0.6304424157303371 0.3487827715355805 0.6285112359550562 0.35580524344569286 0.6230688202247191 0.363998127340824 0.6060393258426966 0.3682116104868914 0.6023525280898876 0.3672752808988764 0.5967345505617978 0.35931647940074907 0.6018258426966292 0.3321629213483146 0.6091994382022472 0.32420411985018727 0.6225421348314607 0.32467228464419473 0.6267556179775281 0.3192883895131086
0 0.49473314606741575 0.31179775280898875 0.5026334269662921 0.31624531835205993 0.5063202247191011 0.32420411985018727 0.5068469101123596 0.3347378277153558 0.5026334269662921 0.34597378277153557 0.4980688202247191 0.3508895131086142 0.49122191011235955 0.351123595505618 0.4840238764044944 0.3471441947565543 0.48174157303370785 0.32818352059925093 0.48297050561797755 0.31741573033707865 0.48735955056179775 0.313436329588015 0.4945575842696629 0.31203183520599254
0 0.6193820224719101 0.6179775280898876 0.629564606741573 0.6266385767790262 0.6313202247191011 0.6364700374531835 0.6302668539325843 0.647003745318352 0.620435393258427 0.6554307116104869 0.6127106741573034 0.6547284644194756 0.6055126404494382 0.6477059925093633 0.601123595505618 0.6402153558052435 0.5997191011235955 0.6301498127340824 0.6025280898876404 0.6214887640449438 0.6125351123595506 0.6170411985018727 0.6192064606741573 0.6179775280898876
0 0.4956109550561798 0.48174157303370785 0.5035112359550562 0.48782771535580527 0.5052668539325843 0.5049157303370787 0.5014044943820225 0.5156835205992509 0.49139747191011235 0.5184925093632958 0.48349719101123595 0.5161516853932584 0.47963483146067415 0.510065543071161 0.47770365168539325 0.50187265917603 0.4782303370786517 0.49204119850187267 0.47910814606741575 0.48782771535580527 0.48384831460674155 0.4836142322097378 0.49543539325842695 0.48174157303370785
0 0.40115870786516855 0.39747191011235955 0.41134129213483145 0.40308988764044945 0.41502808988764045 0.414559925093633 0.4141502808988764 0.43515917602996257 0.4116924157303371 0.4396067415730337 0.40537219101123595 0.44241573033707865 0.3890449438202247 0.43375468164794007 0.3830758426966292 0.42181647940074907 0.3851825842696629 0.4080056179775281 0.38799157303370785 0.40308988764044945 0.39308286516853935 0.3981741573033708 0.40098314606741575 0.39747191011235955
0 0.3711376404494382 0.47869850187265917 0.3807935393258427 0.4836142322097378 0.38535814606741575 0.4913389513108614 0.3848314606741573 0.5056179775280899 0.3767556179775281 0.5168539325842697 0.36411516853932585 0.5131086142322098 0.352001404494382 0.5161516853932584 0.34849016853932585 0.5124063670411985 0.34901685393258425 0.5051498127340824 0.3555126404494382 0.488061797752809 0.3628862359550562 0.4798689138576779 0.3709620786516854 0.47869850187265917
0 0.3656952247191011 0.43726591760299627 0.3765800561797753 0.4426498127340824 0.3793890449438202 0.45365168539325845 0.37587780898876405 0.4695692883895131 0.3635884831460674 0.47308052434456926 0.35621488764044945 0.47097378277153557 0.3516502808988764 0.46558988764044945 0.3493679775280899 0.4517790262172285 0.351123595505618 0.44335205992509363 0.35428370786516855 0.43890449438202245 0.3655196629213483 0.43726591760299627
0 0.5821629213483146 0.3647003745318352 0.5898876404494382 0.3693820224719101 0.5933988764044944 0.37640449438202245 0.5953300561797753 0.38717228464419473 0.5921699438202247 0.4002808988764045 0.581811797752809 0.4075374531835206 0.5677668539325843 0.40472846441947563 0.5639044943820225 0.39957865168539325 0.5632022471910112 0.39232209737827717 0.5656601123595506 0.37640449438202245 0.5691713483146067 0.3698501872659176 0.5819873595505618 0.3647003745318352
0 0.5224719101123596 0.6505149812734082 0.5261587078651685 0.6509831460674157 0.5294943820224719 0.6554307116104869 0.5338834269662921 0.6720505617977528 0.5337078651685393 0.6809456928838952 0.5308988764044944 0.6882022471910112 0.5242275280898876 0.6933520599250936 0.5158005617977528 0.6933520599250936 0.511060393258427 0.6891385767790262 0.5079002808988764 0.6821161048689138 0.5068469101123596 0.6715823970037453 0.5087780898876404 0.6580056179775281 0.5154494382022472 0.6509831460674157 0.5222963483146067 0.650749063670412
0 0.6100772471910112 0.40847378277153557 0.6218398876404494 0.4131554307116105 0.625 0.41830524344569286 0.625877808988764 0.43141385767790263 0.6225421348314607 0.4426498127340824 0.6163974719101124 0.4477996254681648 0.6058637640449438 0.4508426966292135 0.6012991573033708 0.449438202247191 0.6025280898876404 0.44592696629213485 0.6004213483146067 0.4452247191011236 0.598314606741573 0.43586142322097376 0.5993679775280899 0.4178370786516854 0.6021769662921348 0.41081460674157305 0.6099016853932584 0.40847378277153557
0 0.6271067415730337 0.4897003745318352 0.6321980337078652 0.49812734082397003 0.6264044943820225 0.5051498127340824 0.6239466292134831 0.5241104868913857 0.6179775280898876 0.5308988764044944 0.6028792134831461 0.5341760299625468 0.59375 0.5294943820224719 0.5902387640449438 0.5198970037453183 0.5912921348314607 0.511938202247191 0.5984901685393258 0.4953183520599251 0.6051615168539326 0.49157303370786515 0.6200842696629213 0.49461610486891383 0.6269311797752809 0.4897003745318352
0 0.5210674157303371 0.36235955056179775 0.530372191011236 0.36961610486891383 0.5317766853932584 0.3817883895131086 0.5284410112359551 0.39279026217228463 0.5198384831460674 0.39840823970037453 0.5093047752808989 0.39489700374531833 0.5068469101123596 0.39068352059925093 0.5052668539325843 0.3794475655430712 0.5070224719101124 0.37008426966292135 0.5101825842696629 0.36540262172284643 0.5208918539325843 0.36235955056179775
0 0.36025280898876405 0.3916198501872659 0.36990870786516855 0.3937265917602996 0.3807935393258427 0.4002808988764045 0.382373595505618 0.4035580524344569 0.38360252808988765 0.4112827715355805 0.3813202247191011 0.42485955056179775 0.3732443820224719 0.4342228464419476 0.3614817415730337 0.43352059925093633 0.3535814606741573 0.42181647940074907 0.351123595505618 0.40074906367041196 0.3551615168539326 0.3937265917602996 0.36007724719101125 0.3916198501872659
0 0.547752808988764 0.36235955056179775 0.5554775280898876 0.36540262172284643 0.5621488764044944 0.3719569288389513 0.5628511235955056 0.37546816479400746 0.5617977528089888 0.3937265917602996 0.5572331460674157 0.3991104868913858 0.5510884831460674 0.40074906367041196 0.5361657303370787 0.40074906367041196 0.5328300561797753 0.39864232209737827 0.5319522471910112 0.3946629213483146 0.534936797752809 0.3728932584269663 0.5398525280898876 0.36540262172284643 0.5475772471910112 0.36235955056179775
0 0.4606741573033708 0.5341760299625468 0.46980337078651685 0.5397940074906367 0.47191011235955055 0.5517322097378277 0.4671699438202247 0.5685861423220974 0.46014747191011235 0.5732677902621723 0.4575140449438202 0.5732677902621723 0.4566362359550562 0.5704588014981273 0.4529494382022472 0.5723314606741573 0.44469803370786515 0.5596910112359551 0.44434691011235955 0.5557116104868914 0.44592696629213485 0.5390917602996255 0.44996488764044945 0.5355805243445693 0.460498595505618 0.5341760299625468
0 0.3941362359550562 0.4405430711610487 0.40923455056179775 0.44545880149812733 0.41520365168539325 0.4592696629213483 0.41520365168539325 0.46980337078651685 0.41274578651685395 0.4782303370786517 0.40150983146067415 0.4845505617977528 0.39747191011235955 0.48431647940074907 0.38939606741573035 0.4772940074906367 0.38412921348314605 0.45997191011235955 0.3871137640449438 0.45341760299625467 0.38588483146067415 0.44967228464419473 0.39396067415730335 0.4405430711610487
0 0.49332865168539325 0.5262172284644194 0.5024578651685393 0.5290262172284644 0.5042134831460674 0.5437734082397003 0.5019311797752809 0.5557116104868914 0.4982443820224719 0.56062734082397 0.49280196629213485 0.5627340823970037 0.48771067415730335 0.5627340823970037 0.4803370786516854 0.5575842696629213 0.47559691011235955 0.5423689138576779 0.47717696629213485 0.5360486891385767 0.4840238764044944 0.5280898876404494 0.49315308988764045 0.5262172284644194
0 0.6162219101123596 0.45318352059925093 0.6202598314606742 0.45646067415730335 0.625877808988764 0.46980337078651685 0.6253511235955056 0.47752808988764045 0.6225421348314607 0.4836142322097378 0.6162219101123596 0.4901685393258427 0.6032303370786517 0.4901685393258427 0.5951544943820225 0.4803370786516854 0.5951544943820225 0.4714419475655431 0.598314606741573 0.4616104868913858 0.6053370786516854 0.45529026217228463 0.6160463483146067 0.45341760299625467
2 0.6372893258426966 0.3136704119850187 0.3491804775280899 0.30803464419475657 0.34080705758426966 0.6951516853932584 0.6325505617977528 0.7008604868913858
1 0.4627264747191011 0.46099953183520603 0.027747542134831462 0.037167602996254684
1 0.4928054775280899 0.46020131086142324 0.02821629213483146 0.03869147940074906
1 0.5216362359550561 0.4626779026217228 0.02267205056179775 0.03740168539325843
1 0.5514483848314607 0.46466760299625465 0.021437851123595506 0.03514044943820225
1 0.578474367977528 0.4616315543071161 0.029840238764044943 0.03999297752808988
1 0.5801878511235955 0.5005313670411985 0.02975948033707865 0.039765917602996255
1 0.5527668539325843 0.5047237827715355 0.028755266853932582 0.03254213483146068
1 0.5218785112359551 0.5013389513108614 0.027840589887640453 0.038258426966292135
1 0.43170997191011234 0.5023876404494382 0.02540554775280899 0.0325561797752809
1 0.40052492977528087 0.49998595505617976 0.029748946629213482 0.04023642322097378
1 0.4304283707865168 0.5411727528089887 0.02518258426966292 0.036779026217228464
1 0.5510252808988764 0.5411048689138577 0.029952598314606744 0.04132022471910113
1 0.5821067415730337 0.5465496254681649 0.03125526685393258 0.0444124531835206
1 0.5820821629213483 0.5874087078651685 0.031206109550561797 0.03717696629213483
1 0.5510884831460674 0.5853019662921348 0.026569522471910113 0.036083801498127344
1 0.5211516853932584 0.5864840823970038 0.031069171348314606 0.038445692883895134
1 0.49 0.583808520599251 0.02845330056179775 0.037778558052434456
1 0.43195926966292136 0.5821910112359551 0.02239115168539326 0.03766619850187266
1 0.45995435393258427 0.5854658239700374 0.029224016853932586 0.036413857677902624
1 0.5187938904494382 0.6246114232209738 0.028690308988764044 0.038237359550561796
1 0.4893223314606741 0.6249602059925093 0.029441713483146066 0.035812265917602996
1 0.45908532303370786 0.6234246254681648 0.029829705056179774 0.03898642322097379
1 0.4301474719101123 0.6207701310861423 0.02813377808988764 0.03211376404494382
1 0.39829178370786517 0.6198806179775281 0.02762113764044944 0.028775749063670412
1 0.3683075842696629 0.6552621722846442 0.023834269662921348 0.026191479400749063
1 0.3960814606741573 0.6563155430711611 0.027884480337078653 0.029857209737827715
1 0.42733321629213483 0.6586633895131087 0.027183988764044945 0.026750936329588016
1 0.4561551966292135 0.6590098314606742 0.029820926966292138 0.025882490636704118
1 0.48838834269662923 0.6589185393258428 0.02874122191011236 0.022581928838951312