2 0.3868211025280899 0.3690699906367041 0.6823502457865168 0.35814606741573035 0.6952247191011236 0.7568663389513108 0.39325842696629215 0.7677902621722846
0 0.6411516853932584 0.5426029962546817 0.647998595505618 0.5529026217228464 0.6490519662921348 0.5648408239700374 0.6448384831460674 0.5739700374531835 0.6378160112359551 0.5793539325842697 0.6297401685393258 0.5779494382022472 0.6181530898876404 0.5678838951310862 0.6162219101123596 0.5632022471910112 0.6162219101123596 0.5538389513108615 0.6188553370786517 0.545880149812734 0.6225421348314607 0.5419007490636704 0.6346558988764045 0.5402621722846442 0.6409761235955056 0.5426029962546817
0 0.4236306179775281 0.7165262172284644 0.43065308988764045 0.7237827715355806 0.43223314606741575 0.7441479400749064 0.425561797752809 0.7565543071161048 0.4183637640449438 0.7610018726591761 0.4106390449438202 0.760065543071161 0.40502106741573035 0.7546816479400749 0.40098314606741575 0.7443820224719101 0.40115870786516855 0.735252808988764 0.40554775280898875 0.7228464419475655 0.4234550561797753 0.7165262172284644
0 0.5128160112359551 0.6292134831460674 0.5252808988764045 0.6472378277153558 0.5282654494382022 0.6612827715355806 0.5268609550561798 0.6788389513108615 0.5189606741573034 0.6853932584269663 0.5121137640449438 0.6832865168539326 0.5040379213483146 0.6757958801498127 0.4977176966292135 0.6612827715355806 0.5003511235955056 0.6441947565543071 0.5056179775280899 0.6362359550561798 0.5107092696629213 0.6336610486891385 0.5098314606741573 0.6292134831460674 0.5126404494382022 0.6292134831460674
0 0.421875 0.6750936329588015 0.4262640449438202 0.6769662921348315 0.43047752808988765 0.6886704119850188 0.43047752808988765 0.7029494382022472 0.4253862359550562 0.7134831460674157 0.4044943820224719 0.7198033707865169 0.4006320224719101 0.7162921348314607 0.3969452247191011 0.7073970037453183 0.4002808988764045 0.6910112359550562 0.4046699438202247 0.6816479400749064 0.4216994382022472 0.6753277153558053
0 0.5405547752808989 0.37570224719101125 0.5444171348314607 0.37734082397003743 0.5510884831460674 0.386001872659176 0.5521418539325843 0.40098314606741575 0.5475772471910112 0.41058052434456926 0.5344101123595506 0.4157303370786517 0.5286165730337079 0.4152621722846442 0.5224719101123596 0.40987827715355807 0.5214185393258427 0.39185393258426965 0.5245786516853933 0.38295880149812733 0.5289676966292135 0.3780430711610487 0.5403792134831461 0.37570224719101125
0 0.5428370786516854 0.41947565543071164 0.5526685393258427 0.42532771535580527 0.5558286516853933 0.44452247191011235 0.5544241573033708 0.45224719101123595 0.5507373595505618 0.4576310861423221 0.5416081460674157 0.4606741573033708 0.5354634831460674 0.45997191011235955 0.5251053370786517 0.45107677902621723 0.5221207865168539 0.4463951310861423 0.5217696629213483 0.43562734082397003 0.5273876404494382 0.4241573033707865 0.5426615168539326 0.41947565543071164
0 0.6034058988764045 0.6652621722846442 0.6146418539325843 0.6718164794007491 0.6216643258426966 0.6924157303370787 0.6181530898876404 0.7066947565543071 0.6095505617977528 0.7134831460674157 0.597436797752809 0.7073970037453183 0.5912921348314607 0.6961610486891385 0.5881320224719101 0.6849250936329588 0.5907654494382022 0.6678370786516854 0.5949789325842697 0.6652621722846442 0.6032303370786517 0.6652621722846442
0 0.4731390449438202 0.3785112359550562 0.48121488764044945 0.3852996254681648 0.4840238764044944 0.3960674157303371 0.48121488764044945 0.40870786516853935 0.47752808988764045 0.4133895131086142 0.47120786516853935 0.4154962546816479 0.4589185393258427 0.41058052434456926 0.45646067415730335 0.40519662921348315 0.45558286516853935 0.39489700374531833 0.45997191011235955 0.3822565543071161 0.4669943820224719 0.3782771535580524 0.4729634831460674 0.3785112359550562
0 0.5101825842696629 0.4653558052434457 0.515625 0.4669943820224719 0.5235252808988764 0.47425093632958804 0.5258075842696629 0.48642322097378277 0.523876404494382 0.5002340823970037 0.5122893258426966 0.5086610486891385 0.5043890449438202 0.5060861423220974 0.49666432584269665 0.49836142322097376 0.49683988764044945 0.48431647940074907 0.49473314606741575 0.47448501872659177 0.5003511235955056 0.4658239700374532 0.5100070224719101 0.4653558052434457
0 0.5581109550561798 0.5852059925093633 0.5675912921348315 0.5852059925093633 0.5783005617977528 0.5889513108614233 0.5883075842696629 0.5990168539325843 0.5890098314606742 0.6158707865168539 0.5821629213483146 0.6280430711610487 0.5756671348314607 0.6306179775280899 0.5675912921348315 0.6280430711610487 0.5568820224719101 0.6163389513108615 0.5537219101123596 0.5971441947565543 0.557935393258427 0.5852059925093633
0 0.6300912921348315 0.6228932584269663 0.6408005617977528 0.6287453183520599 0.6483497191011236 0.6425561797752809 0.6490519662921348 0.6509831460674157 0.6453651685393258 0.6612827715355806 0.6409761235955056 0.6647940074906367 0.6321980337078652 0.6659644194756554 0.6185042134831461 0.6544943820224719 0.6169241573033708 0.6402153558052435 0.6186797752808989 0.6334269662921348 0.6230688202247191 0.6271067415730337 0.6299157303370787 0.62312734082397
0 0.667310393258427 0.40870786516853935 0.6762640449438202 0.41502808988764045 0.6780196629213483 0.4286048689138577 0.6729283707865169 0.4410112359550562 0.6629213483146067 0.4473314606741573 0.6543188202247191 0.44662921348314605 0.648876404494382 0.44288389513108617 0.6481741573033708 0.43913857677902624 0.6513342696629213 0.4323501872659176 0.6522120786516854 0.41502808988764045 0.6578300561797753 0.4101123595505618 0.6671348314606742 0.40870786516853935
0 0.5984901685393258 0.4515449438202247 0.6107794943820225 0.46348314606741575 0.613939606741573 0.4777621722846442 0.609375 0.4887640449438202 0.5967345505617978 0.4927434456928839 0.5874297752808989 0.49180711610486894 0.5823384831460674 0.4875936329588015 0.5765449438202247 0.46324906367041196 0.5849719101123596 0.4538857677902622 0.598314606741573 0.4515449438202247
0 0.5140449438202247 0.5756086142322098 0.5242275280898876 0.5814606741573034 0.5279143258426966 0.5948033707865169 0.526685393258427 0.6168071161048689 0.5226474719101124 0.6219569288389513 0.5177317415730337 0.6238295880149812 0.5079002808988764 0.6196161048689138 0.49754213483146065 0.6022940074906367 0.49859550561797755 0.5852059925093633 0.508251404494382 0.5767790262172284 0.5138693820224719 0.5756086142322098
0 0.4745435393258427 0.6395131086142322 0.48560393258426965 0.6472378277153558 0.488061797752809 0.6683052434456929 0.48349719101123595 0.6753277153558053 0.47401685393258425 0.6814138576779026 0.4703300561797753 0.6811797752808989 0.4608497191011236 0.6720505617977528 0.4590941011235955 0.658941947565543 0.46348314606741575 0.6446629213483146 0.4669943820224719 0.6406835205992509 0.4743679775280899 0.6395131086142322
0 0.5054424157303371 0.4225187265917603 0.5161516853932584 0.4288389513108614 0.516502808988764 0.4440543071161049 0.5129915730337079 0.4541198501872659 0.5022823033707865 0.45997191011235955 0.4906952247191011 0.45224719101123595 0.48929073033707865 0.43913857677902624 0.49315308988764045 0.4267322097378277 0.4980688202247191 0.4232209737827715 0.5052668539325843 0.4225187265917603
0 0.44803370786516855 0.635065543071161 0.45452949438202245 0.6404494382022472 0.4573384831460674 0.6577715355805244 0.45365168539325845 0.6678370786516854 0.44978932584269665 0.6720505617977528 0.44030898876404495 0.675561797752809 0.4353932584269663 0.674625468164794 0.430126404494382 0.6683052434456929 0.42889747191011235 0.6603464419475655 0.43047752808988765 0.6467696629213483 0.43223314606741575 0.6409176029962547 0.43872893258426965 0.6345973782771536 0.44785814606741575 0.635065543071161
0 0.6648525280898876 0.6247659176029963 0.6724016853932584 0.6278089887640449 0.6813553370786517 0.6402153558052435 0.6825842696629213 0.6479400749063671 0.6799508426966292 0.6594101123595506 0.6702949438202247 0.6652621722846442 0.6615168539325843 0.6633895131086143 0.6555477528089888 0.6580056179775281 0.6511587078651685 0.6441947565543071 0.6511587078651685 0.6371722846441947 0.6581811797752809 0.6266385767790262 0.6646769662921348 0.625
0 0.46383426966292135 0.7111423220973783 0.4671699438202247 0.7130149812734082 0.4706811797752809 0.7200374531835206 0.46875 0.7441479400749064 0.4612008426966292 0.7570224719101124 0.4513693820224719 0.760065543071161 0.44276685393258425 0.7563202247191011 0.4390800561797753 0.7476591760299626 0.43872893258426965 0.725187265917603 0.44259129213483145 0.7207397003745318 0.46365870786516855 0.7111423220973783
0 0.45452949438202245 0.589185393258427 0.4669943820224719 0.5950374531835206 0.4683988764044944 0.6027621722846442 0.4648876404494382 0.62312734082397 0.453125 0.6324906367041199 0.44610252808988765 0.6313202247191011 0.4376755617977528 0.6240636704119851 0.43469101123595505 0.6196161048689138 0.43433988764044945 0.6118913857677902 0.4371488764044944 0.5917602996254682 0.45435393258426965 0.589185393258427
0 0.41537921348314605 0.5470505617977528 0.4238061797752809 0.5491573033707865 0.4280196629213483 0.5533707865168539 0.4295997191011236 0.5601591760299626 0.42837078651685395 0.5742041198501873 0.42275280898876405 0.5835674157303371 0.40765449438202245 0.5826310861423221 0.40098314606741575 0.5894194756554307 0.39712078651685395 0.5849719101123596 0.39712078651685395 0.5814606741573034 0.40326544943820225 0.5561797752808989 0.40747893258426965 0.549625468164794 0.41520365168539325 0.5470505617977528
0 0.6416783707865169 0.5011704119850188 0.6469452247191011 0.511938202247191 0.6467696629213483 0.5229400749063671 0.6446629213483146 0.5297284644194756 0.636060393258427 0.5346441947565543 0.6162219101123596 0.5306647940074907 0.6141151685393258 0.525749063670412 0.6146418539325843 0.5084269662921348 0.6223665730337079 0.5016385767790262 0.641502808988764 0.5011704119850188
0 0.6372893258426966 0.449438202247191 0.644311797752809 0.4562265917602996 0.6472963483146067 0.47027153558052437 0.640625 0.4859550561797753 0.6314957865168539 0.4887640449438202 0.6255266853932584 0.488061797752809 0.6163974719101124 0.48080524344569286 0.6121839887640449 0.46348314606741575 0.6165730337078652 0.45482209737827717 0.6297401685393258 0.44920411985018727 0.6371137640449438 0.449438202247191
0 0.47770365168539325 0.5112359550561798 0.49122191011235955 0.5163857677902621 0.49894662921348315 0.5292602996254682 0.5005266853932584 0.5374531835205992 0.49894662921348315 0.5468164794007491 0.48893960674157305 0.5522003745318352 0.47717696629213485 0.5517322097378277 0.4708567415730337 0.5472846441947565 0.46541432584269665 0.5397940074906367 0.46400983146067415 0.5287921348314607 0.4589185393258427 0.5194288389513109 0.45997191011235955 0.5161516853932584 0.4669943820224719 0.5175561797752809 0.47752808988764045 0.5112359550561798
0 0.4468047752808989 0.46722846441947563 0.45610955056179775 0.47120786516853935 0.46207865168539325 0.49414794007490637 0.4606741573033708 0.5051498127340824 0.4533005617977528 0.5124063670411985 0.44820926966292135 0.5121722846441947 0.4357443820224719 0.5053838951310862 0.430126404494382 0.4948501872659176 0.43082865168539325 0.4789325842696629 0.43486657303370785 0.46722846441947563 0.44662921348314605 0.46722846441947563
0 0.4859550561797753 0.5533707865168539 0.4940308988764045 0.5601591760299626 0.4961376404494382 0.5713951310861424 0.49543539325842695 0.5814606741573034 0.4882373595505618 0.5908239700374532 0.47945926966292135 0.5938670411985019 0.47015449438202245 0.5936329588014981 0.46225421348314605 0.5887172284644194 0.45962078651685395 0.5849719101123596 0.45962078651685395 0.5779494382022472 0.46576544943820225 0.5632022471910112 0.4726123595505618 0.5550093632958801 0.48577949438202245 0.5533707865168539
0 0.484375 0.46722846441947563 0.48911516853932585 0.46980337078651685 0.49280196629213485 0.47659176029962547 0.4943820224719101 0.4850187265917603 0.49280196629213485 0.49719101123595505 0.48700842696629215 0.5053838951310862 0.4706811797752809 0.5112359550561798 0.46348314606741575 0.5016385767790262 0.46400983146067415 0.4756554307116105 0.47349016853932585 0.46629213483146065 0.4841994382022472 0.46722846441947563
0 0.4669943820224719 0.4169007490636704 0.4750702247191011 0.41853932584269665 0.4826193820224719 0.42485955056179775 0.4841994382022472 0.43562734082397003 0.4808637640449438 0.4487359550561798 0.47752808988764045 0.4529494382022472 0.46629213483146065 0.45529026217228463 0.45997191011235955 0.4538857677902622 0.45646067415730335 0.4482677902621723 0.45400280898876405 0.4288389513108614 0.4589185393258427 0.42064606741573035 0.4668188202247191 0.41713483146067415
0 0.4046699438202247 0.4562265917602996 0.4202949438202247 0.46207865168539325 0.42679073033707865 0.47097378277153557 0.4280196629213483 0.48174157303370785 0.42643960674157305 0.49157303370786515 0.4216994382022472 0.49929775280898875 0.4157303370786517 0.5011704119850188 0.4041432584269663 0.49929775280898875 0.3969452247191011 0.4854868913857678 0.3941362359550562 0.4669943820224719 0.39764747191011235 0.460440074906367 0.4044943820224719 0.4562265917602996
0 0.6348314606741573 0.3682116104868914 0.6448384831460674 0.37663857677902624 0.6460674157303371 0.39396067415730335 0.639747191011236 0.4058988764044944 0.6271067415730337 0.4091760299625468 0.6160463483146067 0.40777153558052437 0.6127106741573034 0.40379213483146065 0.6114817415730337 0.3937265917602996 0.6146418539325843 0.3838951310861423 0.6230688202247191 0.37265917602996257 0.6346558988764045 0.3682116104868914
0 0.49947331460674155 0.3785112359550562 0.5131671348314607 0.3827247191011236 0.519311797752809 0.3899812734082397 0.5208918539325843 0.3972378277153558 0.5198384831460674 0.4080056179775281 0.5154494382022472 0.4152621722846442 0.5108848314606742 0.4187734082397004 0.5021067415730337 0.4199438202247191 0.492626404494382 0.4147940074906367 0.48700842696629215 0.39489700374531833 0.48964185393258425 0.3836610486891386 0.4942064606741573 0.3792134831460674 0.49929775280898875 0.3785112359550562
0 0.6551966292134831 0.5732677902621723 0.6701193820224719 0.5779494382022472 0.676439606741573 0.5849719101123596 0.6787219101123596 0.5915262172284644 0.6790730337078652 0.599250936329588 0.6757373595505618 0.6097846441947565 0.6699438202247191 0.6161048689138576 0.6632724719101124 0.6182116104868914 0.6527387640449438 0.6135299625468165 0.6471207865168539 0.6058052434456929 0.6434339887640449 0.5929307116104869 0.6430828651685393 0.584503745318352 0.6469452247191011 0.5756086142322098 0.6550210674157303 0.5732677902621723
0 0.41941713483146065 0.584503745318352 0.4294241573033708 0.5943352059925093 0.4334620786516854 0.6079119850187266 0.4297752808988764 0.62312734082397 0.42503511235955055 0.6280430711610487 0.4197682584269663 0.6292134831460674 0.4044943820224719 0.62312734082397 0.40133426966292135 0.6156367041198502 0.4008075842696629 0.6039325842696629 0.4018609550561798 0.5922284644194756 0.40572331460674155 0.5847378277153558 0.41924157303370785 0.584503745318352
0 0.6666081460674157 0.3698501872659176 0.6741573033707865 0.37640449438202245 0.6766151685393258 0.39021535580524347 0.6729283707865169 0.4002808988764045 0.6648525280898876 0.4058988764044944 0.657127808988764 0.40519662921348315 0.6502808988764045 0.3993445692883895 0.6474719101123596 0.387874531835206 0.6487008426966292 0.3801498127340824 0.6532654494382022 0.374063670411985 0.660814606741573 0.36961610486891383 0.6664325842696629 0.3698501872659176
0 0.4106390449438202 0.5032771535580525 0.421875 0.5098314606741573 0.4238061797752809 0.5262172284644194 0.4222261235955056 0.5320692883895131 0.4178370786516854 0.5365168539325843 0.4080056179775281 0.5400280898876404 0.39747191011235955 0.5348782771535581 0.3941362359550562 0.5215355805243446 0.39782303370786515 0.5084269662921348 0.4104634831460674 0.5032771535580525
0 0.5407303370786517 0.461376404494382 0.5510884831460674 0.46512172284644193 0.555126404494382 0.47635767790262173 0.5540730337078652 0.4897003745318352 0.5509129213483146 0.4948501872659176 0.5442415730337079 0.4988295880149813 0.5314255617977528 0.49461610486891383 0.5286165730337079 0.48993445692883897 0.5252808988764045 0.47425093632958804 0.5287921348314607 0.4660580524344569 0.5405547752808989 0.461376404494382
0 0.46014747191011235 0.6748595505617978 0.461376404494382 0.6781367041198502 0.4671699438202247 0.6816479400749064 0.46787219101123595 0.6891385767790262 0.46348314606741575 0.6924157303370787 0.460498595505618 0.7099719101123596 0.453125 0.7167602996254682 0.4468047752808989 0.7188670411985019 0.43030196629213485 0.7167602996254682 0.4281952247191011 0.7099719101123596 0.43082865168539325 0.702247191011236 0.43082865168539325 0.6891385767790262 0.43486657303370785 0.6816479400749064 0.4390800561797753 0.6786048689138576 0.4492626404494382 0.6750936329588015 0.456811797752809 0.6767322097378277 0.45997191011235955 0.6748595505617978
0 0.6341292134831461 0.40823970037453183 0.6411516853932584 0.4112827715355805 0.6474719101123596 0.42134831460674155 0.6458918539325843 0.43796816479400746 0.6371137640449438 0.44756554307116103 0.6181530898876404 0.4463951310861423 0.6148174157303371 0.43562734082397003 0.6146418539325843 0.42813670411985016 0.6172752808988764 0.41924157303370785 0.6288623595505618 0.4096441947565543 0.6339536516853933 0.40823970037453183
0 0.4044943820224719 0.6271067415730337 0.42521067415730335 0.6336610486891385 0.4280196629213483 0.6505149812734082 0.42521067415730335 0.6676029962546817 0.4215238764044944 0.6718164794007491 0.41467696629213485 0.6725187265917603 0.4004564606741573 0.6603464419475655 0.3967696629213483 0.6509831460674157 0.3967696629213483 0.6409176029962547 0.4043188202247191 0.6273408239700374
0 0.48542837078651685 0.5959737827715356 0.49139747191011235 0.6013576779026217 0.49473314606741575 0.6095505617977528 0.49525983146067415 0.6228932584269663 0.4884129213483146 0.6338951310861424 0.4808637640449438 0.6362359550561798 0.46980337078651685 0.6301498127340824 0.46822331460674155 0.6109550561797753 0.4703300561797753 0.6018258426966292 0.47349016853932585 0.5987827715355806 0.48525280898876405 0.5959737827715356
1 0.40730337078651685 0.3987195692883895 0.038623595505617975 0.04369616104868913
1 0.41052141853932583 0.4431952247191011 0.04389044943820225 0.03745318352059925
1 0.44212254213483143 0.3971605805243446 0.025163272471910116 0.04525514981273408
1 0.4412447331460674 0.4428066479400749 0.033941362359550566 0.03199204119850187
1 0.44270891853932587 0.5204424157303371 0.033356741573033706 0.048377808988764044
1 0.44241573033707865 0.5625772471910112 0.029260884831460672 0.04057350187265918
1 0.508251404494382 0.5192720037453183 0.02750526685393258 0.03823267790262173
1 0.5076667837078652 0.5602364232209738 0.026334269662921347 0.042134831460674156
1 0.47752808988764045 0.6917134831460674 0.036283356741573035 0.04135533707865168
1 0.5076667837078652 0.6827411048689139 0.026334269662921347 0.03901451310861423
1 0.4766502808988764 0.7334573970037453 0.033356741573033706 0.049936797752808994
1 0.5094224016853933 0.7303370786516854 0.02750526685393258 0.056179775280898875
1 0.5398525280898876 0.7311165730337078 0.028674508426966294 0.0546184456928839
1 0.5340010533707865 0.6823501872659176 0.029845505617977528 0.04291432584269663
1 0.5357566713483146 0.6445060861423221 0.039208216292134834 0.049936797752808994
1 0.5363412921348315 0.6012008426966292 0.031016502808988763 0.04447565543071161
1 0.5383900983146067 0.5598478464419476 0.03160112359550562 0.04603698501872659
1 0.5351702949438202 0.5196629213483146 0.033356741573033706 0.04057350187265918
1 0.563846558988764 0.3920880149812734 0.029845505617977528 0.039794007490636704
1 0.5960323033707865 0.3924789325842697 0.03452773876404494 0.04525514981273408
1 0.5632601825842697 0.43812500000000004 0.031016502808988763 0.04135533707865168
1 0.5954476825842697 0.43500234082397005 0.03218574438202247 0.04603698501872659
1 0.5641379915730337 0.4790894194756554 0.0351123595505618 0.04369616104868913
1 0.5664799859550562 0.5212242509363296 0.033941362359550566 0.03901451310861423
1 0.5942766853932584 0.5181015917602996 0.03452773876404494 0.04057350187265918
1 0.6633304073033708 0.47401685393258425 0.033356741573033706 0.04603698501872659
1 0.6662570224719101 0.5200538389513109 0.029845505617977528 0.0351123595505618
1 0.6650860252808989 0.5598478464419476 0.039208216292134834 0.03823267790262173
1 0.5957391151685393 0.559066011235955 0.033941362359550566 0.04447565543071161
1 0.566186797752809 0.5610182584269663 0.03452773876404494 0.042134831460674156
1 0.5966169241573034 0.5969101123595506 0.04037921348314607 0.04369616104868913
1 0.6334849016853933 0.599250936329588 0.039208216292134834 0.04681647940074907
1 0.6007145365168539 0.6441175093632959 0.04037921348314607 0.04759597378277154
1 0.5658936095505618 0.6413857677902621 0.04564606741573034 0.04057350187265918
1 0.569404845505618 0.6854705056179775 0.036283356741573035 0.033551029962546816
1 0.5726246488764045 0.7272167602996255 0.02750526685393258 0.049936797752808994
1 0.6007145365168539 0.7260463483146068 0.03452773876404494 0.0554002808988764
1 0.6314378511235955 0.7264349250936329 0.038623595505617975 0.056179775280898875
1 0.6656724016853933 0.7276053370786517 0.048572682584269666 0.05383895131086142
1 0.6346558988764045 0.6846910112359551 0.029845505617977528 0.04135533707865168
1 0.6691836376404494 0.6854705056179775 0.047401685393258425 0.039794007490636704