0 0.38395365168539325 0.6493445692883895 0.3941362359550562 0.6582397003745318 0.39712078651685395 0.6683052434456929 0.39571629213483145 0.6788389513108615 0.3909761235955056 0.6851591760299626 0.3844803370786517 0.6882022471910112 0.3730688202247191 0.6837546816479401 0.3706109550561798 0.6687734082397003 0.37219101123595505 0.6603464419475655 0.38377808988764045 0.6493445692883895
0 0.40098314606741575 0.43609550561797755 0.4104634831460674 0.43890449438202245 0.41660814606741575 0.44592696629213485 0.4176615168539326 0.4585674157303371 0.4157303370786517 0.4669943820224719 0.4043188202247191 0.47425093632958804 0.39308286516853935 0.4639513108614232 0.3908005617977528 0.45669475655430714 0.39167837078651685 0.44592696629213485 0.4008075842696629 0.4363295880149813
0 0.5870786516853933 0.4028558052434457 0.5941011235955056 0.40730337078651685 0.5967345505617978 0.4143258426966292 0.5972612359550562 0.42532771535580527 0.5963834269662921 0.43211610486891383 0.5923455056179775 0.43913857677902624 0.5821629213483146 0.44335205992509363 0.5775983146067416 0.4426498127340824 0.5795294943820225 0.43913857677902624 0.5696980337078652 0.42696629213483145 0.5686446629213483 0.41807116104868913 0.5730337078651685 0.4066011235955056 0.5784761235955056 0.4033239700374532 0.5869030898876404 0.4028558052434457
0 0.6170997191011236 0.40777153558052437 0.6276334269662921 0.4164325842696629 0.629564606741573 0.42907303370786515 0.6239466292134831 0.44241573033707865 0.6162219101123596 0.4473314606741573 0.6116573033707865 0.44662921348314605 0.6046348314606742 0.436563670411985 0.602001404494382 0.4229868913857678 0.6069171348314607 0.41151685393258425 0.6121839887640449 0.40777153558052437 0.6169241573033708 0.40777153558052437
0 0.5377457865168539 0.352059925093633 0.5435393258426966 0.3544007490636704 0.5470505617977528 0.35931647940074907 0.5495084269662921 0.37102059925093633 0.5481039325842697 0.37991573033707865 0.5363412921348315 0.3890449438202247 0.5287921348314607 0.3862359550561798 0.5244030898876404 0.3806179775280899 0.5237008426966292 0.3625936329588015 0.5287921348314607 0.35580524344569286 0.5375702247191011 0.352059925093633
0 0.5944522471910112 0.5318352059925093 0.601123595505618 0.5397940074906367 0.602001404494382 0.5538389513108615 0.5955056179775281 0.5662453183520599 0.585498595505618 0.5683520599250936 0.5732092696629213 0.5538389513108615 0.5761938202247191 0.5397940074906367 0.5849719101123596 0.5313670411985019 0.5942766853932584 0.5318352059925093
0 0.36990870786516855 0.3012640449438202 0.37780898876404495 0.3061797752808989 0.38184691011235955 0.31624531835205993 0.37974016853932585 0.33146067415730335 0.3707865168539326 0.336376404494382 0.359375 0.33239700374531833 0.355688202247191 0.32303370786516855 0.3558637640449438 0.3125 0.35867275280898875 0.30547752808988765 0.36973314606741575 0.3012640449438202
0 0.49157303370786515 0.6088483146067416 0.49894662921348315 0.6156367041198502 0.5022823033707865 0.6306179775280899 0.4982443820224719 0.6427902621722846 0.4887640449438202 0.6460674157303371 0.48384831460674155 0.6453651685393258 0.4782303370786517 0.6404494382022472 0.47559691011235955 0.6271067415730337 0.47735252808988765 0.6175093632958801 0.4808637640449438 0.6114232209737828 0.49139747191011235 0.6088483146067416
0 0.40168539325842695 0.30454119850187267 0.4080056179775281 0.30711610486891383 0.41151685393258425 0.311563670411985 0.4143258426966292 0.32467228464419473 0.40888342696629215 0.3352059925093633 0.40133426966292135 0.33824906367041196 0.390625 0.335440074906367 0.38781601123595505 0.3202247191011236 0.39115168539325845 0.3094569288389513 0.40150983146067415 0.30454119850187267
0 0.4961376404494382 0.4349250936329588 0.5054424157303371 0.44288389513108617 0.5068469101123596 0.45575842696629215 0.5015800561797753 0.4674625468164794 0.4959620786516854 0.46980337078651685 0.49104634831460675 0.46980337078651685 0.484375 0.46512172284644193 0.4801615168539326 0.45318352059925093 0.480688202247191 0.44709737827715357 0.484375 0.4396067415730337 0.49104634831460675 0.4349250936329588 0.4959620786516854 0.4349250936329588
0 0.5231741573033708 0.39840823970037453 0.5305477528089888 0.40308988764044945 0.5344101123595506 0.4122191011235955 0.5345856741573034 0.4187734082397004 0.5263342696629213 0.43164794007490637 0.5136938202247191 0.42930711610486894 0.508251404494382 0.41853932584269665 0.5103581460674157 0.40426029962546817 0.5154494382022472 0.3993445692883895 0.522998595505618 0.39840823970037453
0 0.5839185393258427 0.6434925093632958 0.5904143258426966 0.6467696629213483 0.594627808988764 0.6577715355805244 0.59375 0.6694756554307116 0.5905898876404494 0.6781367041198502 0.5862008426966292 0.6821161048689138 0.5725070224719101 0.6767322097378277 0.5668890449438202 0.6685393258426966 0.5672401685393258 0.6577715355805244 0.570751404494382 0.6486423220973783 0.577247191011236 0.6437265917602997 0.5837429775280899 0.6434925093632958
0 0.5235252808988764 0.5969101123595506 0.5296699438202247 0.6015917602996255 0.5328300561797753 0.6074438202247191 0.5337078651685393 0.6198501872659176 0.5293188202247191 0.6303838951310862 0.519311797752809 0.6364700374531835 0.5121137640449438 0.6345973782771536 0.5080758426966292 0.6301498127340824 0.5042134831460674 0.6093164794007491 0.5052668539325843 0.6046348314606742 0.5222963483146067 0.5955056179775281 0.5233497191011236 0.5969101123595506
0 0.46190308988764045 0.31530898876404495 0.47384129213483145 0.31999063670411987 0.4768258426966292 0.33146067415730335 0.47752808988764045 0.3387172284644195 0.47401685393258425 0.3487827715355805 0.4671699438202247 0.35159176029962547 0.46014747191011235 0.35159176029962547 0.45435393258426965 0.34808052434456926 0.44856039325842695 0.337312734082397 0.4513693820224719 0.3211610486891386 0.45646067415730335 0.3157771535580524 0.46172752808988765 0.31530898876404495
0 0.5512640449438202 0.6570692883895131 0.5612710674157303 0.6652621722846442 0.5626755617977528 0.6788389513108615 0.557935393258427 0.68937265917603 0.550561797752809 0.6931179775280899 0.5433637640449438 0.6910112359550562 0.5389747191011236 0.6863295880149812 0.5363412921348315 0.6718164794007491 0.5382724719101124 0.6640917602996255 0.5421348314606742 0.658941947565543 0.5510884831460674 0.6570692883895131
0 0.366748595505618 0.42696629213483145 0.37429775280898875 0.4309456928838951 0.3807935393258427 0.43913857677902624 0.37763342696629215 0.45646067415730335 0.37025983146067415 0.46254681647940077 0.35867275280898875 0.4602059925093633 0.355688202247191 0.45669475655430714 0.3530547752808989 0.44662921348314605 0.3558637640449438 0.4328183520599251 0.36657303370786515 0.42696629213483145
0 0.5607443820224719 0.3169475655430712 0.5684691011235955 0.323501872659176 0.5719803370786517 0.335440074906367 0.5675912921348315 0.34831460674157305 0.557935393258427 0.3539325842696629 0.5479283707865169 0.3476123595505618 0.5456460674157303 0.33497191011235955 0.5516151685393258 0.3202247191011236 0.5605688202247191 0.3169475655430712
0 0.6197331460674157 0.6184456928838952 0.6279845505617978 0.6252340823970037 0.6309691011235955 0.6364700374531835 0.6288623595505618 0.6477059925093633 0.6207865168539326 0.6530898876404494 0.6123595505617978 0.6521535580524345 0.604810393258427 0.6439606741573034 0.6027036516853933 0.6374063670411985 0.6055126404494382 0.6294475655430711 0.6116573033707865 0.6212546816479401 0.6195575842696629 0.6184456928838952
0 0.585498595505618 0.4866573033707865 0.592872191011236 0.4913389513108614 0.5972612359550562 0.5035112359550562 0.5960323033707865 0.5175561797752809 0.5856741573033708 0.5271535580524345 0.5733848314606742 0.5236423220973783 0.5702247191011236 0.5191947565543071 0.5674157303370787 0.5081928838951311 0.5688202247191011 0.49812734082397003 0.5728581460674157 0.49040262172284643 0.5779494382022472 0.487125468164794 0.5853230337078652 0.4866573033707865
0 0.3948384831460674 0.5175561797752809 0.4064255617977528 0.5215355805243446 0.4097612359550562 0.5325374531835206 0.40730337078651685 0.5465823970037453 0.39764747191011235 0.5531367041198502 0.38588483146067415 0.547752808988764 0.3827247191011236 0.5400280898876404 0.38412921348314605 0.5224719101123596 0.3946629213483146 0.5175561797752809
0 0.4046699438202247 0.47869850187265917 0.41274578651685395 0.48431647940074907 0.41309691011235955 0.5023408239700374 0.4101123595505618 0.5098314606741573 0.40115870786516855 0.5145131086142322 0.3890449438202247 0.5067883895131086 0.38728932584269665 0.4911048689138577 0.3888693820224719 0.4845505617977528 0.39378511235955055 0.48057116104868913 0.4044943820224719 0.47869850187265917
0 0.6121839887640449 0.4545880149812734 0.6200842696629213 0.45786516853932585 0.6253511235955056 0.46652621722846443 0.6255266853932584 0.47073970037453183 0.6220154494382022 0.48478464419475653 0.6097261235955056 0.48852996254681647 0.601123595505618 0.48220973782771537 0.5988412921348315 0.4705056179775281 0.6023525280898876 0.45786516853932585 0.6058637640449438 0.45482209737827717 0.6120084269662921 0.4545880149812734
0 0.6185042134831461 0.6544943820224719 0.6235955056179775 0.6563670411985019 0.6271067415730337 0.6610486891385767 0.6302668539325843 0.6706460674157303 0.6309691011235955 0.6811797752808989 0.6269311797752809 0.6926498127340824 0.6169241573033708 0.6970973782771536 0.6113061797752809 0.6961610486891385 0.6044592696629213 0.6900749063670412 0.6009480337078652 0.6823501872659176 0.6000702247191011 0.6720505617977528 0.6016502808988764 0.6638576779026217 0.6055126404494382 0.6575374531835206 0.6128862359550562 0.653558052434457 0.6183286516853933 0.6544943820224719
0 0.5323033707865169 0.31015917602996257 0.5400280898876404 0.3181179775280899 0.5410814606741573 0.3312265917602996 0.5342345505617978 0.3431647940074906 0.5261587078651685 0.3455056179775281 0.5210674157303371 0.3443352059925094 0.5143960674157303 0.33824906367041196 0.5142205056179775 0.32092696629213485 0.520189606741573 0.31226591760299627 0.532127808988764 0.31015917602996257
0 0.6237710674157303 0.36446629213483145 0.6300912921348315 0.36914794007490637 0.6339536516853933 0.38038389513108617 0.6306179775280899 0.39325842696629215 0.6232443820224719 0.399812734082397 0.6091994382022472 0.3977059925093633 0.6058637640449438 0.386938202247191 0.6053370786516854 0.37663857677902624 0.6104283707865169 0.3677434456928839 0.6235955056179775 0.36446629213483145
0 0.36271067415730335 0.6044007490636704 0.3734199438202247 0.6088483146067416 0.37745786516853935 0.6158707865168539 0.3790379213483146 0.6273408239700374 0.3748244382022472 0.6376404494382022 0.36973314606741575 0.6418539325842697 0.36253511235955055 0.6420880149812734 0.3558637640449438 0.6395131086142322 0.35217696629213485 0.6341292134831461 0.35077247191011235 0.6191479400749064 0.3549859550561798 0.608380149812734 0.36253511235955055 0.6046348314606742
0 0.41924157303370785 0.5948033707865169 0.4276685393258427 0.6013576779026217 0.43065308988764045 0.6137640449438202 0.4239817415730337 0.62687265917603 0.41502808988764045 0.6306179775280899 0.4043188202247191 0.6245318352059925 0.4023876404494382 0.6090823970037453 0.40941011235955055 0.5952715355805244 0.41906601123595505 0.5948033707865169
0 0.6234199438202247 0.4901685393258427 0.6309691011235955 0.4964887640449438 0.6346558988764045 0.5072565543071161 0.6334269662921348 0.5187265917602997 0.6239466292134831 0.526685393258427 0.6160463483146067 0.5264513108614233 0.6099016853932584 0.5227059925093633 0.6079705056179775 0.5105337078651685 0.6081460674157303 0.5051498127340824 0.6118328651685393 0.49765917602996257 0.6232443820224719 0.4901685393258427
0 0.4195926966292135 0.6360018726591761 0.4257373595505618 0.6392790262172284 0.42907303370786515 0.6446629213483146 0.4311797752808989 0.661750936329588 0.42872191011235955 0.6673689138576779 0.41853932584269665 0.6750936329588015 0.41134129213483145 0.6750936329588015 0.4080056179775281 0.6718164794007491 0.40905898876404495 0.6683052434456929 0.4044943820224719 0.6633895131086143 0.4027387640449438 0.6530898876404494 0.4039676966292135 0.6446629213483146 0.40747893258426965 0.639747191011236 0.41941713483146065 0.6360018726591761
0 0.36657303370786515 0.3419943820224719 0.3772823033707865 0.3476123595505618 0.38026685393258425 0.35931647940074907 0.3765800561797753 0.3724250936329588 0.3670997191011236 0.3761704119850187 0.3611306179775281 0.37453183520599254 0.3558637640449438 0.36961610486891383 0.3534058988764045 0.36118913857677903 0.3555126404494382 0.34831460674157305 0.3591994382022472 0.34363295880149813 0.36639747191011235 0.3419943820224719
0 0.46014747191011235 0.5994850187265918 0.4683988764044944 0.6044007490636704 0.47191011235955055 0.612125468164794 0.46875 0.6303838951310862 0.4606741573033708 0.6355337078651685 0.44838483146067415 0.6303838951310862 0.4454002808988764 0.6247659176029963 0.444873595505618 0.6177434456928839 0.4487359550561798 0.6036985018726592 0.453125 0.600187265917603 0.45997191011235955 0.5994850187265918
0 0.39975421348314605 0.3443352059925094 0.40747893258426965 0.34831460674157305 0.4122191011235955 0.35931647940074907 0.40958567415730335 0.37312734082397003 0.40098314606741575 0.3796816479400749 0.390625 0.37663857677902624 0.38535814606741575 0.36282771535580527 0.38553370786516855 0.3522940074906367 0.3886938202247191 0.34737827715355807 0.39378511235955055 0.3441011235955056 0.39957865168539325 0.3443352059925094
0 0.35656601123595505 0.6434925093632958 0.3635884831460674 0.6467696629213483 0.37008426966292135 0.6575374531835206 0.3669241573033708 0.673689138576779 0.35832162921348315 0.6802434456928839 0.34831460674157305 0.6776685393258427 0.34375 0.6661985018726592 0.34480337078651685 0.6544943820224719 0.34831460674157305 0.6472378277153558 0.35639044943820225 0.6434925093632958
0 0.6227176966292135 0.5313670411985019 0.6311446629213483 0.5402621722846442 0.6327247191011236 0.5529026217228464 0.629564606741573 0.5627340823970037 0.6202598314606742 0.5681179775280899 0.608497191011236 0.5608614232209738 0.6065660112359551 0.5568820224719101 0.6062148876404494 0.5461142322097379 0.6100772471910112 0.5353464419475655 0.6162219101123596 0.5313670411985019 0.6225421348314607 0.5313670411985019
0 0.5990168539325843 0.5241104868913857 0.6032303370786517 0.528558052434457 0.6053370786516854 0.5360486891385767 0.6032303370786517 0.5608614232209738 0.5956811797752809 0.5692883895131086 0.5862008426966292 0.5713951310861424 0.5783005617977528 0.5697565543071161 0.5756671348314607 0.56062734082397 0.570751404494382 0.5573501872659176 0.5705758426966292 0.5318352059925093 0.5747893258426966 0.5276217228464419 0.5862008426966292 0.5276217228464419 0.5953300561797753 0.5224719101123596 0.5988412921348315 0.5241104868913857
0 0.5021067415730337 0.30758426966292135 0.5087780898876404 0.31203183520599254 0.5124648876404494 0.3211610486891386 0.5084269662921348 0.33707865168539325 0.5028089887640449 0.3408239700374532 0.49280196629213485 0.33965355805243447 0.48771067415730335 0.335440074906367 0.4859550561797753 0.32865168539325845 0.48718398876404495 0.3171816479400749 0.49122191011235955 0.31062734082397003 0.5019311797752809 0.30758426966292135
0 0.6255266853932584 0.5742041198501873 0.6313202247191011 0.5816947565543071 0.6320224719101124 0.5957397003745318 0.6285112359550562 0.6036985018726592 0.620435393258427 0.6079119850187266 0.6128862359550562 0.6065074906367042 0.608497191011236 0.6020599250936329 0.604810393258427 0.5816947565543071 0.6099016853932584 0.574438202247191 0.6253511235955056 0.5742041198501873
0 0.4899929775280899 0.5660112359550562 0.49736657303370785 0.5716292134831461 0.500877808988764 0.5849719101123596 0.4982443820224719 0.5987827715355806 0.488061797752809 0.6020599250936329 0.4785814606741573 0.599250936329588 0.47524578651685395 0.5922284644194756 0.4743679775280899 0.5838014981273408 0.4766502808988764 0.5742041198501873 0.4808637640449438 0.5678838951310862 0.4898174157303371 0.5660112359550562
0 0.36622191011235955 0.5161516853932584 0.3730688202247191 0.5182584269662921 0.3767556179775281 0.5236423220973783 0.3790379213483146 0.5355805243445693 0.3769311797752809 0.5454119850187266 0.37254213483146065 0.5510299625468165 0.36622191011235955 0.5533707865168539 0.3576193820224719 0.549625468164794 0.3530547752808989 0.5362827715355806 0.3530547752808989 0.525749063670412 0.36604634831460675 0.5163857677902621
0 0.40905898876404495 0.39442883895131087 0.41502808988764045 0.39653558052434457 0.41906601123595505 0.4012172284644195 0.4220505617977528 0.4147940074906367 0.4162570224719101 0.42602996254681647 0.40958567415730335 0.4302434456928839 0.4044943820224719 0.4302434456928839 0.39747191011235955 0.4250936329588015 0.3948384831460674 0.41853932584269665 0.3941362359550562 0.40870786516853935 0.4001053370786517 0.3972378277153558 0.40888342696629215 0.39442883895131087
0 0.48156601123595505 0.6467696629213483 0.4938553370786517 0.6526217228464419 0.49719101123595505 0.663623595505618 0.49473314606741575 0.6788389513108615 0.484375 0.6849250936329588 0.47945926966292135 0.6839887640449438 0.4666432584269663 0.6683052434456929 0.47015449438202245 0.6542602996254682 0.4768258426966292 0.6472378277153558 0.48139044943820225 0.6467696629213483
0 0.4508426966292135 0.6381086142322098 0.4608497191011236 0.6444288389513109 0.4629564606741573 0.6544943820224719 0.45646067415730335 0.6690074906367042 0.45031601123595505 0.6750936329588015 0.44645365168539325 0.675561797752809 0.4397823033707865 0.6715823970037453 0.43627106741573035 0.6647940074906367 0.4359199438202247 0.6484082397003745 0.4436446629213483 0.6392790262172284 0.45066713483146065 0.6381086142322098
0 0.6214887640449438 0.48618913857677903 0.629564606741573 0.49063670411985016 0.6365870786516854 0.5058520599250936 0.6339536516853933 0.5191947565543071 0.6279845505617978 0.5264513108614233 0.6234199438202247 0.5283239700374532 0.6125351123595506 0.5278558052434457 0.6027036516853933 0.5198970037453183 0.5986657303370787 0.5121722846441947 0.5998946629213483 0.5014044943820225 0.6049859550561798 0.49297752808988765 0.6135884831460674 0.487125468164794 0.621313202247191 0.48618913857677903
0 0.5909410112359551 0.3607209737827715 0.5997191011235955 0.3703183520599251 0.6002457865168539 0.3838951310861423 0.5955056179775281 0.39396067415730335 0.5860252808988764 0.3981741573033708 0.5770716292134831 0.39396067415730335 0.5733848314606742 0.3874063670411985 0.5716292134831461 0.37663857677902624 0.5747893258426966 0.3663389513108614 0.5846207865168539 0.3607209737827715 0.5907654494382022 0.3607209737827715
0 0.5282654494382022 0.4386704119850187 0.5354634831460674 0.4426498127340824 0.5398525280898876 0.4529494382022472 0.5375702247191011 0.4669943820224719 0.5296699438202247 0.47425093632958804 0.5191362359550562 0.4716760299625468 0.5142205056179775 0.45903558052434457 0.5161516853932584 0.4440543071161049 0.5280898876404494 0.4386704119850187
0 0.433813202247191 0.30852059925093633 0.4410112359550562 0.313436329588015 0.44417134831460675 0.32724719101123595 0.4396067415730337 0.3389513108614232 0.43275983146067415 0.3431647940074906 0.42521067415730335 0.34129213483146065 0.42117275280898875 0.3366104868913858 0.41941713483146065 0.32256554307116103 0.4215238764044944 0.31413857677902624 0.42485955056179775 0.31015917602996257 0.4336376404494382 0.30852059925093633
0 0.6199087078651685 0.32303370786516855 0.6279845505617978 0.3270131086142322 0.6325491573033708 0.3345037453183521 0.6330758426966292 0.3403558052434457 0.6251755617977528 0.3539325842696629 0.6179775280898876 0.3574438202247191 0.6127106741573034 0.3565074906367041 0.608497191011236 0.35252808988764045 0.6051615168539326 0.33590823970037453 0.6097261235955056 0.3267790262172285 0.6197331460674157 0.32303370786516855
0 0.5070224719101124 0.350187265917603 0.5121137640449438 0.35135767790262173 0.516502808988764 0.35580524344569286 0.5198384831460674 0.36282771535580527 0.5196629213483146 0.37008426966292135 0.5166783707865169 0.3813202247191011 0.5126404494382022 0.38764044943820225 0.5017556179775281 0.3937265917602996 0.49859550561797755 0.3913857677902622 0.4984199438202247 0.386938202247191 0.49473314606741575 0.38202247191011235 0.49122191011235955 0.3827247191011236 0.4898174157303371 0.36235955056179775 0.4942064606741573 0.3548689138576779 0.5068469101123596 0.350187265917603
0 0.5577598314606742 0.39115168539325845 0.5642556179775281 0.39747191011235955 0.5660112359550562 0.41058052434456926 0.5626755617977528 0.41853932584269665 0.5545997191011236 0.4234550561797753 0.5500351123595506 0.4234550561797753 0.5435393258426966 0.4190074906367041 0.5402036516853933 0.4075374531835206 0.5435393258426966 0.39396067415730335 0.5500351123595506 0.38974719101123595 0.5575842696629213 0.39115168539325845
0 0.37447331460674155 0.3857677902621723 0.3844803370786517 0.39115168539325845 0.38781601123595505 0.40613295880149813 0.3850070224719101 0.4166666666666667 0.38026685393258425 0.42181647940074907 0.37447331460674155 0.42392322097378277 0.36622191011235955 0.42181647940074907 0.363061797752809 0.41807116104868913 0.35867275280898875 0.4044943820224719 0.35884831460674155 0.4002808988764045 0.36639747191011235 0.3890449438202247 0.37429775280898875 0.3857677902621723
0 0.5926966292134831 0.3192883895131086 0.5988412921348315 0.32303370786516855 0.6028792134831461 0.3300561797752809 0.6039325842696629 0.3408239700374532 0.5986657303370787 0.3539325842696629 0.5890098314606742 0.35931647940074907 0.5812851123595506 0.35767790262172283 0.5754915730337079 0.3522940074906367 0.5739115168539326 0.337312734082397 0.5802317415730337 0.3232677902621723 0.5849719101123596 0.31952247191011235 0.5925210674157303 0.3192883895131086
0 0.37412219101123595 0.5543071161048689 0.3809691011235955 0.5592228464419475 0.383251404494382 0.5742041198501873 0.37798455056179775 0.5875468164794008 0.36973314606741575 0.5924625468164794 0.36271067415730335 0.5919943820224719 0.3591994382022472 0.5884831460674157 0.3551615168539326 0.5814606741573034 0.35463483146067415 0.5706928838951311 0.35691713483146065 0.5608614232209738 0.3656952247191011 0.5552434456928839 0.37394662921348315 0.5543071161048689
0 0.37447331460674155 0.47448501872659177 0.38219803370786515 0.4772940074906367 0.38553370786516855 0.48735955056179775 0.38535814606741575 0.49812734082397003 0.3767556179775281 0.5126404494382022 0.3693820224719101 0.5072565543071161 0.3591994382022472 0.5051498127340824 0.3595505617977528 0.5016385767790262 0.35603932584269665 0.49508426966292135 0.36271067415730335 0.47869850187265917 0.37429775280898875 0.47448501872659177
0 0.5224719101123596 0.6533239700374532 0.5307233146067416 0.6598782771535581 0.5337078651685393 0.6713483146067416 0.5296699438202247 0.6844569288389513 0.522998595505618 0.6891385767790262 0.5126404494382022 0.6858614232209738 0.5084269662921348 0.677434456928839 0.507373595505618 0.6683052434456929 0.5087780898876404 0.6594101123595506 0.5222963483146067 0.6533239700374532
0 0.39396067415730335 0.6392790262172284 0.40150983146067415 0.650749063670412 0.4008075842696629 0.6685393258426966 0.4022120786516854 0.6729868913857678 0.39747191011235955 0.6837546816479401 0.38395365168539325 0.6973314606741573 0.3769311797752809 0.6959269662921348 0.3730688202247191 0.6919475655430711 0.3707865168539326 0.68562734082397 0.36990870786516855 0.6687734082397003 0.37622893258426965 0.6495786516853933 0.39378511235955055 0.6392790262172284
2 0.6437266502808988 0.31210978464419475 0.35336148174157306 0.29545903558052433 0.34047787921348316 0.6847703651685393 0.6335335323033707 0.70018984082397
1 0.43811095505617975 0.37626404494382026 0.0241625702247191 0.029992977528089885
1 0.4692433286516854 0.3770692883895131 0.022055828651685393 0.03160346441947565
1 0.5521365870786517 0.37757256554307117 0.026325491573033707 0.024810393258426964
1 0.43715765449438204 0.4159129213483146 0.021083216292134832 0.0281437265917603
1 0.4677282303370786 0.41691713483146065 0.022535112359550566 0.03015449438202247
1 0.49508426966292135 0.41963249063670416 0.023407654494382025 0.030901217228464416
1 0.5531337780898876 0.4614887640449438 0.020126404494382022 0.03346676029962547
1 0.5823788623595506 0.4638881086142322 0.018923806179775283 0.03514044943820225
1 0.5519891151685393 0.501690074906367 0.02134831460674157 0.0311563670411985
1 0.5795926966292135 0.5807186329588014 0.019204705056179775 0.030039794007490638
1 0.5794943820224719 0.6217041198501873 0.02017731741573034 0.02773876404494382
1 0.5481408005617978 0.6195997191011235 0.021845154494382023 0.025093632958801498
1 0.5485568820224719 0.5790613295880149 0.020335323033707865 0.029845505617977528
1 0.5501035814606742 0.5400983146067416 0.021084971910112358 0.03150749063670412
1 0.517715941011236 0.5795997191011236 0.021853932584269663 0.02936329588014981
1 0.5197893258426965 0.5369733146067416 0.020149227528089887 0.031498127340823974
1 0.5207092696629213 0.4982701310861424 0.02081987359550562 0.03524110486891386
1 0.49296874999999996 0.49825374531835204 0.027370084269662923 0.03364700374531836
1 0.4914747191011236 0.5360135767790262 0.02555301966292135 0.03582162921348315
1 0.4617924859550562 0.5737406367041199 0.02470856741573034 0.030128745318352062
1 0.4305512640449438 0.5741573033707865 0.023088132022471907 0.030962078651685397
1 0.39834620786516856 0.6113506554307117 0.01602879213483146 0.027319756554307115
1 0.40144838483146067 0.5726404494382022 0.019889396067415733 0.029485018726591757
1 0.43349367977528086 0.5355828651685394 0.021950491573033706 0.028717228464419476
1 0.46266853932584273 0.5342111423220974 0.025291432584269663 0.035337078651685394
1 0.46521418539325843 0.497310393258427 0.023358497191011237 0.03019897003745318
1 0.46709445224719104 0.4585369850187266 0.02126931179775281 0.03224016853932584
1 0.43662921348314604 0.455559456928839 0.021200842696629214 0.02941011235955056
1 0.43419943820224716 0.49439138576779024 0.02218925561797753 0.030603932584269664