2 0.22705986657303373 0.4970348782771536 0.7338483146067416 0.5087389981273408 0.7326778441011236 0.7295568820224719 0.21828177668539328 0.7256554307116105
0 0.644311797752809 0.6685393258426966 0.6550210674157303 0.6739232209737828 0.6587078651685393 0.6788389513108615 0.6616924157303371 0.6896067415730337 0.6620435393258427 0.6999063670411985 0.6601123595505618 0.7064606741573034 0.6502808988764045 0.7139513108614233 0.6437851123595506 0.713249063670412 0.636060393258427 0.7064606741573034 0.632373595505618 0.699438202247191 0.6302668539325843 0.68562734082397 0.633251404494382 0.6762640449438202 0.6372893258426966 0.6713483146067416 0.6441362359550562 0.6685393258426966
0 0.7101474719101124 0.5917602996254682 0.7220856741573034 0.5933988764044944 0.7252457865168539 0.6044007490636704 0.7257724719101124 0.6168071161048689 0.7240168539325843 0.6235955056179775 0.7183988764044944 0.6313202247191011 0.7136587078651685 0.6331928838951311 0.6961025280898876 0.6315543071161048 0.6939957865168539 0.62312734082397 0.6962780898876404 0.6135299625468165 0.6952247191011236 0.6022940074906367 0.7013693820224719 0.5933988764044944 0.7099719101123596 0.5917602996254682
0 0.35252808988764045 0.6683052434456929 0.35849719101123595 0.6750936329588015 0.3551615168539326 0.6830524344569289 0.35481039325842695 0.6961610486891385 0.36042837078651685 0.7139513108614233 0.3553370786516854 0.7237827715355806 0.3491924157303371 0.7270599250936329 0.33110955056179775 0.7172284644194756 0.32549157303370785 0.7059925093632958 0.328125 0.6858614232209738 0.33110955056179775 0.6800093632958801 0.34901685393258425 0.6683052434456929 0.35235252808988765 0.6683052434456929
0 0.6234199438202247 0.5067883895131086 0.6313202247191011 0.5140449438202247 0.633251404494382 0.5332397003745318 0.6311446629213483 0.5393258426966292 0.6265800561797753 0.5440074906367042 0.6190308988764045 0.5461142322097379 0.6074438202247191 0.5428370786516854 0.6016502808988764 0.5332397003745318 0.6012991573033708 0.522003745318352 0.6049859550561798 0.5124063670411985 0.6090238764044944 0.5086610486891385 0.6232443820224719 0.5067883895131086
0 0.5300210674157303 0.672752808988764 0.5366924157303371 0.6818820224719101 0.5405547752808989 0.6996722846441947 0.5366924157303371 0.7134831460674157 0.5261587078651685 0.7202715355805244 0.5159761235955056 0.7174625468164794 0.5117626404494382 0.711376404494382 0.5093047752808989 0.701310861423221 0.5094803370786517 0.6879681647940075 0.5122893258426966 0.6807116104868914 0.5247542134831461 0.6732209737827716 0.5298455056179775 0.672752808988764
0 0.616748595505618 0.5901217228464419 0.6265800561797753 0.5938670411985019 0.6337780898876404 0.6090823970037453 0.6320224719101124 0.6240636704119851 0.6202598314606742 0.6322565543071161 0.6127106741573034 0.6313202247191011 0.6049859550561798 0.6228932584269663 0.6009480337078652 0.6008895131086143 0.6016502808988764 0.5945692883895131 0.604810393258427 0.5912921348314607 0.6165730337078652 0.5901217228464419
0 0.557935393258427 0.5063202247191011 0.5660112359550562 0.5112359550561798 0.5691713483146067 0.5205992509363296 0.5693469101123596 0.5330056179775281 0.5623244382022472 0.5440074906367042 0.5516151685393258 0.5468164794007491 0.5449438202247191 0.5440074906367042 0.5419592696629213 0.5397940074906367 0.5393258426966292 0.5332397003745318 0.5402036516853933 0.5224719101123596 0.543188202247191 0.5102996254681648 0.5486306179775281 0.5070224719101124 0.5577598314606742 0.5063202247191011
0 0.6197331460674157 0.6336610486891385 0.6311446629213483 0.6390449438202247 0.6376404494382022 0.6472378277153558 0.6402738764044944 0.6594101123595506 0.6357092696629213 0.6732209737827716 0.6300912921348315 0.6793071161048689 0.6260533707865169 0.6797752808988764 0.6090238764044944 0.6671348314606742 0.6055126404494382 0.6547284644194756 0.605688202247191 0.6437265917602997 0.6111306179775281 0.6362359550561798 0.6195575842696629 0.6338951310861424
0 0.6132373595505618 0.6729868913857678 0.6271067415730337 0.6814138576779026 0.6311446629213483 0.6917134831460674 0.6300912921348315 0.7066947565543071 0.6232443820224719 0.7151217228464419 0.6197331460674157 0.7162921348314607 0.6095505617977528 0.7134831460674157 0.601123595505618 0.6999063670411985 0.6014747191011236 0.6790730337078652 0.6058637640449438 0.6734550561797753 0.613061797752809 0.6729868913857678
0 0.2870435393258427 0.487125468164794 0.29020365168539325 0.4901685393258427 0.28809691011235955 0.499063670411985 0.29353932584269665 0.512874531835206 0.2947682584269663 0.5330056179775281 0.2830056179775281 0.5498595505617978 0.27633426966292135 0.5512640449438202 0.26843398876404495 0.5465823970037453 0.26457162921348315 0.5294943820224719 0.26422050561797755 0.5156835205992509 0.26896067415730335 0.5053838951310862 0.27879213483146065 0.49812734082397003 0.2794943820224719 0.48782771535580527 0.2868679775280899 0.487125468164794
0 0.5347612359550562 0.6292134831460674 0.5412570224719101 0.6430243445692884 0.539501404494382 0.6577715355805244 0.5337078651685393 0.6657303370786517 0.5159761235955056 0.6748595505617978 0.5121137640449438 0.6741573033707865 0.5084269662921348 0.6685393258426966 0.5114115168539326 0.6558988764044944 0.5105337078651685 0.636938202247191 0.5163272471910112 0.6294475655430711 0.5345856741573034 0.6292134831460674
0 0.4023876404494382 0.5042134831460674 0.4120435393258427 0.5086610486891385 0.4157303370786517 0.5213014981273408 0.41537921348314605 0.5360486891385767 0.40941011235955055 0.5437734082397003 0.40519662921348315 0.5451779026217228 0.39308286516853935 0.5435393258426966 0.38939606741573035 0.5397940074906367 0.3871137640449438 0.5311329588014981 0.3886938202247191 0.5114700374531835 0.3965941011235955 0.5049157303370787 0.4022120786516854 0.5042134831460674
0 0.2659761235955056 0.6357677902621723 0.28370786516853935 0.6367041198501873 0.2887991573033708 0.6406835205992509 0.2930126404494382 0.6514513108614233 0.28967696629213485 0.6640917602996255 0.27615870786516855 0.6734550561797753 0.26878511235955055 0.6725187265917603 0.26070926966292135 0.6643258426966292 0.26228932584269665 0.6399812734082397 0.2658005617977528 0.6357677902621723
0 0.5965589887640449 0.6336610486891385 0.6030547752808989 0.6409176029962547 0.6065660112359551 0.6683052434456929 0.6016502808988764 0.6750936329588015 0.5956811797752809 0.677434456928839 0.5802317415730337 0.6694756554307116 0.5730337078651685 0.6540262172284644 0.5767205056179775 0.6371722846441947 0.5812851123595506 0.6345973782771536 0.5963834269662921 0.6336610486891385
0 0.710498595505618 0.5507958801498127 0.7236657303370787 0.5561797752808989 0.7275280898876404 0.5636704119850188 0.7273525280898876 0.5786516853932584 0.7203300561797753 0.5896535580524345 0.7168188202247191 0.5915262172284644 0.7034761235955056 0.589185393258427 0.6945224719101124 0.5812265917602997 0.694873595505618 0.5648408239700374 0.6976825842696629 0.5561797752808989 0.7027738764044944 0.5514981273408239 0.7103230337078652 0.5507958801498127
0 0.49877106741573035 0.49976591760299627 0.5086025280898876 0.5114700374531835 0.5087780898876404 0.5264513108614233 0.5052668539325843 0.535814606741573 0.4956109550561798 0.5421348314606742 0.48349719101123595 0.5388576779026217 0.4787570224719101 0.5327715355805244 0.4747191011235955 0.5217696629213483 0.4784058988764045 0.5081928838951311 0.4882373595505618 0.5004681647940075 0.49859550561797755 0.49976591760299627
0 0.5867275280898876 0.5901217228464419 0.5967345505617978 0.5948033707865169 0.6034058988764045 0.6090823970037453 0.6027036516853933 0.6228932584269663 0.5960323033707865 0.6315543071161048 0.5895365168539326 0.6336610486891385 0.5812851123595506 0.6320224719101124 0.5739115168539326 0.6254681647940075 0.5700491573033708 0.612125468164794 0.5704002808988764 0.6025280898876404 0.5730337078651685 0.5957397003745318 0.5777738764044944 0.591058052434457 0.5865519662921348 0.5901217228464419
0 0.3160112359550562 0.6713483146067416 0.32145365168539325 0.6718164794007491 0.32689606741573035 0.6786048689138576 0.3279494382022472 0.68562734082397 0.3246137640449438 0.704119850187266 0.3205758426966292 0.7099719101123596 0.29740168539325845 0.714185393258427 0.2909058988764045 0.7064606741573034 0.2933637640449438 0.6947565543071161 0.30389747191011235 0.6739232209737828 0.31583567415730335 0.6713483146067416
0 0.6237710674157303 0.5491573033707865 0.6302668539325843 0.5566479400749064 0.6336025280898876 0.574438202247191 0.6307935393258427 0.5842696629213483 0.6232443820224719 0.5901217228464419 0.6120084269662921 0.5889513108614233 0.6060393258426966 0.5854400749063671 0.5990168539325843 0.5711610486891385 0.5984901685393258 0.5657771535580525 0.6007724719101124 0.5566479400749064 0.605688202247191 0.5510299625468165 0.6235955056179775 0.5491573033707865
0 0.4257373595505618 0.5011704119850188 0.444873595505618 0.5084269662921348 0.44785814606741575 0.5161516853932584 0.44838483146067415 0.5292602996254682 0.44592696629213485 0.5397940074906367 0.4396067415730337 0.5449438202247191 0.43240870786516855 0.5465823970037453 0.42485955056179775 0.5451779026217228 0.42099719101123595 0.5407303370786517 0.41485252808988765 0.5175561797752809 0.4180126404494382 0.5051498127340824 0.425561797752809 0.5011704119850188
0 0.676439606741573 0.5475187265917603 0.6925912921348315 0.5489232209737828 0.6961025280898876 0.5561797752808989 0.6899578651685393 0.5819288389513109 0.6862710674157303 0.586376404494382 0.6788974719101124 0.589185393258427 0.6666081460674157 0.586376404494382 0.6639747191011236 0.5821629213483146 0.6634480337078652 0.5566479400749064 0.668188202247191 0.5500936329588015 0.6762640449438202 0.5475187265917603
0 0.26457162921348315 0.6711142322097379 0.27247191011235955 0.6750936329588015 0.2868679775280899 0.6711142322097379 0.2952949438202247 0.6769662921348315 0.29582162921348315 0.6825842696629213 0.28967696629213485 0.7064606741573034 0.27984550561797755 0.7127808988764045 0.26896067415730335 0.7088014981273408 0.258251404494382 0.6889044943820225 0.25860252808988765 0.6772003745318352 0.2621137640449438 0.6711142322097379 0.26439606741573035 0.6711142322097379
0 0.27036516853932585 0.5926966292134831 0.2854634831460674 0.5945692883895131 0.2891502808988764 0.5971441947565543 0.2909058988764045 0.6022940074906367 0.2926615168539326 0.6196161048689138 0.2914325842696629 0.6240636704119851 0.28441011235955055 0.6320224719101124 0.2773876404494382 0.6348314606741573 0.26808286516853935 0.6336610486891385 0.2601825842696629 0.6200842696629213 0.25877808988764045 0.599250936329588 0.2654494382022472 0.5924625468164794 0.27018960674157305 0.5926966292134831
0 0.31144662921348315 0.587312734082397 0.3200491573033708 0.591058052434457 0.32724719101123595 0.5990168539325843 0.32917837078651685 0.6060393258426966 0.320751404494382 0.6228932584269663 0.3089887640449438 0.62687265917603 0.30021067415730335 0.6261704119850188 0.29617275280898875 0.6226591760299626 0.2930126404494382 0.6158707865168539 0.29213483146067415 0.6015917602996255 0.29968398876404495 0.5912921348314607 0.31127106741573035 0.587312734082397
0 0.4396067415730337 0.6704119850187266 0.44645365168539325 0.6757958801498127 0.4468047752808989 0.6977996254681648 0.4434691011235955 0.713249063670412 0.4336376404494382 0.7186329588014981 0.4241573033707865 0.7169943820224719 0.4183637640449438 0.7097378277153558 0.41678370786516855 0.6999063670411985 0.4178370786516854 0.6900749063670412 0.4197682584269663 0.6821161048689138 0.42872191011235955 0.6720505617977528 0.4394311797752809 0.6704119850187266
0 0.5017556179775281 0.6343632958801498 0.5091292134831461 0.6409176029962547 0.511060393258427 0.6544943820224719 0.5070224719101124 0.6669007490636704 0.49912219101123595 0.6725187265917603 0.4878862359550562 0.6701779026217228 0.48332162921348315 0.6633895131086143 0.4822682584269663 0.6568352059925093 0.4864817415730337 0.6395131086142322 0.5015800561797753 0.6343632958801498
0 0.46348314606741575 0.49836142322097376 0.476123595505618 0.5084269662921348 0.47577247191011235 0.5245786516853933 0.4780547752808989 0.5365168539325843 0.4745435393258427 0.5421348314606742 0.46875 0.5444756554307116 0.45628511235955055 0.5414325842696629 0.45224719101123595 0.535814606741573 0.44856039325842695 0.5205992509363296 0.4490870786516854 0.5051498127340824 0.45646067415730335 0.4988295880149813 0.4633075842696629 0.49836142322097376
0 0.43293539325842695 0.547752808988764 0.4394311797752809 0.5500936329588015 0.4429424157303371 0.5550093632958801 0.44610252808988765 0.5718632958801498 0.43890449438202245 0.5852059925093633 0.43223314606741575 0.589185393258427 0.4197682584269663 0.5849719101123596 0.4155547752808989 0.5739700374531835 0.41695926966292135 0.5559456928838952 0.42485955056179775 0.5491573033707865 0.43275983146067415 0.547752808988764
0 0.49508426966292135 0.6734550561797753 0.5015800561797753 0.6741573033707865 0.5050912921348315 0.6776685393258427 0.5084269662921348 0.6884363295880149 0.5052668539325843 0.7064606741573034 0.4998244382022472 0.7134831460674157 0.49525983146067415 0.7153558052434457 0.484375 0.7125468164794008 0.47945926966292135 0.7045880149812734 0.47770365168539325 0.6926498127340824 0.48103932584269665 0.6783707865168539 0.48771067415730335 0.6729868913857678 0.49490870786516855 0.6734550561797753
0 0.4643609550561798 0.5456460674157303 0.47173455056179775 0.5491573033707865 0.4766502808988764 0.5620318352059925 0.4729634831460674 0.5809925093632958 0.46400983146067415 0.5856741573033708 0.453125 0.5833333333333334 0.4492626404494382 0.5784176029962547 0.4476825842696629 0.5564138576779026 0.453125 0.5482209737827716 0.46418539325842695 0.5456460674157303
0 0.4123946629213483 0.5870786516853933 0.4162570224719101 0.5903558052434457 0.41924157303370785 0.598314606741573 0.41660814606741575 0.6125936329588015 0.4097612359550562 0.6238295880149812 0.39782303370786515 0.6294475655430711 0.390625 0.6273408239700374 0.38606039325842695 0.6224250936329588 0.3830758426966292 0.6132958801498127 0.383251404494382 0.6022940074906367 0.3886938202247191 0.5919943820224719 0.39378511235955055 0.5875468164794008 0.4122191011235955 0.5870786516853933
0 0.4043188202247191 0.5456460674157303 0.41116573033707865 0.549625468164794 0.4157303370786517 0.5573501872659176 0.4159058988764045 0.5681179775280899 0.4120435393258427 0.5807584269662921 0.40133426966292135 0.586376404494382 0.38728932584269665 0.5826310861423221 0.38395365168539325 0.5650749063670412 0.38535814606741575 0.5554775280898876 0.3904494382022472 0.5498595505617978 0.4041432584269663 0.5456460674157303
0 0.30793539325842695 0.5475187265917603 0.32285814606741575 0.5517322097378277 0.32531601123595505 0.5554775280898876 0.32110252808988765 0.5828651685393258 0.3179424157303371 0.5859082397003745 0.304248595505618 0.5877808988764045 0.29441713483146065 0.5847378277153558 0.29213483146067415 0.5760767790262172 0.29178370786516855 0.56062734082397 0.2966994382022472 0.5514981273408239 0.30775983146067415 0.5475187265917603
0 0.6409761235955056 0.5905898876404494 0.6588834269662921 0.5919943820224719 0.6652036516853933 0.5990168539325843 0.659936797752809 0.6264044943820225 0.6520365168539326 0.6338951310861424 0.647998595505618 0.6345973782771536 0.6365870786516854 0.6315543071161048 0.6339536516853933 0.6266385767790262 0.6334269662921348 0.6020599250936329 0.6300912921348315 0.5948033707865169 0.6408005617977528 0.5905898876404494
0 0.6873244382022472 0.5922284644194756 0.6946980337078652 0.6013576779026217 0.6975070224719101 0.613061797752809 0.6938202247191011 0.625 0.6857443820224719 0.6299157303370787 0.6660814606741573 0.6273408239700374 0.6630969101123596 0.62312734082397 0.6685393258426966 0.5959737827715356 0.6767907303370787 0.5919943820224719 0.6871488764044944 0.5922284644194756
0 0.5005266853932584 0.5498595505617978 0.5064957865168539 0.5603932584269663 0.5068469101123596 0.5781835205992509 0.5024578651685393 0.5877808988764045 0.4940308988764045 0.5917602996254682 0.484375 0.5908239700374532 0.4799859550561798 0.5847378277153558 0.47717696629213485 0.5749063670411985 0.47787921348314605 0.5639044943820225 0.47981039325842695 0.5571161048689138 0.48771067415730335 0.5503277153558053 0.5003511235955056 0.5498595505617978
0 0.6652036516853933 0.6687734082397003 0.6778441011235955 0.6776685393258427 0.6876755617977528 0.6802434456928839 0.6927668539325843 0.6898408239700374 0.6925912921348315 0.7062265917602997 0.6876755617977528 0.713249063670412 0.6824087078651685 0.7158239700374532 0.6713483146067416 0.7134831460674157 0.6634480337078652 0.7027153558052435 0.6597612359550562 0.6748595505617978 0.6650280898876404 0.6687734082397003
0 0.36973314606741575 0.5889513108614233 0.3804424157303371 0.5985486891385767 0.38167134831460675 0.6128277153558053 0.37201544943820225 0.6278089887640449 0.36025280898876405 0.6327247191011236 0.34901685393258425 0.6266385767790262 0.34620786516853935 0.6156367041198502 0.34673455056179775 0.6058052434456929 0.34901685393258425 0.5994850187265918 0.3558637640449438 0.5924625468164794 0.36271067415730335 0.5889513108614233 0.3695575842696629 0.5889513108614233
0 0.4884129213483146 0.5926966292134831 0.5017556179775281 0.5941011235955056 0.5079002808988764 0.6072097378277154 0.508251404494382 0.6168071161048689 0.5056179775280899 0.6266385767790262 0.5019311797752809 0.6315543071161048 0.49490870786516855 0.6341292134831461 0.4841994382022472 0.6313202247191011 0.47752808988764045 0.6165730337078652 0.4805126404494382 0.5990168539325843 0.4882373595505618 0.5926966292134831
0 0.4527738764044944 0.5849719101123596 0.46787219101123595 0.5894194756554307 0.4748946629213483 0.6020599250936329 0.4722612359550562 0.6196161048689138 0.456811797752809 0.6285112359550562 0.4527738764044944 0.6285112359550562 0.444873595505618 0.6219569288389513 0.4371488764044944 0.5997191011235955 0.4378511235955056 0.5919943820224719 0.44066011235955055 0.5880149812734082 0.45259831460674155 0.5849719101123596
0 0.3769311797752809 0.6289794007490637 0.3844803370786517 0.6362359550561798 0.38588483146067415 0.6451310861423221 0.38412921348314605 0.6542602996254682 0.37763342696629215 0.665496254681648 0.3632373595505618 0.6732209737827716 0.35445926966292135 0.6659644194756554 0.35235252808988765 0.660814606741573 0.3535814606741573 0.6441947565543071 0.359375 0.6357677902621723 0.3767556179775281 0.6289794007490637
0 0.37008426966292135 0.5456460674157303 0.3807935393258427 0.5517322097378277 0.38395365168539325 0.5571161048689138 0.38184691011235955 0.5838014981273408 0.3734199438202247 0.5896535580524345 0.35884831460674155 0.5868445692883895 0.3553370786516854 0.5819288389513109 0.3539325842696629 0.5746722846441947 0.3532303370786517 0.5561797752808989 0.35481039325842695 0.5503277153558053 0.3628862359550562 0.5451779026217228 0.36990870786516855 0.5456460674157303
0 0.34252106741573035 0.6322565543071161 0.34849016853932585 0.6329588014981273 0.3532303370786517 0.6390449438202247 0.3516502808988764 0.6615168539325843 0.34655898876404495 0.6685393258426966 0.33848314606741575 0.6741573033707865 0.33128511235955055 0.6732209737827716 0.32356039325842695 0.6678370786516854 0.32127808988764045 0.6537921348314607 0.32303370786516855 0.6439606741573034 0.32724719101123595 0.6367041198501873 0.34234550561797755 0.6322565543071161
0 0.586376404494382 0.5058520599250936 0.5962078651685393 0.5107677902621723 0.6004213483146067 0.522003745318352 0.5988412921348315 0.5360486891385767 0.5935744382022472 0.5435393258426966 0.5884831460674157 0.5461142322097379 0.5777738764044944 0.5433052434456929 0.5709269662921348 0.5297284644194756 0.5726825842696629 0.511938202247191 0.5760182584269663 0.5081928838951311 0.5862008426966292 0.5058520599250936
0 0.3769311797752809 0.6666666666666666 0.3827247191011236 0.6694756554307116 0.386938202247191 0.6786048689138576 0.3850070224719101 0.6970973782771536 0.3806179775280899 0.7066947565543071 0.36973314606741575 0.7130149812734082 0.36271067415730335 0.7118445692883895 0.35884831460674155 0.7073970037453183 0.355688202247191 0.6963951310861424 0.3558637640449438 0.6865636704119851 0.3634129213483146 0.6743913857677902 0.3767556179775281 0.6666666666666666
0 0.7099719101123596 0.6334269662921348 0.7203300561797753 0.6376404494382022 0.7273525280898876 0.6441947565543071 0.7294592696629213 0.6591760299625468 0.7271769662921348 0.6683052434456929 0.7168188202247191 0.6760299625468165 0.706811797752809 0.6734550561797753 0.699438202247191 0.6661985018726592 0.695751404494382 0.6437265917602997 0.7008426966292135 0.6367041198501873 0.7097963483146067 0.6336610486891385
0 0.24947331460674158 0.5037453183520599 0.2561446629213483 0.5063202247191011 0.26246488764044945 0.5142790262172284 0.2636938202247191 0.5273876404494382 0.2612359550561798 0.5365168539325843 0.24877106741573032 0.5440074906367042 0.23876404494382023 0.5433052434456929 0.23191713483146068 0.5397940074906367 0.22735252808988765 0.5306647940074907 0.2266502808988764 0.5215355805243446 0.22981039325842698 0.511938202247191 0.2341994382022472 0.5070224719101124 0.24122191011235955 0.5037453183520599 0.24929775280898878 0.5037453183520599
0 0.44013342696629215 0.6228932584269663 0.45014044943820225 0.6282771535580525 0.4534761235955056 0.6343632958801498 0.44662921348314605 0.6610486891385767 0.44013342696629215 0.6657303370786517 0.4334620786516854 0.6669007490636704 0.4216994382022472 0.6610486891385767 0.41889044943820225 0.6512172284644194 0.4197682584269663 0.6420880149812734 0.4216994382022472 0.6336610486891385 0.42679073033707865 0.6264044943820225 0.43995786516853935 0.6228932584269663
0 0.2542134831460674 0.6266385767790262 0.2601825842696629 0.6310861423220974 0.2615870786516854 0.6367041198501873 0.2598314606741573 0.6610486891385767 0.24122191011235955 0.6701779026217228 0.23771067415730338 0.6694756554307116 0.230688202247191 0.6612827715355806 0.23349719101123595 0.6355337078651685 0.23753511235955055 0.6315543071161048 0.2540379213483146 0.6266385767790262
0 0.30372191011235955 0.4901685393258427 0.3063553370786517 0.49180711610486894 0.30933988764044945 0.5002340823970037 0.319873595505618 0.5046816479400749 0.32514044943820225 0.5112359550561798 0.324438202247191 0.5271535580524345 0.3261938202247191 0.5407303370786517 0.31776685393258425 0.5468164794007491 0.31109550561797755 0.5470505617977528 0.3065308988764045 0.5447097378277154 0.29634831460674155 0.5327715355805244 0.29547050561797755 0.516619850187266 0.29985955056179775 0.5053838951310862 0.2972261235955056 0.4948501872659176 0.30354634831460675 0.49040262172284643
0 0.530372191011236 0.499063670411985 0.5345856741573034 0.5009363295880149 0.5400280898876404 0.5084269662921348 0.5398525280898876 0.5222378277153558 0.5338834269662921 0.5383895131086143 0.5280898876404494 0.5433052434456929 0.5191362359550562 0.5449438202247191 0.5089536516853933 0.5362827715355806 0.5098314606741573 0.5114700374531835 0.5158005617977528 0.5037453183520599 0.5301966292134831 0.499063670411985
0 0.5642556179775281 0.5465823970037453 0.5716292134831461 0.5482209737827716 0.5740870786516854 0.5522003745318352 0.5760182584269663 0.5662453183520599 0.5746137640449438 0.577247191011236 0.5679424157303371 0.5875468164794008 0.5537219101123596 0.5926966292134831 0.5495084269662921 0.5919943820224719 0.5435393258426966 0.584503745318352 0.5433637640449438 0.5639044943820225 0.5454705056179775 0.5566479400749064 0.5502106741573034 0.5510299625468165 0.5640800561797753 0.5465823970037453
0 0.6685393258426966 0.6292134831460674 0.6927668539325843 0.6404494382022472 0.6971558988764045 0.6547284644194756 0.6976825842696629 0.6650280898876404 0.6939957865168539 0.6732209737827716 0.6894311797752809 0.677434456928839 0.6788974719101124 0.6762640449438202 0.6732794943820225 0.6729868913857678 0.6576544943820225 0.650749063670412 0.6583567415730337 0.636938202247191 0.6632724719101124 0.6301498127340824 0.6683637640449438 0.6292134831460674
0 0.47173455056179775 0.6257022471910112 0.47735252808988765 0.6273408239700374 0.4784058988764045 0.6301498127340824 0.48156601123595505 0.6432584269662921 0.4808637640449438 0.6577715355805244 0.4780547752808989 0.6645599250936329 0.47191011235955055 0.6694756554307116 0.4610252808988764 0.6715823970037453 0.45172050561797755 0.6580056179775281 0.4515449438202247 0.6439606741573034 0.45804073033707865 0.6296816479400749 0.47155898876404495 0.6257022471910112
0 0.37377106741573035 0.5051498127340824 0.38360252808988765 0.5098314606741573 0.3864115168539326 0.5187265917602997 0.3851825842696629 0.5369850187265918 0.3804424157303371 0.5435393258426966 0.3746488764044944 0.5456460674157303 0.36060393258426965 0.5407303370786517 0.3551615168539326 0.5297284644194756 0.3590238764044944 0.5107677902621723 0.36604634831460675 0.5058520599250936 0.37359550561797755 0.5051498127340824
0 0.31197331460674155 0.6280430711610487 0.31969803370786515 0.6301498127340824 0.32514044943820225 0.6374063670411985 0.3226825842696629 0.6451310861423221 0.32127808988764045 0.6647940074906367 0.316186797752809 0.6699438202247191 0.3109199438202247 0.6711142322097379 0.30354634831460675 0.6701779026217228 0.29582162921348315 0.6610486891385767 0.2926615168539326 0.6434925093632958 0.2991573033707865 0.6299157303370787 0.31179775280898875 0.6280430711610487
0 0.2482443820224719 0.587312734082397 0.2575491573033708 0.5922284644194756 0.258251404494382 0.6191479400749064 0.25509129213483145 0.6240636704119851 0.23858848314606743 0.6296816479400749 0.23156601123595505 0.6266385767790262 0.22735252808988765 0.6203183520599251 0.2266502808988764 0.6020599250936329 0.23332162921348315 0.5919943820224719 0.2403441011235955 0.5880149812734082 0.2480688202247191 0.587312734082397
0 0.6518609550561798 0.5489232209737828 0.6625702247191011 0.5557116104868914 0.6652036516853933 0.5720973782771536 0.6620435393258427 0.5849719101123596 0.6513342696629213 0.589185393258427 0.6441362359550562 0.588249063670412 0.6357092696629213 0.5816947565543071 0.6327247191011236 0.5538389513108615 0.6402738764044944 0.5491573033707865 0.651685393258427 0.5489232209737828
0 0.41081460674157305 0.6645599250936329 0.41853932584269665 0.6753277153558053 0.4162570224719101 0.6968632958801498 0.4085323033707865 0.7099719101123596 0.40150983146067415 0.7139513108614233 0.390625 0.7109082397003745 0.38553370786516855 0.7031835205992509 0.38781601123595505 0.6786048689138576 0.40098314606741575 0.6661985018726592 0.4106390449438202 0.6645599250936329
0 0.5833918539325843 0.6734550561797753 0.5981390449438202 0.6821161048689138 0.6009480337078652 0.699438202247191 0.5967345505617978 0.7127808988764045 0.5893609550561798 0.7174625468164794 0.5768960674157303 0.7134831460674157 0.5700491573033708 0.697565543071161 0.5705758426966292 0.6814138576779026 0.5777738764044944 0.6743913857677902 0.5832162921348315 0.6734550561797753
0 0.7089185393258427 0.6750936329588015 0.7206811797752809 0.6800093632958801 0.7273525280898876 0.6896067415730337 0.7273525280898876 0.7104400749063671 0.7229634831460674 0.7169943820224719 0.7171699438202247 0.7202715355805244 0.7099719101123596 0.7193352059925093 0.703125 0.7148876404494382 0.6945224719101124 0.6996722846441947 0.6954002808988764 0.6804775280898876 0.7001404494382022 0.6762640449438202 0.7087429775280899 0.6750936329588015
0 0.5191362359550562 0.5870786516853933 0.5317766853932584 0.5901217228464419 0.5365168539325843 0.5966760299625468 0.5393258426966292 0.608380149812734 0.5377457865168539 0.6210205992509363 0.5294943820224719 0.6287453183520599 0.5168539325842697 0.6287453183520599 0.5135182584269663 0.6264044943820225 0.5096558988764045 0.6161048689138576 0.5093047752808989 0.6020599250936329 0.5129915730337079 0.5919943820224719 0.5189606741573034 0.587312734082397
0 0.3421699438202247 0.5042134831460674 0.35217696629213485 0.5088951310861424 0.355688202247191 0.5152153558052435 0.3558637640449438 0.5210674157303371 0.35077247191011235 0.5393258426966292 0.3419943820224719 0.5451779026217228 0.33497191011235955 0.5449438202247191 0.328125 0.540496254681648 0.324438202247191 0.5294943820224719 0.32759831460674155 0.5093632958801498 0.33479634831460675 0.5046816479400749 0.3419943820224719 0.5042134831460674
0 0.7103230337078652 0.5084269662921348 0.7210323033707865 0.5117041198501873 0.7264747191011236 0.5187265917602997 0.7285814606741573 0.5259831460674157 0.7275280898876404 0.5400280898876404 0.7176966292134831 0.5503277153558053 0.7033005617977528 0.5479868913857678 0.6973314606741573 0.5400280898876404 0.6996137640449438 0.5294943820224719 0.6983848314606742 0.5154494382022472 0.7101474719101124 0.5084269662921348
0 0.5330056179775281 0.5491573033707865 0.5380969101123596 0.5536048689138576 0.5419592696629213 0.5648408239700374 0.5402036516853933 0.5835674157303371 0.5363412921348315 0.5889513108614233 0.5173806179775281 0.5852059925093633 0.5114115168539326 0.572565543071161 0.5121137640449438 0.5587546816479401 0.5140449438202247 0.5543071161048689 0.5328300561797753 0.5491573033707865
0 0.2831811797752809 0.5514981273408239 0.28985252808988765 0.5566479400749064 0.2914325842696629 0.56062734082397 0.29178370786516855 0.5819288389513109 0.2866924157303371 0.589185393258427 0.27650983146067415 0.5919943820224719 0.26896067415730335 0.591058052434457 0.26439606741573035 0.587312734082397 0.26035814606741575 0.5781835205992509 0.2598314606741573 0.5711610486891385 0.2621137640449438 0.56062734082397 0.26896067415730335 0.5526685393258427 0.2830056179775281 0.5514981273408239
0 0.45997191011235955 0.6720505617977528 0.47138342696629215 0.677434456928839 0.47577247191011235 0.6823501872659176 0.4782303370786517 0.7069288389513109 0.47401685393258425 0.7169943820224719 0.46576544943820225 0.724250936329588 0.4529494382022472 0.7181647940074907 0.4476825842696629 0.7099719101123596 0.44662921348314605 0.7062265917602997 0.449438202247191 0.68562734082397 0.45259831460674155 0.6776685393258427 0.45979634831460675 0.6722846441947565
0 0.6458918539325843 0.5011704119850188 0.6595856741573034 0.5079588014981273 0.6627457865168539 0.5117041198501873 0.6643258426966292 0.5187265917602997 0.6616924157303371 0.5395599250936329 0.6573033707865169 0.5442415730337079 0.6511587078651685 0.5461142322097379 0.636938202247191 0.5402621722846442 0.6343047752808989 0.5316011235955056 0.6344803370786517 0.5084269662921348 0.640625 0.5014044943820225 0.6457162921348315 0.5011704119850188
0 0.33848314606741575 0.549625468164794 0.3435744382022472 0.5503277153558053 0.3493679775280899 0.5561797752808989 0.35287921348314605 0.5671816479400749 0.3530547752808989 0.5784176029962547 0.34691011235955055 0.5884831460674157 0.3325140449438202 0.596441947565543 0.3279494382022472 0.5955056179775281 0.3226825842696629 0.5866104868913857 0.32338483146067415 0.5662453183520599 0.32742275280898875 0.5554775280898876 0.3383075842696629 0.549625468164794
0 0.5614466292134831 0.6294475655430711 0.5709269662921348 0.636938202247191 0.5721558988764045 0.6580056179775281 0.5770716292134831 0.6683052434456929 0.5749648876404494 0.6729868913857678 0.5681179775280899 0.6762640449438202 0.5535463483146067 0.6718164794007491 0.545997191011236 0.6633895131086143 0.5428370786516854 0.6547284644194756 0.5452949438202247 0.6367041198501873 0.5523174157303371 0.6296816479400749 0.5612710674157303 0.6294475655430711
0 0.6824087078651685 0.5053838951310862 0.6899578651685393 0.5072565543071161 0.6950491573033708 0.511938202247191 0.6997893258426966 0.5259831460674157 0.6978581460674157 0.5360486891385767 0.6945224719101124 0.5416666666666666 0.6822331460674157 0.5465823970037453 0.6720505617977528 0.5442415730337079 0.6648525280898876 0.5332397003745318 0.6660814606741573 0.5124063670411985 0.6732794943820225 0.5072565543071161 0.6822331460674157 0.5053838951310862
1 0.5837429775280899 0.5695997191011236 0.033356741573033706 0.042134831460674156
1 0.5574087078651685 0.6078347378277154 0.039208216292134834 0.034332865168539325
1 0.5553599016853933 0.6944452247191012 0.029260884831460672 0.042134831460674156
1 0.6472384129213483 0.650749063670412 0.02574964887640449 0.04057350187265918
1 0.40584094101123597 0.6456764981273408 0.03686797752808989 0.03667368913857678
1 0.4336376404494382 0.6066643258426967 0.03277212078651685 0.03667368913857678
1 0.3455635533707865 0.6101755617977528 0.041550210674157304 0.034332865168539325
1 0.25749122191011237 0.5692111423220974 0.033941362359550566 0.04291432584269663
1 0.2443240870786517 0.6913225655430711 0.031016502808988763 0.042134831460674156