0 0.46348314606741575 0.30243445692883897 0.47138342696629215 0.31015917602996257 0.47384129213483145 0.3176498127340824 0.47401685393258425 0.32771535580524347 0.46875 0.3377808988764045 0.4534761235955056 0.3408239700374532 0.44627808988764045 0.3352059925093633 0.4392556179775281 0.3223314606741573 0.4392556179775281 0.31437265917602997 0.4450491573033708 0.3059456928838951 0.4633075842696629 0.30243445692883897
0 0.4547050561797753 0.48057116104868913 0.46734550561797755 0.48735955056179775 0.46875 0.49414794007490637 0.46875 0.5030430711610487 0.46594101123595505 0.5121722846441947 0.45646067415730335 0.5180243445692884 0.4468047752808989 0.5145131086142322 0.44083567415730335 0.49836142322097376 0.4469803370786517 0.4833801498127341 0.45452949438202245 0.48057116104868913
0 0.6197331460674157 0.4524812734082397 0.6239466292134831 0.46254681647940077 0.6257022471910112 0.47401685393258425 0.6193820224719101 0.48782771535580527 0.6107794943820225 0.49157303370786515 0.602001404494382 0.4897003745318352 0.5970856741573034 0.48197565543071164 0.5977879213483146 0.4637172284644195 0.6025280898876404 0.4559925093632959 0.6195575842696629 0.4524812734082397
0 0.45400280898876405 0.38717228464419473 0.4668188202247191 0.39115168539325845 0.47173455056179775 0.3972378277153558 0.4729634831460674 0.40379213483146065 0.4708567415730337 0.42158239700374533 0.4671699438202247 0.426498127340824 0.4587429775280899 0.4302434456928839 0.4533005617977528 0.42954119850187267 0.44592696629213485 0.42228464419475653 0.4415379213483146 0.40262172284644193 0.441186797752809 0.39747191011235955 0.44610252808988765 0.3892790262172285 0.45382724719101125 0.38717228464419473
0 0.6183286516853933 0.36493445692883897 0.6267556179775281 0.374063670411985 0.6285112359550562 0.3836610486891386 0.6251755617977528 0.39489700374531833 0.6162219101123596 0.40191947565543074 0.6095505617977528 0.40004681647940077 0.6025280898876404 0.3937265917602996 0.601123595505618 0.37640449438202245 0.6070926966292135 0.3682116104868914 0.6181530898876404 0.36493445692883897
0 0.5851474719101124 0.31999063670411987 0.5930477528089888 0.32303370786516855 0.5990168539325843 0.33801498127340823 0.5960323033707865 0.352059925093633 0.586376404494382 0.36118913857677903 0.573560393258427 0.35720973782771537 0.5689957865168539 0.34620786516853935 0.5691713483146067 0.335440074906367 0.5721558988764045 0.3279494382022472 0.578125 0.32209737827715357 0.5849719101123596 0.31999063670411987
0 0.5832162921348315 0.40308988764044945 0.592872191011236 0.41081460674157305 0.5955056179775281 0.4211142322097378 0.5939255617977528 0.43211610486891383 0.5862008426966292 0.44288389513108617 0.5718047752808989 0.44662921348314605 0.5639044943820225 0.44288389513108617 0.5605688202247191 0.4353932584269663 0.5689957865168539 0.4070692883895131 0.5761938202247191 0.4033239700374532 0.5830407303370787 0.40308988764044945
0 0.37008426966292135 0.5187265917602997 0.3809691011235955 0.5278558052434457 0.3846558988764045 0.5388576779026217 0.38412921348314605 0.5470505617977528 0.3809691011235955 0.5538389513108615 0.3767556179775281 0.5589887640449438 0.37008426966292135 0.5610955056179775 0.36077949438202245 0.5580524344569289 0.3532303370786517 0.5470505617977528 0.355688202247191 0.5280898876404494 0.36990870786516855 0.5187265917602997
0 0.5526685393258427 0.36142322097378277 0.5595154494382022 0.36914794007490637 0.5623244382022472 0.37663857677902624 0.5605688202247191 0.38974719101123595 0.5577598314606742 0.3951310861423221 0.5537219101123596 0.39653558052434457 0.538623595505618 0.3946629213483146 0.535814606741573 0.38881086142322097 0.5340589887640449 0.37663857677902624 0.5352879213483146 0.3693820224719101 0.5393258426966292 0.36352996254681647 0.5524929775280899 0.36142322097378277
0 0.5538974719101124 0.6568352059925093 0.5612710674157303 0.6678370786516854 0.5626755617977528 0.6797752808988764 0.5589887640449438 0.6896067415730337 0.551439606741573 0.6938202247191011 0.545997191011236 0.6933520599250936 0.5402036516853933 0.6891385767790262 0.5368679775280899 0.6823501872659176 0.5361657303370787 0.674625468164794 0.5370435393258427 0.6673689138576779 0.5421348314606742 0.6577715355805244 0.5537219101123596 0.6568352059925093
0 0.36657303370786515 0.3094569288389513 0.37377106741573035 0.3171816479400749 0.37552668539325845 0.3291198501872659 0.3714887640449438 0.34058988764044945 0.363061797752809 0.34480337078651685 0.3534058988764045 0.33941947565543074 0.3493679775280899 0.32420411985018727 0.3512991573033708 0.31741573033707865 0.3558637640449438 0.31179775280898875 0.36639747191011235 0.3094569288389513
0 0.5245786516853933 0.525749063670412 0.5352879213483146 0.5323033707865169 0.5380969101123596 0.5449438202247191 0.5363412921348315 0.5585205992509363 0.5316011235955056 0.5641385767790262 0.5263342696629213 0.5662453183520599 0.5166783707865169 0.56437265917603 0.5115870786516854 0.5594569288389513 0.5079002808988764 0.5503277153558053 0.5086025280898876 0.5383895131086143 0.511938202247191 0.528558052434457 0.5244030898876404 0.525749063670412
0 0.48929073033707865 0.48782771535580527 0.4984199438202247 0.49461610486891383 0.5 0.5086610486891385 0.49490870786516855 0.5196629213483146 0.484375 0.523876404494382 0.47735252808988765 0.5203651685393258 0.47366573033707865 0.5154494382022472 0.4731390449438202 0.5016385767790262 0.47981039325842695 0.4897003745318352 0.48911516853932585 0.48782771535580527
0 0.3969452247191011 0.3113295880149813 0.4060744382022472 0.3176498127340824 0.40905898876404495 0.3288857677902622 0.40625 0.3398876404494382 0.39536516853932585 0.34620786516853935 0.38746488764044945 0.3441011235955056 0.38377808988764045 0.34012172284644193 0.3813202247191011 0.32771535580524347 0.38342696629213485 0.31624531835205993 0.38939606741573035 0.31226591760299627 0.3967696629213483 0.3113295880149813
0 0.5212429775280899 0.40402621722846443 0.5261587078651685 0.4068352059925094 0.5317766853932584 0.4178370786516854 0.5331811797752809 0.43913857677902624 0.5291432584269663 0.44545880149812733 0.5259831460674157 0.4463951310861423 0.511938202247191 0.44358614232209737 0.5038623595505618 0.4323501872659176 0.5043890449438202 0.4204119850187266 0.5086025280898876 0.40987827715355807 0.5152738764044944 0.40426029962546817 0.5210674157303371 0.40402621722846443
0 0.488061797752809 0.3951310861423221 0.4938553370786517 0.3967696629213483 0.49719101123595505 0.40074906367041196 0.5 0.4080056179775281 0.4998244382022472 0.41853932584269665 0.49754213483146065 0.4262640449438202 0.48507724719101125 0.4318820224719101 0.4764747191011236 0.424625468164794 0.47401685393258425 0.41596441947565543 0.4764747191011236 0.40051498127340823 0.4878862359550562 0.3951310861423221
0 0.5884831460674157 0.6477059925093633 0.5953300561797753 0.6509831460674157 0.5990168539325843 0.6683052434456929 0.5984901685393258 0.6788389513108615 0.5883075842696629 0.68937265917603 0.5768960674157303 0.6926498127340824 0.567064606741573 0.6884363295880149 0.5647823033707865 0.6757958801498127 0.5684691011235955 0.6683052434456929 0.5712780898876404 0.6521535580524345 0.5883075842696629 0.6477059925093633
0 0.5263342696629213 0.4487359550561798 0.5323033707865169 0.45318352059925093 0.5359901685393258 0.4674625468164794 0.5330056179775281 0.48080524344569286 0.5228230337078652 0.4868913857677903 0.516502808988764 0.4850187265917603 0.5115870786516854 0.4794007490636704 0.5084269662921348 0.46301498127340823 0.5094803370786517 0.45646067415730335 0.5145716292134831 0.4508426966292135 0.5261587078651685 0.4487359550561798
0 0.5538974719101124 0.45014044943820225 0.5619733146067416 0.45739700374531833 0.5660112359550562 0.46769662921348315 0.5651334269662921 0.477059925093633 0.5621488764044944 0.48408239700374533 0.5540730337078652 0.4897003745318352 0.5433637640449438 0.4845505617977528 0.5391502808988764 0.47425093632958804 0.542310393258427 0.4529494382022472 0.5537219101123596 0.45014044943820225
0 0.3656952247191011 0.5613295880149812 0.37745786516853935 0.5615636704119851 0.382373595505618 0.5676498127340824 0.38553370786516855 0.5912921348314607 0.38377808988764045 0.5962078651685393 0.3767556179775281 0.602996254681648 0.36393960674157305 0.5990168539325843 0.355688202247191 0.5905898876404494 0.3534058988764045 0.5784176029962547 0.35410814606741575 0.5711610486891385 0.35884831460674155 0.5625 0.3655196629213483 0.5613295880149812
0 0.3670997191011236 0.43679775280898875 0.375 0.44241573033707865 0.3788623595505618 0.460440074906367 0.37377106741573035 0.4693352059925094 0.363061797752809 0.47284644194756553 0.35603932584269665 0.47120786516853935 0.35235252808988765 0.46676029962546817 0.3493679775280899 0.45271535580524347 0.351123595505618 0.4447565543071161 0.3551615168539326 0.43890449438202245 0.3669241573033708 0.43679775280898875
0 0.5540730337078652 0.31835205992509363 0.5614466292134831 0.3223314606741573 0.5667134831460674 0.3342696629213483 0.5649578651685393 0.3487827715355805 0.5572331460674157 0.35720973782771537 0.5500351123595506 0.35580524344569286 0.5407303370786517 0.34222846441947563 0.5421348314606742 0.3267790262172285 0.5475772471910112 0.31999063670411987 0.5538974719101124 0.31835205992509363
0 0.49157303370786515 0.525749063670412 0.49947331460674155 0.5294943820224719 0.5031601123595506 0.5430711610486891 0.4998244382022472 0.5585205992509363 0.49157303370786515 0.5646067415730337 0.4801615168539326 0.5613295880149812 0.47384129213483145 0.5468164794007491 0.4780547752808989 0.5320692883895131 0.484375 0.5269194756554307 0.49139747191011235 0.525749063670412
0 0.4331109550561798 0.45131086142322097 0.4390800561797753 0.45552434456928836 0.44206460674157305 0.47401685393258425 0.4375 0.4857209737827715 0.4332865168539326 0.48946629213483145 0.4253862359550562 0.4911048689138577 0.41695926966292135 0.48103932584269665 0.41502808988764045 0.4595037453183521 0.4183637640449438 0.4529494382022472 0.43293539325842695 0.45131086142322097
0 0.6137640449438202 0.4096441947565543 0.6230688202247191 0.4147940074906367 0.6257022471910112 0.43141385767790263 0.6220154494382022 0.43913857677902624 0.6232443820224719 0.4426498127340824 0.6065660112359551 0.4499063670411985 0.6032303370786517 0.44920411985018727 0.5969101123595506 0.43562734082397003 0.5990168539325843 0.42181647940074907 0.6035814606741573 0.4112827715355805 0.6135884831460674 0.4096441947565543
0 0.48771067415730335 0.3539325842696629 0.49736657303370785 0.3579119850187266 0.5026334269662921 0.36493445692883897 0.5033356741573034 0.37359550561797755 0.5001755617977528 0.387874531835206 0.48753511235955055 0.39232209737827717 0.4789325842696629 0.3852996254681648 0.477001404494382 0.35931647940074907 0.48753511235955055 0.3541666666666667
0 0.39940308988764045 0.3972378277153558 0.40747893258426965 0.40074906367041196 0.4118679775280899 0.4080056179775281 0.4116924157303371 0.4323501872659176 0.4064255617977528 0.4353932584269663 0.4058988764044944 0.43913857677902624 0.39747191011235955 0.43890449438202245 0.3904494382022472 0.43515917602996257 0.38342696629213485 0.4272003745318352 0.38184691011235955 0.42134831460674155 0.3827247191011236 0.40941011235955055 0.38553370786516855 0.4035580524344569 0.390625 0.3977059925093633 0.39922752808988765 0.3972378277153558
0 0.5298455056179775 0.3125 0.5370435393258427 0.32045880149812733 0.5393258426966292 0.3356741573033708 0.5338834269662921 0.34925093632958804 0.522998595505618 0.35697565543071164 0.5126404494382022 0.3548689138576779 0.5086025280898876 0.3506554307116105 0.5080758426966292 0.33146067415730335 0.5108848314606742 0.32092696629213485 0.5152738764044944 0.31484082397003743 0.5224719101123596 0.311563670411985 0.5296699438202247 0.3125
0 0.45558286516853935 0.3464419475655431 0.46558988764044945 0.35159176029962547 0.46804775280898875 0.3637640449438202 0.4624297752808989 0.37780898876404495 0.45382724719101125 0.38085205992509363 0.4450491573033708 0.3780430711610487 0.44224016853932585 0.36961610486891383 0.44224016853932585 0.35978464419475653 0.445751404494382 0.34995318352059923 0.4554073033707865 0.3464419475655431
0 0.41151685393258425 0.5072565543071161 0.42047050561797755 0.5187265917602997 0.41485252808988765 0.5465823970037453 0.4078300561797753 0.552434456928839 0.3964185393258427 0.5514981273408239 0.38799157303370785 0.5573501872659176 0.3865870786516854 0.5571161048689138 0.38781601123595505 0.5533707865168539 0.38553370786516855 0.5325374531835206 0.3886938202247191 0.5187265917602997 0.40379213483146065 0.5081928838951311 0.41134129213483145 0.5072565543071161
0 0.6169241573033708 0.323501872659176 0.6218398876404494 0.3265449438202247 0.6269311797752809 0.33497191011235955 0.6234199438202247 0.35931647940074907 0.6207865168539326 0.35978464419475653 0.6088483146067416 0.35674157303370785 0.6007724719101124 0.34573970037453183 0.6007724719101124 0.3347378277153558 0.6037570224719101 0.32818352059925093 0.6095505617977528 0.3237359550561798 0.616748595505618 0.323501872659176
0 0.5788272471910112 0.3604868913857678 0.5846207865168539 0.3616573033707865 0.5930477528089888 0.36961610486891383 0.5942766853932584 0.3836610486891386 0.5919943820224719 0.39185393258426965 0.5884831460674157 0.39536516853932585 0.577247191011236 0.39232209737827717 0.5688202247191011 0.3801498127340824 0.5696980337078652 0.3672752808988764 0.5786516853932584 0.3604868913857678
0 0.40519662921348315 0.5131086142322098 0.41327247191011235 0.5194288389513109 0.4176615168539326 0.5330056179775281 0.41502808988764045 0.5447097378277154 0.41134129213483145 0.5498595505617978 0.4046699438202247 0.5526685393258427 0.3969452247191011 0.5503277153558053 0.39343398876404495 0.5465823970037453 0.38974719101123595 0.5323033707865169 0.39360955056179775 0.5189606741573034 0.40133426966292135 0.5131086142322098 0.40502106741573035 0.5131086142322098
0 0.3648174157303371 0.34901685393258425 0.37025983146067415 0.3522940074906367 0.37429775280898875 0.3586142322097378 0.3767556179775281 0.3728932584269663 0.3730688202247191 0.37663857677902624 0.37236657303370785 0.38085205992509363 0.36639747191011235 0.3857677902621723 0.3595505617977528 0.38459737827715357 0.35270365168539325 0.37991573033707865 0.34866573033707865 0.36704119850187267 0.35059691011235955 0.35580524344569286 0.3532303370786517 0.35159176029962547 0.35884831460674155 0.3485486891385768 0.36464185393258425 0.34901685393258425
0 0.42714185393258425 0.3508895131086142 0.43644662921348315 0.3595505617977528 0.43837780898876405 0.3698501872659176 0.4331109550561798 0.3817883895131086 0.42275280898876405 0.38553370786516855 0.418188202247191 0.3852996254681648 0.4141502808988764 0.3806179775280899 0.41134129213483145 0.36540262172284643 0.41485252808988765 0.3553370786516854 0.42134831460674155 0.3508895131086142 0.42696629213483145 0.3508895131086142
0 0.6162219101123596 0.5360486891385767 0.6242977528089888 0.5435393258426966 0.6274578651685393 0.5529026217228464 0.6255266853932584 0.56437265917603 0.6206109550561798 0.5718632958801498 0.6163974719101124 0.5737359550561798 0.6042837078651685 0.5690543071161048 0.6009480337078652 0.5636704119850188 0.5991924157303371 0.5538389513108615 0.6000702247191011 0.5440074906367042 0.6021769662921348 0.5407303370786517 0.6160463483146067 0.5360486891385767
0 0.585498595505618 0.4487359550561798 0.5935744382022472 0.45552434456928836 0.5949789325842697 0.4602059925093633 0.5919943820224719 0.47846441947565543 0.5830407303370787 0.48431647940074907 0.5746137640449438 0.4824438202247191 0.569873595505618 0.4772940074906367 0.5689957865168539 0.461376404494382 0.5702247191011236 0.45529026217228463 0.574438202247191 0.4499063670411985 0.5853230337078652 0.4487359550561798
0 0.49508426966292135 0.31109550561797755 0.5029845505617978 0.3160112359550562 0.5068469101123596 0.3300561797752809 0.5017556179775281 0.3445692883895131 0.49683988764044945 0.34925093632958804 0.49104634831460675 0.3487827715355805 0.4840238764044944 0.3429307116104869 0.48139044943820225 0.32818352059925093 0.48384831460674155 0.3155430711610487 0.49490870786516855 0.31109550561797755
0 0.6172752808988764 0.6191479400749064 0.6232443820224719 0.6207865168539326 0.6285112359550562 0.6259363295880149 0.6311446629213483 0.6371722846441947 0.6299157303370787 0.6472378277153558 0.6200842696629213 0.6554307116104869 0.6091994382022472 0.6521535580524345 0.6037570224719101 0.6402153558052435 0.6074438202247191 0.6257022471910112 0.6170997191011236 0.6191479400749064
0 0.6169241573033708 0.577247191011236 0.6242977528089888 0.5814606741573034 0.6279845505617978 0.5884831460674157 0.6288623595505618 0.5957397003745318 0.6278089887640449 0.6039325842696629 0.624122191011236 0.6100187265917603 0.6151685393258427 0.6137640449438202 0.6090238764044944 0.6128277153558053 0.6041081460674157 0.6086142322097379 0.6007724719101124 0.5938670411985019 0.6049859550561798 0.5802902621722846 0.616748595505618 0.577247191011236
0 0.500877808988764 0.44592696629213485 0.5061446629213483 0.45365168539325845 0.5064957865168539 0.47027153558052437 0.5010533707865169 0.4794007490636704 0.4920997191011236 0.4833801498127341 0.484375 0.4812734082397004 0.47945926966292135 0.47425093632958804 0.4799859550561798 0.4541198501872659 0.48560393258426965 0.44499063670411987 0.5007022471910112 0.44592696629213485
0 0.4645365168539326 0.43726591760299627 0.4743679775280899 0.44499063670411987 0.47594803370786515 0.45529026217228463 0.476123595505618 0.4737827715355805 0.47384129213483145 0.4777621722846442 0.46752106741573035 0.48103932584269665 0.4529494382022472 0.47495318352059923 0.4454002808988764 0.4592696629213483 0.44627808988764045 0.4463951310861423 0.45242275280898875 0.438436329588015 0.4643609550561798 0.43726591760299627
0 0.37412219101123595 0.4829119850187266 0.37991573033707865 0.4866573033707865 0.3843047752808989 0.49461610486891383 0.38395365168539325 0.5117041198501873 0.3771067415730337 0.5196629213483146 0.34884129213483145 0.5131086142322098 0.3558637640449438 0.49250936329588013 0.359375 0.4875936329588015 0.3653441011235955 0.4833801498127341 0.37394662921348315 0.4829119850187266
0 0.366748595505618 0.3934925093632959 0.3788623595505618 0.4002808988764045 0.38184691011235955 0.40777153558052437 0.37816011235955055 0.4272003745318352 0.3670997191011236 0.43352059925093633 0.35639044943820225 0.4288389513108614 0.35217696629213485 0.42181647940074907 0.3516502808988764 0.41502808988764045 0.3534058988764045 0.40098314606741575 0.359375 0.3951310861423221 0.36657303370786515 0.3934925093632959
0 0.4273174157303371 0.31437265917602997 0.43679775280898875 0.3202247191011236 0.44083567415730335 0.3352059925093633 0.43872893258426965 0.34620786516853935 0.43223314606741575 0.34995318352059923 0.42099719101123595 0.34620786516853935 0.41695926966292135 0.34222846441947563 0.4141502808988764 0.33497191011235955 0.4141502808988764 0.3274812734082397 0.4178370786516854 0.3192883895131086 0.42714185393258425 0.31437265917602997
0 0.6199087078651685 0.6551966292134831 0.6279845505617978 0.6605805243445693 0.6311446629213483 0.6683052434456929 0.6320224719101124 0.6783707865168539 0.628686797752809 0.6926498127340824 0.6199087078651685 0.6973314606741573 0.608497191011236 0.6945224719101124 0.6023525280898876 0.6858614232209738 0.6004213483146067 0.6790730337078652 0.6021769662921348 0.6643258426966292 0.6058637640449438 0.6577715355805244 0.6197331460674157 0.6551966292134831
0 0.546875 0.39653558052434457 0.5570575842696629 0.4002808988764045 0.5639044943820225 0.4147940074906367 0.5612710674157303 0.4302434456928839 0.5507373595505618 0.4396067415730337 0.5396769662921348 0.4344569288389513 0.5342345505617978 0.4220505617977528 0.534936797752809 0.41151685393258425 0.5393258426966292 0.3977059925093633 0.5466994382022472 0.39653558052434457
0 0.6307935393258427 0.31741573033707865 0.6341292134831461 0.32467228464419473 0.6283356741573034 0.3312265917602996 0.6302668539325843 0.3455056179775281 0.6278089887640449 0.35603932584269665 0.621313202247191 0.36446629213483145 0.6111306179775281 0.36587078651685395 0.6058637640449438 0.37008426966292135 0.5967345505617978 0.35908239700374533 0.6016502808988764 0.33075842696629215 0.6086727528089888 0.323501872659176 0.6216643258426966 0.3232677902621723 0.6267556179775281 0.3171816479400749 0.6306179775280899 0.31741573033707865
0 0.6160463483146067 0.4936797752808989 0.6230688202247191 0.49602059925093633 0.625877808988764 0.5009363295880149 0.625 0.5215355805243446 0.6172752808988764 0.5327715355805244 0.6039325842696629 0.5346441947565543 0.5991924157303371 0.5344101123595506 0.5953300561797753 0.5304307116104869 0.592872191011236 0.5187265917602997 0.6002457865168539 0.49719101123595505 0.6070926966292135 0.4936797752808989 0.6158707865168539 0.4936797752808989
0 0.5191362359550562 0.3600187265917603 0.5272120786516854 0.36563670411985016 0.5307233146067416 0.37734082397003743 0.5268609550561798 0.3916198501872659 0.5173806179775281 0.3970037453183521 0.508251404494382 0.39419475655430714 0.5038623595505618 0.387874531835206 0.5028089887640449 0.38085205992509363 0.5086025280898876 0.3625936329588015 0.5189606741573034 0.3600187265917603
0 0.4566362359550562 0.5278558052434457 0.4708567415730337 0.5283239700374532 0.47138342696629215 0.5538389513108615 0.4703300561797753 0.5603932584269663 0.46348314606741575 0.5711610486891385 0.4496137640449438 0.5781835205992509 0.44610252808988765 0.5779494382022472 0.4390800561797753 0.5697565543071161 0.43890449438202245 0.5610955056179775 0.44592696629213485 0.5332397003745318 0.45646067415730335 0.5278558052434457
0 0.4001053370786517 0.4440543071161049 0.409936797752809 0.449438202247191 0.4125702247191011 0.46301498127340823 0.4085323033707865 0.477059925093633 0.397998595505618 0.48431647940074907 0.3867626404494382 0.4768258426966292 0.38412921348314605 0.4616104868913858 0.38764044943820225 0.44967228464419473 0.3999297752808989 0.4440543071161049
0 0.43047752808988765 0.4028558052434457 0.4355688202247191 0.4044943820224719 0.44030898876404495 0.4112827715355805 0.4429424157303371 0.4286048689138577 0.4357443820224719 0.4421816479400749 0.43223314606741575 0.4438202247191011 0.41695926966292135 0.4332865168539326 0.4143258426966292 0.4250936329588015 0.41485252808988765 0.414559925093633 0.418188202247191 0.4056647940074906 0.43030196629213485 0.4028558052434457
2 0.6361188553370787 0.31210978464419475 0.3484101123595506 0.30679728464419476 0.3418493679775281 0.6908843632958802 0.6331585323033708 0.6996594101123595
1 0.40244382022471914 0.4973829588014982 0.024222261235955056 0.030346441947565538
1 0.4312938904494382 0.501498127340824 0.02223314606741573 0.029213483146067414
1 0.5190098314606741 0.5017228464419476 0.024443469101123595 0.031224250936329585
1 0.5491046348314607 0.5019639513108614 0.020259831460674158 0.03326779026217228
1 0.5799683988764045 0.5020692883895131 0.023467345505617975 0.03659878277153558
1 0.5816028792134831 0.543815543071161 0.022052317415730337 0.03270131086142322
1 0.5481917134831461 0.5399063670411985 0.02428546348314607 0.035805243445692886
1 0.43426439606741574 0.5399812734082398 0.023490168539325843 0.0343937265917603
1 0.3988096910112359 0.5793492509363296 0.02163623595505618 0.033541666666666664
1 0.43047050561797756 0.5806203183520598 0.024095856741573034 0.02828183520599251
1 0.459278441011236 0.5819897003745319 0.02436446629213483 0.024777621722846442
1 0.48895365168539323 0.5795505617977529 0.02519311797752809 0.030823970037453186
1 0.517905547752809 0.5810744382022471 0.023404143258426966 0.030751404494382024
1 0.5473946629213483 0.5811680711610487 0.021522120786516854 0.029379681647940078
1 0.5807619382022472 0.5827013108614233 0.02505442415730337 0.030882490636704122
1 0.5802861657303371 0.6213998127340824 0.026441362359550566 0.025568820224719103
1 0.5488834269662921 0.6213927902621723 0.02332865168539326 0.027118445692883894
1 0.5192117275280899 0.6218328651685393 0.026016502808988765 0.024878277153558052
1 0.5196594101123595 0.6632677902621723 0.02691186797752809 0.028157771535580526
1 0.48941537921348316 0.6590964419475656 0.028458567415730336 0.022935393258426966
1 0.48875526685393256 0.6196067415730337 0.02596558988764045 0.02978698501872659
1 0.4601000702247191 0.6168539325842696 0.02483497191011236 0.028965355805243443
1 0.4591766151685393 0.6571441947565544 0.027668539325842696 0.026837546816479402
1 0.4301281601123596 0.6563974719101124 0.02224192415730337 0.023782771535580522
1 0.4285428370786517 0.6184456928838952 0.02375351123595506 0.024344569288389514
1 0.39886587078651686 0.6170809925093633 0.02057759831460674 0.02629681647940075
1 0.3987816011235955 0.6581273408239701 0.02509129213483146 0.022560861423220974
1 0.3692327949438202 0.6561118913857678 0.022173455056179774 0.027890917602996255
1 0.37021067415730335 0.6177223782771535 0.01944873595505618 0.02602059925093633