0 0.6202598314606742 0.5112359550561798 0.6279845505617978 0.5154494382022472 0.6318469101123596 0.5255149812734082 0.6314957865168539 0.536750936329588 0.6288623595505618 0.5461142322097379 0.6202598314606742 0.5517322097378277 0.605688202247191 0.5484550561797753 0.6009480337078652 0.5433052434456929 0.598314606741573 0.5327715355805244 0.601123595505618 0.5213014981273408 0.6053370786516854 0.5149812734082397 0.6120084269662921 0.5114700374531835 0.6200842696629213 0.5112359550561798
0 0.4936797752808989 0.6690074906367042 0.49912219101123595 0.6734550561797753 0.5019311797752809 0.6851591760299626 0.5017556179775281 0.6954588014981273 0.4982443820224719 0.7064606741573034 0.488061797752809 0.714185393258427 0.47928370786516855 0.7118445692883895 0.47191011235955055 0.7031835205992509 0.4727879213483146 0.6842228464419475 0.47787921348314605 0.6713483146067416 0.48771067415730335 0.6680711610486891 0.49350421348314605 0.6690074906367042
0 0.6165730337078652 0.5526685393258427 0.6265800561797753 0.5578183520599251 0.6316713483146067 0.5706928838951311 0.6302668539325843 0.5833333333333334 0.6200842696629213 0.5931647940074907 0.6132373595505618 0.5929307116104869 0.6053370786516854 0.5889513108614233 0.6016502808988764 0.5847378277153558 0.5981390449438202 0.5739700374531835 0.5986657303370787 0.5639044943820225 0.6027036516853933 0.5568820224719101 0.6077949438202247 0.5529026217228464 0.6163974719101124 0.5526685393258427
0 0.2972261235955056 0.6395131086142322 0.31969803370786515 0.6484082397003745 0.3242626404494382 0.6544943820224719 0.3240870786516854 0.6713483146067416 0.3179424157303371 0.6814138576779026 0.3219803370786517 0.6891385767790262 0.32162921348314605 0.6924157303370787 0.3140800561797753 0.6992041198501873 0.3089887640449438 0.6903089887640449 0.293188202247191 0.6860955056179775 0.28985252808988765 0.6814138576779026 0.28844803370786515 0.6652621722846442 0.2852879213483146 0.6573033707865169 0.2910814606741573 0.6441947565543071 0.2970505617977528 0.6395131086142322
0 0.5582865168539326 0.5074906367041199 0.5691713483146067 0.5121722846441947 0.5716292134831461 0.5184925093632958 0.5719803370786517 0.5278558052434457 0.5689957865168539 0.5426029962546817 0.5642556179775281 0.5472846441947565 0.5582865168539326 0.5489232209737828 0.5500351123595506 0.5470505617977528 0.5433637640449438 0.5407303370786517 0.5407303370786517 0.5348782771535581 0.5417837078651685 0.5191947565543071 0.5442415730337079 0.513810861423221 0.5498595505617978 0.5086610486891385 0.5581109550561798 0.5074906367041199
0 0.6062148876404494 0.6357677902621723 0.6193820224719101 0.638810861423221 0.6293890449438202 0.6509831460674157 0.6304424157303371 0.6591760299625468 0.628686797752809 0.6673689138576779 0.6251755617977528 0.6753277153558053 0.6197331460674157 0.6790730337078652 0.6063904494382022 0.6750936329588015 0.5991924157303371 0.6647940074906367 0.5984901685393258 0.6458333333333334 0.6007724719101124 0.6399812734082397 0.6060393258426966 0.6357677902621723
0 0.2522823033707865 0.48220973782771537 0.277563202247191 0.48993445692883897 0.28019662921348315 0.4948501872659176 0.27282303370786515 0.5156835205992509 0.24929775280898878 0.5231741573033708 0.23683286516853932 0.5189606741573034 0.2305126404494382 0.5088951310861424 0.23016151685393257 0.5009363295880149 0.23086376404494383 0.4943820224719101 0.23700842696629212 0.4857209737827715 0.24490870786516855 0.48197565543071164 0.2521067415730337 0.48220973782771537
0 0.6413272471910112 0.6697097378277154 0.6432584269662921 0.6715823970037453 0.6436095505617978 0.6786048689138576 0.651685393258427 0.6872659176029963 0.6557233146067416 0.7008426966292135 0.6550210674157303 0.7167602996254682 0.651685393258427 0.7240168539325843 0.6483497191011236 0.7291666666666666 0.641502808988764 0.7310393258426966 0.636938202247191 0.7308052434456929 0.6265800561797753 0.7167602996254682 0.6227176966292135 0.6870318352059925 0.6242977528089888 0.6807116104868914 0.6309691011235955 0.6772003745318352 0.636938202247191 0.6697097378277154 0.6411516853932584 0.6697097378277154
0 0.7117275280898876 0.5191947565543071 0.7215589887640449 0.5255149812734082 0.7250702247191011 0.5409644194756554 0.7222612359550562 0.5536048689138576 0.7169943820224719 0.5587546816479401 0.7103230337078652 0.56062734082397 0.6961025280898876 0.5543071161048689 0.6913623595505618 0.5470505617977528 0.6910112359550562 0.5428370786516854 0.6929424157303371 0.5297284644194756 0.6954002808988764 0.5252808988764045 0.7029494382022472 0.5191947565543071 0.7115519662921348 0.5191947565543071
0 0.680126404494382 0.5559456928838952 0.6922401685393258 0.5634363295880149 0.6961025280898876 0.5727996254681648 0.6939957865168539 0.5887172284644194 0.6892556179775281 0.596441947565543 0.6857443820224719 0.5971441947565543 0.668188202247191 0.5931647940074907 0.6574789325842697 0.5812265917602997 0.6558988764044944 0.5751404494382022 0.657127808988764 0.5671816479400749 0.660814606741573 0.5627340823970037 0.6720505617977528 0.5561797752808989 0.6799508426966292 0.5559456928838952
0 0.7064606741573034 0.6917134831460674 0.7157654494382022 0.6954588014981273 0.7205056179775281 0.7064606741573034 0.719627808988764 0.7202715355805244 0.7166432584269663 0.7249531835205992 0.7108497191011236 0.7277621722846442 0.7017205056179775 0.725187265917603 0.6924157303370787 0.7134831460674157 0.692064606741573 0.6996722846441947 0.6941713483146067 0.6954588014981273 0.7062851123595506 0.6917134831460674
0 0.3398876404494382 0.5313670411985019 0.34866573033707865 0.5360486891385767 0.35691713483146065 0.5327715355805244 0.3611306179775281 0.5397940074906367 0.35990168539325845 0.5500936329588015 0.35603932584269665 0.5608614232209738 0.34708567415730335 0.5711610486891385 0.32549157303370785 0.575374531835206 0.32092696629213485 0.5739700374531835 0.31724016853932585 0.5688202247191011 0.31495786516853935 0.5608614232209738 0.316186797752809 0.5554775280898876 0.32707162921348315 0.5351123595505618 0.3397120786516854 0.5313670411985019
0 0.37622893258426965 0.49391385767790263 0.38553370786516855 0.5016385767790262 0.38781601123595505 0.5086610486891385 0.38799157303370785 0.5194288389513109 0.3806179775280899 0.5306647940074907 0.37008426966292135 0.5341760299625468 0.36271067415730335 0.5320692883895131 0.3572682584269663 0.5262172284644194 0.35621488764044945 0.5088951310861424 0.35814606741573035 0.49976591760299627 0.36218398876404495 0.4948501872659176 0.37605337078651685 0.49391385767790263
0 0.6174508426966292 0.5943352059925093 0.6281601123595506 0.6022940074906367 0.6321980337078652 0.6156367041198502 0.6297401685393258 0.6299157303370787 0.6255266853932584 0.6348314606741573 0.617626404494382 0.6381086142322098 0.6088483146067416 0.6360018726591761 0.6039325842696629 0.6317883895131086 0.5988412921348315 0.6235955056179775 0.597436797752809 0.6156367041198502 0.5981390449438202 0.6053370786516854 0.6023525280898876 0.5985486891385767 0.6090238764044944 0.5941011235955056 0.6172752808988764 0.5943352059925093
0 0.3730688202247191 0.608380149812734 0.37622893258426965 0.6093164794007491 0.37763342696629215 0.6193820224719101 0.38395365168539325 0.6264044943820225 0.38553370786516855 0.6399812734082397 0.3811446629213483 0.6540262172284644 0.3727176966292135 0.6661985018726592 0.3670997191011236 0.6694756554307116 0.35674157303370785 0.6647940074906367 0.3518258426966292 0.6509831460674157 0.3512991573033708 0.6402153558052435 0.3558637640449438 0.6261704119850188 0.36657303370786515 0.6177434456928839 0.3688553370786517 0.6088483146067416 0.3728932584269663 0.608380149812734
0 0.43258426966292135 0.536750936329588 0.445751404494382 0.5411985018726592 0.44838483146067415 0.5573501872659176 0.44206460674157305 0.5713951310861424 0.4297752808988764 0.5781835205992509 0.42503511235955055 0.577247191011236 0.4180126404494382 0.5702247191011236 0.4155547752808989 0.5561797752808989 0.4197682584269663 0.5421348314606742 0.43240870786516855 0.536750936329588
0 0.6613412921348315 0.6764981273408239 0.6655547752808989 0.6800093632958801 0.6788974719101124 0.6832865168539326 0.6864466292134831 0.6926498127340824 0.6892556179775281 0.7069288389513109 0.6860955056179775 0.7202715355805244 0.6818820224719101 0.7247191011235955 0.6745084269662921 0.7268258426966292 0.668188202247191 0.7244850187265918 0.660814606741573 0.7165262172284644 0.6564255617977528 0.7071629213483146 0.6555477528089888 0.6928838951310862 0.6530898876404494 0.68562734082397 0.6544943820224719 0.6809456928838952 0.6611657303370787 0.6767322097378277
0 0.34497893258426965 0.574438202247191 0.35235252808988765 0.5774812734082397 0.35603932584269665 0.5833333333333334 0.35691713483146065 0.5959737827715356 0.3493679775280899 0.6114232209737828 0.3395365168539326 0.6170411985018727 0.33058286516853935 0.614934456928839 0.32549157303370785 0.6093164794007491 0.3223314606741573 0.5924625468164794 0.32566713483146065 0.5805243445692884 0.33497191011235955 0.574438202247191 0.34480337078651685 0.574438202247191
0 0.305126404494382 0.5615636704119851 0.3089887640449438 0.5674157303370787 0.30723314606741575 0.5786516853932584 0.2970505617977528 0.5929307116104869 0.29564606741573035 0.6055711610486891 0.2873946629213483 0.6107209737827716 0.27212078651685395 0.6081460674157303 0.26439606741573035 0.6025280898876404 0.2614115168539326 0.5919943820224719 0.26299157303370785 0.5735018726591761 0.26878511235955055 0.5678838951310862 0.27879213483146065 0.5681179775280899 0.3049508426966292 0.5615636704119851
0 0.4023876404494382 0.48525280898876405 0.4102879213483146 0.4913389513108614 0.42064606741573035 0.512874531835206 0.4197682584269663 0.5224719101123596 0.4139747191011236 0.5330056179775281 0.41292134831460675 0.5411985018726592 0.4085323033707865 0.5470505617977528 0.4064255617977528 0.5390917602996255 0.39167837078651685 0.5292602996254682 0.3886938202247191 0.5196629213483146 0.3908005617977528 0.4911048689138577 0.39396067415730335 0.4868913857677903 0.4022120786516854 0.48525280898876405
0 0.2612359550561798 0.6477059925093633 0.284936797752809 0.6580056179775281 0.28985252808988765 0.6889044943820225 0.28634129213483145 0.6961610486891385 0.2796699438202247 0.700374531835206 0.26492275280898875 0.6940543071161048 0.2577247191011236 0.68562734082397 0.25667134831460675 0.6523876404494382 0.25860252808988765 0.647003745318352 0.26106039325842695 0.6477059925093633
0 0.5323033707865169 0.6322565543071161 0.5398525280898876 0.6348314606741573 0.546875 0.6310861423220974 0.5503862359550562 0.6406835205992509 0.5424859550561798 0.6484082397003745 0.5414325842696629 0.661750936329588 0.5375702247191011 0.6683052434456929 0.5323033707865169 0.6718164794007491 0.5235252808988764 0.672752808988764 0.5086025280898876 0.670880149812734 0.504564606741573 0.6631554307116105 0.504564606741573 0.6542602996254682 0.5129915730337079 0.6371722846441947 0.532127808988764 0.6322565543071161
0 0.40098314606741575 0.6566011235955056 0.4097612359550562 0.6645599250936329 0.4123946629213483 0.6715823970037453 0.4118679775280899 0.6786048689138576 0.40537219101123595 0.6956928838951311 0.4006320224719101 0.7008426966292135 0.39554073033707865 0.7020131086142322 0.3871137640449438 0.7010767790262172 0.38149578651685395 0.6954588014981273 0.3788623595505618 0.6891385767790262 0.37833567415730335 0.6786048689138576 0.3804424157303371 0.6706460674157303 0.3865870786516854 0.6624531835205992 0.394311797752809 0.6573033707865169 0.4008075842696629 0.6566011235955056
0 0.7003160112359551 0.6430243445692884 0.7134831460674157 0.6479400749063671 0.7238412921348315 0.6647940074906367 0.7206811797752809 0.6825842696629213 0.7099719101123596 0.6889044943820225 0.699438202247191 0.6865636704119851 0.6908356741573034 0.6767322097378277 0.6885533707865169 0.6577715355805244 0.6892556179775281 0.6444288389513109 0.7001404494382022 0.6430243445692884
0 0.28019662921348315 0.525749063670412 0.29985955056179775 0.528558052434457 0.3049508426966292 0.5327715355805244 0.30600421348314605 0.5372191011235955 0.30407303370786515 0.5475187265917603 0.2965238764044944 0.5575842696629213 0.2909058988764045 0.5625 0.27844101123595505 0.5669475655430711 0.2640449438202247 0.5620318352059925 0.2596558988764045 0.5536048689138576 0.25877808988764045 0.545880149812734 0.26088483146067415 0.5365168539325843 0.26422050561797755 0.5318352059925093 0.28002106741573035 0.525749063670412
0 0.488061797752809 0.5833333333333334 0.5015800561797753 0.5870786516853933 0.507373595505618 0.5955056179775281 0.5022823033707865 0.6147003745318352 0.49859550561797755 0.6205524344569289 0.49157303370786515 0.6252340823970037 0.4768258426966292 0.6219569288389513 0.4706811797752809 0.6128277153558053 0.4741924157303371 0.5922284644194756 0.48121488764044945 0.5847378277153558 0.4878862359550562 0.5833333333333334
0 0.2480688202247191 0.6514513108614233 0.2535112359550562 0.6563670411985019 0.25684691011235955 0.6643258426966292 0.2561446629213483 0.6776685393258427 0.25263342696629215 0.6849250936329588 0.24315308988764045 0.6928838951310862 0.2341994382022472 0.6952247191011236 0.2247191011235955 0.6896067415730337 0.22138342696629212 0.6795411985018727 0.22226123595505617 0.6683052434456929 0.22700140449438203 0.6591760299625468 0.2341994382022472 0.653558052434457 0.2478932584269663 0.651685393258427
0 0.6687148876404494 0.6343632958801498 0.6832865168539326 0.638810861423221 0.6871488764044944 0.6437265917602997 0.6894311797752809 0.6741573033707865 0.6860955056179775 0.6790730337078652 0.6787219101123596 0.6830524344569289 0.6650280898876404 0.675561797752809 0.6541432584269663 0.6603464419475655 0.6541432584269663 0.6500468164794008 0.6583567415730337 0.6383426966292135 0.6685393258426966 0.6343632958801498
0 0.5851474719101124 0.6308520599250936 0.5956811797752809 0.6390449438202247 0.5995435393258427 0.6544943820224719 0.5970856741573034 0.6687734082397003 0.5919943820224719 0.6741573033707865 0.5862008426966292 0.6753277153558053 0.5742626404494382 0.6699438202247191 0.5675912921348315 0.6542602996254682 0.5723314606741573 0.635065543071161 0.5775983146067416 0.6308520599250936 0.5849719101123596 0.6308520599250936
0 0.49947331460674155 0.4922752808988764 0.5098314606741573 0.5084269662921348 0.5108848314606742 0.5224719101123596 0.5071980337078652 0.5332397003745318 0.5021067415730337 0.540496254681648 0.4938553370786517 0.5437734082397003 0.48771067415730335 0.5433052434456929 0.4840238764044944 0.5388576779026217 0.47945926966292135 0.5262172284644194 0.47910814606741575 0.511938202247191 0.48384831460674155 0.5011704119850188 0.49929775280898875 0.4922752808988764
0 0.5365168539325843 0.5447097378277154 0.5488061797752809 0.5533707865168539 0.5509129213483146 0.56437265917603 0.5398525280898876 0.5838014981273408 0.5294943820224719 0.5875468164794008 0.5222963483146067 0.5854400749063671 0.5149227528089888 0.5770131086142322 0.5138693820224719 0.5608614232209738 0.5200140449438202 0.5489232209737828 0.5363412921348315 0.5447097378277154
0 0.4390800561797753 0.5781835205992509 0.45031601123595505 0.5870786516853933 0.45400280898876405 0.5924625468164794 0.4552317415730337 0.5990168539325843 0.4529494382022472 0.6100187265917603 0.43662219101123595 0.6210205992509363 0.42521067415730335 0.6179775280898876 0.4160814606741573 0.6013576779026217 0.418188202247191 0.5922284644194756 0.42643960674157305 0.5802902621722846 0.43890449438202245 0.5781835205992509
0 0.2966994382022472 0.6086142322097379 0.29933286516853935 0.6128277153558053 0.300561797752809 0.62312734082397 0.28774578651685395 0.648876404494382 0.2830056179775281 0.6533239700374532 0.2691362359550562 0.651685393258427 0.26053370786516855 0.6467696629213483 0.25842696629213485 0.6285112359550562 0.26264044943820225 0.6161048689138576 0.27247191011235955 0.6100187265917603 0.2870435393258427 0.6128277153558053 0.2965238764044944 0.6088483146067416
0 0.24683988764044945 0.610252808988764 0.2521067415730337 0.6118913857677902 0.2575491573033708 0.6191479400749064 0.25702247191011235 0.6404494382022472 0.24841994382022473 0.6493445692883895 0.23507724719101122 0.6533239700374532 0.2285814606741573 0.651685393258427 0.22384129213483145 0.6448970037453183 0.22173455056179775 0.6357677902621723 0.2226123595505618 0.6264044943820225 0.23016151685393257 0.6147003745318352 0.23771067415730338 0.6104868913857678 0.24666432584269662 0.610252808988764
0 0.4299508426966292 0.6221910112359551 0.44083567415730335 0.62687265917603 0.44417134831460675 0.6427902621722846 0.4397823033707865 0.6584737827715356 0.42872191011235955 0.6659644194756554 0.41520365168539325 0.6629213483146067 0.41099016853932585 0.6537921348314607 0.4102879213483146 0.6455992509363296 0.4159058988764045 0.6292134831460674 0.4216994382022472 0.6242977528089888 0.4297752808988764 0.6221910112359551
0 0.6701193820224719 0.5950374531835206 0.6857443820224719 0.5976123595505618 0.6931179775280899 0.6072097378277154 0.6946980337078652 0.6158707865168539 0.6934691011235955 0.6287453183520599 0.6913623595505618 0.6334269662921348 0.6857443820224719 0.6374063670411985 0.6685393258426966 0.6322565543071161 0.6576544943820225 0.6128277153558053 0.6606390449438202 0.6015917602996255 0.6648525280898876 0.596441947565543 0.6699438202247191 0.5950374531835206
0 0.5219452247191011 0.5887172284644194 0.5287921348314607 0.5919943820224719 0.5342345505617978 0.5990168539325843 0.5366924157303371 0.6163389513108615 0.5328300561797753 0.6273408239700374 0.5215941011235955 0.6327247191011236 0.5158005617977528 0.6324906367041199 0.5114115168539326 0.6282771535580525 0.5071980337078652 0.6196161048689138 0.5061446629213483 0.6104868913857678 0.5100070224719101 0.5950374531835206 0.5152738764044944 0.5896535580524345 0.5217696629213483 0.5887172284644194
0 0.3455056179775281 0.48946629213483145 0.3539325842696629 0.4955524344569288 0.35691713483146065 0.5053838951310862 0.35445926966292135 0.5227059925093633 0.3453300561797753 0.5313670411985019 0.33093398876404495 0.5271535580524345 0.32689606741573035 0.5224719101123596 0.3240870786516854 0.512874531835206 0.324438202247191 0.5051498127340824 0.32900280898876405 0.4943820224719101 0.335498595505618 0.4897003745318352 0.3453300561797753 0.48946629213483145
0 0.6450140449438202 0.516619850187266 0.6574789325842697 0.5262172284644194 0.6616924157303371 0.5395599250936329 0.6606390449438202 0.5571161048689138 0.6544943820224719 0.5662453183520599 0.6478230337078652 0.5704588014981273 0.6439606741573034 0.5695224719101124 0.6371137640449438 0.5615636704119851 0.6306179775280899 0.5447097378277154 0.632373595505618 0.5259831460674157 0.640625 0.5177902621722846 0.6448384831460674 0.516619850187266
0 0.5287921348314607 0.5060861423220974 0.5377457865168539 0.5105337078651685 0.5409058988764045 0.5175561797752809 0.5410814606741573 0.5269194756554307 0.5366924157303371 0.5402621722846442 0.526685393258427 0.5447097378277154 0.5179073033707865 0.5421348314606742 0.5122893258426966 0.5330056179775281 0.5114115168539326 0.5250468164794008 0.5143960674157303 0.5117041198501873 0.5222963483146067 0.5060861423220974 0.5286165730337079 0.5060861423220974
0 0.5086025280898876 0.5411985018726592 0.5136938202247191 0.5430711610486891 0.5177317415730337 0.5498595505617978 0.5114115168539326 0.5777153558052435 0.5049157303370787 0.5835674157303371 0.49122191011235955 0.5826310861423221 0.48367275280898875 0.5746722846441947 0.48139044943820225 0.5660112359550562 0.48560393258426965 0.5489232209737828 0.5084269662921348 0.5414325842696629
0 0.45997191011235955 0.6594101123595506 0.4685744382022472 0.6643258426966292 0.472436797752809 0.6715823970037453 0.46734550561797755 0.7027153558052435 0.4633075842696629 0.7076310861423221 0.45066713483146065 0.7111423220973783 0.44627808988764045 0.7188670411985019 0.44083567415730335 0.7134831460674157 0.4438202247191011 0.7064606741573034 0.43890449438202245 0.6882022471910112 0.44259129213483145 0.6739232209737828 0.44610252808988765 0.6680711610486891 0.45979634831460675 0.6596441947565543
0 0.4866573033707865 0.6259363295880149 0.4959620786516854 0.6294475655430711 0.5038623595505618 0.6474719101123596 0.49525983146067415 0.6631554307116105 0.48542837078651685 0.6671348314606742 0.477001404494382 0.6661985018726592 0.4631320224719101 0.6558988764044944 0.46155196629213485 0.6467696629213483 0.4627808988764045 0.6371722846441947 0.4668188202247191 0.6331928838951311 0.47981039325842695 0.6264044943820225 0.4864817415730337 0.6259363295880149
0 0.671875 0.5051498127340824 0.686622191011236 0.5152153558052435 0.6906601123595506 0.5217696629213483 0.6918890449438202 0.5287921348314607 0.6892556179775281 0.5500936329588015 0.675561797752809 0.5543071161048689 0.6646769662921348 0.550561797752809 0.657127808988764 0.5198970037453183 0.6616924157303371 0.5081928838951311 0.6662570224719101 0.5046816479400749 0.6716994382022472 0.5051498127340824
2 0.23174157303370788 0.48103932584269665 0.7320926966292135 0.5173220973782772 0.722436797752809 0.7350187265917603 0.21769662921348315 0.697565543071161 0.2247191011235955 0.47869850187265917
1 0.29011587078651685 0.5021067415730337 0.028967696629213485 0.042134831460674156
1 0.3146945224719101 0.502691947565543 0.027212078651685394 0.04564606741573034
1 0.4358321629213483 0.5149812734082397 0.030723314606741572 0.042134831460674156
1 0.46392205056179775 0.5214185393258427 0.027212078651685394 0.040964419475655434
1 0.4643609550561798 0.5559456928838952 0.029845505617977528 0.03745318352059925
1 0.4630442415730337 0.5963249063670412 0.035990168539325844 0.05500936329588015
1 0.37965238764044945 0.5495084269662921 0.027212078651685394 0.038623595505617975
1 0.40335323033707865 0.5506788389513109 0.025456460674157303 0.043305243445692886
1 0.37438553370786515 0.5881320224719101 0.027212078651685394 0.038623595505617975
1 0.40554775280898875 0.5933988764044944 0.021067415730337078 0.039794007490636704
1 0.2501755617977528 0.5465823970037453 0.029845505617977528 0.04447565543071161
1 0.2479810393258427 0.5852059925093633 0.027212078651685394 0.042134831460674156
1 0.3142556179775281 0.5547752808988764 0.021067415730337078 0.04915730337078652
1 0.31162219101123595 0.5939840823970037 0.03160112359550562 0.040964419475655434
1 0.3107443820224719 0.6331928838951311 0.028089887640449437 0.03277153558052434
1 0.33839536516853935 0.6390449438202247 0.030723314606741572 0.04447565543071161
1 0.33927317415730335 0.6753277153558053 0.028967696629213485 0.042134831460674156
1 0.3669241573033708 0.6788389513108615 0.02457865168539326 0.03277153558052434
1 0.4274929775280899 0.6852762172284644 0.028089887640449437 0.043305243445692886
1 0.40159761235955055 0.6361189138576779 0.025456460674157303 0.040964419475655434
1 0.4551439606741573 0.6390449438202247 0.021945224719101125 0.042134831460674156
1 0.5508251404494382 0.6051029962546817 0.027212078651685394 0.039794007490636704
1 0.5556530898876404 0.567064606741573 0.021067415730337078 0.043305243445692886
1 0.586376404494382 0.5296114232209738 0.021067415730337078 0.038623595505617975
1 0.5815484550561798 0.5658941947565543 0.028967696629213485 0.043305243445692886
1 0.5815484550561798 0.6051029962546817 0.03247893258426966 0.039794007490636704
1 0.5508251404494382 0.6448970037453183 0.018433988764044944 0.0351123595505618
1 0.5253686797752809 0.6887874531835206 0.028967696629213485 0.03394194756554307
1 0.5543363764044944 0.6858614232209738 0.020189606741573034 0.03745318352059925
1 0.5833040730337079 0.68937265917603 0.021945224719101125 0.03745318352059925
1 0.6096383426966292 0.6887874531835206 0.025456460674157303 0.03394194756554307
1 0.6399227528089888 0.6495786516853933 0.02457865168539326 0.03745318352059925
1 0.6403616573033708 0.6162219101123596 0.028967696629213485 0.038623595505617975
1 0.6408005617977528 0.5758426966292135 0.028089887640449437 0.0351123595505618
1 0.7127808988764045 0.5840355805243446 0.02457865168539326 0.04447565543071161
1 0.7123419943820225 0.618562734082397 0.030723314606741572 0.040964419475655434