0 0.304248595505618 0.7045880149812734 0.3142556179775281 0.7055243445692884 0.3188202247191011 0.7130149812734082 0.3160112359550562 0.7413389513108615 0.3142556179775281 0.7443820224719101 0.31144662921348315 0.7425093632958801 0.30021067415730335 0.7443820224719101 0.2926615168539326 0.7411048689138576 0.28967696629213485 0.7357209737827716 0.28844803370786515 0.716058052434457 0.28985252808988765 0.7090355805243446 0.2933637640449438 0.7052902621722846 0.30407303370786515 0.7045880149812734
0 0.6235955056179775 0.5175561797752809 0.6293890449438202 0.5227059925093633 0.6439606741573034 0.5245786516853933 0.6495786516853933 0.5292602996254682 0.6566011235955056 0.5575842696629213 0.6546699438202247 0.5646067415730337 0.6490519662921348 0.5688202247191011 0.6320224719101124 0.5653089887640449 0.6214887640449438 0.5568820224719101 0.6185042134831461 0.5461142322097379 0.6216643258426966 0.5327715355805244 0.6178019662921348 0.5224719101123596 0.6234199438202247 0.5175561797752809
0 0.6339536516853933 0.5683520599250936 0.6483497191011236 0.5711610486891385 0.655372191011236 0.5838014981273408 0.6557233146067416 0.6020599250936329 0.6520365168539326 0.6079119850187266 0.6464185393258427 0.610252808988764 0.633251404494382 0.6086142322097379 0.6197331460674157 0.5922284644194756 0.6188553370786517 0.5795880149812734 0.6211376404494382 0.5730337078651685 0.6234199438202247 0.5699906367041199 0.6337780898876404 0.5683520599250936
0 0.6720505617977528 0.5662453183520599 0.6806530898876404 0.5709269662921348 0.686622191011236 0.5821629213483146 0.6867977528089888 0.5971441947565543 0.6787219101123596 0.6079119850187266 0.6660814606741573 0.6060393258426966 0.6573033707865169 0.5955056179775281 0.6544943820224719 0.5781835205992509 0.6560744382022472 0.5711610486891385 0.6648525280898876 0.5660112359550562 0.671875 0.5662453183520599
0 0.5433637640449438 0.5320692883895131 0.5524929775280899 0.5355805243445693 0.5595154494382022 0.5454119850187266 0.5617977528089888 0.5627340823970037 0.5565308988764045 0.5720973782771536 0.5519662921348315 0.5760767790262172 0.543188202247191 0.5760767790262172 0.5361657303370787 0.5713951310861424 0.5317766853932584 0.5639044943820225 0.5326544943820225 0.5397940074906367 0.543188202247191 0.5323033707865169
0 0.6348314606741573 0.6945224719101124 0.6439606741573034 0.6959269662921348 0.6478230337078652 0.6989700374531835 0.6515098314606742 0.7029494382022472 0.6541432584269663 0.7109082397003745 0.6544943820224719 0.733380149812734 0.6487008426966292 0.7448501872659176 0.6422050561797753 0.7467228464419475 0.6336025280898876 0.7432116104868914 0.6267556179775281 0.7305711610486891 0.6246488764044944 0.7205056179775281 0.6239466292134831 0.6996722846441947 0.6267556179775281 0.6952247191011236 0.6346558988764045 0.6945224719101124
0 0.49122191011235955 0.6910112359550562 0.4998244382022472 0.7064606741573034 0.5017556179775281 0.7202715355805244 0.49736657303370785 0.7375936329588015 0.49473314606741575 0.7415730337078652 0.48771067415730335 0.7441479400749064 0.480688202247191 0.7429775280898876 0.4748946629213483 0.7385299625468165 0.47138342696629215 0.7296348314606742 0.47015449438202245 0.713249063670412 0.4805126404494382 0.6926498127340824 0.49104634831460675 0.6910112359550562
0 0.33497191011235955 0.5402621722846442 0.34252106741573035 0.5468164794007491 0.3435744382022472 0.5711610486891385 0.33848314606741575 0.5765449438202247 0.3263693820224719 0.5814606741573034 0.31952247191011235 0.5793539325842697 0.31355337078651685 0.5711610486891385 0.31337780898876405 0.5540730337078652 0.3204002808988764 0.5421348314606742 0.33479634831460675 0.5402621722846442
0 0.5149227528089888 0.575374531835206 0.5240519662921348 0.5798220973782772 0.5280898876404494 0.5919943820224719 0.5259831460674157 0.6095505617977528 0.5224719101123596 0.6142322097378277 0.5149227528089888 0.6177434456928839 0.5086025280898876 0.6170411985018727 0.5035112359550562 0.613061797752809 0.500877808988764 0.6093164794007491 0.49912219101123595 0.5990168539325843 0.5010533707865169 0.5814606741573034 0.508251404494382 0.5758426966292135 0.514747191011236 0.575374531835206
0 0.26650280898876405 0.6610486891385767 0.28037219101123595 0.6671348314606742 0.28370786516853935 0.6713483146067416 0.2852879213483146 0.6797752808988764 0.2851123595505618 0.6928838951310862 0.28230337078651685 0.7006086142322098 0.27826544943820225 0.7050561797752809 0.269311797752809 0.7085674157303371 0.2577247191011236 0.7020131086142322 0.2540379213483146 0.6870318352059925 0.25474016853932585 0.6664325842696629 0.25860252808988765 0.6605805243445693 0.26632724719101125 0.6610486891385767
0 0.5307233146067416 0.6523876404494382 0.5361657303370787 0.6580056179775281 0.5502106741573034 0.6556647940074907 0.5582865168539326 0.6661985018726592 0.5646067415730337 0.6959269662921348 0.5605688202247191 0.7036516853932584 0.554248595505618 0.7073970037453183 0.5389747191011236 0.7001404494382022 0.532127808988764 0.6931179775280899 0.5293188202247191 0.6851591760299626 0.5294943820224719 0.6687734082397003 0.5249297752808989 0.6598782771535581 0.5265098314606742 0.6549625468164794 0.5305477528089888 0.6523876404494382
0 0.7034761235955056 0.5683520599250936 0.714185393258427 0.5739700374531835 0.7191011235955056 0.5816947565543071 0.7203300561797753 0.5877808988764045 0.717872191011236 0.6027621722846442 0.7071629213483146 0.6107209737827716 0.698560393258427 0.6095505617977528 0.6876755617977528 0.5990168539325843 0.6857443820224719 0.5746722846441947 0.6904845505617978 0.5704588014981273 0.7033005617977528 0.5683520599250936
0 0.36429073033707865 0.5407303370786517 0.3707865168539326 0.5430711610486891 0.3769311797752809 0.5498595505617978 0.37763342696629215 0.5636704119850188 0.3706109550561798 0.5760767790262172 0.3577949438202247 0.5821629213483146 0.3476123595505618 0.5770131086142322 0.3435744382022472 0.5639044943820225 0.34427668539325845 0.5500936329588015 0.352001404494382 0.5426029962546817 0.36411516853932585 0.5407303370786517
0 0.2833567415730337 0.7109082397003745 0.2875702247191011 0.7202715355805244 0.28827247191011235 0.7411048689138576 0.27598314606741575 0.7588951310861424 0.27264747191011235 0.7605337078651685 0.2652738764044944 0.7595973782771536 0.26088483146067415 0.7553838951310862 0.2577247191011236 0.7443820224719101 0.2579002808988764 0.7272940074906367 0.2633426966292135 0.7165262172284644 0.26808286516853935 0.7125468164794008 0.2831811797752809 0.7109082397003745
0 0.6927668539325843 0.6889044943820225 0.6978581460674157 0.6926498127340824 0.7115519662921348 0.6961610486891385 0.7185744382022472 0.7064606741573034 0.7205056179775281 0.713249063670412 0.7203300561797753 0.725187265917603 0.7169943820224719 0.7315074906367042 0.7108497191011236 0.7340823970037453 0.6978581460674157 0.7291666666666666 0.6896067415730337 0.7139513108614233 0.6845154494382022 0.6989700374531835 0.6890800561797753 0.6891385767790262 0.6925912921348315 0.6889044943820225
0 0.24122191011235955 0.5856741573033708 0.24877106741573032 0.5880149812734082 0.2519311797752809 0.5922284644194756 0.2498244382022472 0.6196161048689138 0.24104634831460675 0.6273408239700374 0.23314606741573032 0.6285112359550562 0.22401685393258428 0.6257022471910112 0.21997893258426968 0.6177434456928839 0.21875 0.6053370786516854 0.22384129213483145 0.5926966292134831 0.23086376404494383 0.587312734082397 0.24104634831460675 0.5859082397003745
0 0.34058988764044945 0.5800561797752809 0.35235252808988765 0.5852059925093633 0.35235252808988765 0.6072097378277154 0.3497191011235955 0.6135299625468165 0.34287219101123595 0.6203183520599251 0.32952949438202245 0.6238295880149812 0.3204002808988764 0.6191479400749064 0.3184691011235955 0.6095505617977528 0.3200491573033708 0.5952715355805244 0.3263693820224719 0.5835674157303371 0.33462078651685395 0.5795880149812734 0.34041432584269665 0.5800561797752809
0 0.6371137640449438 0.610252808988764 0.6478230337078652 0.612125468164794 0.655372191011236 0.62312734082397 0.6555477528089888 0.6404494382022472 0.6515098314606742 0.6474719101123596 0.6441362359550562 0.6519194756554307 0.6307935393258427 0.6484082397003745 0.6255266853932584 0.6413857677902621 0.6220154494382022 0.6299157303370787 0.6218398876404494 0.6196161048689138 0.624122191011236 0.6161048689138576 0.6304424157303371 0.6114232209737828 0.636938202247191 0.610252808988764
0 0.31109550561797755 0.6240636704119851 0.31776685393258425 0.6266385767790262 0.31934691011235955 0.6301498127340824 0.31741573033707865 0.6542602996254682 0.31934691011235955 0.6683052434456929 0.31759129213483145 0.6718164794007491 0.3146067415730337 0.6722846441947565 0.29599719101123595 0.6652621722846442 0.2914325842696629 0.6610486891385767 0.289501404494382 0.6556647940074907 0.2910814606741573 0.6362359550561798 0.2966994382022472 0.6289794007490637 0.3109199438202247 0.6240636704119851
0 0.277563202247191 0.5840355805243446 0.28616573033707865 0.5856741573033708 0.2875702247191011 0.588249063670412 0.28441011235955055 0.5985486891385767 0.2835323033707865 0.6161048689138576 0.2794943820224719 0.6203183520599251 0.2652738764044944 0.625 0.25719803370786515 0.6238295880149812 0.2519311797752809 0.6163389513108615 0.25087780898876405 0.6051029962546817 0.25316011235955055 0.5922284644194756 0.26228932584269665 0.5849719101123596 0.2773876404494382 0.5840355805243446
0 0.6720505617977528 0.6086142322097379 0.6785463483146067 0.6118913857677902 0.6834620786516854 0.6189138576779026 0.688377808988764 0.6364700374531835 0.686622191011236 0.6474719101123596 0.6759129213483146 0.6566011235955056 0.6613412921348315 0.6519194756554307 0.6557233146067416 0.6404494382022472 0.6564255617977528 0.6261704119850188 0.6601123595505618 0.6156367041198502 0.6646769662921348 0.6104868913857678 0.671875 0.6086142322097379
0 0.4885884831460674 0.5765449438202247 0.4959620786516854 0.5819288389513109 0.49877106741573035 0.5987827715355806 0.496313202247191 0.6097846441947565 0.49139747191011235 0.6170411985018727 0.4745435393258427 0.6257022471910112 0.4691011235955056 0.62312734082397 0.4645365168539326 0.6161048689138576 0.46804775280898875 0.5912921348314607 0.4729634831460674 0.5807584269662921 0.48103932584269665 0.5767790262172284 0.4884129213483146 0.5765449438202247
0 0.6592345505617978 0.6914794007490637 0.6794241573033708 0.6966292134831461 0.6875 0.7064606741573034 0.6892556179775281 0.7155898876404494 0.688377808988764 0.7272940074906367 0.6839887640449438 0.7345505617977528 0.6760884831460674 0.738061797752809 0.667310393258427 0.7350187265917603 0.6569522471910112 0.7205056179775281 0.6518609550561798 0.6992041198501873 0.6590589887640449 0.6914794007490637
0 0.5228230337078652 0.5234082397003745 0.5296699438202247 0.5273876404494382 0.5323033707865169 0.5330056179775281 0.53125 0.5573501872659176 0.5244030898876404 0.5683520599250936 0.5159761235955056 0.5713951310861424 0.5026334269662921 0.5639044943820225 0.49947331460674155 0.5566479400749064 0.49894662921348315 0.5463483146067416 0.5024578651685393 0.5362827715355806 0.5084269662921348 0.5292602996254682 0.5226474719101124 0.5234082397003745
0 0.34884129213483145 0.6645599250936329 0.3534058988764045 0.6718164794007491 0.3534058988764045 0.6776685393258427 0.3458567415730337 0.699438202247191 0.3398876404494382 0.7069288389513109 0.32882724719101125 0.7111423220973783 0.32162921348314605 0.7088014981273408 0.3167134831460674 0.7008426966292135 0.3144311797752809 0.6891385767790262 0.3163623595505618 0.6786048689138576 0.3246137640449438 0.6699438202247191 0.34866573033707865 0.6645599250936329
0 0.2719452247191011 0.5426029962546817 0.2808988764044944 0.5489232209737828 0.28002106741573035 0.5735018726591761 0.2735252808988764 0.5816947565543071 0.2621137640449438 0.5838014981273408 0.2575491573033708 0.5828651685393258 0.25122893258426965 0.5735018726591761 0.24947331460674158 0.5648408239700374 0.25105337078651685 0.5510299625468165 0.25912921348314605 0.5430711610486891 0.2717696629213483 0.5426029962546817
0 0.3049508426966292 0.5826310861423221 0.31548455056179775 0.587312734082397 0.3179424157303371 0.5990168539325843 0.31320224719101125 0.6165730337078652 0.3003862359550562 0.6252340823970037 0.29371488764044945 0.6242977528089888 0.2856390449438202 0.6161048689138576 0.2847612359550562 0.5980805243445693 0.28967696629213485 0.5861423220973783 0.3047752808988764 0.5826310861423221
0 0.2554424157303371 0.7069288389513109 0.26228932584269665 0.7134831460674157 0.2575491573033708 0.7247191011235955 0.2557935393258427 0.7411048689138576 0.24473314606741572 0.7535112359550562 0.2384129213483146 0.7563202247191011 0.22998595505617977 0.7553838951310862 0.22384129213483145 0.7492977528089888 0.22138342696629212 0.7404026217228464 0.222436797752809 0.7275280898876404 0.2361306179775281 0.7120786516853933 0.24473314606741572 0.7078651685393258 0.25526685393258425 0.7069288389513109
0 0.6293890449438202 0.6512172284644194 0.6478230337078652 0.6530898876404494 0.6548455056179775 0.6584737827715356 0.6560744382022472 0.6832865168539326 0.6518609550561798 0.6903089887640449 0.6455407303370787 0.6942883895131086 0.6362359550561798 0.6928838951310862 0.6265800561797753 0.6809456928838952 0.6221910112359551 0.6683052434456929 0.6218398876404494 0.6544943820224719 0.6228932584269663 0.650749063670412 0.6292134831460674 0.6512172284644194
0 0.7013693820224719 0.6107209737827716 0.7133075842696629 0.6125936329588015 0.7203300561797753 0.6182116104868914 0.7238412921348315 0.6247659176029963 0.7238412921348315 0.6427902621722846 0.7194522471910112 0.6509831460674157 0.7145365168539326 0.6533239700374532 0.6987359550561798 0.6491104868913857 0.6892556179775281 0.6399812734082397 0.6859199438202247 0.6196161048689138 0.6917134831460674 0.6125936329588015 0.7011938202247191 0.6107209737827716
0 0.34691011235955055 0.7017790262172284 0.35287921348314605 0.7066947565543071 0.3535814606741573 0.7205056179775281 0.34884129213483145 0.7364232209737828 0.34287219101123595 0.7478932584269663 0.3383075842696629 0.7525749063670412 0.3325140449438202 0.7542134831460674 0.3246137640449438 0.7525749063670412 0.31952247191011235 0.7483614232209738 0.31952247191011235 0.7202715355805244 0.324438202247191 0.7130149812734082 0.34673455056179775 0.7017790262172284
0 0.23964185393258428 0.5437734082397003 0.24736657303370788 0.5463483146067416 0.2501755617977528 0.5500936329588015 0.24929775280898878 0.5650749063670412 0.25105337078651685 0.575374531835206 0.2459620786516854 0.5823970037453183 0.23490168539325842 0.5854400749063671 0.2284058988764045 0.5847378277153558 0.22313904494382023 0.5802902621722846 0.21962780898876405 0.574438202247191 0.21787219101123595 0.5639044943820225 0.22033005617977527 0.5538389513108615 0.22384129213483145 0.5489232209737828 0.23946629213483145 0.5437734082397003
0 0.30021067415730335 0.5411985018726592 0.31109550561797755 0.5472846441947565 0.3128511235955056 0.5533707865168539 0.3126755617977528 0.5709269662921348 0.305126404494382 0.5793539325842697 0.2945926966292135 0.5830992509363296 0.289501404494382 0.5821629213483146 0.28177668539325845 0.5742041198501873 0.28019662921348315 0.56062734082397 0.28616573033707865 0.5456460674157303 0.30003511235955055 0.5411985018726592
0 0.24139747191011235 0.6669007490636704 0.246313202247191 0.6680711610486891 0.25280898876404495 0.674625468164794 0.2540379213483146 0.6961610486891385 0.24525983146067415 0.7066947565543071 0.23683286516853932 0.7106741573033708 0.23086376404494383 0.7102059925093633 0.2245435393258427 0.7027153558052435 0.22208567415730338 0.68562734082397 0.22366573033707865 0.6786048689138576 0.22752808988764045 0.6743913857677902 0.24122191011235955 0.6669007490636704
0 0.6613412921348315 0.6540262172284644 0.6794241573033708 0.6577715355805244 0.6855688202247191 0.6678370786516854 0.6885533707865169 0.6814138576779026 0.6873244382022472 0.6877340823970037 0.679248595505618 0.6954588014981273 0.657127808988764 0.6891385767790262 0.6573033707865169 0.6577715355805244 0.6611657303370787 0.6542602996254682
0 0.6964536516853933 0.6493445692883895 0.7143609550561798 0.6547284644194756 0.7173455056179775 0.6573033707865169 0.7203300561797753 0.665496254681648 0.7203300561797753 0.6830524344569289 0.7168188202247191 0.68937265917603 0.7101474719101124 0.6935861423220974 0.6996137640449438 0.6926498127340824 0.6904845505617978 0.6853932584269663 0.6845154494382022 0.6582397003745318 0.6889044943820225 0.6509831460674157 0.6962780898876404 0.6493445692883895
0 0.45646067415730335 0.6514513108614233 0.46769662921348315 0.6573033707865169 0.4722612359550562 0.663623595505618 0.4743679775280899 0.6713483146067416 0.47401685393258425 0.6853932584269663 0.4645365168539326 0.7034176029962547 0.45610955056179775 0.7043539325842697 0.449438202247191 0.7006086142322098 0.44224016853932585 0.6788389513108615 0.44241573033707865 0.6690074906367042 0.44469803370786515 0.6624531835205992 0.45628511235955055 0.651685393258427
0 0.4455758426966292 0.7010767790262172 0.46365870786516855 0.7045880149812734 0.4669943820224719 0.7092696629213483 0.46927668539325845 0.7195692883895131 0.46875 0.7308052434456929 0.4743679775280899 0.738061797752809 0.4745435393258427 0.7411048689138576 0.4705056179775281 0.7460205992509363 0.46400983146067415 0.7427434456928839 0.4492626404494382 0.7453183520599251 0.44259129213483145 0.7404026217228464 0.43504213483146065 0.724250936329588 0.4334620786516854 0.7134831460674157 0.43855337078651685 0.7027153558052435 0.4454002808988764 0.7010767790262172
0 0.34304775280898875 0.6245318352059925 0.35024578651685395 0.6322565543071161 0.34884129213483145 0.6519194756554307 0.3433988764044944 0.6624531835205992 0.3316362359550562 0.6678370786516854 0.32356039325842695 0.6669007490636704 0.31917134831460675 0.661750936329588 0.3168890449438202 0.6547284644194756 0.31899578651685395 0.6338951310861424 0.32742275280898875 0.6254681647940075 0.34287219101123595 0.6245318352059925
0 0.4919241573033708 0.6186797752808989 0.5094803370786517 0.6317883895131086 0.5126404494382022 0.6371722846441947 0.5133426966292135 0.6446629213483146 0.5121137640449438 0.6500468164794008 0.5079002808988764 0.6544943820224719 0.48911516853932585 0.661750936329588 0.4803370786516854 0.6580056179775281 0.4731390449438202 0.6439606741573034 0.4668188202247191 0.641619850187266 0.4648876404494382 0.6367041198501873 0.4669943820224719 0.6296816479400749 0.47384129213483145 0.6310861423220974 0.48121488764044945 0.6238295880149812 0.491748595505618 0.6186797752808989
0 0.6623946629213483 0.5110018726591761 0.6783707865168539 0.5222378277153558 0.6834620786516854 0.5325374531835206 0.6822331460674157 0.5440074906367042 0.6783707865168539 0.5529026217228464 0.671875 0.5589887640449438 0.6652036516853933 0.5594569288389513 0.6573033707865169 0.5571161048689138 0.6492275280898876 0.5259831460674157 0.6520365168539326 0.5154494382022472 0.6576544943820225 0.5107677902621723 0.6622191011235955 0.5110018726591761
0 0.2972261235955056 0.665496254681648 0.31162219101123595 0.6718164794007491 0.31548455056179775 0.6781367041198502 0.3123244382022472 0.6996722846441947 0.30372191011235955 0.7045880149812734 0.293188202247191 0.704119850187266 0.288623595505618 0.7001404494382022 0.2872191011235955 0.6952247191011236 0.28651685393258425 0.6748595505617978 0.2910814606741573 0.6664325842696629 0.2970505617977528 0.665496254681648
0 0.2758075842696629 0.6245318352059925 0.2828300561797753 0.6275749063670412 0.28844803370786515 0.6266385767790262 0.28616573033707865 0.6301498127340824 0.2891502808988764 0.6320224719101124 0.289501404494382 0.6432584269662921 0.2872191011235955 0.6556647940074907 0.2768609550561798 0.6629213483146067 0.2615870786516854 0.6584737827715356 0.2577247191011236 0.6519194756554307 0.2563202247191011 0.6404494382022472 0.2579002808988764 0.6329588014981273 0.2612359550561798 0.6287453183520599 0.2756320224719101 0.6245318352059925
0 0.5194873595505618 0.6458333333333334 0.5259831460674157 0.6509831460674157 0.523876404494382 0.6584737827715356 0.5286165730337079 0.6680711610486891 0.5284410112359551 0.68562734082397 0.5263342696629213 0.6928838951310862 0.5187851123595506 0.7029494382022472 0.5094803370786517 0.709503745318352 0.5021067415730337 0.7073970037453183 0.4978932584269663 0.699438202247191 0.4977176966292135 0.6690074906367042 0.5033356741573034 0.6596441947565543 0.519311797752809 0.6458333333333334
0 0.7003160112359551 0.5269194756554307 0.7101474719101124 0.5341760299625468 0.7136587078651685 0.5456460674157303 0.7136587078651685 0.5536048689138576 0.7108497191011236 0.5615636704119851 0.7010182584269663 0.5678838951310862 0.6880266853932584 0.5639044943820225 0.6808286516853933 0.5540730337078652 0.6850421348314607 0.5316011235955056 0.6890800561797753 0.5280898876404494 0.7001404494382022 0.5269194756554307
2 0.7145365168539326 0.5259051966292134 0.21706794241573035 0.5488806179775282 0.22289712078651686 0.7707345505617977 0.7207658005617977 0.7445344101123595
1 0.4411920646067416 0.553061797752809 0.11225421348314607 0.03188436329588015
1 0.3969820926966292 0.6665472846441947 0.08001404494382022 0.1720435393258427
1 0.4122735252808989 0.6137031835205992 0.10240168539325842 0.060114700374531836
1 0.42343574438202247 0.5904939138576779 0.08493504213483147 0.10577013108614233
1 0.5932496488764045 0.6372237827715356 0.05471032303370786 0.21327481273408241
1 0.5758672752808989 0.6099461610486892 0.09017029494382023 0.06664559925093633
1 0.5647594803370787 0.7281484082397004 0.11477176966292135 0.033075842696629214
1 0.5627721207865168 0.6279939138576779 0.11665028089887641 0.028829588014981273
1 0.48826720505617976 0.6743281835205992 0.02615870786516854 0.033113295880149815