2 0.25456460674157305 0.552434456928839 0.7279963132022472 0.6078340355805243 0.7186329002808989 0.8161673689138577 0.23525280898876405 0.7568663389513108
1 0.27598314606741575 0.5786516853932584 0.037219101123595506 0.042134831460674156
1 0.30793539325842695 0.5809925093632958 0.03089887640449438 0.0449438202247191
1 0.3376053370786517 0.5835674157303371 0.02914325842696629 0.041666666666666664
1 0.363061797752809 0.5880149812734082 0.027387640449438203 0.03932584269662921
1 0.3922050561797753 0.5894194756554307 0.027387640449438203 0.03932584269662921
1 0.4220505617977528 0.5945692883895131 0.027387640449438203 0.03932584269662921
1 0.4508426966292135 0.5978464419475655 0.027387640449438203 0.03932584269662921
1 0.4789325842696629 0.6006554307116105 0.027387640449438203 0.03932584269662921
1 0.5087780898876404 0.6053370786516854 0.027387640449438203 0.03932584269662921
1 0.5368679775280899 0.6086142322097379 0.027387640449438203 0.03932584269662921
1 0.567064606741573 0.6123595505617978 0.027387640449438203 0.03932584269662921
1 0.5944522471910112 0.6170411985018727 0.027387640449438203 0.03932584269662921
1 0.6225421348314607 0.6198501872659176 0.027387640449438203 0.03932584269662921
1 0.6513342696629213 0.6212546816479401 0.027387640449438203 0.03932584269662921
1 0.6790730337078652 0.6240636704119851 0.027387640449438203 0.03932584269662921
1 0.7085674157303371 0.62687265917603 0.027387640449438203 0.03932584269662921
1 0.5674157303370787 0.649812734082397 0.027387640449438203 0.03932584269662921
1 0.59375 0.6544943820224719 0.027387640449438203 0.03932584269662921
1 0.6242977528089888 0.6587078651685393 0.027387640449438203 0.03932584269662921
1 0.6506320224719101 0.6596441947565543 0.027387640449438203 0.03932584269662921
1 0.6794241573033708 0.6638576779026217 0.027387640449438203 0.03932584269662921
1 0.7106741573033708 0.6685393258426966 0.027387640449438203 0.03932584269662921
1 0.5077247191011236 0.6465355805243446 0.027387640449438203 0.03932584269662921
1 0.47717696629213485 0.6437265917602997 0.027387640449438203 0.03932584269662921
1 0.4469803370786517 0.6381086142322098 0.027387640449438203 0.03932584269662921
1 0.41924157303370785 0.6367041198501873 0.027387640449438203 0.03932584269662921
1 0.38974719101123595 0.6292134831460674 0.027387640449438203 0.03932584269662921
1 0.3337429775280899 0.6200070224719101 0.025632022471910113 0.02840121722846442
1 0.3047752808988764 0.6217228464419475 0.027387640449438203 0.03932584269662921
1 0.273876404494382 0.6179775280898876 0.027387640449438203 0.03932584269662921
1 0.26896067415730335 0.6573033707865169 0.027387640449438203 0.03932584269662921
1 0.2954125702247191 0.6596441947565543 0.022705407303370787 0.03932584269662921
1 0.3518258426966292 0.6685393258426966 0.027387640449438203 0.03932584269662921
1 0.38588483146067415 0.6690074906367042 0.027387640449438203 0.03932584269662921
1 0.418188202247191 0.6713483146067416 0.027387640449438203 0.03932584269662921
1 0.44452247191011235 0.6760299625468165 0.027387640449438203 0.03932584269662921
1 0.47366573033707865 0.6788389513108615 0.027387640449438203 0.03932584269662921
1 0.5028089887640449 0.6839887640449438 0.027387640449438203 0.03932584269662921
1 0.2672050561797753 0.6956928838951311 0.027387640449438203 0.03932584269662921
1 0.2947682584269663 0.6999063670411985 0.025632022471910113 0.03464419475655431
1 0.3251983848314607 0.709815074906367 0.030314255617977525 0.030742041198501876
1 0.35428370786516855 0.7050561797752809 0.027387640449438203 0.03932584269662921
1 0.3827247191011236 0.7097378277153558 0.027387640449438203 0.03932584269662921
1 0.47120786516853935 0.7223782771535581 0.027387640449438203 0.03932584269662921
1 0.5007022471910112 0.726123595505618 0.027387640449438203 0.03932584269662921
1 0.2654494382022472 0.7364232209737828 0.027387640449438203 0.03932584269662921
1 0.29213483146067415 0.7378277153558053 0.027387640449438203 0.03932584269662921
1 0.324438202247191 0.7443820224719101 0.027387640449438203 0.03932584269662921
1 0.35042134831460675 0.7434456928838952 0.027387640449438203 0.03932584269662921
1 0.3767556179775281 0.7448501872659176 0.027387640449438203 0.03932584269662921
1 0.4039676966292135 0.7554611423220974 0.02914325842696629 0.02840121722846442
1 0.4372068117977528 0.759440543071161 0.02797226123595506 0.030742041198501876
1 0.46875 0.7612359550561798 0.027387640449438203 0.03932584269662921
1 0.49754213483146065 0.7649812734082397 0.027387640449438203 0.03932584269662921
1 0.5298455056179775 0.7317415730337079 0.027387640449438203 0.03932584269662921
1 0.5294943820224719 0.7724719101123596 0.027387640449438203 0.03932584269662921
1 0.5596910112359551 0.7364232209737828 0.027387640449438203 0.03932584269662921
1 0.5558286516853933 0.7724719101123596 0.027387640449438203 0.03932584269662921
1 0.5909410112359551 0.7406367041198502 0.027387640449438203 0.03932584269662921
1 0.5839185393258427 0.778558052434457 0.027387640449438203 0.03932584269662921
1 0.6179775280898876 0.7406367041198502 0.027387640449438203 0.03932584269662921
1 0.6155196629213483 0.7808988764044944 0.027387640449438203 0.03932584269662921
1 0.6467696629213483 0.7378277153558053 0.027387640449438203 0.03932584269662921
1 0.6453651685393258 0.7794943820224719 0.027387640449438203 0.03932584269662921
1 0.6485252808988764 0.7092696629213483 0.027387640449438203 0.03932584269662921
1 0.6741573033707865 0.7064606741573034 0.027387640449438203 0.03932584269662921
1 0.6713483146067416 0.7439138576779026 0.027387640449438203 0.03932584269662921
1 0.6745084269662921 0.7869850187265918 0.027387640449438203 0.03932584269662921
1 0.7054073033707865 0.7078651685393258 0.027387640449438203 0.03932584269662921
1 0.7029494382022472 0.7448501872659176 0.027387640449438203 0.03932584269662921
1 0.7025983146067416 0.7832397003745318 0.027387640449438203 0.03932584269662921
0 0.33268960674157305 0.6329588014981273 0.3325140449438202 0.6411516853932584 0.3342696629213483 0.6474719101123596 0.34234550561797755 0.6549625468164794 0.34884129213483145 0.6558988764044944 0.35287921348314605 0.6549625468164794 0.35603932584269665 0.6530898876404494 0.3628862359550562 0.6455992509363296 0.3670997191011236 0.635065543071161 0.36973314606741575 0.6308520599250936 0.37025983146067415 0.6259363295880149 0.36973314606741575 0.6228932584269663 0.3651685393258427 0.6161048689138576 0.3534058988764045 0.6135299625468165 0.3495435393258427 0.6137640449438202 0.3421699438202247 0.6161048689138576 0.3381320224719101 0.6193820224719101 0.3342696629213483 0.6264044943820225
0 0.30354634831460675 0.6720505617977528 0.30372191011235955 0.6821161048689138 0.30723314606741575 0.697565543071161 0.31302668539325845 0.7008426966292135 0.31759129213483145 0.7017790262172284 0.32110252808988765 0.6999063670411985 0.3226825842696629 0.697565543071161 0.32496488764044945 0.6961610486891385 0.3261938202247191 0.6938202247191011 0.3325140449438202 0.6858614232209738 0.33497191011235955 0.6786048689138576 0.3362008426966292 0.6720505617977528 0.33918539325842695 0.6680711610486891 0.33900983146067415 0.6640917602996255 0.3398876404494382 0.6615168539325843 0.3395365168539326 0.658941947565543 0.33865870786516855 0.6573033707865169 0.3316362359550562 0.6584737827715356 0.32882724719101125 0.6542602996254682 0.3284761235955056 0.6505149812734082 0.32935393258426965 0.6474719101123596 0.3279494382022472 0.6458333333333334 0.3246137640449438 0.6451310861423221 0.3239115168539326 0.6479400749063671 0.32496488764044945 0.649812734082397 0.3240870786516854 0.651685393258427 0.3142556179775281 0.6542602996254682 0.31004213483146065 0.6573033707865169 0.30723314606741575 0.6610486891385767
0 0.3902738764044944 0.714185393258427 0.38922050561797755 0.7200374531835206 0.38939606741573035 0.7277621722846442 0.390625 0.7338483146067416 0.39343398876404495 0.7411048689138576 0.39009831460674155 0.74812734082397 0.39185393258426965 0.7516385767790262 0.3941362359550562 0.7532771535580525 0.39589185393258425 0.7530430711610487 0.39747191011235955 0.7525749063670412 0.39905196629213485 0.7469569288389513 0.40870786516853935 0.7453183520599251 0.41327247191011235 0.7420411985018727 0.41695926966292135 0.7375936329588015 0.41871488764044945 0.7343164794007491 0.42292837078651685 0.7134831460674157 0.42310393258426965 0.7097378277153558 0.42047050561797755 0.7027153558052435 0.41467696629213485 0.697565543071161 0.41116573033707865 0.6968632958801498 0.40765449438202245 0.697565543071161 0.39729634831460675 0.7045880149812734 0.3923806179775281 0.7102059925093633
0 0.4216994382022472 0.7289325842696629 0.4216994382022472 0.7354868913857678 0.4222261235955056 0.7375936329588015 0.42450842696629215 0.7408707865168539 0.42872191011235955 0.7448501872659176 0.4315308988764045 0.7460205992509363 0.4355688202247191 0.75187265917603 0.43837780898876405 0.7525749063670412 0.44276685393258425 0.7525749063670412 0.4496137640449438 0.7492977528089888 0.456811797752809 0.738061797752809 0.46365870786516855 0.7401685393258427 0.46558988764044945 0.7378277153558053 0.46594101123595505 0.7308052434456929 0.46383426966292135 0.7294007490636704 0.4587429775280899 0.7286985018726592 0.456811797752809 0.7254213483146067 0.45575842696629215 0.7202715355805244 0.44996488764044945 0.7083333333333334 0.445751404494382 0.7050561797752809 0.4390800561797753 0.7057584269662921 0.4352176966292135 0.7088014981273408 0.4274929775280899 0.7186329588014981 0.42433286516853935 0.7205056179775281 0.42257724719101125 0.7244850187265918
0 0.5212429775280899 0.6577715355805244 0.5210674157303371 0.6650280898876404 0.5235252808988764 0.6715823970037453 0.5263342696629213 0.675561797752809 0.5291432584269663 0.6767322097378277 0.5324789325842697 0.6767322097378277 0.5405547752808989 0.6760299625468165 0.5465238764044944 0.6739232209737828 0.5535463483146067 0.6661985018726592 0.5558286516853933 0.661750936329588 0.5568820224719101 0.6580056179775281 0.5572331460674157 0.6472378277153558 0.5581109550561798 0.6441947565543071 0.5617977528089888 0.6411516853932584 0.5625 0.636938202247191 0.5598665730337079 0.6327247191011236 0.5572331460674157 0.6301498127340824 0.5531952247191011 0.6338951310861424 0.5495084269662921 0.6355337078651685 0.5402036516853933 0.6317883895131086 0.5314255617977528 0.6329588014981273 0.5277387640449438 0.6371722846441947 0.5242275280898876 0.650749063670412 0.5224719101123596 0.6533239700374532
0 0.5233497191011236 0.6938202247191011 0.5231741573033708 0.6996722846441947 0.5256320224719101 0.709503745318352 0.5280898876404494 0.714185393258427 0.5330056179775281 0.7195692883895131 0.5398525280898876 0.7216760299625468 0.5437148876404494 0.7216760299625468 0.5470505617977528 0.7202715355805244 0.551439606741573 0.714185393258427 0.5524929775280899 0.7102059925093633 0.5516151685393258 0.6961610486891385 0.5488061797752809 0.6891385767790262 0.543188202247191 0.6790730337078652 0.5400280898876404 0.6779026217228464 0.5301966292134831 0.6786048689138576 0.5307233146067416 0.6821161048689138 0.5249297752808989 0.6860955056179775
0 0.5521418539325843 0.6790730337078652 0.5516151685393258 0.6823501872659176 0.5500351123595506 0.6858614232209738 0.5526685393258427 0.6999063670411985 0.5533707865168539 0.7139513108614233 0.5531952247191011 0.7169943820224719 0.5510884831460674 0.7237827715355806 0.555126404494382 0.7272940074906367 0.5572331460674157 0.727996254681648 0.5595154494382022 0.7237827715355806 0.5591643258426966 0.7216760299625468 0.5609199438202247 0.7195692883895131 0.5688202247191011 0.7174625468164794 0.5768960674157303 0.711376404494382 0.5788272471910112 0.7071629213483146 0.5800561797752809 0.7010767790262172 0.5816362359550562 0.6924157303370787 0.5819873595505618 0.6849250936329588 0.5807584269662921 0.6750936329588015 0.5784761235955056 0.670880149812734 0.5746137640449438 0.6676029962546817 0.5682935393258427 0.6680711610486891 0.5625 0.670880149812734 0.5538974719101124 0.6767322097378277
0 0.5814606741573034 0.7029494382022472 0.5809339887640449 0.7106741573033708 0.5816362359550562 0.7127808988764045 0.590063202247191 0.721441947565543 0.5944522471910112 0.7240168539325843 0.5981390449438202 0.7237827715355806 0.6028792134831461 0.7223782771535581 0.6067415730337079 0.7200374531835206 0.6107794943820225 0.7048220973782772 0.6128862359550562 0.7017790262172284 0.6144662921348315 0.697565543071161 0.6165730337078652 0.6949906367041199 0.6172752808988764 0.6926498127340824 0.6163974719101124 0.6891385767790262 0.613939606741573 0.6882022471910112 0.609375 0.6814138576779026 0.5990168539325843 0.6821161048689138 0.5939255617977528 0.6809456928838952 0.5919943820224719 0.6788389513108615 0.5905898876404494 0.6809456928838952 0.5883075842696629 0.6818820224719101 0.5846207865168539 0.68562734082397 0.5832162921348315 0.6935861423220974 0.5830407303370787 0.6999063670411985
0 0.6088483146067416 0.7165262172284644 0.6079705056179775 0.7200374531835206 0.6079705056179775 0.7240168539325843 0.6104283707865169 0.7272940074906367 0.6127106741573034 0.7286985018726592 0.6304424157303371 0.733380149812734 0.6367626404494382 0.7308052434456929 0.6399227528089888 0.7272940074906367 0.6420294943820225 0.7237827715355806 0.6446629213483146 0.7148876404494382 0.6465941011235955 0.7109082397003745 0.6474719101123596 0.7097378277153558 0.6494030898876404 0.7104400749063671 0.652563202247191 0.7099719101123596 0.6532654494382022 0.7064606741573034 0.6518609550561798 0.699438202247191 0.6509831460674157 0.6980337078651685 0.6465941011235955 0.699438202247191 0.6446629213483146 0.701310861423221 0.640625 0.6982677902621723 0.6362359550561798 0.6926498127340824 0.6336025280898876 0.6905430711610487 0.6302668539325843 0.6886704119850188 0.6227176966292135 0.6877340823970037 0.6190308988764045 0.6907771535580525 0.6181530898876404 0.6966292134831461 0.613061797752809 0.7064606741573034 0.613939606741573 0.7097378277153558 0.613061797752809 0.7130149812734082