0 0.6376404494382022 0.6086142322097379 0.6529143258426966 0.6151685393258427 0.6611657303370787 0.6259363295880149 0.6611657303370787 0.6439606741573034 0.6511587078651685 0.6556647940074907 0.6400983146067416 0.6533239700374532 0.6334269662921348 0.6474719101123596 0.6274578651685393 0.6198501872659176 0.6318469101123596 0.611189138576779 0.6374648876404494 0.6086142322097379
0 0.3497191011235955 0.7059925093632958 0.35691713483146065 0.7127808988764045 0.3577949438202247 0.7256554307116105 0.34884129213483145 0.7490636704119851 0.34129213483146065 0.7586610486891385 0.33514747191011235 0.7614700374531835 0.3261938202247191 0.7588951310861424 0.32110252808988765 0.7521067415730337 0.31952247191011235 0.7441479400749064 0.32110252808988765 0.7296348314606742 0.3265449438202247 0.7202715355805244 0.3456811797752809 0.7064606741573034 0.3495435393258427 0.7059925093632958
0 0.34901685393258425 0.5849719101123596 0.3693820224719101 0.5861423220973783 0.37816011235955055 0.5952715355805244 0.37429775280898875 0.6228932584269663 0.36077949438202245 0.6275749063670412 0.3558637640449438 0.62687265917603 0.3514747191011236 0.6226591760299626 0.3435744382022472 0.5990168539325843 0.3439255617977528 0.5889513108614233 0.34884129213483145 0.5849719101123596
0 0.6148174157303371 0.535814606741573 0.6206109550561798 0.5379213483146067 0.6246488764044944 0.5430711610486891 0.6271067415730337 0.56437265917603 0.6237710674157303 0.5713951310861424 0.6141151685393258 0.576310861423221 0.6081460674157303 0.5756086142322098 0.5988412921348315 0.5669475655430711 0.5965589887640449 0.5465823970037453 0.5986657303370787 0.5402621722846442 0.6025280898876404 0.536750936329588 0.6146418539325843 0.535814606741573
0 0.4922752808988764 0.6985018726591761 0.5021067415730337 0.711376404494382 0.5050912921348315 0.7310393258426966 0.49929775280898875 0.7455524344569289 0.49122191011235955 0.7504681647940075 0.4840238764044944 0.7497659176029963 0.4764747191011236 0.7429775280898876 0.4741924157303371 0.7270599250936329 0.4768258426966292 0.712312734082397 0.4859550561797753 0.6996722846441947 0.4920997191011236 0.6985018726591761
0 0.6378160112359551 0.5346441947565543 0.6515098314606742 0.5383895131086143 0.6578300561797753 0.5465823970037453 0.6595856741573034 0.5533707865168539 0.6569522471910112 0.5709269662921348 0.6520365168539326 0.5767790262172284 0.6455407303370787 0.579119850187266 0.6371137640449438 0.5779494382022472 0.6278089887640449 0.5671816479400749 0.6264044943820225 0.5433052434456929 0.6300912921348315 0.5365168539325843 0.6376404494382022 0.5346441947565543
0 0.550561797752809 0.5381554307116105 0.5621488764044944 0.5449438202247191 0.5665379213483146 0.5596910112359551 0.5651334269662921 0.5720973782771536 0.5598665730337079 0.5779494382022472 0.5544241573033708 0.5800561797752809 0.5426615168539326 0.5774812734082397 0.5372191011235955 0.5646067415730337 0.5373946629213483 0.5529026217228464 0.5398525280898876 0.5447097378277154 0.5503862359550562 0.5381554307116105
0 0.5263342696629213 0.5297284644194756 0.5330056179775281 0.5323033707865169 0.5363412921348315 0.5365168539325843 0.5372191011235955 0.5489232209737828 0.5340589887640449 0.5674157303370787 0.5294943820224719 0.5739700374531835 0.5221207865168539 0.5767790262172284 0.5121137640449438 0.5758426966292135 0.5070224719101124 0.5711610486891385 0.5047401685393258 0.56437265917603 0.5042134831460674 0.5500936329588015 0.5084269662921348 0.5393258426966292 0.5261587078651685 0.5297284644194756
0 0.5507373595505618 0.6657303370786517 0.5626755617977528 0.6715823970037453 0.5679424157303371 0.6786048689138576 0.5689957865168539 0.6849250936329588 0.5681179775280899 0.6961610486891385 0.5640800561797753 0.7073970037453183 0.5589887640449438 0.7176966292134831 0.5540730337078652 0.7202715355805244 0.5466994382022472 0.7188670411985019 0.5433637640449438 0.7155898876404494 0.5377457865168539 0.6977996254681648 0.5384480337078652 0.677434456928839 0.5417837078651685 0.6711142322097379 0.550561797752809 0.6657303370786517
0 0.5233497191011236 0.6252340823970037 0.5298455056179775 0.6278089887640449 0.5338834269662921 0.6324906367041199 0.5372191011235955 0.6463014981273408 0.534936797752809 0.6615168539325843 0.5261587078651685 0.6692415730337079 0.5121137640449438 0.6647940074906367 0.5059691011235955 0.650749063670412 0.5086025280898876 0.6303838951310862 0.5129915730337079 0.6261704119850188 0.5231741573033708 0.6252340823970037
0 0.4669943820224719 0.6669007490636704 0.47717696629213485 0.6694756554307116 0.48103932584269665 0.6776685393258427 0.4787570224719101 0.699438202247191 0.4745435393258427 0.7064606741573034 0.4703300561797753 0.7106741573033708 0.45435393258426965 0.7099719101123596 0.44645365168539325 0.7151217228464419 0.4429424157303371 0.7099719101123596 0.4469803370786517 0.6996722846441947 0.44592696629213485 0.6882022471910112 0.44856039325842695 0.6781367041198502 0.45400280898876405 0.6715823970037453 0.4668188202247191 0.6671348314606742
0 0.3965941011235955 0.5447097378277154 0.40554775280898875 0.5503277153558053 0.4080056179775281 0.5575842696629213 0.40870786516853935 0.5716292134831461 0.40098314606741575 0.5833333333333334 0.38746488764044945 0.5852059925093633 0.3785112359550562 0.5746722846441947 0.3793890449438202 0.5545411985018727 0.3864115168539326 0.5461142322097379 0.3964185393258427 0.5447097378277154
0 0.35042134831460675 0.6673689138576779 0.35481039325842695 0.6722846441947565 0.34901685393258425 0.6921816479400749 0.34884129213483145 0.7043539325842697 0.331811797752809 0.714185393258427 0.324438202247191 0.712312734082397 0.319873595505618 0.7066947565543071 0.31706460674157305 0.6977996254681648 0.31759129213483145 0.6853932584269663 0.3205758426966292 0.6786048689138576 0.328125 0.6711142322097379 0.35024578651685395 0.6673689138576779
0 0.682935393258427 0.5688202247191011 0.6910112359550562 0.5746722846441947 0.6936446629213483 0.5849719101123596 0.6862710674157303 0.6097846441947565 0.682935393258427 0.6139981273408239 0.6757373595505618 0.6170411985018727 0.6627457865168539 0.6139981273408239 0.6576544943820225 0.6036985018726592 0.6558988764044944 0.587312734082397 0.6578300561797753 0.5774812734082397 0.6613412921348315 0.5786516853932584 0.6639747191011236 0.575374531835206 0.6827598314606742 0.5688202247191011
0 0.41924157303370785 0.5388576779026217 0.43258426966292135 0.5426029962546817 0.4376755617977528 0.5498595505617978 0.4396067415730337 0.5585205992509363 0.4397823033707865 0.5697565543071161 0.43662219101123595 0.5795880149812734 0.4311797752808989 0.5840355805243446 0.42257724719101125 0.586376404494382 0.4183637640449438 0.5859082397003745 0.4104634831460674 0.5746722846441947 0.40712780898876405 0.5510299625468165 0.41134129213483145 0.5421348314606742 0.41906601123595505 0.5388576779026217
0 0.5595154494382022 0.6214887640449438 0.569873595505618 0.6301498127340824 0.5721558988764045 0.6437265917602997 0.5684691011235955 0.6601123595505618 0.5609199438202247 0.6671348314606742 0.5463483146067416 0.6591760299625468 0.5428370786516854 0.6540262172284644 0.5387991573033708 0.6404494382022472 0.539501404494382 0.6338951310861424 0.5435393258426966 0.6259363295880149 0.5496839887640449 0.6217228464419475 0.5593398876404494 0.6214887640449438
0 0.49525983146067415 0.6259363295880149 0.4998244382022472 0.6294475655430711 0.5042134831460674 0.639747191011236 0.507373595505618 0.6612827715355806 0.5017556179775281 0.6718164794007491 0.4982443820224719 0.6729868913857678 0.47717696629213485 0.6671348314606742 0.47120786516853935 0.6547284644194756 0.47155898876404495 0.6404494382022472 0.47331460674157305 0.6364700374531835 0.48771067415730335 0.6264044943820225 0.49508426966292135 0.6259363295880149
0 0.31583567415730335 0.6285112359550562 0.32285814606741575 0.6334269662921348 0.31776685393258425 0.660814606741573 0.31127106741573035 0.6697097378277154 0.3009129213483146 0.6757958801498127 0.293188202247191 0.6743913857677902 0.284936797752809 0.665496254681648 0.2828300561797753 0.6580056179775281 0.28458567415730335 0.6474719101123596 0.28827247191011235 0.6402153558052435 0.2970505617977528 0.6336610486891385 0.31566011235955055 0.6285112359550562
0 0.43240870786516855 0.6692415730337079 0.4436446629213483 0.6776685393258427 0.4454002808988764 0.6956928838951311 0.44259129213483145 0.7050561797752809 0.43258426966292135 0.711376404494382 0.4215238764044944 0.7076310861423221 0.41678370786516855 0.6963951310861424 0.4180126404494382 0.6821161048689138 0.42099719101123595 0.6753277153558053 0.42521067415730335 0.6706460674157303 0.43223314606741575 0.6692415730337079
0 0.36973314606741575 0.5454119850187266 0.378686797752809 0.5538389513108615 0.3772823033707865 0.574438202247191 0.3695575842696629 0.5842696629213483 0.36025280898876405 0.5856741573033708 0.34831460674157305 0.5774812734082397 0.3481390449438202 0.5552434456928839 0.3512991573033708 0.549625468164794 0.35691713483146065 0.5463483146067416 0.3695575842696629 0.5454119850187266
0 0.402563202247191 0.5842696629213483 0.40888342696629215 0.5884831460674157 0.4122191011235955 0.5985486891385767 0.41292134831460675 0.6224250936329588 0.4046699438202247 0.6303838951310862 0.3904494382022472 0.6273408239700374 0.38553370786516855 0.6238295880149812 0.37745786516853935 0.6093164794007491 0.3788623595505618 0.5985486891385767 0.382373595505618 0.5901217228464419 0.38957162921348315 0.5849719101123596 0.4023876404494382 0.5842696629213483
0 0.6439606741573034 0.6551966292134831 0.648876404494382 0.6573033707865169 0.65625 0.6666666666666666 0.6613412921348315 0.6664325842696629 0.6655547752808989 0.6715823970037453 0.6648525280898876 0.6788389513108615 0.6578300561797753 0.6793071161048689 0.651685393258427 0.6924157303370787 0.6441362359550562 0.6977996254681648 0.6344803370786517 0.6963951310861424 0.6227176966292135 0.6891385767790262 0.6192064606741573 0.6790730337078652 0.6195575842696629 0.6713483146067416 0.6223665730337079 0.6657303370786517 0.6336025280898876 0.6568352059925093 0.6437851123595506 0.6551966292134831
0 0.4394311797752809 0.7118445692883895 0.44469803370786515 0.7200374531835206 0.4436446629213483 0.738061797752809 0.4375 0.7521067415730337 0.42907303370786515 0.7567883895131086 0.42134831460674155 0.7551498127340824 0.4176615168539326 0.7514044943820225 0.413623595505618 0.7406367041198502 0.4139747191011236 0.7272940074906367 0.4176615168539326 0.7169943820224719 0.421875 0.7118445692883895 0.4392556179775281 0.7118445692883895
0 0.398876404494382 0.6296816479400749 0.40625 0.6317883895131086 0.41099016853932585 0.636938202247191 0.4125702247191011 0.6512172284644194 0.40730337078651685 0.6664325842696629 0.3922050561797753 0.6713483146067416 0.3827247191011236 0.6645599250936329 0.37991573033707865 0.6580056179775281 0.37991573033707865 0.650749063670412 0.382373595505618 0.638810861423221 0.38570926966292135 0.6327247191011236 0.3904494382022472 0.6294475655430711 0.3987008426966292 0.6296816479400749
0 0.33848314606741575 0.5861423220973783 0.34252106741573035 0.5931647940074907 0.347436797752809 0.6168071161048689 0.3414676966292135 0.625 0.328125 0.6292134831460674 0.31724016853932585 0.6266385767790262 0.31372893258426965 0.6212546816479401 0.3140800561797753 0.6139981273408239 0.31776685393258425 0.6008895131086143 0.32338483146067415 0.5908239700374532 0.3383075842696629 0.5861423220973783
0 0.6172752808988764 0.5779494382022472 0.6271067415730337 0.5849719101123596 0.6314957865168539 0.598314606741573 0.6309691011235955 0.6093164794007491 0.6269311797752809 0.6165730337078652 0.6188553370786517 0.6203183520599251 0.6021769662921348 0.6163389513108615 0.5981390449438202 0.6055711610486891 0.5963834269662921 0.5931647940074907 0.5967345505617978 0.5880149812734082 0.6021769662921348 0.5798220973782772 0.6170997191011236 0.5779494382022472
0 0.46190308988764045 0.5840355805243446 0.46769662921348315 0.587312734082397 0.47173455056179775 0.5943352059925093 0.4727879213483146 0.6189138576779026 0.4747191011235955 0.62312734082397 0.47366573033707865 0.6296816479400749 0.46400983146067415 0.6348314606741573 0.445751404494382 0.6240636704119851 0.4410112359550562 0.5987827715355806 0.4473314606741573 0.587312734082397 0.46172752808988765 0.5840355805243446
0 0.49473314606741575 0.5821629213483146 0.49947331460674155 0.5887172284644194 0.5026334269662921 0.6018258426966292 0.5028089887640449 0.613061797752809 0.49894662921348315 0.6196161048689138 0.4940308988764045 0.6240636704119851 0.47735252808988765 0.6306179775280899 0.4731390449438202 0.6132958801498127 0.472436797752809 0.5950374531835206 0.47577247191011235 0.5884831460674157 0.48121488764044945 0.5838014981273408 0.4945575842696629 0.5823970037453183
0 0.3772823033707865 0.6664325842696629 0.38412921348314605 0.6713483146067416 0.3848314606741573 0.6743913857677902 0.37991573033707865 0.6973314606741573 0.37377106741573035 0.7083333333333334 0.3649929775280899 0.7125468164794008 0.35814606741573035 0.7109082397003745 0.3516502808988764 0.7038857677902621 0.3497191011235955 0.6961610486891385 0.35059691011235955 0.6891385767790262 0.3535814606741573 0.6786048689138576 0.35884831460674155 0.670880149812734 0.3771067415730337 0.6664325842696629
0 0.27247191011235955 0.6992041198501873 0.2773876404494382 0.7031835205992509 0.2772120786516854 0.7097378277153558 0.2719452247191011 0.7167602996254682 0.2696629213483146 0.7308052434456929 0.25702247191011235 0.7514044943820225 0.24508426966292135 0.7595973782771536 0.2341994382022472 0.7565543071161048 0.23016151685393257 0.7516385767790262 0.22823033707865167 0.7446161048689138 0.22928370786516855 0.7310393258426966 0.23771067415730338 0.7193352059925093 0.25860252808988765 0.7078651685393258 0.265625 0.7071629213483146 0.27229634831460675 0.699438202247191
0 0.46558988764044945 0.7104400749063671 0.47120786516853935 0.7125468164794008 0.47366573033707865 0.7169943820224719 0.4743679775280899 0.7429775280898876 0.46769662921348315 0.7549157303370787 0.4683988764044944 0.7624063670411985 0.4645365168539326 0.7654494382022472 0.45997191011235955 0.764747191011236 0.4590941011235955 0.7577247191011236 0.4496137640449438 0.7509363295880149 0.4452247191011236 0.739934456928839 0.4468047752808989 0.7167602996254682 0.45646067415730335 0.7104400749063671 0.46541432584269665 0.7104400749063671
0 0.37394662921348315 0.6259363295880149 0.38026685393258425 0.6289794007490637 0.38219803370786515 0.6336610486891385 0.378686797752809 0.6615168539325843 0.3616573033707865 0.6694756554307116 0.3555126404494382 0.6673689138576779 0.35059691011235955 0.6610486891385767 0.34884129213483145 0.651685393258427 0.35024578651685395 0.636938202247191 0.35814606741573035 0.6292134831460674 0.37377106741573035 0.6259363295880149
0 0.582689606741573 0.5360486891385767 0.5933988764044944 0.5423689138576779 0.5960323033707865 0.5491573033707865 0.5969101123595506 0.56062734082397 0.5965589887640449 0.5676498127340824 0.5895365168539326 0.5756086142322098 0.5849719101123596 0.5774812734082397 0.5779494382022472 0.5767790262172284 0.569873595505618 0.5711610486891385 0.5668890449438202 0.5507958801498127 0.5672401685393258 0.5468164794007491 0.5725070224719101 0.5390917602996255 0.5825140449438202 0.5360486891385767
0 0.4046699438202247 0.6685393258426966 0.4097612359550562 0.6706460674157303 0.413623595505618 0.6786048689138576 0.41274578651685395 0.699438202247191 0.40484550561797755 0.7102059925093633 0.3962429775280899 0.714185393258427 0.3904494382022472 0.7134831460674157 0.383251404494382 0.7064606741573034 0.3811446629213483 0.6982677902621723 0.38219803370786515 0.68562734082397 0.38728932584269665 0.674625468164794 0.4044943820224719 0.6685393258426966
0 0.7173455056179775 0.6041666666666666 0.7236657303370787 0.6128277153558053 0.7180477528089888 0.6193820224719101 0.7191011235955056 0.6348314606741573 0.7169943820224719 0.6441947565543071 0.7092696629213483 0.650749063670412 0.6962780898876404 0.6549625468164794 0.6889044943820225 0.6512172284644194 0.6850421348314607 0.6441947565543071 0.6845154494382022 0.6189138576779026 0.699438202247191 0.6086142322097379 0.7127808988764045 0.6100187265917603 0.7171699438202247 0.6041666666666666
0 0.24578651685393257 0.549625468164794 0.2535112359550562 0.5571161048689138 0.25474016853932585 0.5814606741573034 0.24754213483146068 0.5884831460674157 0.238061797752809 0.5908239700374532 0.22981039325842698 0.589185393258427 0.22401685393258428 0.5830992509363296 0.22208567415730338 0.5646067415730337 0.22349016853932585 0.5599250936329588 0.23086376404494383 0.5517322097378277 0.24561095505617977 0.549625468164794
0 0.5933988764044944 0.6666666666666666 0.5988412921348315 0.675561797752809 0.6042837078651685 0.6952247191011236 0.6023525280898876 0.7024812734082397 0.5953300561797753 0.709503745318352 0.581811797752809 0.7073970037453183 0.5751404494382022 0.7034176029962547 0.5700491573033708 0.6966292134831461 0.5677668539325843 0.68562734082397 0.5686446629213483 0.6776685393258427 0.5740870786516854 0.6718164794007491 0.5932233146067416 0.6666666666666666
0 0.27615870786516855 0.6610486891385767 0.2789676966292135 0.6647940074906367 0.27844101123595505 0.6676029962546817 0.27229634831460675 0.6788389513108615 0.2696629213483146 0.6924157303370787 0.25895365168539325 0.7064606741573034 0.24245084269662923 0.7151217228464419 0.23490168539325842 0.7134831460674157 0.22735252808988765 0.7034176029962547 0.22717696629213482 0.6924157303370787 0.22928370786516855 0.68562734082397 0.24122191011235955 0.6734550561797753 0.2658005617977528 0.6666666666666666 0.27598314606741575 0.6610486891385767
0 0.4299508426966292 0.5868445692883895 0.43609550561797755 0.5905898876404494 0.43995786516853935 0.5978464419475655 0.44083567415730335 0.6163389513108615 0.4339887640449438 0.6275749063670412 0.4253862359550562 0.6306179775280899 0.4183637640449438 0.6285112359550562 0.4139747191011236 0.6235955056179775 0.4122191011235955 0.6058052434456929 0.4139747191011236 0.5959737827715356 0.41731039325842695 0.591058052434457 0.4297752808988764 0.5868445692883895
0 0.3068820224719101 0.5470505617977528 0.3128511235955056 0.5500936329588015 0.31759129213483145 0.5564138576779026 0.31759129213483145 0.5749063670411985 0.3109199438202247 0.5840355805243446 0.3031952247191011 0.5877808988764045 0.29002808988764045 0.5847378277153558 0.28616573033707865 0.576310861423221 0.2852879213483146 0.5669475655430711 0.28634129213483145 0.5601591760299626 0.2914325842696629 0.5500936329588015 0.2984550561797753 0.5465823970037453 0.3067064606741573 0.5470505617977528
0 0.5972612359550562 0.62312734082397 0.5993679775280899 0.62312734082397 0.6005969101123596 0.6474719101123596 0.5981390449438202 0.6580056179775281 0.5905898876404494 0.6647940074906367 0.5783005617977528 0.6685393258426966 0.5702247191011236 0.6683052434456929 0.5686446629213483 0.661750936329588 0.5718047752808989 0.6474719101123596 0.5709269662921348 0.6336610486891385 0.5723314606741573 0.6303838951310862 0.5814606741573034 0.6242977528089888 0.5972612359550562 0.6233614232209738
0 0.4590941011235955 0.5365168539325843 0.465063202247191 0.5395599250936329 0.47015449438202245 0.5465823970037453 0.4743679775280899 0.5690543071161048 0.47015449438202245 0.5779494382022472 0.45821629213483145 0.5805243445692884 0.4527738764044944 0.5802902621722846 0.44610252808988765 0.575374531835206 0.44083567415730335 0.5667134831460674 0.4396067415730337 0.5571161048689138 0.441186797752809 0.548689138576779 0.4452247191011236 0.5414325842696629 0.453125 0.5362827715355806 0.4589185393258427 0.5365168539325843
0 0.5252808988764045 0.5805243445692884 0.5293188202247191 0.5830992509363296 0.5328300561797753 0.5915262172284644 0.5333567415730337 0.6062734082397003 0.5265098314606742 0.6210205992509363 0.5159761235955056 0.6245318352059925 0.5094803370786517 0.6210205992509363 0.5040379213483146 0.613061797752809 0.503686797752809 0.5926966292134831 0.5117626404494382 0.5821629213483146 0.5251053370786517 0.5805243445692884
0 0.4496137640449438 0.6282771535580525 0.46962780898876405 0.6406835205992509 0.4703300561797753 0.6441947565543071 0.4691011235955056 0.6549625468164794 0.46400983146067415 0.6652621722846442 0.44645365168539325 0.672752808988764 0.44241573033707865 0.672752808988764 0.43486657303370785 0.6657303370786517 0.43275983146067415 0.6577715355805244 0.4418890449438202 0.6331928838951311 0.44610252808988765 0.6282771535580525 0.449438202247191 0.6282771535580525
0 0.3358497191011236 0.5461142322097379 0.34287219101123595 0.548689138576779 0.34620786516853935 0.5533707865168539 0.34655898876404495 0.5779494382022472 0.3416432584269663 0.5842696629213483 0.3297050561797753 0.5866104868913857 0.3246137640449438 0.5861423220973783 0.3184691011235955 0.5779494382022472 0.3184691011235955 0.5601591760299626 0.3202247191011236 0.5536048689138576 0.324438202247191 0.5482209737827716 0.3356741573033708 0.5461142322097379
0 0.5675912921348315 0.5819288389513109 0.570751404494382 0.5840355805243446 0.5851474719101124 0.5830992509363296 0.5930477528089888 0.5877808988764045 0.5960323033707865 0.5919943820224719 0.6000702247191011 0.6095505617977528 0.5991924157303371 0.6196161048689138 0.5935744382022472 0.6226591760299626 0.5749648876404494 0.625 0.5712780898876404 0.62312734082397 0.5663623595505618 0.6128277153558053 0.5674157303370787 0.5917602996254682 0.5635533707865169 0.5884831460674157 0.5640800561797753 0.5833333333333334 0.5674157303370787 0.5821629213483146
0 0.49297752808988765 0.535814606741573 0.4982443820224719 0.5397940074906367 0.5017556179775281 0.5468164794007491 0.5028089887640449 0.5592228464419475 0.5005266853932584 0.5713951310861424 0.49473314606741575 0.5812265917602997 0.49122191011235955 0.5830992509363296 0.480688202247191 0.5826310861423221 0.47735252808988765 0.5779494382022472 0.472436797752809 0.5610955056179775 0.47155898876404495 0.5484550561797753 0.48367275280898875 0.5341760299625468 0.484375 0.5245786516853933 0.49122191011235955 0.5245786516853933 0.49280196629213485 0.535814606741573
0 0.613061797752809 0.6226591760299626 0.6264044943820225 0.6254681647940075 0.6316713483146067 0.6404494382022472 0.6316713483146067 0.6544943820224719 0.6197331460674157 0.6638576779026217 0.6091994382022472 0.6598782771535581 0.6014747191011236 0.6481741573033708 0.6012991573033708 0.6334269662921348 0.6081460674157303 0.62312734082397 0.6128862359550562 0.6226591760299626
0 0.2749297752808989 0.5479868913857678 0.2854634831460674 0.5543071161048689 0.284936797752809 0.5784176029962547 0.28002106741573035 0.5856741573033708 0.27036516853932585 0.5894194756554307 0.25842696629213485 0.5849719101123596 0.2542134831460674 0.5760767790262172 0.25333567415730335 0.5671816479400749 0.2575491573033708 0.5543071161048689 0.265625 0.5489232209737828 0.27475421348314605 0.5479868913857678
0 0.5445926966292135 0.5807584269662921 0.5575842696629213 0.5833333333333334 0.5653089887640449 0.5952715355805244 0.5653089887640449 0.6079119850187266 0.5612710674157303 0.6170411985018727 0.5502106741573034 0.6217228464419475 0.5400280898876404 0.6165730337078652 0.534936797752809 0.6051029962546817 0.535814606741573 0.5903558052434457 0.5400280898876404 0.5830992509363296 0.5444171348314607 0.5807584269662921
0 0.34094101123595505 0.6289794007490637 0.3500702247191011 0.6334269662921348 0.3495435393258427 0.6629213483146067 0.3398876404494382 0.6683052434456929 0.32865168539325845 0.6701779026217228 0.31969803370786515 0.6640917602996255 0.3204002808988764 0.638810861423221 0.3279494382022472 0.6301498127340824 0.34076544943820225 0.6289794007490637
0 0.5363412921348315 0.663623595505618 0.539501404494382 0.6720505617977528 0.5344101123595506 0.6809456928838952 0.5331811797752809 0.6928838951310862 0.5291432584269663 0.7010767790262172 0.5222963483146067 0.7064606741573034 0.5049157303370787 0.7090355805243446 0.4982443820224719 0.7034176029962547 0.4940308988764045 0.6961610486891385 0.5047401685393258 0.6718164794007491 0.5100070224719101 0.6661985018726592 0.5263342696629213 0.6699438202247191 0.5361657303370787 0.6638576779026217
1 0.668188202247191 0.5547752808988764 0.02457865168539326 0.03745318352059925
1 0.695751404494382 0.5529026217228464 0.034058988764044944 0.03277153558052434
1 0.7015449438202247 0.5896535580524345 0.025280898876404494 0.0351123595505618
1 0.6400983146067416 0.5950374531835206 0.025280898876404494 0.03745318352059925
1 0.6720505617977528 0.6374063670411985 0.020365168539325844 0.03417602996254682
1 0.6736306179775281 0.6743913857677902 0.017907303370786515 0.03136704119850187
1 0.6987359550561798 0.674625468164794 0.028792134831460675 0.035580524344569285
1 0.6987359550561798 0.7111423220973783 0.03089887640449438 0.03745318352059925
1 0.6701193820224719 0.7106741573033708 0.025632022471910113 0.03838951310861423
1 0.6425561797752809 0.7109082397003745 0.028089887640449437 0.04073033707865169
1 0.6127106741573034 0.7148876404494382 0.021769662921348316 0.03089887640449438
1 0.6107794943820225 0.6762640449438202 0.02212078651685393 0.03136704119850187
1 0.5828651685393258 0.7148876404494382 0.023876404494382022 0.03464419475655431
1 0.5531952247191011 0.7198033707865169 0.029845505617977528 0.025749063670411985
1 0.5268609550561798 0.7205056179775281 0.032654494382022475 0.02902621722846442
1 0.49297752808988765 0.6814138576779026 0.026685393258426966 0.032303370786516857
1 0.43100421348314605 0.6434925093632958 0.03195224719101124 0.0351123595505618
1 0.37025983146067415 0.7289325842696629 0.034058988764044944 0.042134831460674156
1 0.4004564606741573 0.7286985018726592 0.02914325842696629 0.039794007490636704
1 0.31320224719101125 0.6076779026217228 0.02247191011235955 0.0299625468164794
1 0.28844803370786515 0.6067415730337079 0.025632022471910113 0.033707865168539325
1 0.2557935393258427 0.602996254681648 0.032654494382022475 0.031835205992509365
1 0.28370786516853935 0.6411516853932584 0.02457865168539326 0.030430711610486893
1 0.25509129213483145 0.6413857677902621 0.02914325842696629 0.031835205992509365
1 0.28651685393258425 0.68562734082397 0.02457865168539326 0.032303370786516857
1 0.31302668539325845 0.6882022471910112 0.02282303370786517 0.03277153558052434
1 0.28616573033707865 0.724250936329588 0.027387640449438203 0.03838951310861423
1 0.31320224719101125 0.7244850187265918 0.02598314606741573 0.039794007490636704
2 0.22823033707865167 0.5448267790262172 0.7206811797752809 0.5307818352059925 0.7193644662921348 0.7344335205992509 0.22823033707865167 0.7414559925093633