0 0.6062148876404494 0.6753277153558053 0.6160463483146067 0.6779026217228464 0.6199087078651685 0.6896067415730337 0.6197331460674157 0.6973314606741573 0.6165730337078652 0.7057584269662921 0.6095505617977528 0.7106741573033708 0.5976123595505618 0.7069288389513109 0.5935744382022472 0.6933520599250936 0.5942766853932584 0.6860955056179775 0.5970856741573034 0.6811797752808989 0.6023525280898876 0.6757958801498127 0.6060393258426966 0.6753277153558053
0 0.6680126404494382 0.4091760299625468 0.6760884831460674 0.4147940074906367 0.6776685393258427 0.4288389513108614 0.6732794943820225 0.44030898876404495 0.6623946629213483 0.44709737827715357 0.6546699438202247 0.44592696629213485 0.6506320224719101 0.4426498127340824 0.6511587078651685 0.41830524344569286 0.6557233146067416 0.4112827715355805 0.6678370786516854 0.4091760299625468
0 0.5293188202247191 0.7090355805243446 0.5328300561797753 0.7134831460674157 0.5363412921348315 0.7104400749063671 0.546875 0.7111423220973783 0.5547752808988764 0.7235486891385767 0.5553019662921348 0.7368913857677902 0.5540730337078652 0.7478932584269663 0.5472261235955056 0.7551498127340824 0.5393258426966292 0.7556179775280899 0.5324789325842697 0.7516385767790262 0.5256320224719101 0.7331460674157303 0.5293188202247191 0.7092696629213483
0 0.4220505617977528 0.6762640449438202 0.429248595505618 0.6788389513108615 0.4334620786516854 0.6842228464419475 0.4336376404494382 0.7027153558052435 0.4253862359550562 0.7148876404494382 0.4125702247191011 0.7167602996254682 0.4044943820224719 0.7153558052434457 0.40098314606741575 0.711376404494382 0.4008075842696629 0.6966292134831461 0.4041432584269663 0.6849250936329588 0.4102879213483146 0.6781367041198502 0.421875 0.6762640449438202
0 0.5449438202247191 0.4204119850187266 0.5517907303370787 0.42579588014981273 0.555126404494382 0.4386704119850187 0.5553019662921348 0.4482677902621723 0.5507373595505618 0.45786516853932585 0.5398525280898876 0.46090823970037453 0.5330056179775281 0.45880149812734083 0.5242275280898876 0.4499063670411985 0.5214185393258427 0.4431179775280899 0.5215941011235955 0.43375468164794007 0.5287921348314607 0.4232209737827715 0.5359901685393258 0.42017790262172283 0.5447682584269663 0.4204119850187266
0 0.5797050561797753 0.702247191011236 0.5925210674157303 0.7097378277153558 0.5942766853932584 0.7202715355805244 0.5930477528089888 0.7340823970037453 0.5849719101123596 0.7432116104868914 0.5712780898876404 0.7471910112359551 0.5642556179775281 0.7432116104868914 0.5600421348314607 0.7347846441947565 0.5565308988764045 0.7207397003745318 0.5570575842696629 0.7111423220973783 0.561622191011236 0.7064606741573034 0.5795294943820225 0.702247191011236
0 0.5170294943820225 0.6247659176029963 0.5261587078651685 0.6317883895131086 0.5293188202247191 0.6404494382022472 0.5296699438202247 0.648876404494382 0.5259831460674157 0.658941947565543 0.515625 0.6643258426966292 0.5054424157303371 0.661750936329588 0.49754213483146065 0.6554307116104869 0.4943820224719101 0.6493445692883895 0.4940308988764045 0.6404494382022472 0.4977176966292135 0.6282771535580525 0.5168539325842697 0.6247659176029963
0 0.45049157303370785 0.6718164794007491 0.46365870786516855 0.6830524344569289 0.46752106741573035 0.6956928838951311 0.46365870786516855 0.7085674157303371 0.45242275280898875 0.7151217228464419 0.4436446629213483 0.7139513108614233 0.4375 0.7071629213483146 0.4334620786516854 0.6790730337078652 0.43662219101123595 0.6734550561797753 0.45031601123595505 0.6718164794007491
0 0.5077247191011236 0.4653558052434457 0.5226474719101124 0.4735486891385768 0.5258075842696629 0.4866573033707865 0.5237008426966292 0.5 0.5122893258426966 0.5088951310861424 0.503686797752809 0.5058520599250936 0.4959620786516854 0.4948501872659176 0.49543539325842695 0.4737827715355805 0.5 0.46652621722846443 0.5075491573033708 0.4653558052434457
0 0.6005969101123596 0.6633895131086143 0.6074438202247191 0.6643258426966292 0.6127106741573034 0.6683052434456929 0.6200842696629213 0.6886704119850188 0.6197331460674157 0.6980337078651685 0.6162219101123596 0.7062265917602997 0.6058637640449438 0.7111423220973783 0.5963834269662921 0.7062265917602997 0.5886587078651685 0.6907771535580525 0.5870786516853933 0.6823501872659176 0.5881320224719101 0.6706460674157303 0.5942766853932584 0.6640917602996255 0.6004213483146067 0.6633895131086143
0 0.5589887640449438 0.5840355805243446 0.5686446629213483 0.5847378277153558 0.5814606741573034 0.5901217228464419 0.5884831460674157 0.5999531835205992 0.5888342696629213 0.6170411985018727 0.5825140449438202 0.6278089887640449 0.5749648876404494 0.6308520599250936 0.5663623595505618 0.6275749063670412 0.5545997191011236 0.6125936329588015 0.5533707865168539 0.5915262172284644 0.5560042134831461 0.5849719101123596 0.558813202247191 0.5840355805243446
0 0.6311446629213483 0.6238295880149812 0.6408005617977528 0.6292134831460674 0.6487008426966292 0.6465355805243446 0.6457162921348315 0.6612827715355806 0.6337780898876404 0.6671348314606742 0.6216643258426966 0.6587078651685393 0.6165730337078652 0.6444288389513109 0.6197331460674157 0.6310861423220974 0.6309691011235955 0.6238295880149812
0 0.47173455056179775 0.3785112359550562 0.47752808988764045 0.38085205992509363 0.48367275280898875 0.3937265917602996 0.48139044943820225 0.40847378277153557 0.47770365168539325 0.4133895131086142 0.47191011235955055 0.4154962546816479 0.4590941011235955 0.4110486891385768 0.4554073033707865 0.3981741573033708 0.45628511235955055 0.38974719101123595 0.45962078651685395 0.3827247191011236 0.47155898876404495 0.3785112359550562
0 0.41871488764044945 0.7183988764044944 0.42643960674157305 0.7272940074906367 0.4278441011235955 0.7441479400749064 0.4222261235955056 0.7556179775280899 0.4120435393258427 0.7610018726591761 0.40572331460674155 0.7598314606741573 0.4004564606741573 0.7544475655430711 0.3967696629213483 0.7439138576779026 0.39747191011235955 0.7301029962546817 0.40537219101123595 0.7193352059925093 0.41853932584269665 0.7183988764044944
0 0.4085323033707865 0.5838014981273408 0.421875 0.5889513108614233 0.42714185393258425 0.5943352059925093 0.43082865168539325 0.6032303370786517 0.4315308988764045 0.610252808988764 0.42889747191011235 0.6228932584269663 0.42450842696629215 0.6285112359550562 0.41520365168539325 0.6303838951310862 0.4046699438202247 0.6273408239700374 0.39975421348314605 0.6161048689138576 0.40098314606741575 0.5917602996254682 0.4046699438202247 0.5849719101123596 0.4083567415730337 0.5838014981273408
0 0.41713483146067415 0.548689138576779 0.4253862359550562 0.552434456928839 0.4299508426966292 0.5653089887640449 0.4299508426966292 0.5749063670411985 0.421875 0.5861423220973783 0.4085323033707865 0.5828651685393258 0.40098314606741575 0.5861423220973783 0.3985252808988764 0.5849719101123596 0.40115870786516855 0.5814606741573034 0.3999297752808989 0.5739700374531835 0.4043188202247191 0.5554775280898876 0.40888342696629215 0.5500936329588015 0.41695926966292135 0.548689138576779
0 0.44978932584269665 0.6282771535580525 0.45593398876404495 0.6352996254681648 0.45804073033707865 0.6463014981273408 0.4575140449438202 0.6561329588014981 0.45435393258426965 0.6633895131086143 0.444873595505618 0.6673689138576779 0.43890449438202245 0.6666666666666666 0.4339887640449438 0.6624531835205992 0.4311797752808989 0.6544943820224719 0.43047752808988765 0.6404494382022472 0.4339887640449438 0.6331928838951311 0.4396067415730337 0.6294475655430711 0.4496137640449438 0.6282771535580525
0 0.5038623595505618 0.4232209737827715 0.5142205056179775 0.42907303370786515 0.5166783707865169 0.44124531835205993 0.5136938202247191 0.45365168539325845 0.5052668539325843 0.4595037453183521 0.4940308988764045 0.45575842696629215 0.4905196629213483 0.45131086142322097 0.48964185393258425 0.44592696629213485 0.4898174157303371 0.43562734082397003 0.492626404494382 0.4288389513108614 0.4977176966292135 0.4243913857677903 0.503686797752809 0.4232209737827715
0 0.6660814606741573 0.625 0.6767907303370787 0.6320224719101124 0.6820575842696629 0.6434925093632958 0.6797752808988764 0.6591760299625468 0.6720505617977528 0.6652621722846442 0.6648525280898876 0.6650280898876404 0.6573033707865169 0.6605805243445693 0.6515098314606742 0.6434925093632958 0.6513342696629213 0.6371722846441947 0.6550210674157303 0.6301498127340824 0.6592345505617978 0.6261704119850188 0.6659058988764045 0.625
0 0.5452949438202247 0.4616104868913858 0.5523174157303371 0.4669943820224719 0.5553019662921348 0.48080524344569286 0.5521418539325843 0.4936797752808989 0.5433637640449438 0.49929775280898875 0.5365168539325843 0.49812734082397003 0.5293188202247191 0.49204119850187267 0.5254564606741573 0.4737827715355805 0.5286165730337079 0.46676029962546817 0.5351123595505618 0.462312734082397 0.5451193820224719 0.4616104868913858
0 0.6376404494382022 0.49976591760299627 0.6441362359550562 0.5042134831460674 0.6469452247191011 0.5196629213483146 0.6444873595505618 0.5292602996254682 0.6371137640449438 0.5348782771535581 0.6160463483146067 0.5304307116104869 0.6142907303370787 0.5182584269662921 0.6148174157303371 0.5086610486891385 0.6183286516853933 0.5042134831460674 0.6374648876404494 0.49976591760299627
0 0.48103932584269665 0.4658239700374532 0.4884129213483146 0.4700374531835206 0.4922752808988764 0.476123595505618 0.4942064606741573 0.48408239700374533 0.4936797752808989 0.4943820224719101 0.48771067415730335 0.5051498127340824 0.47208567415730335 0.5102996254681648 0.4669943820224719 0.5086610486891385 0.4633075842696629 0.5016385767790262 0.46400983146067415 0.4758895131086142 0.4727879213483146 0.4669943820224719 0.4808637640449438 0.4658239700374532
0 0.5019311797752809 0.37897940074906367 0.5122893258426966 0.3822565543071161 0.5200140449438202 0.3937265917602996 0.5187851123595506 0.41058052434456926 0.5154494382022472 0.4166666666666667 0.5086025280898876 0.4208801498127341 0.5012289325842697 0.4204119850187266 0.49315308988764045 0.4154962546816479 0.48700842696629215 0.39747191011235955 0.48718398876404495 0.3895131086142322 0.49122191011235955 0.38202247191011235 0.5017556179775281 0.37897940074906367
0 0.45014044943820225 0.4683988764044944 0.45610955056179775 0.4726123595505618 0.461376404494382 0.49461610486891383 0.45997191011235955 0.5049157303370787 0.45172050561797755 0.5121722846441947 0.4355688202247191 0.5051498127340824 0.4315308988764045 0.499063670411985 0.430126404494382 0.4892322097378277 0.43065308988764045 0.48267790262172283 0.43679775280898875 0.47097378277153557 0.44996488764044945 0.4683988764044944
0 0.41678370786516855 0.6315543071161048 0.42521067415730335 0.6331928838951311 0.4276685393258427 0.6404494382022472 0.42854634831460675 0.6647940074906367 0.4253862359550562 0.6715823970037453 0.4220505617977528 0.6734550561797753 0.41467696629213485 0.672752808988764 0.40379213483146065 0.6652621722846442 0.39782303370786515 0.6474719101123596 0.4004564606741573 0.6362359550561798 0.4044943820224719 0.6308520599250936 0.41660814606741575 0.6315543071161048
0 0.44996488764044945 0.5727996254681648 0.45997191011235955 0.5814606741573034 0.461376404494382 0.5973782771535581 0.4575140449438202 0.6128277153558053 0.4473314606741573 0.6198501872659176 0.4373244382022472 0.6165730337078652 0.43047752808988765 0.6027621722846442 0.4295997191011236 0.5945692883895131 0.4355688202247191 0.5805243445692884 0.4429424157303371 0.574438202247191 0.44978932584269665 0.5727996254681648
0 0.5166783707865169 0.5756086142322098 0.5259831460674157 0.5840355805243446 0.5282654494382022 0.6004213483146067 0.5265098314606742 0.6168071161048689 0.519311797752809 0.6217228464419475 0.5121137640449438 0.6200842696629213 0.4982443820224719 0.6097846441947565 0.4940308988764045 0.5994850187265918 0.4961376404494382 0.5884831460674157 0.5014044943820225 0.5802902621722846 0.5091292134831461 0.575374531835206 0.516502808988764 0.5756086142322098
0 0.4669943820224719 0.41713483146067415 0.4780547752808989 0.4211142322097378 0.484375 0.43164794007490637 0.48314606741573035 0.4426498127340824 0.4785814606741573 0.45107677902621723 0.4706811797752809 0.45482209737827717 0.45997191011235955 0.45529026217228463 0.45646067415730335 0.44967228464419473 0.45452949438202245 0.42837078651685395 0.4592696629213483 0.4204119850187266 0.4668188202247191 0.4173689138576779
0 0.636060393258427 0.3684456928838951 0.6453651685393258 0.37780898876404495 0.6457162921348315 0.39442883895131087 0.6385182584269663 0.4066011235955056 0.6271067415730337 0.4091760299625468 0.6169241573033708 0.40777153558052437 0.6121839887640449 0.40098314606741575 0.6121839887640449 0.39068352059925093 0.6223665730337079 0.37312734082397003 0.6283356741573034 0.36914794007490637 0.6358848314606742 0.3684456928838951
0 0.5972612359550562 0.4515449438202247 0.6037570224719101 0.4550561797752809 0.6100772471910112 0.46348314606741575 0.6137640449438202 0.4772940074906367 0.6095505617977528 0.48829588014981273 0.592872191011236 0.49297752808988765 0.5849719101123596 0.49040262172284643 0.5816362359550562 0.48642322097378277 0.5767205056179775 0.46348314606741575 0.5853230337078652 0.45365168539325845 0.5970856741573034 0.4515449438202247
0 0.6544943820224719 0.5737359550561798 0.6724016853932584 0.5800561797752809 0.6787219101123596 0.5919943820224719 0.6790730337078652 0.5990168539325843 0.6757373595505618 0.6097846441947565 0.6634480337078652 0.6184456928838952 0.6522120786516854 0.613061797752809 0.6469452247191011 0.6058052434456929 0.6439606741573034 0.5952715355805244 0.6441362359550562 0.5821629213483146 0.6495786516853933 0.5746722846441947 0.6543188202247191 0.5737359550561798
0 0.46804775280898875 0.5498595505617978 0.48718398876404495 0.5536048689138576 0.492626404494382 0.5601591760299626 0.4964887640449438 0.574438202247191 0.49473314606741575 0.5847378277153558 0.4885884831460674 0.5926966292134831 0.47120786516853935 0.5959737827715356 0.46348314606741575 0.5917602996254682 0.46190308988764045 0.588249063670412 0.4633075842696629 0.5711610486891385 0.4708567415730337 0.5571161048689138 0.46962780898876405 0.5529026217228464 0.46611657303370785 0.5503277153558053 0.46787219101123595 0.5498595505617978
0 0.41274578651685395 0.5037453183520599 0.4216994382022472 0.5102996254681648 0.42327949438202245 0.5290262172284644 0.4174859550561798 0.5369850187265918 0.40888342696629215 0.5402621722846442 0.39747191011235955 0.5351123595505618 0.3941362359550562 0.5217696629213483 0.3985252808988764 0.5077247191011236 0.4046699438202247 0.5039794007490637 0.4125702247191011 0.5037453183520599
0 0.48139044943820225 0.5124063670411985 0.49104634831460675 0.5154494382022472 0.5024578651685393 0.5259831460674157 0.5022823033707865 0.535814606741573 0.5001755617977528 0.5395599250936329 0.4845505617977528 0.5507958801498127 0.4703300561797753 0.5468164794007491 0.46734550561797755 0.537687265917603 0.46207865168539325 0.5327715355805244 0.4626053370786517 0.525749063670412 0.46804775280898875 0.5177902621722846 0.47542134831460675 0.5126404494382022 0.48121488764044945 0.5124063670411985
0 0.6374648876404494 0.44967228464419473 0.644311797752809 0.45669475655430714 0.6465941011235955 0.4705056179775281 0.640625 0.4859550561797753 0.6325491573033708 0.488998127340824 0.6255266853932584 0.48829588014981273 0.6169241573033708 0.48080524344569286 0.6121839887640449 0.46324906367041196 0.6155196629213483 0.45575842696629215 0.6202598314606742 0.4529494382022472 0.629564606741573 0.449438202247191 0.6372893258426966 0.44967228464419473
0 0.6652036516853933 0.3698501872659176 0.6736306179775281 0.37570224719101125 0.6766151685393258 0.38647003745318353 0.6760884831460674 0.39419475655430714 0.6731039325842697 0.40051498127340823 0.6652036516853933 0.4058988764044944 0.6576544943820225 0.4056647940074906 0.6532654494382022 0.4023876404494382 0.6495786516853933 0.3977059925093633 0.6478230337078652 0.3892790262172285 0.6490519662921348 0.3801498127340824 0.6527387640449438 0.375 0.6578300561797753 0.3707865168539326 0.6650280898876404 0.3698501872659176
0 0.5409058988764045 0.375936329588015 0.5452949438202247 0.3782771535580524 0.5507373595505618 0.3862359550561798 0.5523174157303371 0.3946629213483146 0.5512640449438202 0.4035580524344569 0.5456460674157303 0.41175093632958804 0.5301966292134831 0.4152621722846442 0.5219452247191011 0.40823970037453183 0.5217696629213483 0.3874063670411985 0.5291432584269663 0.37780898876404495 0.5407303370786517 0.375936329588015
0 0.6381671348314607 0.5414325842696629 0.6437851123595506 0.5454119850187266 0.6476474719101124 0.5526685393258427 0.648876404494382 0.5641385767790262 0.6457162921348315 0.5730337078651685 0.6374648876404494 0.5793539325842697 0.6262289325842697 0.5760767790262172 0.6181530898876404 0.5674157303370787 0.6162219101123596 0.5578183520599251 0.6188553370786517 0.5468164794007491 0.6220154494382022 0.5428370786516854 0.6379915730337079 0.5414325842696629
0 0.40502106741573035 0.45786516853932585 0.41924157303370785 0.46207865168539325 0.42679073033707865 0.4716760299625468 0.4262640449438202 0.49157303370786515 0.4216994382022472 0.499063670411985 0.41537921348314605 0.5009363295880149 0.4043188202247191 0.49929775280898875 0.3967696629213483 0.4845505617977528 0.39536516853932585 0.4669943820224719 0.39975421348314605 0.45997191011235955 0.40484550561797755 0.45786516853932585
0 0.4633075842696629 0.711376404494382 0.4685744382022472 0.7205056179775281 0.46980337078651685 0.7275280898876404 0.46014747191011235 0.7511704119850188 0.44978932584269665 0.7584269662921348 0.4357443820224719 0.7549157303370787 0.4331109550561798 0.7448501872659176 0.4336376404494382 0.726123595505618 0.44241573033707865 0.7155898876404494 0.4631320224719101 0.711376404494382
0 0.6355337078651685 0.40847378277153557 0.6444873595505618 0.414559925093633 0.6471207865168539 0.42158239700374533 0.6453651685393258 0.43726591760299627 0.6371137640449438 0.4477996254681648 0.6228932584269663 0.44592696629213485 0.6162219101123596 0.4276685393258427 0.6170997191011236 0.42181647940074907 0.6225421348314607 0.414559925093633 0.6353581460674157 0.40847378277153557
2 0.3862359550561798 0.3690699906367041 0.681764922752809 0.36204751872659174 0.6905430126404495 0.7623284176029962 0.3868211025280899 0.7677902621722846
1 0.40701018258426963 0.39754915730337076 0.03686797752808989 0.052277621722846446
1 0.4403669241573034 0.3991104868913858 0.03686797752808989 0.050718632958801496
1 0.4084743679775281 0.4451474719101124 0.036283356741573035 0.04759597378277154
1 0.44241573033707865 0.4420248127340824 0.03277212078651685 0.04135533707865168
1 0.44387816011235953 0.5204424157303371 0.03569698033707865 0.042134831460674156
1 0.4415379213483146 0.5571161048689138 0.03686797752808989 0.042134831460674156
1 0.47752808988764045 0.6031530898876405 0.036283356741573035 0.03901451310861423
1 0.47723490168539323 0.6464583333333334 0.03686797752808989 0.04759597378277154
1 0.47752808988764045 0.6897635767790262 0.038623595505617975 0.04681647940074907
1 0.4781127106741573 0.7326779026217228 0.03277212078651685 0.042134831460674156
1 0.5103002106741573 0.7311165730337078 0.03160112359550562 0.0546184456928839
1 0.5085445926966292 0.6874227528089888 0.03277212078651685 0.05149812734082397
1 0.505033356741573 0.56374765917603 0.030430126404494384 0.04759597378277154
1 0.5100070224719101 0.5223946629213483 0.028674508426966294 0.04447565543071161
1 0.5340010533707865 0.5184925093632958 0.029845505617977528 0.04447565543071161
1 0.5337078651685393 0.5610182584269663 0.03277212078651685 0.03745318352059925
1 0.5357566713483146 0.6004213483146067 0.028674508426966294 0.04759597378277154
1 0.5372191011235955 0.6417766853932585 0.026918890449438203 0.04447565543071161
1 0.5354634831460674 0.6831296816479401 0.0351123595505618 0.0554002808988764
1 0.5699912219101124 0.6835205992509363 0.03160112359550562 0.048377808988764044
1 0.566186797752809 0.6355337078651685 0.03218574438202247 0.05695926966292135
1 0.5664799859550562 0.5582865168539326 0.033941362359550566 0.04759597378277154
1 0.5653089887640449 0.5200538389513109 0.033941362359550566 0.03823267790262173
1 0.566186797752809 0.4755781835205993 0.029845505617977528 0.04759597378277154
1 0.5635533707865169 0.4353932584269663 0.03160112359550562 0.048377808988764044
1 0.5653089887640449 0.3893562734082397 0.028089887640449437 0.04525514981273408
1 0.5945698735955056 0.391308520599251 0.0351123595505618 0.04759597378277154
1 0.5960323033707865 0.43461376404494384 0.03803897471910112 0.04369616104868913
1 0.5977879213483146 0.5110791198501873 0.04037921348314607 0.05149812734082397
1 0.5977879213483146 0.5536048689138576 0.03569698033707865 0.04603698501872659
1 0.5980811095505618 0.599250936329588 0.03160112359550562 0.04681647940074907
1 0.6296822331460674 0.5988600187265918 0.036283356741573035 0.04603698501872659
1 0.6001281601123596 0.6406062734082397 0.03803897471910112 0.04525514981273408
1 0.6012991573033708 0.7311165730337078 0.03218574438202247 0.04525514981273408
1 0.6343627106741573 0.6823501872659176 0.03277212078651685 0.04447565543071161
1 0.6343627106741573 0.7244850187265918 0.03160112359550562 0.04759597378277154
1 0.6659638342696629 0.6835205992509363 0.04798630617977528 0.035891853932584275
1 0.6718170646067416 0.7276053370786517 0.038623595505617975 0.06320224719101124
1 0.6647945926966292 0.5567251872659176 0.036283356741573035 0.04915730337078652
1 0.6656724016853933 0.5177130149812734 0.03803897471910112 0.04603698501872659
1 0.6627457865168539 0.47401685393258425 0.03452773876404494 0.04447565543071161