1 0.40379213483146065 0.36907069288389516 0.023407654494382025 0.026528558052434457
1 0.5562377106741573 0.38194522471910114 0.02165203651685393 0.039794007490636704
1 0.5530196629213483 0.46660346441947564 0.019896418539325843 0.026528558052434457
1 0.433344452247191 0.5001568352059925 0.023994030898876403 0.024969569288389514
1 0.5843275983146067 0.5883263108614232 0.026334269662921347 0.02965121722846442
2 0.6437266502808988 0.31054939138576776 0.6367041783707865 0.6967853464419476 0.34351597612359547 0.6874220505617977 0.354049683988764 0.30196629213483145
0 0.35094803370786515 0.3103932584269663 0.35042134831460675 0.32069288389513106 0.3518258426966292 0.32724719101123595 0.3539325842696629 0.33192883895131087 0.3597261235955056 0.3368445692883895 0.36622191011235955 0.33965355805243447 0.36973314606741575 0.3387172284644195 0.3748244382022472 0.335440074906367 0.3765800561797753 0.33286516853932585 0.3806179775280899 0.32162921348314605 0.37447331460674155 0.30407303370786515 0.37254213483146065 0.3012640449438202 0.3695575842696629 0.29892322097378277 0.36271067415730335 0.2975187265917603 0.3558637640449438 0.29985955056179775 0.35235252808988765 0.3047752808988764
0 0.35252808988764045 0.35908239700374533 0.35270365168539325 0.3682116104868914 0.35445926966292135 0.37312734082397003 0.35832162921348315 0.3780430711610487 0.3628862359550562 0.38038389513108617 0.3706109550561798 0.38108614232209737 0.3751755617977528 0.3785112359550562 0.3788623595505618 0.37336142322097376 0.37991573033707865 0.36493445692883897 0.3790379213483146 0.35580524344569286 0.3748244382022472 0.34948501872659177 0.37254213483146065 0.3476123595505618 0.3656952247191011 0.3450374531835206 0.3590238764044944 0.34784644194756553 0.35445926966292135 0.352059925093633 0.35287921348314605 0.35603932584269665
0 0.35410814606741575 0.40004681647940077 0.35445926966292135 0.4091760299625468 0.35674157303370785 0.41502808988764045 0.359375 0.41924157303370785 0.3628862359550562 0.42158239700374533 0.3690308988764045 0.4220505617977528 0.37394662921348315 0.4211142322097378 0.37587780898876405 0.41947565543071164 0.3790379213483146 0.40823970037453183 0.37991573033707865 0.4014513108614232 0.37991573033707865 0.3972378277153558 0.3790379213483146 0.39396067415730335 0.37763342696629215 0.39232209737827717 0.36832865168539325 0.386938202247191 0.36622191011235955 0.3862359550561798 0.36271067415730335 0.386938202247191 0.35832162921348315 0.39091760299625467 0.355688202247191 0.39536516853932585
0 0.3539325842696629 0.4363295880149813 0.3534058988764045 0.4438202247191011 0.35481039325842695 0.45014044943820225 0.35814606741573035 0.45552434456928836 0.36253511235955055 0.4585674157303371 0.3695575842696629 0.45786516853932585 0.375 0.4541198501872659 0.37780898876404495 0.45014044943820225 0.38026685393258425 0.43984082397003743 0.3785112359550562 0.43211610486891383 0.37043539325842695 0.42602996254681647 0.3628862359550562 0.4241573033707865 0.35884831460674155 0.42602996254681647 0.35603932584269665 0.4288389513108614
0 0.35235252808988765 0.48993445692883897 0.3516502808988764 0.5016385767790262 0.35252808988764045 0.5032771535580525 0.3591994382022472 0.5091292134831461 0.36780196629213485 0.5086610486891385 0.37412219101123595 0.5046816479400749 0.3765800561797753 0.5049157303370787 0.3793890449438202 0.5016385767790262 0.38360252808988765 0.4836142322097378 0.38395365168539325 0.4777621722846442 0.38026685393258425 0.4693352059925094 0.3792134831460674 0.4683988764044944 0.37183988764044945 0.46629213483146065 0.36271067415730335 0.46558988764044945 0.3591994382022472 0.4683988764044944 0.3553370786516854 0.47401685393258425
0 0.3497191011235955 0.5337078651685393 0.3495435393258427 0.5402621722846442 0.35042134831460675 0.5447097378277154 0.352001404494382 0.5493913857677902 0.355688202247191 0.5545411985018727 0.3591994382022472 0.5566479400749064 0.3613061797752809 0.5568820224719101 0.36639747191011235 0.5568820224719101 0.3692064606741573 0.5559456928838952 0.375 0.5514981273408239 0.37816011235955055 0.5465823970037453 0.3807935393258427 0.5222378277153558 0.3772823033707865 0.5184925093632958 0.3730688202247191 0.5184925093632958 0.36622191011235955 0.5163857677902621 0.3590238764044944 0.5182584269662921 0.35603932584269665 0.5198970037453183 0.35287921348314605 0.523876404494382 0.35094803370786515 0.5280898876404494
0 0.3477879213483146 0.5749063670411985 0.347436797752809 0.5781835205992509 0.3481390449438202 0.5823970037453183 0.3535814606741573 0.5948033707865169 0.35603932584269665 0.5962078651685393 0.36464185393258425 0.5969101123595506 0.37008426966292135 0.5987827715355806 0.3730688202247191 0.5948033707865169 0.3769311797752809 0.5950374531835206 0.37956460674157305 0.5852059925093633 0.37974016853932585 0.5805243445692884 0.3813202247191011 0.5746722846441947 0.3806179775280899 0.5650749063670412 0.38026685393258425 0.5639044943820225 0.37605337078651685 0.5627340823970037 0.37025983146067415 0.5589887640449438 0.36639747191011235 0.5582865168539326 0.3591994382022472 0.5589887640449438 0.3555126404494382 0.56062734082397 0.35077247191011235 0.5655430711610487
0 0.3402387640449438 0.6257022471910112 0.340063202247191 0.6303838951310862 0.3421699438202247 0.6367041198501873 0.3455056179775281 0.641619850187266 0.34849016853932585 0.6439606741573034 0.3558637640449438 0.6427902621722846 0.36253511235955055 0.6395131086142322 0.36622191011235955 0.639747191011236 0.37008426966292135 0.6383426966292135 0.3734199438202247 0.6336610486891385 0.37359550561797755 0.6240636704119851 0.3751755617977528 0.6132958801498127 0.3746488764044944 0.6093164794007491 0.3707865168539326 0.6022940074906367 0.36604634831460675 0.5994850187265918 0.3590238764044944 0.598314606741573 0.3534058988764045 0.600187265917603 0.3491924157303371 0.6041666666666666 0.3435744382022472 0.6128277153558053
0 0.34655898876404495 0.6610486891385767 0.3456811797752809 0.6678370786516854 0.3460323033707865 0.6760299625468165 0.3479634831460674 0.68562734082397 0.34901685393258425 0.6865636704119851 0.35603932584269665 0.6875 0.36271067415730335 0.6858614232209738 0.3670997191011236 0.6832865168539326 0.37359550561797755 0.6748595505617978 0.3753511235955056 0.6577715355805244 0.37429775280898875 0.6542602996254682 0.37219101123595505 0.650749063670412 0.36657303370786515 0.6453651685393258 0.3614817415730337 0.6441947565543071 0.35235252808988765 0.6463014981273408 0.3495435393258427 0.6514513108614233
0 0.37605337078651685 0.6671348314606742 0.37587780898876405 0.6823501872659176 0.37640449438202245 0.68562734082397 0.3788623595505618 0.6891385767790262 0.3825491573033708 0.6912453183520599 0.3829002808988764 0.6926498127340824 0.3846558988764045 0.6926498127340824 0.38606039325842695 0.6907771535580525 0.39378511235955055 0.6886704119850188 0.39764747191011235 0.68562734082397 0.40098314606741575 0.6823501872659176 0.40361657303370785 0.672752808988764 0.4039676966292135 0.6638576779026217 0.40098314606741575 0.647003745318352 0.3981741573033708 0.6439606741573034 0.3967696629213483 0.6437265917602997 0.3904494382022472 0.6453651685393258 0.38202247191011235 0.6500468164794008 0.3788623595505618 0.6544943820224719 0.3767556179775281 0.6615168539325843
0 0.37622893258426965 0.6161048689138576 0.3751755617977528 0.62687265917603 0.37570224719101125 0.6322565543071161 0.3765800561797753 0.6336610486891385 0.37552668539325845 0.6371722846441947 0.3728932584269663 0.6404494382022472 0.3767556179775281 0.6486423220973783 0.3807935393258427 0.6495786516853933 0.386938202247191 0.647003745318352 0.3908005617977528 0.6423220973782772 0.3944873595505618 0.6406835205992509 0.3964185393258427 0.6385767790262172 0.3985252808988764 0.6381086142322098 0.4018609550561798 0.6343632958801498 0.4043188202247191 0.6294475655430711 0.4060744382022472 0.6067415730337079 0.40502106741573035 0.6025280898876404 0.4022120786516854 0.6008895131086143 0.38957162921348315 0.6018258426966292 0.382373595505618 0.6058052434456929 0.3806179775280899 0.6093164794007491 0.37798455056179775 0.6109550561797753
0 0.38149578651685395 0.5847378277153558 0.3813202247191011 0.5887172284644194 0.38360252808988765 0.5952715355805244 0.38957162921348315 0.5997191011235955 0.4044943820224719 0.5971441947565543 0.4085323033707865 0.5952715355805244 0.41309691011235955 0.5884831460674157 0.4137991573033708 0.5854400749063671 0.41344803370786515 0.5709269662921348 0.4104634831460674 0.5608614232209738 0.4078300561797753 0.5578183520599251 0.40361657303370785 0.5564138576779026 0.39378511235955055 0.5564138576779026 0.38728932584269665 0.5599250936329588 0.38588483146067415 0.5620318352059925 0.3844803370786517 0.5674157303370787
0 0.38535814606741575 0.5255149812734082 0.3864115168539326 0.5292602996254682 0.38606039325842695 0.5337078651685393 0.38799157303370785 0.5397940074906367 0.3844803370786517 0.5426029962546817 0.382373595505618 0.545880149812734 0.3825491573033708 0.547752808988764 0.3862359550561798 0.5498595505617978 0.3886938202247191 0.5540730337078652 0.390625 0.5552434456928839 0.4043188202247191 0.5533707865168539 0.4080056179775281 0.5510299625468165 0.41151685393258425 0.5463483146067416 0.4159058988764045 0.5154494382022472 0.41485252808988765 0.5135767790262172 0.41134129213483145 0.5112359550561798 0.4102879213483146 0.513810861423221 0.40502106741573035 0.5159176029962547 0.40098314606741575 0.513810861423221 0.397998595505618 0.514747191011236 0.39396067415730335 0.5142790262172284 0.38816713483146065 0.5189606741573034 0.38606039325842695 0.522003745318352
0 0.3850070224719101 0.4850187265917603 0.38360252808988765 0.49087078651685395 0.3844803370786517 0.49836142322097376 0.3864115168539326 0.5037453183520599 0.390625 0.5091292134831461 0.39360955056179775 0.510065543071161 0.4041432584269663 0.5098314606741573 0.40677668539325845 0.5072565543071161 0.40923455056179775 0.5028089887640449 0.4101123595505618 0.48431647940074907 0.4081811797752809 0.4798689138576779 0.40537219101123595 0.4768258426966292 0.39922752808988765 0.4756554307116105 0.39202949438202245 0.47635767790262173 0.386938202247191 0.47963483146067415
0 0.3871137640449438 0.43913857677902624 0.38816713483146065 0.4421816479400749 0.386938202247191 0.4463951310861423 0.3890449438202247 0.4602059925093633 0.38992275280898875 0.4637172284644195 0.3927317415730337 0.46769662921348315 0.39747191011235955 0.4714419475655431 0.40098314606741575 0.4726123595505618 0.41099016853932585 0.4700374531835206 0.413623595505618 0.46652621722846443 0.4157303370786517 0.4602059925093633 0.41660814606741575 0.44920411985018727 0.41485252808988765 0.4396067415730337 0.4123946629213483 0.43562734082397003 0.4078300561797753 0.43258426966292135 0.4046699438202247 0.43211610486891383 0.39747191011235955 0.4272003745318352 0.39396067415730335 0.4262640449438202 0.3885182584269663 0.4353932584269663
0 0.3925561797752809 0.386938202247191 0.3923806179775281 0.39068352059925093 0.390625 0.3916198501872659 0.38939606741573035 0.39396067415730335 0.39009831460674155 0.4012172284644195 0.39167837078651685 0.40472846441947563 0.3908005617977528 0.40823970037453183 0.3922050561797753 0.41830524344569286 0.39729634831460675 0.42485955056179775 0.40098314606741575 0.4267322097378277 0.41134129213483145 0.426498127340824 0.4160814606741573 0.41970973782771537 0.4180126404494382 0.4147940074906367 0.41889044943820225 0.40074906367041196 0.4178370786516854 0.3977059925093633 0.4137991573033708 0.3920880149812734 0.4046699438202247 0.386938202247191 0.3985252808988764 0.38553370786516855 0.39396067415730335 0.38553370786516855
0 0.3825491573033708 0.33169475655430714 0.38184691011235955 0.34129213483146065 0.3806179775280899 0.3433988764044944 0.3804424157303371 0.34573970037453183 0.3827247191011236 0.34948501872659177 0.38360252808988765 0.35252808988764045 0.3886938202247191 0.35557116104868913 0.39396067415730335 0.3574438202247191 0.39747191011235955 0.3574438202247191 0.4083567415730337 0.35135767790262173 0.4122191011235955 0.34573970037453183 0.4141502808988764 0.3410580524344569 0.4141502808988764 0.337312734082397 0.4120435393258427 0.323501872659176 0.40941011235955055 0.32069288389513106 0.40098314606741575 0.31624531835205993 0.39360955056179775 0.31530898876404495 0.38957162921348315 0.3171816479400749 0.3850070224719101 0.325374531835206
0 0.4197682584269663 0.35557116104868913 0.4174859550561798 0.36563670411985016 0.413623595505618 0.3728932584269663 0.413623595505618 0.3836610486891386 0.4178370786516854 0.39068352059925093 0.4222261235955056 0.39302434456928836 0.42872191011235955 0.3934925093632959 0.43082865168539325 0.39442883895131087 0.44592696629213485 0.3916198501872659 0.4468047752808989 0.3904494382022472 0.44838483146067415 0.38342696629213485 0.45049157303370785 0.3663389513108614 0.45031601123595505 0.36282771535580527 0.4487359550561798 0.3586142322097378 0.444873595505618 0.3544007490636704 0.44241573033707865 0.350187265917603 0.43644662921348315 0.34784644194756553 0.42889747191011235 0.3485486891385768 0.4238061797752809 0.3506554307116105
0 0.42257724719101125 0.41385767790262173 0.42257724719101125 0.42017790262172283 0.42099719101123595 0.4250936329588015 0.4216994382022472 0.4318820224719101 0.42661516853932585 0.43913857677902624 0.42854634831460675 0.44030898876404495 0.4352176966292135 0.4400749063670412 0.44469803370786515 0.4353932584269663 0.4511938202247191 0.42790262172284643 0.4529494382022472 0.4220505617977528 0.45207162921348315 0.40823970037453183 0.4508426966292135 0.40426029962546817 0.4473314606741573 0.39840823970037453 0.44259129213483145 0.39489700374531833 0.43890449438202245 0.39419475655430714 0.4339887640449438 0.39536516853932585 0.42854634831460675 0.39840823970037453 0.42450842696629215 0.40472846441947563
0 0.4180126404494382 0.4592696629213483 0.418188202247191 0.4693352059925094 0.4174859550561798 0.4777621722846442 0.4183637640449438 0.48174157303370785 0.42485955056179775 0.4854868913857678 0.43223314606741575 0.48384831460674155 0.4413623595505618 0.47846441947565543 0.444873595505618 0.47425093632958804 0.44592696629213485 0.47027153558052437 0.444873595505618 0.46722846441947563 0.4455758426966292 0.4637172284644195 0.4454002808988764 0.45903558052434457 0.4473314606741573 0.4529494382022472 0.4471558988764045 0.45014044943820225 0.44610252808988765 0.4482677902621723 0.4390800561797753 0.44452247191011235 0.43627106741573035 0.4438202247191011 0.4257373595505618 0.4440543071161049 0.42117275280898875 0.4482677902621723 0.41906601123595505 0.45341760299625467
0 0.41520365168539325 0.5227059925093633 0.41502808988764045 0.5332397003745318 0.41660814606741575 0.5428370786516854 0.4183637640449438 0.5472846441947565 0.42854634831460675 0.5512640449438202 0.4352176966292135 0.550561797752809 0.4396067415730337 0.5468164794007491 0.4431179775280899 0.5397940074906367 0.44452247191011235 0.5297284644194756 0.4434691011235955 0.5224719101123596 0.44048455056179775 0.5177902621722846 0.43679775280898875 0.5152153558052435 0.42889747191011235 0.5131086142322098 0.42485955056179775 0.5133426966292135 0.4215238764044944 0.514747191011236 0.4178370786516854 0.5182584269662921
0 0.413623595505618 0.5610955056179775 0.413623595505618 0.5650749063670412 0.4162570224719101 0.5706928838951311 0.41678370786516855 0.5784176029962547 0.4160814606741573 0.5849719101123596 0.41731039325842695 0.589185393258427 0.4199438202247191 0.5931647940074907 0.42521067415730335 0.5966760299625468 0.43293539325842695 0.5990168539325843 0.4390800561797753 0.5999531835205992 0.4429424157303371 0.5994850187265918 0.44259129213483145 0.5929307116104869 0.4450491573033708 0.5786516853932584 0.4450491573033708 0.5676498127340824 0.4432935393258427 0.5627340823970037 0.44048455056179775 0.5589887640449438 0.433813202247191 0.5547752808988764 0.42521067415730335 0.5519662921348315 0.421875 0.552434456928839 0.4160814606741573 0.5564138576779026
0 0.4064255617977528 0.613061797752809 0.4058988764044944 0.6196161048689138 0.4064255617977528 0.6266385767790262 0.40941011235955055 0.6313202247191011 0.4141502808988764 0.6348314606741573 0.42099719101123595 0.6374063670411985 0.4257373595505618 0.637874531835206 0.4320575842696629 0.6345973782771536 0.4376755617977528 0.6336610486891385 0.4410112359550562 0.6303838951310862 0.4397823033707865 0.6259363295880149 0.4415379213483146 0.6165730337078652 0.44048455056179775 0.6090823970037453 0.43644662921348315 0.6032303370786517 0.42889747191011235 0.5990168539325843 0.42485955056179775 0.5987827715355806 0.4183637640449438 0.5957397003745318 0.4174859550561798 0.5987827715355806 0.4102879213483146 0.601123595505618
0 0.40519662921348315 0.650749063670412 0.4058988764044944 0.6650280898876404 0.40484550561797755 0.6683052434456929 0.4046699438202247 0.6786048689138576 0.4078300561797753 0.6830524344569289 0.41134129213483145 0.68562734082397 0.41520365168539325 0.6860955056179775 0.4220505617977528 0.6825842696629213 0.4311797752808989 0.6750936329588015 0.4318820224719101 0.6718164794007491 0.4315308988764045 0.6680711610486891 0.4336376404494382 0.6612827715355806 0.43275983146067415 0.6509831460674157 0.4311797752808989 0.6458333333333334 0.42714185393258425 0.641619850187266 0.42240168539325845 0.6395131086142322 0.41871488764044945 0.6406835205992509 0.41485252808988765 0.6399812734082397 0.4102879213483146 0.6425561797752809 0.4064255617977528 0.6477059925093633
0 0.43416432584269665 0.6409176029962547 0.4331109550561798 0.6439606741573034 0.4331109550561798 0.6479400749063671 0.43469101123595505 0.6537921348314607 0.43451544943820225 0.661750936329588 0.4371488764044944 0.6718164794007491 0.4415379213483146 0.6769662921348315 0.4455758426966292 0.6793071161048689 0.44978932584269665 0.6795411985018727 0.45646067415730335 0.6783707865168539 0.4587429775280899 0.6750936329588015 0.465063202247191 0.6603464419475655 0.4669943820224719 0.6580056179775281 0.46734550561797755 0.6509831460674157 0.4612008426966292 0.6446629213483146 0.4590941011235955 0.6418539325842697 0.45821629213483145 0.6392790262172284 0.45558286516853935 0.6376404494382022 0.4533005617977528 0.6343632958801498 0.44645365168539325 0.6294475655430711 0.44259129213483145 0.6315543071161048 0.43890449438202245 0.6352996254681648 0.43644662921348315 0.6392790262172284
0 0.4469803370786517 0.5795880149812734 0.4476825842696629 0.5987827715355806 0.45066713483146065 0.6032303370786517 0.45646067415730335 0.6055711610486891 0.4610252808988764 0.6060393258426966 0.46787219101123595 0.6034644194756554 0.4727879213483146 0.5994850187265918 0.4741924157303371 0.5955056179775281 0.4748946629213483 0.5749063670411985 0.4727879213483146 0.5706928838951311 0.4689255617977528 0.5664794007490637 0.46383426966292135 0.5646067415730337 0.45979634831460675 0.5646067415730337 0.45242275280898875 0.5667134831460674 0.449438202247191 0.5704588014981273
0 0.444873595505618 0.5348782771535581 0.444873595505618 0.5414325842696629 0.4468047752808989 0.5465823970037453 0.44592696629213485 0.5543071161048689 0.4469803370786517 0.5575842696629213 0.44978932584269665 0.5592228464419475 0.46014747191011235 0.5592228464419475 0.46980337078651685 0.5561797752808989 0.4722612359550562 0.5522003745318352 0.47366573033707865 0.5433052434456929 0.4750702247191011 0.5402621722846442 0.4750702247191011 0.5323033707865169 0.47401685393258425 0.5252808988764045 0.47015449438202245 0.5215355805243446 0.461376404494382 0.5180243445692884 0.4529494382022472 0.5182584269662921 0.4492626404494382 0.5213014981273408 0.44645365168539325 0.5259831460674157
0 0.44785814606741575 0.4927434456928839 0.4476825842696629 0.5025749063670412 0.4490870786516854 0.5077247191011236 0.45259831460674155 0.511938202247191 0.45979634831460675 0.5152153558052435 0.46365870786516855 0.5154494382022472 0.4710323033707865 0.5093632958801498 0.4745435393258427 0.49812734082397003 0.4741924157303371 0.4913389513108614 0.4710323033707865 0.4850187265917603 0.4691011235955056 0.4824438202247191 0.46383426966292135 0.4794007490636704 0.45628511235955055 0.4791666666666667 0.4515449438202247 0.48197565543071164 0.4489115168539326 0.487125468164794
0 0.449438202247191 0.4559925093632959 0.4492626404494382 0.45997191011235955 0.4508426966292135 0.46886704119850187 0.45172050561797755 0.47120786516853935 0.4547050561797753 0.47448501872659177 0.45997191011235955 0.477059925093633 0.46365870786516855 0.477059925093633 0.472436797752809 0.47401685393258425 0.4750702247191011 0.47027153558052437 0.4762991573033708 0.46418539325842695 0.477001404494382 0.4524812734082397 0.47594803370786515 0.44662921348314605 0.47384129213483145 0.44358614232209737 0.46383426966292135 0.43913857677902624 0.4569873595505618 0.4405430711610487 0.4529494382022472 0.4442883895131086
0 0.45646067415730335 0.40098314606741575 0.45558286516853935 0.42602996254681647 0.4575140449438202 0.43211610486891383 0.4590941011235955 0.4339887640449438 0.4645365168539326 0.43726591760299627 0.4708567415730337 0.438436329588015 0.47752808988764045 0.4353932584269663 0.4824438202247191 0.42907303370786515 0.4859550561797753 0.41058052434456926 0.48525280898876405 0.40777153558052437 0.4805126404494382 0.40074906367041196 0.47717696629213485 0.39840823970037453 0.4683988764044944 0.3967696629213483 0.4645365168539326 0.39747191011235955 0.46348314606741575 0.39957865168539325 0.4607092696629213 0.40074906367041196
0 0.45189606741573035 0.36961610486891383 0.4508426966292135 0.3801498127340824 0.45224719101123595 0.38295880149812733 0.4527738764044944 0.386938202247191 0.45962078651685395 0.39279026217228463 0.4666432584269663 0.3946629213483146 0.47401685393258425 0.39396067415730335 0.4780547752808989 0.39091760299625467 0.47981039325842695 0.386938202247191 0.48139044943820225 0.374063670411985 0.480688202247191 0.3672752808988764 0.4784058988764045 0.36142322097378277 0.4745435393258427 0.35697565543071164 0.4706811797752809 0.35510299625468167 0.4629564606741573 0.35580524344569286 0.4575140449438202 0.35931647940074907 0.4527738764044944 0.3661048689138577
0 0.44838483146067415 0.3274812734082397 0.44785814606741575 0.3389513108614232 0.4454002808988764 0.34597378277153557 0.44610252808988765 0.350187265917603 0.44978932584269665 0.3527621722846442 0.4510182584269663 0.35580524344569286 0.4566362359550562 0.35674157303370785 0.4631320224719101 0.35369850187265917 0.47401685393258425 0.35159176029962547 0.47717696629213485 0.34901685393258425 0.476123595505618 0.32186329588014984 0.47524578651685395 0.3190543071161049 0.4729634831460674 0.3167134831460674 0.46997893258426965 0.31484082397003743 0.4647120786516854 0.313436329588015 0.46032303370786515 0.3125 0.45646067415730335 0.31296816479400746 0.4511938202247191 0.31858614232209737
0 0.48349719101123595 0.32467228464419473 0.4840238764044944 0.34222846441947563 0.48560393258426965 0.3487827715355805 0.4882373595505618 0.352059925093633 0.49104634831460675 0.35369850187265917 0.4959620786516854 0.3539325842696629 0.5022823033707865 0.35252808988764045 0.5049157303370787 0.3487827715355805 0.5091292134831461 0.335440074906367 0.5091292134831461 0.32186329588014984 0.5071980337078652 0.31624531835205993 0.5056179775280899 0.31413857677902624 0.5014044943820225 0.31203183520599254 0.4943820224719101 0.31109550561797755 0.4882373595505618 0.31484082397003743 0.4840238764044944 0.3211610486891386
0 0.4840238764044944 0.375936329588015 0.48332162921348315 0.3904494382022472 0.48700842696629215 0.4014513108614232 0.488061797752809 0.4028558052434457 0.49473314606741575 0.40379213483146065 0.49894662921348315 0.40191947565543074 0.5056179775280899 0.40074906367041196 0.5103581460674157 0.3972378277153558 0.5140449438202247 0.3913857677902622 0.5122893258426966 0.3724250936329588 0.5098314606741573 0.36704119850187267 0.5052668539325843 0.363061797752809 0.500877808988764 0.36329588014981273 0.4977176966292135 0.362125468164794 0.49104634831460675 0.36446629213483145 0.4861306179775281 0.36961610486891383
0 0.48893960674157305 0.41175093632958804 0.4882373595505618 0.4147940074906367 0.4887640449438202 0.4166666666666667 0.4884129213483146 0.42532771535580527 0.4899929775280899 0.4323501872659176 0.4936797752808989 0.43679775280898875 0.4982443820224719 0.4396067415730337 0.5050912921348315 0.43913857677902624 0.5089536516853933 0.43726591760299627 0.5138693820224719 0.4318820224719101 0.514747191011236 0.42275280898876405 0.5142205056179775 0.4147940074906367 0.5129915730337079 0.41034644194756553 0.5089536516853933 0.40519662921348315 0.5050912921348315 0.4028558052434457 0.4978932584269663 0.40402621722846443 0.49104634831460675 0.40777153558052437
0 0.4803370786516854 0.4506086142322097 0.47945926966292135 0.45575842696629215 0.47963483146067415 0.4639513108614232 0.480688202247191 0.47027153558052437 0.4826193820224719 0.47425093632958804 0.48771067415730335 0.47635767790262173 0.49473314606741575 0.4772940074906367 0.5001755617977528 0.4758895131086142 0.5031601123595506 0.4737827715355805 0.5063202247191011 0.46348314606741575 0.5064957865168539 0.4595037453183521 0.5059691011235955 0.45271535580524347 0.503686797752809 0.44592696629213485 0.49473314606741575 0.4421816479400749 0.48964185393258425 0.44241573033707865 0.48349719101123595 0.4447565543071161
0 0.47945926966292135 0.49859550561797755 0.47910814606741575 0.5051498127340824 0.47981039325842695 0.5121722846441947 0.48103932584269665 0.5149812734082397 0.48314606741573035 0.5173220973782772 0.48771067415730335 0.5196629213483146 0.4961376404494382 0.5201310861423221 0.5019311797752809 0.5182584269662921 0.5056179775280899 0.5149812734082397 0.5075491573033708 0.5049157303370787 0.5052668539325843 0.49414794007490637 0.5012289325842697 0.48852996254681647 0.49139747191011235 0.4850187265917603 0.4863061797752809 0.4866573033707865 0.4841994382022472 0.48618913857677903 0.48103932584269665 0.4913389513108614
0 0.47963483146067415 0.5397940074906367 0.47928370786516855 0.5479868913857678 0.4805126404494382 0.5538389513108615 0.4827949438202247 0.5585205992509363 0.48753511235955055 0.5622659176029963 0.4920997191011236 0.5639044943820225 0.4980688202247191 0.5639044943820225 0.5019311797752809 0.56062734082397 0.5061446629213483 0.5529026217228464 0.5070224719101124 0.5475187265917603 0.5063202247191011 0.536750936329588 0.5047401685393258 0.5320692883895131 0.5012289325842697 0.5259831460674157 0.4961376404494382 0.5250468164794008 0.48542837078651685 0.5259831460674157 0.4841994382022472 0.5269194756554307 0.48332162921348315 0.5299625468164794 0.48139044943820225 0.5330056179775281
0 0.477001404494382 0.5777153558052435 0.4768258426966292 0.5852059925093633 0.47787921348314605 0.5969101123595506 0.4789325842696629 0.5994850187265918 0.4820926966292135 0.6022940074906367 0.4878862359550562 0.6051029962546817 0.49350421348314605 0.6048689138576779 0.5040379213483146 0.5987827715355806 0.5031601123595506 0.5959737827715356 0.5040379213483146 0.5849719101123596 0.5022823033707865 0.5779494382022472 0.4959620786516854 0.5676498127340824 0.488061797752809 0.56437265917603 0.484375 0.5657771535580525 0.4805126404494382 0.5695224719101124
0 0.4768258426966292 0.62312734082397 0.477001404494382 0.6345973782771536 0.4780547752808989 0.6404494382022472 0.4801615168539326 0.6444288389513109 0.4845505617977528 0.6472378277153558 0.49087078651685395 0.649812734082397 0.49473314606741575 0.6502808988764045 0.5014044943820225 0.6439606741573034 0.5042134831460674 0.639747191011236 0.5052668539325843 0.6264044943820225 0.5031601123595506 0.6205524344569289 0.500877808988764 0.6172752808988764 0.4980688202247191 0.6109550561797753 0.49701544943820225 0.610252808988764 0.49157303370786515 0.6090823970037453 0.484375 0.6100187265917603 0.4822682584269663 0.6132958801498127 0.4789325842696629 0.6163389513108615
0 0.46576544943820225 0.6704119850187266 0.46558988764044945 0.6753277153558053 0.46734550561797755 0.6807116104868914 0.46787219101123595 0.68562734082397 0.47366573033707865 0.6882022471910112 0.4878862359550562 0.6875 0.49157303370786515 0.6851591760299626 0.49736657303370785 0.6748595505617978 0.4982443820224719 0.6718164794007491 0.4982443820224719 0.6612827715355806 0.49525983146067415 0.6540262172284644 0.49315308988764045 0.6512172284644194 0.4841994382022472 0.647003745318352 0.4808637640449438 0.6460674157303371 0.47717696629213485 0.6463014981273408 0.472436797752809 0.6509831460674157 0.46822331460674155 0.6631554307116105 0.4669943820224719 0.6650280898876404
0 0.5042134831460674 0.660814606741573 0.5047401685393258 0.6640917602996255 0.5040379213483146 0.6680711610486891 0.5047401685393258 0.6821161048689138 0.5077247191011236 0.6875 0.5121137640449438 0.6900749063670412 0.5222963483146067 0.6903089887640449 0.5251053370786517 0.6889044943820225 0.5294943820224719 0.6823501872659176 0.5300210674157303 0.6797752808988764 0.5298455056179775 0.6687734082397003 0.53125 0.662687265917603 0.5328300561797753 0.6612827715355806 0.5308988764044944 0.6556647940074907 0.5273876404494382 0.6509831460674157 0.5242275280898876 0.6486423220973783 0.5194873595505618 0.6467696629213483 0.5121137640449438 0.647003745318352 0.5080758426966292 0.6512172284644194
0 0.507373595505618 0.6128277153558053 0.5080758426966292 0.62312734082397 0.5105337078651685 0.6278089887640449 0.5124648876404494 0.636938202247191 0.5121137640449438 0.6404494382022472 0.5154494382022472 0.6437265917602997 0.5233497191011236 0.6444288389513109 0.5265098314606742 0.6460674157303371 0.5296699438202247 0.6463014981273408 0.5352879213483146 0.6418539325842697 0.5380969101123596 0.6381086142322098 0.5402036516853933 0.6289794007490637 0.5402036516853933 0.6198501872659176 0.5377457865168539 0.6123595505617978 0.5335323033707865 0.6041666666666666 0.5294943820224719 0.6015917602996255 0.5242275280898876 0.6004213483146067 0.5186095505617978 0.5999531835205992 0.5159761235955056 0.6006554307116105 0.511060393258427 0.6041666666666666
0 0.5024578651685393 0.5641385767790262 0.5024578651685393 0.574438202247191 0.507373595505618 0.5894194756554307 0.5117626404494382 0.5957397003745318 0.515625 0.5987827715355806 0.5305477528089888 0.598314606741573 0.5338834269662921 0.5997191011235955 0.5361657303370787 0.6039325842696629 0.5377457865168539 0.6022940074906367 0.5398525280898876 0.5950374531835206 0.5375702247191011 0.5905898876404494 0.5370435393258427 0.5854400749063671 0.5375702247191011 0.5742041198501873 0.5365168539325843 0.5676498127340824 0.5333567415730337 0.5625 0.5307233146067416 0.5601591760299626 0.5272120786516854 0.5587546816479401 0.5261587078651685 0.5571161048689138 0.511938202247191 0.5554775280898876 0.5086025280898876 0.5557116104868914 0.5049157303370787 0.5599250936329588
0 0.5103581460674157 0.5259831460674157 0.5100070224719101 0.5402621722846442 0.5108848314606742 0.5503277153558053 0.5140449438202247 0.5547752808988764 0.5191362359550562 0.5568820224719101 0.5291432584269663 0.5566479400749064 0.5344101123595506 0.5526685393258427 0.5373946629213483 0.5475187265917603 0.5398525280898876 0.5400280898876404 0.5405547752808989 0.5327715355805244 0.5375702247191011 0.5236423220973783 0.5345856741573034 0.5189606741573034 0.5259831460674157 0.5149812734082397 0.5191362359550562 0.5156835205992509 0.5143960674157303 0.5187265917602997 0.5115870786516854 0.5222378277153558
0 0.5105337078651685 0.48735955056179775 0.5100070224719101 0.49157303370786515 0.511938202247191 0.5023408239700374 0.5135182584269663 0.5060861423220974 0.5161516853932584 0.5093632958801498 0.5222963483146067 0.5110018726591761 0.5277387640449438 0.5102996254681648 0.5310744382022472 0.5079588014981273 0.5345856741573034 0.5025749063670412 0.5361657303370787 0.49391385767790263 0.5359901685393258 0.4868913857677903 0.5340589887640449 0.48103932584269665 0.5293188202247191 0.4768258426966292 0.5263342696629213 0.4756554307116105 0.5187851123595506 0.47659176029962547 0.5136938202247191 0.48010299625468167 0.511060393258427 0.48431647940074907
0 0.5158005617977528 0.40098314606741575 0.5158005617977528 0.40472846441947563 0.5145716292134831 0.40870786516853935 0.5159761235955056 0.42064606741573035 0.5152738764044944 0.4250936329588015 0.5161516853932584 0.42790262172284643 0.5159761235955056 0.43258426966292135 0.5179073033707865 0.43375468164794007 0.5291432584269663 0.4342228464419476 0.5340589887640449 0.4328183520599251 0.5368679775280899 0.4307116104868914 0.5410814606741573 0.42228464419475653 0.542310393258427 0.41245318352059923 0.538623595505618 0.3991104868913858 0.5333567415730337 0.3955992509363296 0.5228230337078652 0.39536516853932585 0.5184339887640449 0.39747191011235955
0 0.5163272471910112 0.3728932584269663 0.5159761235955056 0.3801498127340824 0.5175561797752809 0.3848314606741573 0.5224719101123596 0.39232209737827717 0.526685393258427 0.39232209737827717 0.5335323033707865 0.39068352059925093 0.5377457865168539 0.38764044943820225 0.5417837078651685 0.3806179775280899 0.5435393258426966 0.37265917602996257 0.5435393258426966 0.3693820224719101 0.5414325842696629 0.362125468164794 0.5370435393258427 0.3565074906367041 0.532127808988764 0.3541666666666667 0.5259831460674157 0.35510299625468167 0.5207162921348315 0.35814606741573035 0.5180828651685393 0.363998127340824
0 0.5121137640449438 0.32771535580524347 0.511938202247191 0.33169475655430714 0.5135182584269663 0.3352059925093633 0.515625 0.34573970037453183 0.5129915730337079 0.34737827715355807 0.5121137640449438 0.34901685393258425 0.515625 0.3539325842696629 0.5189606741573034 0.35510299625468167 0.5224719101123596 0.35463483146067415 0.5352879213483146 0.3506554307116105 0.5373946629213483 0.3487827715355805 0.5403792134831461 0.34176029962546817 0.5417837078651685 0.3295880149812734 0.5416081460674157 0.324438202247191 0.5384480337078652 0.3167134831460674 0.5344101123595506 0.31320224719101125 0.5293188202247191 0.31109550561797755 0.519311797752809 0.31320224719101125 0.5143960674157303 0.32092696629213485
0 0.5398525280898876 0.43796816479400746 0.5398525280898876 0.4400749063670412 0.5414325842696629 0.44288389513108617 0.5410814606741573 0.4461610486891386 0.542310393258427 0.44897003745318353 0.546875 0.45271535580524347 0.5503862359550562 0.4524812734082397 0.5639044943820225 0.4461610486891386 0.5716292134831461 0.4353932584269663 0.5718047752808989 0.4302434456928839 0.5702247191011236 0.41947565543071164 0.5711025280898876 0.4147940074906367 0.5679424157303371 0.4112827715355805 0.5623244382022472 0.40777153558052437 0.5565308988764045 0.4075374531835206 0.5470505617977528 0.4112827715355805 0.5445926966292135 0.4286048689138577 0.5417837078651685 0.4353932584269663
0 0.5410814606741573 0.4922752808988764 0.5412570224719101 0.50187265917603 0.5463483146067416 0.5131086142322098 0.5466994382022472 0.5154494382022472 0.5535463483146067 0.5168539325842697 0.5572331460674157 0.516619850187266 0.5617977528089888 0.5135767790262172 0.5642556179775281 0.5102996254681648 0.5672401685393258 0.49836142322097376 0.5672401685393258 0.4911048689138577 0.5656601123595506 0.48735955056179775 0.5609199438202247 0.48174157303370785 0.5572331460674157 0.4789325842696629 0.5547752808988764 0.47846441947565543 0.546875 0.48010299625468167 0.543188202247191 0.4854868913857678
0 0.5412570224719101 0.5355805243445693 0.5396769662921348 0.5465823970037453 0.5359901685393258 0.5536048689138576 0.5409058988764045 0.5713951310861424 0.543188202247191 0.5730337078651685 0.5452949438202247 0.5711610486891385 0.5489817415730337 0.5697565543071161 0.5581109550561798 0.5692883895131086 0.5625 0.5671816479400749 0.5653089887640449 0.5608614232209738 0.5668890449438202 0.5472846441947565 0.5665379213483146 0.538623595505618 0.5651334269662921 0.5351123595505618 0.5607443820224719 0.5311329588014981 0.554248595505618 0.5283239700374532 0.5496839887640449 0.5278558052434457 0.5466994382022472 0.5287921348314607 0.5430126404494382 0.5316011235955056
0 0.5452949438202247 0.5777153558052435 0.5440660112359551 0.5814606741573034 0.5444171348314607 0.5955056179775281 0.5456460674157303 0.600187265917603 0.5484550561797753 0.6046348314606742 0.5537219101123596 0.608380149812734 0.5595154494382022 0.6090823970037453 0.5640800561797753 0.608380149812734 0.5681179775280899 0.6053370786516854 0.5714536516853933 0.5957397003745318 0.5716292134831461 0.589185393258427 0.5679424157303371 0.5793539325842697 0.5658356741573034 0.576310861423221 0.5609199438202247 0.5730337078651685 0.5521418539325843 0.5720973782771536 0.5475772471910112 0.5735018726591761
0 0.5419592696629213 0.6196161048689138 0.5414325842696629 0.6338951310861424 0.5445926966292135 0.6441947565543071 0.5454705056179775 0.650749063670412 0.5605688202247191 0.6573033707865169 0.5640800561797753 0.6568352059925093 0.5704002808988764 0.6439606741573034 0.5704002808988764 0.6228932584269663 0.5691713483146067 0.6189138576779026 0.5654845505617978 0.614934456928839 0.5605688202247191 0.6128277153558053 0.5565308988764045 0.6132958801498127 0.5531952247191011 0.6118913857677902 0.5466994382022472 0.611189138576779 0.543188202247191 0.6151685393258427
0 0.5331811797752809 0.6680711610486891 0.5324789325842697 0.6748595505617978 0.5326544943820225 0.6821161048689138 0.5351123595505618 0.6867977528089888 0.5398525280898876 0.6917134831460674 0.5465238764044944 0.6938202247191011 0.554248595505618 0.6921816479400749 0.5577598314606742 0.6886704119850188 0.5610955056179775 0.6818820224719101 0.5626755617977528 0.6722846441947565 0.5617977528089888 0.6647940074906367 0.5600421348314607 0.6603464419475655 0.5570575842696629 0.6566011235955056 0.5474016853932584 0.6528558052434457 0.5400280898876404 0.6551966292134831 0.5365168539325843 0.6577715355805244 0.5352879213483146 0.6596441947565543
0 0.5623244382022472 0.6816479400749064 0.5621488764044944 0.68562734082397 0.5628511235955056 0.6872659176029963 0.5646067415730337 0.6896067415730337 0.5677668539325843 0.6914794007490637 0.5739115168539326 0.6917134831460674 0.586376404494382 0.6898408239700374 0.5898876404494382 0.6872659176029963 0.5935744382022472 0.6823501872659176 0.5944522471910112 0.6729868913857678 0.59375 0.6633895131086143 0.5914676966292135 0.6577715355805244 0.5860252808988764 0.6526217228464419 0.5783005617977528 0.6493445692883895 0.574438202247191 0.6493445692883895 0.5721558988764045 0.6505149812734082 0.5705758426966292 0.6540262172284644 0.5663623595505618 0.6584737827715356 0.5660112359550562 0.6612827715355806 0.5644311797752809 0.6647940074906367 0.5635533707865169 0.6769662921348315
0 0.567064606741573 0.5475187265917603 0.5675912921348315 0.5529026217228464 0.5712780898876404 0.5578183520599251 0.5716292134831461 0.5641385767790262 0.579002808988764 0.5711610486891385 0.5811095505617978 0.5720973782771536 0.5914676966292135 0.5713951310861424 0.5991924157303371 0.5639044943820225 0.6002457865168539 0.5575842696629213 0.6004213483146067 0.5433052434456929 0.5998946629213483 0.5400280898876404 0.5958567415730337 0.5348782771535581 0.5921699438202247 0.5320692883895131 0.574438202247191 0.5290262172284644 0.5709269662921348 0.5316011235955056 0.5682935393258427 0.5362827715355806
0 0.5691713483146067 0.5016385767790262 0.5677668539325843 0.5156835205992509 0.5705758426966292 0.5224719101123596 0.5742626404494382 0.5264513108614233 0.5847963483146067 0.5294943820224719 0.5886587078651685 0.5290262172284644 0.5916432584269663 0.5264513108614233 0.5951544943820225 0.5203651685393258 0.5965589887640449 0.5156835205992509 0.5962078651685393 0.50187265917603 0.5935744382022472 0.4955524344569288 0.5897120786516854 0.4911048689138577 0.5849719101123596 0.4892322097378277 0.5765449438202247 0.49040262172284643 0.5718047752808989 0.49461610486891383
0 0.5656601123595506 0.45318352059925093 0.5649578651685393 0.4559925093632959 0.5656601123595506 0.47027153558052437 0.5677668539325843 0.47542134831460675 0.5712780898876404 0.48010299625468167 0.5700491573033708 0.48735955056179775 0.5704002808988764 0.4911048689138577 0.5711025280898876 0.49204119850187267 0.5739115168539326 0.4897003745318352 0.5807584269662921 0.487125468164794 0.5884831460674157 0.48782771535580527 0.5918188202247191 0.4845505617977528 0.5967345505617978 0.47027153558052437 0.5963834269662921 0.4597378277153558 0.5930477528089888 0.45341760299625467 0.586376404494382 0.4487359550561798 0.5751404494382022 0.4442883895131086 0.5705758426966292 0.4452247191011236 0.5672401685393258 0.44967228464419473
0 0.5753160112359551 0.41924157303370785 0.5749648876404494 0.43258426966292135 0.5760182584269663 0.436563670411985 0.579002808988764 0.44147940074906367 0.5849719101123596 0.44592696629213485 0.5972612359550562 0.44030898876404495 0.6007724719101124 0.43562734082397003 0.6021769662921348 0.42579588014981273 0.6018258426966292 0.41830524344569286 0.5981390449438202 0.41034644194756553 0.5932233146067416 0.4066011235955056 0.5886587078651685 0.4066011235955056 0.5805828651685393 0.40987827715355807 0.5761938202247191 0.414559925093633
0 0.5689957865168539 0.39302434456928836 0.5688202247191011 0.39747191011235955 0.5709269662921348 0.40262172284644193 0.5730337078651685 0.40519662921348315 0.578125 0.40847378277153557 0.581811797752809 0.4080056179775281 0.5926966292134831 0.40168539325842695 0.6005969101123596 0.39442883895131087 0.6027036516853933 0.3904494382022472 0.6034058988764045 0.38717228464419473 0.6037570224719101 0.37663857677902624 0.602001404494382 0.3698501872659176 0.5969101123595506 0.3637640449438202 0.5912921348314607 0.36118913857677903 0.5835674157303371 0.3618913857677903 0.5774227528089888 0.36493445692883897 0.5740870786516854 0.37125468164794007
0 0.5732092696629213 0.337312734082397 0.5733848314606742 0.34948501872659177 0.5742626404494382 0.3532303370786517 0.5758426966292135 0.35580524344569286 0.5775983146067416 0.3579119850187266 0.5811095505617978 0.3600187265917603 0.5898876404494382 0.35978464419475653 0.5919943820224719 0.3595505617977528 0.5955056179775281 0.35674157303370785 0.5988412921348315 0.352059925093633 0.6014747191011236 0.34222846441947563 0.6018258426966292 0.33497191011235955 0.6002457865168539 0.32818352059925093 0.5965589887640449 0.3232677902621723 0.5921699438202247 0.32045880149812733 0.5881320224719101 0.31999063670411987 0.5816362359550562 0.32186329588014984 0.5779494382022472 0.32514044943820225 0.5746137640449438 0.33052434456928836
0 0.5451193820224719 0.33146067415730335 0.5449438202247191 0.34597378277153557 0.5458216292134831 0.3497191011235955 0.5482794943820225 0.3539325842696629 0.5540730337078652 0.35674157303370785 0.5610955056179775 0.35580524344569286 0.5640800561797753 0.3527621722846442 0.5684691011235955 0.3419943820224719 0.5693469101123596 0.3356741573033708 0.5682935393258427 0.3279494382022472 0.5649578651685393 0.32256554307116103 0.5607443820224719 0.3192883895131086 0.5568820224719101 0.3188202247191011 0.5533707865168539 0.31952247191011235 0.5486306179775281 0.32420411985018727
0 0.6000702247191011 0.3522940074906367 0.5997191011235955 0.3562734082397004 0.6025280898876404 0.3600187265917603 0.6060393258426966 0.36118913857677903 0.6060393258426966 0.36446629213483145 0.604810393258427 0.36587078651685395 0.6058637640449438 0.3677434456928839 0.6156952247191011 0.36352996254681647 0.6232443820224719 0.36329588014981273 0.6269311797752809 0.36118913857677903 0.6309691011235955 0.3562734082397004 0.6337780898876404 0.3485486891385768 0.6336025280898876 0.33848314606741575 0.632373595505618 0.33403558052434457 0.6358848314606742 0.3249063670411985 0.6351825842696629 0.3211610486891386 0.6336025280898876 0.3192883895131086 0.6300912921348315 0.3197565543071161 0.6264044943820225 0.32467228464419473 0.6230688202247191 0.324438202247191 0.6197331460674157 0.3227996254681648 0.6153441011235955 0.32303370786516855 0.6083216292134831 0.32631086142322097 0.6041081460674157 0.3347378277153558 0.6012991573033708 0.34901685393258425
0 0.605688202247191 0.3862359550561798 0.6060393258426966 0.39115168539325845 0.6051615168539326 0.39396067415730335 0.6090238764044944 0.3981741573033708 0.6158707865168539 0.399812734082397 0.6230688202247191 0.398876404494382 0.6285112359550562 0.3951310861423221 0.6321980337078652 0.3904494382022472 0.6330758426966292 0.37991573033707865 0.6304424157303371 0.3705524344569288 0.6265800561797753 0.3661048689138577 0.6232443820224719 0.36446629213483145 0.6162219101123596 0.3642322097378277 0.6125351123595506 0.36587078651685395 0.6081460674157303 0.3705524344569288 0.6069171348314607 0.37312734082397003
0 0.5998946629213483 0.46676029962546817 0.5997191011235955 0.4735486891385768 0.6009480337078652 0.4798689138576779 0.6025280898876404 0.4833801498127341 0.6032303370786517 0.4875936329588015 0.6055126404494382 0.4913389513108614 0.608497191011236 0.4901685393258427 0.616748595505618 0.48993445692883897 0.6232443820224719 0.48852996254681647 0.6253511235955056 0.4854868913857678 0.6269311797752809 0.4845505617977528 0.6264044943820225 0.48057116104868913 0.6288623595505618 0.47869850187265917 0.6304424157303371 0.47542134831460675 0.6293890449438202 0.46652621722846443 0.6278089887640449 0.45997191011235955 0.628686797752809 0.45435393258426965 0.6307935393258427 0.45318352059925093 0.6304424157303371 0.4508426966292135 0.6299157303370787 0.44967228464419473 0.6265800561797753 0.4482677902621723 0.6239466292134831 0.45131086142322097 0.613939606741573 0.44967228464419473 0.6058637640449438 0.45107677902621723 0.6046348314606742 0.4529494382022472
0 0.598314606741573 0.5046816479400749 0.5977879213483146 0.5152153558052435 0.5958567415730337 0.5229400749063671 0.5970856741573034 0.5290262172284644 0.5990168539325843 0.5323033707865169 0.6062148876404494 0.5332397003745318 0.6081460674157303 0.5323033707865169 0.6199087078651685 0.5311329588014981 0.6267556179775281 0.5271535580524345 0.6297401685393258 0.5208333333333334 0.6300912921348315 0.5189606741573034 0.6288623595505618 0.514747191011236 0.628686797752809 0.5107677902621723 0.6292134831460674 0.5051498127340824 0.6279845505617978 0.5016385767790262 0.6320224719101124 0.49812734082397003 0.632373595505618 0.49461610486891383 0.6300912921348315 0.49204119850187267 0.6272823033707865 0.49391385767790263 0.6228932584269663 0.4934456928838951 0.6186797752808989 0.4913389513108614 0.6127106741573034 0.4913389513108614 0.6067415730337079 0.49297752808988765 0.6023525280898876 0.4953183520599251 0.5998946629213483 0.49836142322097376
0 0.6037570224719101 0.5493913857677902 0.6035814606741573 0.5538389513108615 0.6051615168539326 0.5620318352059925 0.6088483146067416 0.5683520599250936 0.6127106741573034 0.5716292134831461 0.6234199438202247 0.5711610486891385 0.6297401685393258 0.5641385767790262 0.6318469101123596 0.5571161048689138 0.6314957865168539 0.5498595505617978 0.6293890449438202 0.5433052434456929 0.6230688202247191 0.535814606741573 0.6197331460674157 0.5344101123595506 0.6158707865168539 0.5341760299625468 0.613061797752809 0.535814606741573 0.610252808988764 0.5348782771535581 0.608497191011236 0.5353464419475655 0.6063904494382022 0.5397940074906367 0.6065660112359551 0.5419007490636704 0.6042837078651685 0.5463483146067416
0 0.6018258426966292 0.5861423220973783 0.6012991573033708 0.5931647940074907 0.6023525280898876 0.599250936329588 0.6037570224719101 0.6027621722846442 0.6077949438202247 0.6069756554307116 0.6125351123595506 0.6090823970037453 0.6151685393258427 0.6116573033707865 0.6197331460674157 0.6123595505617978 0.6313202247191011 0.6058052434456929 0.6330758426966292 0.5955056179775281 0.6325491573033708 0.5887172284644194 0.6316713483146067 0.5849719101123596 0.6288623595505618 0.5793539325842697 0.6267556179775281 0.5770131086142322 0.6199087078651685 0.5737359550561798 0.6107794943820225 0.5746722846441947 0.6088483146067416 0.5760767790262172 0.602001404494382 0.5849719101123596
0 0.6067415730337079 0.636938202247191 0.6060393258426966 0.6439606741573034 0.6077949438202247 0.6455992509363296 0.6104283707865169 0.6509831460674157 0.6111306179775281 0.6544943820224719 0.6127106741573034 0.6551966292134831 0.6269311797752809 0.6549625468164794 0.6283356741573034 0.6540262172284644 0.6311446629213483 0.6493445692883895 0.6327247191011236 0.6439606741573034 0.6341292134831461 0.635065543071161 0.6336025280898876 0.6273408239700374 0.6239466292134831 0.6189138576779026 0.6197331460674157 0.6168071161048689 0.6095505617977528 0.6189138576779026 0.6083216292134831 0.6226591760299626
0 0.6021769662921348 0.6713483146067416 0.6018258426966292 0.6788389513108615 0.6023525280898876 0.6823501872659176 0.6041081460674157 0.6867977528089888 0.6079705056179775 0.6931179775280899 0.6127106741573034 0.6968632958801498 0.6190308988764045 0.6980337078651685 0.624122191011236 0.6973314606741573 0.6293890449438202 0.6940543071161048 0.632373595505618 0.6891385767790262 0.6337780898876404 0.6800093632958801 0.6327247191011236 0.6715823970037453 0.6309691011235955 0.6643258426966292 0.6265800561797753 0.658941947565543 0.6199087078651685 0.6570692883895131 0.6128862359550562 0.6566011235955056 0.6086727528089888 0.6577715355805244 0.6044592696629213 0.661750936329588
1 0.4611429073033708 0.6160276217228464 0.023407654494382025 0.024187734082397005