0 0.4297752808988764 0.31530898876404495 0.4375 0.32069288389513106 0.4410112359550562 0.33380149812734083 0.43855337078651685 0.34620786516853935 0.43100421348314605 0.350187265917603 0.42047050561797755 0.34691011235955055 0.41678370786516855 0.3424625468164794 0.4141502808988764 0.3330992509363296 0.4155547752808989 0.324438202247191 0.4201193820224719 0.3171816479400749 0.4295997191011236 0.31530898876404495
0 0.4984199438202247 0.4440543071161049 0.5068469101123596 0.449438202247191 0.5138693820224719 0.47027153558052437 0.5135182584269663 0.48103932584269665 0.5061446629213483 0.48829588014981273 0.49877106741573035 0.48735955056179775 0.488061797752809 0.48174157303370785 0.4822682584269663 0.4735486891385768 0.4808637640449438 0.45997191011235955 0.4840238764044944 0.44967228464419473 0.4898174157303371 0.44452247191011235 0.4982443820224719 0.4440543071161049
0 0.3985252808988764 0.44335205992509363 0.40923455056179775 0.4477996254681648 0.41309691011235955 0.4576310861423221 0.4125702247191011 0.46722846441947563 0.40958567415730335 0.475187265917603 0.40098314606741575 0.4824438202247191 0.3904494382022472 0.4789325842696629 0.3867626404494382 0.47331460674157305 0.3851825842696629 0.46418539325842695 0.3883426966292135 0.44967228464419473 0.3983497191011236 0.44335205992509363
0 0.4919241573033708 0.48618913857677903 0.49894662921348315 0.49250936329588013 0.5024578651685393 0.5088951310861424 0.49912219101123595 0.5156835205992509 0.49122191011235955 0.5210674157303371 0.4840238764044944 0.5205992509363296 0.4784058988764045 0.5170880149812734 0.476123595505618 0.5114700374531835 0.47559691011235955 0.5009363295880149 0.47981039325842695 0.4897003745318352 0.491748595505618 0.48618913857677903
0 0.46734550561797755 0.576310861423221 0.47524578651685395 0.586376404494382 0.4780547752808989 0.6025280898876404 0.4748946629213483 0.6193820224719101 0.4669943820224719 0.6245318352059925 0.4529494382022472 0.6175093632958801 0.44803370786516855 0.5978464419475655 0.45189606741573035 0.5840355805243446 0.45997191011235955 0.5777153558052435 0.4671699438202247 0.576310861423221
0 0.46418539325842695 0.44288389513108617 0.4706811797752809 0.4447565543071161 0.47787921348314605 0.4595037453183521 0.4780547752808989 0.4768258426966292 0.47384129213483145 0.4815074906367041 0.45997191011235955 0.48080524344569286 0.4550561797752809 0.4777621722846442 0.4496137640449438 0.46980337078651685 0.4487359550561798 0.4592696629213483 0.45189606741573035 0.4463951310861423 0.46400983146067415 0.44288389513108617
0 0.366748595505618 0.31015917602996257 0.37377106741573035 0.3171816479400749 0.3753511235955056 0.3279494382022472 0.37201544943820225 0.33941947565543074 0.3628862359550562 0.34480337078651685 0.3530547752808989 0.33848314606741575 0.3498946629213483 0.324438202247191 0.3558637640449438 0.3125 0.36657303370786515 0.31015917602996257
0 0.40133426966292135 0.31390449438202245 0.40765449438202245 0.32092696629213485 0.40888342696629215 0.33239700374531833 0.4078300561797753 0.33848314606741575 0.4041432584269663 0.34363295880149813 0.39782303370786515 0.3464419475655431 0.38746488764044945 0.34363295880149813 0.38360252808988765 0.33941947565543074 0.3825491573033708 0.3223314606741573 0.38553370786516855 0.31624531835205993 0.38957162921348315 0.313436329588015 0.40115870786516855 0.31390449438202245
0 0.430126404494382 0.4028558052434457 0.4357443820224719 0.40426029962546817 0.44259129213483145 0.4147940074906367 0.4438202247191011 0.42837078651685395 0.44259129213483145 0.43562734082397003 0.43240870786516855 0.4447565543071161 0.4178370786516854 0.4410112359550562 0.41485252808988765 0.42228464419475653 0.418188202247191 0.40870786516853935 0.4299508426966292 0.4028558052434457
0 0.4648876404494382 0.5786516853932584 0.47349016853932585 0.5849719101123596 0.476123595505618 0.5959737827715356 0.47173455056179775 0.6088483146067416 0.46400983146067415 0.6132958801498127 0.453125 0.6090823970037453 0.45049157303370785 0.5948033707865169 0.4534761235955056 0.5842696629213483 0.4647120786516854 0.5786516853932584
0 0.45646067415730335 0.4850187265917603 0.4645365168539326 0.48735955056179775 0.4685744382022472 0.49204119850187267 0.47015449438202245 0.5058520599250936 0.4671699438202247 0.516619850187266 0.46155196629213485 0.5203651685393258 0.4529494382022472 0.5210674157303371 0.4454002808988764 0.514747191011236 0.444873595505618 0.4948501872659176 0.45031601123595505 0.4868913857677903 0.45628511235955055 0.48525280898876405
0 0.36657303370786515 0.6493445692883895 0.37447331460674155 0.6580056179775281 0.3751755617977528 0.675561797752809 0.36780196629213485 0.6872659176029963 0.36007724719101125 0.6907771535580525 0.3516502808988764 0.6891385767790262 0.3458567415730337 0.6828183520599251 0.3441011235955056 0.675561797752809 0.34462780898876405 0.6647940074906367 0.35094803370786515 0.6509831460674157 0.36639747191011235 0.6493445692883895
0 0.366748595505618 0.3934925093632959 0.37816011235955055 0.40051498127340823 0.38202247191011235 0.4089419475655431 0.3809691011235955 0.42228464419475653 0.3785112359550562 0.42837078651685395 0.3730688202247191 0.43352059925093633 0.3669241573033708 0.4344569288389513 0.36253511235955055 0.4342228464419476 0.3558637640449438 0.4288389513108614 0.3516502808988764 0.4154962546816479 0.35235252808988765 0.40098314606741575 0.3558637640449438 0.40051498127340823 0.3613061797752809 0.39419475655430714 0.36657303370786515 0.3934925093632959
0 0.39554073033707865 0.351123595505618 0.4058988764044944 0.35884831460674155 0.4078300561797753 0.3625936329588015 0.40765449438202245 0.37008426966292135 0.40308988764044945 0.3836610486891386 0.39167837078651685 0.3874063670411985 0.3871137640449438 0.38506554307116103 0.3825491573033708 0.3780430711610487 0.38026685393258425 0.36282771535580527 0.38342696629213485 0.3553370786516854 0.39536516853932585 0.351123595505618
0 0.496313202247191 0.31179775280898875 0.5031601123595506 0.3171816479400749 0.5061446629213483 0.3321629213483146 0.4984199438202247 0.3487827715355805 0.4919241573033708 0.34925093632958804 0.48753511235955055 0.34901685393258425 0.4822682584269663 0.3410580524344569 0.480688202247191 0.32397003745318353 0.4859550561797753 0.31390449438202245 0.4961376404494382 0.31179775280898875
0 0.3985252808988764 0.6139981273408239 0.40712780898876405 0.6219569288389513 0.40870786516853935 0.6409176029962547 0.40484550561797755 0.6479400749063671 0.3964185393258427 0.6495786516853933 0.3871137640449438 0.6491104868913857 0.37991573033707865 0.6439606741573034 0.38342696629213485 0.6200842696629213 0.3904494382022472 0.6147003745318352 0.3983497191011236 0.6139981273408239
0 0.40098314606741575 0.525749063670412 0.41116573033707865 0.5311329588014981 0.4155547752808989 0.5397940074906367 0.41502808988764045 0.5519662921348315 0.41134129213483145 0.5608614232209738 0.40730337078651685 0.56437265917603 0.3981741573033708 0.5641385767790262 0.39009831460674155 0.5573501872659176 0.3885182584269663 0.5503277153558053 0.38992275280898875 0.5330056179775281 0.3941362359550562 0.5276217228464419 0.4008075842696629 0.5259831460674157
0 0.46190308988764045 0.3103932584269663 0.47155898876404495 0.3169475655430712 0.47542134831460675 0.32467228464419473 0.476123595505618 0.33146067415730335 0.47349016853932585 0.34597378277153557 0.46190308988764045 0.352059925093633 0.45207162921348315 0.34925093632958804 0.44610252808988765 0.34012172284644193 0.4452247191011236 0.3352059925093633 0.44803370786516855 0.3157771535580524 0.45452949438202245 0.3103932584269663 0.46172752808988765 0.3103932584269663
0 0.433813202247191 0.45365168539325845 0.44083567415730335 0.45997191011235955 0.44276685393258425 0.47401685393258425 0.43644662921348315 0.48478464419475653 0.42872191011235955 0.48735955056179775 0.4220505617977528 0.4850187265917603 0.4180126404494382 0.4794007490636704 0.4162570224719101 0.4669943820224719 0.41713483146067415 0.4576310861423221 0.42521067415730335 0.45365168539325845 0.4336376404494382 0.45365168539325845
0 0.42872191011235955 0.3539325842696629 0.4373244382022472 0.3616573033707865 0.43820224719101125 0.37734082397003743 0.43240870786516855 0.38553370786516855 0.4253862359550562 0.3883426966292135 0.414501404494382 0.3815543071161049 0.4125702247191011 0.3682116104868914 0.4176615168539326 0.35557116104868913 0.42854634831460675 0.3539325842696629
0 0.3732443820224719 0.6046348314606742 0.3792134831460674 0.611189138576779 0.3790379213483146 0.6296816479400749 0.3734199438202247 0.6427902621722846 0.3595505617977528 0.6484082397003745 0.35235252808988765 0.6455992509363296 0.34849016853932585 0.6411516853932584 0.34884129213483145 0.6198501872659176 0.352001404494382 0.6128277153558053 0.359375 0.6055711610486891 0.3730688202247191 0.6046348314606742
0 0.4652387640449438 0.5348782771535581 0.47366573033707865 0.5414325842696629 0.47594803370786515 0.5472846441947565 0.47594803370786515 0.5557116104868914 0.4705056179775281 0.5667134831460674 0.4669943820224719 0.5695224719101124 0.460498595505618 0.5697565543071161 0.45575842696629215 0.5667134831460674 0.45172050561797755 0.5589887640449438 0.4513693820224719 0.5435393258426966 0.45997191011235955 0.5355805243445693 0.465063202247191 0.5348782771535581
0 0.36271067415730335 0.3485486891385768 0.37025983146067415 0.352059925093633 0.37605337078651685 0.362125468164794 0.37605337078651685 0.37359550561797755 0.36622191011235955 0.38553370786516855 0.3591994382022472 0.38436329588014984 0.35235252808988765 0.37897940074906367 0.34866573033707865 0.3672752808988764 0.3512991573033708 0.3548689138576779 0.3551615168539326 0.35042134831460675 0.36253511235955055 0.3485486891385768
0 0.40098314606741575 0.3967696629213483 0.40888342696629215 0.40098314606741575 0.41327247191011235 0.4143258426966292 0.4123946629213483 0.43562734082397003 0.40519662921348315 0.44124531835205993 0.3902738764044944 0.43562734082397003 0.38149578651685395 0.42134831460674155 0.38219803370786515 0.41034644194756553 0.38992275280898875 0.39864232209737827 0.4008075842696629 0.3967696629213483
0 0.3558637640449438 0.5568820224719101 0.3769311797752809 0.5641385767790262 0.38026685393258425 0.574438202247191 0.378686797752809 0.5852059925093633 0.37447331460674155 0.5955056179775281 0.36622191011235955 0.6018258426966292 0.3553370786516854 0.5962078651685393 0.3481390449438202 0.5849719101123596 0.34866573033707865 0.5688202247191011 0.35235252808988765 0.5589887640449438 0.355688202247191 0.5568820224719101
0 0.5263342696629213 0.3171816479400749 0.532127808988764 0.3202247191011236 0.5372191011235955 0.32724719101123595 0.5389747191011236 0.3377808988764045 0.5377457865168539 0.34527153558052437 0.5310744382022472 0.35580524344569286 0.5166783707865169 0.3595505617977528 0.511938202247191 0.35931647940074907 0.5050912921348315 0.3506554307116105 0.5075491573033708 0.33146067415730335 0.5150983146067416 0.3192883895131086 0.5261587078651685 0.3171816479400749
0 0.42679073033707865 0.4913389513108614 0.43802668539325845 0.4964887640449438 0.4417134831460674 0.5117041198501873 0.4390800561797753 0.5215355805243446 0.429248595505618 0.5294943820224719 0.4216994382022472 0.5278558052434457 0.41292134831460675 0.5194288389513109 0.41467696629213485 0.49812734082397003 0.41906601123595505 0.49297752808988765 0.42661516853932585 0.4913389513108614
0 0.36973314606741575 0.4803370786516854 0.37745786516853935 0.48431647940074907 0.38167134831460675 0.49250936329588013 0.382373595505618 0.5016385767790262 0.3785112359550562 0.5154494382022472 0.35849719101123595 0.5142790262172284 0.35235252808988765 0.5191947565543071 0.34849016853932585 0.5159176029962547 0.34849016853932585 0.5084269662921348 0.3553370786516854 0.4897003745318352 0.3628862359550562 0.4824438202247191 0.3695575842696629 0.48057116104868913
0 0.4922752808988764 0.39536516853932585 0.5021067415730337 0.40191947565543074 0.5038623595505618 0.4173689138576779 0.5022823033707865 0.4241573033707865 0.4980688202247191 0.43000936329588013 0.4884129213483146 0.43258426966292135 0.4801615168539326 0.42579588014981273 0.47770365168539325 0.40777153558052437 0.4808637640449438 0.3993445692883895 0.4920997191011236 0.39536516853932585
0 0.394311797752809 0.6493445692883895 0.4043188202247191 0.6500468164794008 0.4060744382022472 0.6523876404494382 0.4081811797752809 0.6577715355805244 0.4080056179775281 0.6757958801498127 0.4044943820224719 0.6860955056179775 0.40098314606741575 0.6896067415730337 0.38816713483146065 0.6931179775280899 0.3785112359550562 0.6858614232209738 0.37640449438202245 0.6720505617977528 0.38009129213483145 0.6582397003745318 0.3941362359550562 0.6493445692883895
0 0.390625 0.5692883895131086 0.40168539325842695 0.5770131086142322 0.40484550561797755 0.5814606741573034 0.40519662921348315 0.5866104868913857 0.4023876404494382 0.602996254681648 0.39747191011235955 0.6076779026217228 0.390625 0.6097846441947565 0.3830758426966292 0.6065074906367042 0.3788623595505618 0.5969101123595506 0.37974016853932585 0.5854400749063671 0.38342696629213485 0.574438202247191 0.3904494382022472 0.5692883895131086
0 0.5261587078651685 0.3604868913857678 0.5338834269662921 0.36540262172284643 0.5372191011235955 0.37640449438202245 0.5347612359550562 0.3916198501872659 0.5328300561797753 0.39536516853932585 0.5277387640449438 0.3977059925093633 0.5215941011235955 0.39747191011235955 0.5124648876404494 0.3904494382022472 0.5091292134831461 0.37663857677902624 0.5117626404494382 0.3661048689138577 0.5150983146067416 0.3625936329588015 0.5259831460674157 0.3604868913857678
0 0.4533005617977528 0.3960674157303371 0.45628511235955055 0.39840823970037453 0.46032303370786515 0.39653558052434457 0.46769662921348315 0.398876404494382 0.47120786516853935 0.40191947565543074 0.4745435393258427 0.41198501872659177 0.47208567415730335 0.4288389513108614 0.4683988764044944 0.4339887640449438 0.4627808988764045 0.4363295880149813 0.4527738764044944 0.4344569288389513 0.4454002808988764 0.42228464419475653 0.444873595505618 0.40426029962546817 0.453125 0.3960674157303371
0 0.49315308988764045 0.5290262172284644 0.5015800561797753 0.5327715355805244 0.5054424157303371 0.5419007490636704 0.5040379213483146 0.5571161048689138 0.5017556179775281 0.5617977528089888 0.4957865168539326 0.5648408239700374 0.4841994382022472 0.5615636704119851 0.47981039325842695 0.5536048689138576 0.47910814606741575 0.5475187265917603 0.4803370786516854 0.5362827715355806 0.484375 0.5311329588014981 0.49297752808988765 0.5290262172284644
0 0.46190308988764045 0.3562734082397004 0.4683988764044944 0.36118913857677903 0.47191011235955055 0.3707865168539326 0.4703300561797753 0.38249063670411987 0.45997191011235955 0.3913857677902622 0.44838483146067415 0.3874063670411985 0.444873595505618 0.38038389513108617 0.444873595505618 0.3705524344569288 0.4469803370786517 0.3625936329588015 0.4513693820224719 0.3574438202247191 0.46172752808988765 0.3562734082397004
0 0.36411516853932585 0.436563670411985 0.37429775280898875 0.4421816479400749 0.3765800561797753 0.4520131086142322 0.3767556179775281 0.4669943820224719 0.37359550561797755 0.4705056179775281 0.3628862359550562 0.4726123595505618 0.35603932584269665 0.47097378277153557 0.35217696629213485 0.46629213483146065 0.3493679775280899 0.4508426966292135 0.3514747191011236 0.4426498127340824 0.3551615168539326 0.438436329588015 0.36393960674157305 0.436563670411985
0 0.4199438202247191 0.5800561797752809 0.43223314606741575 0.5880149812734082 0.4357443820224719 0.598314606741573 0.43258426966292135 0.6116573033707865 0.4238061797752809 0.6156367041198502 0.4141502808988764 0.610252808988764 0.40905898876404495 0.5990168539325843 0.41134129213483145 0.5884831460674157 0.41485252808988765 0.5826310861423221 0.4197682584269663 0.5800561797752809
0 0.4901685393258427 0.3562734082397004 0.49947331460674155 0.3579119850187266 0.5066713483146067 0.36914794007490637 0.5052668539325843 0.38412921348314605 0.5014044943820225 0.39068352059925093 0.49473314606741575 0.3937265917602996 0.488061797752809 0.39068352059925093 0.48139044943820225 0.37687265917602997 0.48156601123595505 0.3693820224719101 0.48490168539325845 0.36282771535580527 0.48349719101123595 0.35931647940074907 0.4899929775280899 0.3562734082397004
0 0.37008426966292135 0.5173220973782772 0.3809691011235955 0.5269194756554307 0.3843047752808989 0.5379213483146067 0.3825491573033708 0.5500936329588015 0.3730688202247191 0.5615636704119851 0.3591994382022472 0.5582865168539326 0.35217696629213485 0.5456460674157303 0.3558637640449438 0.5227059925093633 0.3595505617977528 0.5189606741573034 0.36990870786516855 0.5173220973782772
0 0.4004564606741573 0.48829588014981273 0.4078300561797753 0.4913389513108614 0.4102879213483146 0.5093632958801498 0.40730337078651685 0.5191947565543071 0.3981741573033708 0.5241104868913857 0.3908005617977528 0.5231741573033708 0.38606039325842695 0.5196629213483146 0.38377808988764045 0.5016385767790262 0.3890449438202247 0.49087078651685395 0.4002808988764045 0.48829588014981273
0 0.4376755617977528 0.5353464419475655 0.4431179775280899 0.5416666666666666 0.44452247191011235 0.5608614232209738 0.4413623595505618 0.5678838951310862 0.43275983146067415 0.5716292134831461 0.42485955056179775 0.5692883895131086 0.42082162921348315 0.5646067415730337 0.41906601123595505 0.549625468164794 0.4202949438202247 0.5430711610486891 0.42521067415730335 0.5369850187265918 0.4317064606741573 0.5344101123595506 0.4375 0.5353464419475655
2 0.6372893258426966 0.31445060861423224 0.34701580056179776 0.303002574906367 0.3400366924157303 0.695502106741573 0.6327563202247191 0.7003939606741573
1 0.5797436797752809 0.5074555243445693 0.08504915730337079 0.3547986891385768
1 0.5656039325842697 0.5448338014981274 0.11294943820224719 0.2703815543071161
1 0.5497366573033708 0.6262078651685393 0.1490993679775281 0.11789794007490638
1 0.5208093398876404 0.6469686329588015 0.20711551966292135 0.06890917602996255