0 0.5028089887640449 0.3080524344569288 0.5094803370786517 0.31320224719101125 0.5117626404494382 0.32467228464419473 0.5098314606741573 0.3326310861423221 0.5019311797752809 0.34058988764044945 0.49473314606741575 0.34012172284644193 0.4884129213483146 0.33497191011235955 0.4863061797752809 0.3258426966292135 0.48735955056179775 0.3176498127340824 0.49157303370786515 0.31062734082397003 0.5026334269662921 0.3080524344569288
0 0.421875 0.6364700374531835 0.4280196629213483 0.6434925093632958 0.4299508426966292 0.6544943820224719 0.4273174157303371 0.6643258426966292 0.41924157303370785 0.6704119850187266 0.41292134831460675 0.6694756554307116 0.40712780898876405 0.6622191011235955 0.4044943820224719 0.6448970037453183 0.41081460674157305 0.637874531835206 0.4216994382022472 0.6364700374531835
0 0.5224719101123596 0.6528558052434457 0.5280898876404494 0.6556647940074907 0.5331811797752809 0.6643258426966292 0.5338834269662921 0.6757958801498127 0.5310744382022472 0.6844569288389513 0.5258075842696629 0.6886704119850188 0.519311797752809 0.6891385767790262 0.5121137640449438 0.6849250936329588 0.5096558988764045 0.6786048689138576 0.5086025280898876 0.658941947565543 0.5222963483146067 0.6530898876404494
0 0.5849719101123596 0.4028558052434457 0.5921699438202247 0.4058988764044944 0.5963834269662921 0.4143258426966292 0.5955056179775281 0.43164794007490637 0.5919943820224719 0.43726591760299627 0.5884831460674157 0.43937265917602997 0.5805828651685393 0.43726591760299627 0.5702247191011236 0.42485955056179775 0.5705758426966292 0.41081460674157305 0.5768960674157303 0.40426029962546817 0.5847963483146067 0.40308988764044945
0 0.6188553370786517 0.4091760299625468 0.6271067415730337 0.4164325842696629 0.6292134831460674 0.42907303370786515 0.6235955056179775 0.4419475655430712 0.617626404494382 0.44545880149812733 0.6127106741573034 0.44545880149812733 0.6046348314606742 0.43562734082397003 0.6023525280898876 0.4225187265917603 0.608497191011236 0.41058052434456926 0.6125351123595506 0.40823970037453183 0.6186797752808989 0.4091760299625468
0 0.5300210674157303 0.30969101123595505 0.5393258426966292 0.31741573033707865 0.5407303370786517 0.33169475655430714 0.5372191011235955 0.33941947565543074 0.5268609550561798 0.34480337078651685 0.5219452247191011 0.34386704119850187 0.5154494382022472 0.33824906367041196 0.5136938202247191 0.3279494382022472 0.5145716292134831 0.3213951310861423 0.5191362359550562 0.313436329588015 0.5298455056179775 0.30969101123595505
0 0.585498595505618 0.5323033707865169 0.5986657303370787 0.5362827715355806 0.6023525280898876 0.5470505617977528 0.6016502808988764 0.5575842696629213 0.5991924157303371 0.5620318352059925 0.5942766853932584 0.5662453183520599 0.5853230337078652 0.5683520599250936 0.5814606741573034 0.5676498127340824 0.5777738764044944 0.5627340823970037 0.5753160112359551 0.5540730337078652 0.5767205056179775 0.5393258426966292 0.5853230337078652 0.5323033707865169
0 0.5538974719101124 0.658941947565543 0.5639044943820225 0.6650280898876404 0.5660112359550562 0.6779026217228464 0.5621488764044944 0.6891385767790262 0.554248595505618 0.6931179775280899 0.5470505617977528 0.6910112359550562 0.543188202247191 0.6870318352059925 0.5412570224719101 0.675561797752809 0.542310393258427 0.6664325842696629 0.5493328651685393 0.6594101123595506 0.5537219101123596 0.658941947565543
0 0.37008426966292135 0.301498127340824 0.3785112359550562 0.30711610486891383 0.3813202247191011 0.31390449438202245 0.3813202247191011 0.32045880149812733 0.375 0.3326310861423221 0.36973314606741575 0.3342696629213483 0.3590238764044944 0.3300561797752809 0.35621488764044945 0.31413857677902624 0.3611306179775281 0.3038389513108614 0.36990870786516855 0.301498127340824
0 0.40133426966292135 0.3052434456928839 0.4097612359550562 0.3103932584269663 0.4139747191011236 0.323501872659176 0.41309691011235955 0.3291198501872659 0.4081811797752809 0.33614232209737827 0.40168539325842695 0.33941947565543074 0.390625 0.3345037453183521 0.38764044943820225 0.324438202247191 0.38939606741573035 0.31226591760299627 0.3944873595505618 0.3068820224719101 0.40115870786516855 0.3052434456928839
0 0.49473314606741575 0.4328183520599251 0.5021067415730337 0.43515917602996257 0.507373595505618 0.4426498127340824 0.5075491573033708 0.4559925093632959 0.5038623595505618 0.4637172284644195 0.4940308988764045 0.4674625468164794 0.4878862359550562 0.4648876404494382 0.48314606741573035 0.45669475655430714 0.48332162921348315 0.44147940074906367 0.4887640449438202 0.43515917602996257 0.4945575842696629 0.4330524344569288
0 0.5609199438202247 0.3171816479400749 0.5681179775280899 0.32303370786516855 0.5719803370786517 0.33497191011235955 0.5675912921348315 0.34691011235955055 0.5572331460674157 0.35135767790262173 0.5495084269662921 0.34737827715355807 0.5458216292134831 0.3352059925093633 0.5500351123595506 0.3223314606741573 0.5537219101123596 0.31858614232209737 0.5607443820224719 0.3171816479400749
0 0.460498595505618 0.3157771535580524 0.47138342696629215 0.31952247191011235 0.47542134831460675 0.3312265917602996 0.4750702247191011 0.3419943820224719 0.46418539325842695 0.35042134831460675 0.45452949438202245 0.34691011235955055 0.4489115168539326 0.335440074906367 0.45207162921348315 0.32092696629213485 0.46032303370786515 0.3157771535580524
0 0.6156952247191011 0.45529026217228463 0.620435393258427 0.45880149812734083 0.6246488764044944 0.46676029962546817 0.6242977528089888 0.4791666666666667 0.621313202247191 0.48525280898876405 0.6100772471910112 0.488061797752809 0.601123595505618 0.48174157303370785 0.5988412921348315 0.47448501872659177 0.5991924157303371 0.46676029962546817 0.604810393258427 0.4559925093632959 0.6155196629213483 0.45529026217228463
0 0.5310744382022472 0.4833801498127341 0.5379213483146067 0.4887640449438202 0.5412570224719101 0.49929775280898875 0.5375702247191011 0.5142790262172284 0.5310744382022472 0.5177902621722846 0.5200140449438202 0.5154494382022472 0.5154494382022472 0.5028089887640449 0.515625 0.49461610486891383 0.5180828651685393 0.4897003745318352 0.5251053370786517 0.4836142322097378 0.5308988764044944 0.4833801498127341
0 0.35674157303370785 0.6441947565543071 0.367626404494382 0.651685393258427 0.3714887640449438 0.6645599250936329 0.366748595505618 0.6753277153558053 0.35797050561797755 0.6802434456928839 0.3476123595505618 0.6769662921348315 0.3435744382022472 0.6647940074906367 0.34480337078651685 0.6544943820224719 0.34866573033707865 0.647003745318352 0.35656601123595505 0.6441947565543071
0 0.40133426966292135 0.4777621722846442 0.40888342696629215 0.4850187265917603 0.4104634831460674 0.49461610486891383 0.4060744382022472 0.5070224719101124 0.39764747191011235 0.5114700374531835 0.3865870786516854 0.5070224719101124 0.38360252808988765 0.5014044943820225 0.383251404494382 0.49250936329588013 0.3886938202247191 0.4791666666666667 0.39378511235955055 0.47659176029962547 0.40115870786516855 0.4777621722846442
0 0.4585674157303371 0.5994850187265918 0.46804775280898875 0.6041666666666666 0.47173455056179775 0.6123595505617978 0.4683988764044944 0.6303838951310862 0.4612008426966292 0.6355337078651685 0.4492626404494382 0.6313202247191011 0.4450491573033708 0.6233614232209738 0.4452247191011236 0.6125936329588015 0.44803370786516855 0.6053370786516854 0.453125 0.6004213483146067 0.45839185393258425 0.5994850187265918
0 0.6234199438202247 0.5318352059925093 0.6314957865168539 0.5402621722846442 0.6329002808988764 0.5503277153558053 0.6279845505617978 0.5629681647940075 0.6197331460674157 0.5676498127340824 0.6090238764044944 0.56062734082397 0.6065660112359551 0.5540730337078652 0.6065660112359551 0.5465823970037453 0.6104283707865169 0.5346441947565543 0.616748595505618 0.5313670411985019 0.6232443820224719 0.5318352059925093
0 0.4515449438202247 0.6385767790262172 0.45804073033707865 0.6418539325842697 0.46155196629213485 0.6512172284644194 0.45804073033707865 0.6657303370786517 0.4496137640449438 0.6722846441947565 0.4417134831460674 0.6685393258426966 0.43627106741573035 0.650749063670412 0.44083567415730335 0.6418539325842697 0.44610252808988765 0.6383426966292135 0.4513693820224719 0.6385767790262172
0 0.41678370786516855 0.5957397003745318 0.42661516853932585 0.601123595505618 0.430126404494382 0.6163389513108615 0.42257724719101125 0.6275749063670412 0.41537921348314605 0.6299157303370787 0.4041432584269663 0.6235955056179775 0.4022120786516854 0.612125468164794 0.40379213483146065 0.6041666666666666 0.4066011235955056 0.6006554307116105 0.41134129213483145 0.5962078651685393 0.41660814606741575 0.5957397003745318
0 0.371313202247191 0.42602996254681647 0.3785112359550562 0.43211610486891383 0.3807935393258427 0.44686329588014984 0.37412219101123595 0.4595037453183521 0.36973314606741575 0.461376404494382 0.36253511235955055 0.46090823970037453 0.35656601123595505 0.45692883895131087 0.3532303370786517 0.44241573033707865 0.3558637640449438 0.4311797752808989 0.363061797752809 0.4262640449438202 0.3711376404494382 0.42602996254681647
0 0.6232443820224719 0.3642322097378277 0.6304424157303371 0.37008426966292135 0.6337780898876404 0.3794475655430712 0.6306179775280899 0.39302434456928836 0.6235955056179775 0.39957865168539325 0.6091994382022472 0.3967696629213483 0.6058637640449438 0.38342696629213485 0.6088483146067416 0.36961610486891383 0.6155196629213483 0.36493445692883897 0.6230688202247191 0.3642322097378277
0 0.5433637640449438 0.3541666666666667 0.547752808988764 0.36025280898876405 0.5496839887640449 0.37336142322097376 0.5479283707865169 0.38038389513108617 0.5398525280898876 0.38764044943820225 0.5328300561797753 0.38764044943820225 0.5247542134831461 0.37991573033707865 0.5235252808988764 0.3625936329588015 0.5324789325842697 0.35369850187265917 0.543188202247191 0.3541666666666667
0 0.4569873595505618 0.4049625468164794 0.46383426966292135 0.4101123595505618 0.46734550561797755 0.4225187265917603 0.46541432584269665 0.4318820224719101 0.45646067415730335 0.4386704119850187 0.44627808988764045 0.43562734082397003 0.4417134831460674 0.4288389513108614 0.441186797752809 0.4211142322097378 0.44259129213483145 0.41198501872659177 0.4496137640449438 0.40636704119850187 0.456811797752809 0.4049625468164794
0 0.4081811797752809 0.38436329588014984 0.41537921348314605 0.38857677902621723 0.41889044943820225 0.39396067415730335 0.4201193820224719 0.4054307116104869 0.4159058988764045 0.41596441947565543 0.4060744382022472 0.41970973782771537 0.398876404494382 0.41830524344569286 0.39150280898876405 0.40777153558052437 0.39589185393258425 0.39091760299625467 0.40115870786516855 0.3862359550561798 0.4080056179775281 0.38436329588014984
0 0.3634129213483146 0.6048689138576779 0.37254213483146065 0.6095505617977528 0.37780898876404495 0.625 0.37780898876404495 0.6299157303370787 0.37412219101123595 0.637874531835206 0.3649929775280899 0.6420880149812734 0.355688202247191 0.6404494382022472 0.35042134831460675 0.6301498127340824 0.35059691011235955 0.6196161048689138 0.3539325842696629 0.6093164794007491 0.3632373595505618 0.6048689138576779
0 0.5265098314606742 0.5985486891385767 0.5330056179775281 0.6062734082397003 0.5344101123595506 0.6200842696629213 0.5294943820224719 0.6306179775280899 0.5208918539325843 0.6348314606741573 0.5124648876404494 0.6338951310861424 0.5089536516853933 0.6299157303370787 0.5050912921348315 0.6116573033707865 0.5158005617977528 0.5997191011235955 0.5263342696629213 0.5985486891385767
0 0.6242977528089888 0.4932116104868914 0.633251404494382 0.5009363295880149 0.6344803370786517 0.5121722846441947 0.6307935393258427 0.5222378277153558 0.624122191011236 0.5262172284644194 0.6113061797752809 0.5227059925093633 0.6090238764044944 0.5102996254681648 0.6128862359550562 0.49812734082397003 0.617626404494382 0.49414794007490637 0.624122191011236 0.4932116104868914
0 0.6197331460674157 0.32303370786516855 0.6274578651685393 0.3265449438202247 0.6325491573033708 0.33497191011235955 0.6327247191011236 0.33918539325842695 0.6251755617977528 0.35346441947565543 0.6165730337078652 0.35720973782771537 0.6086727528089888 0.352059925093633 0.6051615168539326 0.33754681647940077 0.6095505617977528 0.32724719101123595 0.6195575842696629 0.32303370786516855
0 0.3692064606741573 0.3403558052434457 0.3769311797752809 0.3455056179775281 0.3804424157303371 0.3548689138576779 0.37780898876404495 0.36704119850187267 0.37025983146067415 0.3728932584269663 0.36271067415730335 0.3719569288389513 0.3574438202247191 0.3677434456928839 0.35445926966292135 0.35674157303370785 0.3555126404494382 0.3487827715355805 0.359375 0.34222846441947563 0.3690308988764045 0.3403558052434457
0 0.586376404494382 0.6434925093632958 0.5930477528089888 0.6465355805243446 0.5995435393258427 0.6610486891385767 0.5990168539325843 0.6704119850187266 0.5918188202247191 0.6823501872659176 0.5800561797752809 0.6797752808988764 0.5733848314606742 0.672752808988764 0.5700491573033708 0.6650280898876404 0.5725070224719101 0.6509831460674157 0.5779494382022472 0.6455992509363296 0.5862008426966292 0.6434925093632958
0 0.49473314606741575 0.47752808988764045 0.5031601123595506 0.48408239700374533 0.504564606741573 0.4948501872659176 0.5021067415730337 0.5053838951310862 0.4919241573033708 0.5117041198501873 0.4805126404494382 0.5046816479400749 0.47928370786516855 0.4911048689138577 0.48332162921348315 0.4803370786516854 0.4945575842696629 0.47752808988764045
0 0.5605688202247191 0.525749063670412 0.5684691011235955 0.5327715355805244 0.5709269662921348 0.5426029962546817 0.5688202247191011 0.5547752808988764 0.5605688202247191 0.5615636704119851 0.5500351123595506 0.5578183520599251 0.546875 0.5536048689138576 0.5447682584269663 0.5442415730337079 0.5454705056179775 0.5365168539325843 0.5493328651685393 0.5297284644194756 0.5537219101123596 0.5259831460674157 0.5603932584269663 0.525749063670412
0 0.3706109550561798 0.5589887640449438 0.3785112359550562 0.56437265917603 0.3809691011235955 0.5786516853932584 0.37605337078651685 0.5901217228464419 0.3628862359550562 0.596441947565543 0.35481039325842695 0.5884831460674157 0.35235252808988765 0.5711610486891385 0.35849719101123595 0.5620318352059925 0.37043539325842695 0.5589887640449438
0 0.43820224719101125 0.44569288389513106 0.4473314606741573 0.4524812734082397 0.4490870786516854 0.46324906367041196 0.4452247191011236 0.47635767790262173 0.4397823033707865 0.48010299625468167 0.42889747191011235 0.47846441947565543 0.4238061797752809 0.46418539325842695 0.42433286516853935 0.45669475655430714 0.4281952247191011 0.4487359550561798 0.43802668539325845 0.44569288389513106
0 0.3714887640449438 0.4768258426966292 0.37763342696629215 0.4836142322097378 0.38026685393258425 0.49180711610486894 0.3771067415730337 0.5056179775280899 0.36973314606741575 0.5131086142322098 0.36271067415730335 0.5126404494382022 0.3532303370786517 0.5070224719101124 0.3518258426966292 0.4974250936329588 0.35287921348314605 0.488061797752809 0.35656601123595505 0.48080524344569286 0.36235955056179775 0.4768258426966292 0.371313202247191 0.4768258426966292
0 0.48156601123595505 0.6479400749063671 0.49350421348314605 0.6523876404494382 0.49701544943820225 0.6645599250936329 0.4943820224719101 0.6779026217228464 0.484375 0.6842228464419475 0.47963483146067415 0.6832865168539326 0.46980337078651685 0.6683052434456929 0.47120786516853935 0.6544943820224719 0.47735252808988765 0.6481741573033708 0.48139044943820225 0.6479400749063671
0 0.4336376404494382 0.3082865168539326 0.441186797752809 0.313436329588015 0.44469803370786515 0.325374531835206 0.44048455056179775 0.33754681647940077 0.43240870786516855 0.34269662921348315 0.4253862359550562 0.3403558052434457 0.42099719101123595 0.335440074906367 0.4195926966292135 0.323501872659176 0.4215238764044944 0.3150749063670412 0.42485955056179775 0.31062734082397003 0.4334620786516854 0.3082865168539326
0 0.45646067415730335 0.487125468164794 0.46365870786516855 0.4927434456928839 0.46752106741573035 0.5016385767790262 0.46734550561797755 0.5093632958801498 0.4647120786516854 0.5154494382022472 0.45646067415730335 0.5210674157303371 0.44820926966292135 0.5189606741573034 0.44224016853932585 0.5086610486891385 0.4473314606741573 0.488998127340824 0.45628511235955055 0.487125468164794
0 0.6209620786516854 0.4866573033707865 0.629564606741573 0.49087078651685395 0.636060393258427 0.5051498127340824 0.6336025280898876 0.5189606741573034 0.6234199438202247 0.5283239700374532 0.6125351123595506 0.5273876404494382 0.6025280898876404 0.5184925093632958 0.5995435393258427 0.5121722846441947 0.6023525280898876 0.49812734082397003 0.6091994382022472 0.49087078651685395 0.6207865168539326 0.4866573033707865
0 0.5897120786516854 0.36025280898876405 0.5960323033707865 0.3642322097378277 0.5997191011235955 0.3698501872659176 0.6005969101123596 0.3801498127340824 0.598314606741573 0.3904494382022472 0.5918188202247191 0.3960674157303371 0.5869030898876404 0.39653558052434457 0.5800561797752809 0.3934925093632959 0.5756671348314607 0.387874531835206 0.5725070224719101 0.3761704119850187 0.5747893258426966 0.37336142322097376 0.5747893258426966 0.3663389513108614 0.5895365168539326 0.36025280898876405
0 0.6169241573033708 0.6526217228464419 0.6267556179775281 0.6598782771535581 0.6316713483146067 0.6786048689138576 0.6272823033707865 0.6919475655430711 0.6192064606741573 0.6973314606741573 0.6120084269662921 0.6968632958801498 0.6065660112359551 0.6928838951310862 0.6000702247191011 0.6788389513108615 0.6035814606741573 0.6582397003745318 0.609375 0.6530898876404494 0.616748595505618 0.6526217228464419
0 0.5270365168539326 0.43796816479400746 0.5365168539325843 0.44569288389513106 0.5382724719101124 0.4559925093632959 0.5347612359550562 0.4669943820224719 0.527563202247191 0.47237827715355807 0.515625 0.4681647940074906 0.5115870786516854 0.4595037453183521 0.5121137640449438 0.45014044943820225 0.5154494382022472 0.4407771535580524 0.5268609550561798 0.43796816479400746
0 0.5886587078651685 0.4875936329588015 0.5930477528089888 0.4913389513108614 0.5962078651685393 0.49859550561797755 0.5976123595505618 0.5121722846441947 0.59375 0.5229400749063671 0.5858497191011236 0.5278558052434457 0.5739115168539326 0.525749063670412 0.5700491573033708 0.5191947565543071 0.5684691011235955 0.5049157303370787 0.5709269662921348 0.49414794007490637 0.5740870786516854 0.49087078651685395 0.5800561797752809 0.4875936329588015 0.5884831460674157 0.4875936329588015
0 0.5572331460674157 0.39115168539325845 0.5646067415730337 0.39840823970037453 0.5658356741573034 0.41151685393258425 0.5625 0.41807116104868913 0.5538974719101124 0.4229868913857678 0.5449438202247191 0.41924157303370785 0.5398525280898876 0.40777153558052437 0.5452949438202247 0.39302434456928836 0.5500351123595506 0.3899812734082397 0.5570575842696629 0.39115168539325845
0 0.5084269662921348 0.34995318352059923 0.5180828651685393 0.35884831460674155 0.5196629213483146 0.37312734082397003 0.5128160112359551 0.3857677902621723 0.5017556179775281 0.3904494382022472 0.4961376404494382 0.37687265917602997 0.49543539325842695 0.35580524344569286 0.4980688202247191 0.3522940074906367 0.508251404494382 0.34995318352059923
0 0.5231741573033708 0.3925561797752809 0.5296699438202247 0.3977059925093633 0.5323033707865169 0.40870786516853935 0.5291432584269663 0.4204119850187266 0.520189606741573 0.424625468164794 0.5150983146067416 0.42392322097378277 0.5103581460674157 0.4190074906367041 0.508251404494382 0.414559925093633 0.5079002808988764 0.4044943820224719 0.5114115168539326 0.39630149812734083 0.522998595505618 0.3925561797752809
0 0.49157303370786515 0.6100187265917603 0.49859550561797755 0.6154026217228464 0.5022823033707865 0.6301498127340824 0.4982443820224719 0.6427902621722846 0.48911516853932585 0.6460674157303371 0.48314606741573035 0.6451310861423221 0.47770365168539325 0.6402153558052435 0.47559691011235955 0.6259363295880149 0.4808637640449438 0.6132958801498127 0.49139747191011235 0.6100187265917603
0 0.592872191011236 0.3192883895131086 0.5997191011235955 0.3237359550561798 0.6041081460674157 0.3368445692883895 0.6030547752808989 0.34527153558052437 0.5995435393258427 0.3527621722846442 0.5918188202247191 0.35931647940074907 0.578125 0.35557116104868913 0.574438202247191 0.3487827715355805 0.5739115168539326 0.33848314606741575 0.5767205056179775 0.3279494382022472 0.5802317415730337 0.3232677902621723 0.585498595505618 0.31952247191011235 0.5926966292134831 0.3192883895131086
0 0.39378511235955055 0.514747191011236 0.4001053370786517 0.5224719101123596 0.40133426966292135 0.5332397003745318 0.39747191011235955 0.5435393258426966 0.39115168539325845 0.547752808988764 0.3864115168539326 0.5470505617977528 0.3793890449438202 0.5407303370786517 0.3765800561797753 0.5283239700374532 0.3788623595505618 0.5194288389513109 0.383251404494382 0.5156835205992509 0.39360955056179775 0.514747191011236
0 0.4066011235955056 0.42790262172284643 0.4157303370786517 0.43375468164794007 0.418188202247191 0.44592696629213485 0.4122191011235955 0.4616104868913858 0.40502106741573035 0.46512172284644193 0.3941362359550562 0.460440074906367 0.3890449438202247 0.4461610486891386 0.3987008426966292 0.43000936329588013 0.4064255617977528 0.42790262172284643
0 0.48964185393258425 0.5678838951310862 0.4978932584269663 0.5730337078651685 0.5007022471910112 0.5852059925093633 0.49754213483146065 0.598314606741573 0.4885884831460674 0.6020599250936329 0.47928370786516855 0.5994850187265918 0.47524578651685395 0.5919943820224719 0.4743679775280899 0.5842696629213483 0.47735252808988765 0.5732677902621723 0.48156601123595505 0.5690543071161048 0.48946629213483145 0.5678838951310862
2 0.3534643609550562 0.2941636235955056 0.6457861657303371 0.31075351123595507 0.6332659761235955 0.7027013108614232 0.3401715238764045 0.6840203651685394
1 0.3795242275280899 0.41315308988764043 0.017008426966292133 0.030428370786516855
1 0.3721787219101123 0.5337663857677902 0.017533356741573036 0.032890917602996256
1 0.400342345505618 0.5730266853932584 0.02352879213483146 0.03182116104868914
1 0.3963904494382023 0.6125702247191012 0.029671699438202245 0.03444288389513108
1 0.39771945224719096 0.6546676029962546 0.025307233146067417 0.034367977528089885
1 0.4326966292134831 0.5745458801498128 0.022696629213483147 0.03485955056179775
1 0.4339325842696629 0.5348525280898876 0.022828300561797753 0.031940543071161044
1 0.4359638342696629 0.4958029026217229 0.022208567415730338 0.02718867041198502
1 0.4058181179775281 0.3726100187265918 0.025121137640449438 0.028927902621722845
1 0.4394136235955056 0.3755477528089887 0.020916432584269663 0.030119382022471906
1 0.4690835674157304 0.3779330524344569 0.020565308988764044 0.02709035580524345
1 0.4352440308988764 0.41489466292134836 0.019597963483146068 0.0276685393258427
1 0.49648525280898875 0.4183450374531835 0.02503862359550562 0.03144897003745318
1 0.5567450842696628 0.3792790262172285 0.019155547752808987 0.02353932584269663
1 0.5838237359550562 0.4640191947565543 0.024155547752808988 0.03228464419475655
1 0.5520242275280899 0.4612663857677903 0.023758778089887644 0.02989700374531835
1 0.5523472612359551 0.5033263108614232 0.018549859550561796 0.02975187265917603
1 0.4659831460674157 0.4593937265917603 0.022556179775280898 0.03083567415730337
1 0.4639325842696629 0.5363178838951311 0.020795294943820226 0.028628277153558052
1 0.4624297752808989 0.5765987827715355 0.02364115168539326 0.028040730337078653
1 0.4923630617977528 0.5377364232209738 0.02264747191011236 0.028345037453183522
1 0.5208584971910112 0.5395973782771535 0.02345856741573034 0.030503277153558054
1 0.5201316713483146 0.5800514981273408 0.0184936797752809 0.027144194756554305
1 0.5494013342696629 0.5817111423220974 0.020853230337078654 0.028904494382022472
1 0.5490484550561798 0.6221395131086143 0.02131671348314607 0.02705056179775281
1 0.5794241573033708 0.623312265917603 0.023548103932584268 0.027837078651685394
1 0.5795435393258427 0.5824438202247191 0.022617626404494384 0.0288061797752809
1 0.6093486657303371 0.5834035580524345 0.01902563202247191 0.026044007490636706
1 0.6093328651685394 0.6213342696629214 0.02133251404494382 0.028562734082397002