2 0.22705986657303373 0.5009363295880149 0.724485077247191 0.5157614700374532 0.723314606741573 0.726435627340824 0.22179301264044946 0.7186329588014981
1 0.2503950140449438 0.5629681647940075 0.029406601123595506 0.03745318352059925
1 0.2521506320224719 0.6068586142322098 0.029406601123595506 0.03745318352059925
1 0.30964712078651685 0.5676498127340824 0.029406601123595506 0.03745318352059925
1 0.31140273876404495 0.6091994382022472 0.029406601123595506 0.03745318352059925
1 0.3144750702247191 0.6413857677902621 0.029406601123595506 0.03745318352059925
1 0.34432057584269665 0.6460674157303371 0.029406601123595506 0.03745318352059925
1 0.34080933988764045 0.6846910112359551 0.029406601123595506 0.03745318352059925
1 0.36977703651685395 0.6864466292134831 0.029406601123595506 0.03745318352059925
1 0.3785551264044944 0.5653089887640449 0.029406601123595506 0.03745318352059925
1 0.3732882724719101 0.6080290262172284 0.029406601123595506 0.03745318352059925
1 0.40181706460674155 0.6080290262172284 0.029406601123595506 0.03745318352059925
1 0.4062061095505618 0.571746254681648 0.029406601123595506 0.03745318352059925
1 0.40137816011235955 0.6425561797752809 0.029406601123595506 0.03745318352059925
1 0.42639571629213485 0.6934691011235955 0.029406601123595506 0.03745318352059925
1 0.4606302668539326 0.6489934456928839 0.029406601123595506 0.03745318352059925
1 0.46238588483146065 0.6080290262172284 0.029406601123595506 0.03745318352059925
1 0.46194698033707865 0.5699906367041199 0.029406601123595506 0.03745318352059925
1 0.4316625702247191 0.5296114232209738 0.029406601123595506 0.03745318352059925
1 0.4606302668539326 0.5290262172284644 0.029406601123595506 0.03745318352059925
1 0.5800122893258427 0.5337078651685393 0.029406601123595506 0.03745318352059925
1 0.5519224016853933 0.571746254681648 0.029406601123595506 0.03745318352059925
1 0.5786955758426966 0.5746722846441947 0.029406601123595506 0.03745318352059925
1 0.5484111657303371 0.6115402621722846 0.029406601123595506 0.03745318352059925
1 0.5800122893258427 0.6109550561797753 0.029406601123595506 0.03745318352059925
1 0.5479722612359551 0.6501638576779026 0.029406601123595506 0.03745318352059925
1 0.5751843398876404 0.6484082397003745 0.029406601123595506 0.03745318352059925
1 0.5795733848314607 0.6911282771535581 0.029406601123595506 0.03745318352059925
1 0.6102966994382022 0.6542602996254682 0.029406601123595506 0.03745318352059925
1 0.6098577949438202 0.6922986891385767 0.029406601123595506 0.03745318352059925
1 0.6370698735955056 0.6536750936329588 0.029406601123595506 0.03745318352059925
1 0.6383865870786517 0.6168071161048689 0.029406601123595506 0.03745318352059925
1 0.6401422050561798 0.5781835205992509 0.029406601123595506 0.03745318352059925
1 0.7007110252808989 0.5781835205992509 0.029406601123595506 0.03745318352059925
1 0.7042222612359551 0.618562734082397 0.029406601123595506 0.03745318352059925
0 0.22612359550561797 0.5187265917602997 0.22594803370786518 0.5259831460674157 0.22700140449438203 0.5320692883895131 0.2287570224719101 0.5360486891385767 0.2324438202247191 0.5400280898876404 0.24069522471910113 0.5426029962546817 0.2503511235955056 0.5421348314606742 0.2563202247191011 0.5388576779026217 0.258251404494382 0.5362827715355806 0.25842696629213485 0.5325374531835206 0.25667134831460675 0.5262172284644194 0.2563202247191011 0.5208333333333334 0.2579002808988764 0.5156835205992509 0.258251404494382 0.511938202247191 0.25649578651685395 0.5077247191011236 0.2521067415730337 0.5042134831460674 0.24297752808988765 0.5023408239700374 0.234375 0.5046816479400749 0.2305126404494382 0.5077247191011236 0.22787921348314608 0.511938202247191
0 0.25912921348314605 0.5114700374531835 0.25702247191011235 0.5189606741573034 0.2579002808988764 0.5290262172284644 0.26070926966292135 0.5360486891385767 0.26474719101123595 0.5393258426966292 0.26632724719101125 0.5433052434456929 0.27054073033707865 0.5437734082397003 0.28002106741573035 0.5423689138576779 0.28370786516853935 0.5402621722846442 0.28792134831460675 0.5353464419475655 0.288623595505618 0.5330056179775281 0.2891502808988764 0.5224719101123596 0.28844803370786515 0.511938202247191 0.2866924157303371 0.5086610486891385 0.2828300561797753 0.5053838951310862 0.2796699438202247 0.5037453183520599 0.26878511235955055 0.5037453183520599 0.26088483146067415 0.5074906367041199
0 0.28985252808988765 0.523876404494382 0.28985252808988765 0.5294943820224719 0.2912570224719101 0.5353464419475655 0.296875 0.5421348314606742 0.3031952247191011 0.5449438202247191 0.3105688202247191 0.5444756554307116 0.3160112359550562 0.540496254681648 0.31952247191011235 0.5362827715355806 0.3200491573033708 0.5308988764044944 0.31899578651685395 0.511938202247191 0.3165379213483146 0.5084269662921348 0.3109199438202247 0.5042134831460674 0.3031952247191011 0.5032771535580525 0.2991573033707865 0.5042134831460674 0.29564606741573035 0.5065543071161048 0.29389044943820225 0.5086610486891385 0.2926615168539326 0.511938202247191 0.2930126404494382 0.5156835205992509
0 0.32127808988764045 0.5198970037453183 0.32127808988764045 0.5306647940074907 0.3221558988764045 0.5362827715355806 0.32356039325842695 0.5395599250936329 0.3279494382022472 0.5440074906367042 0.33514747191011235 0.5463483146067416 0.34884129213483145 0.5435393258426966 0.35024578651685395 0.5414325842696629 0.35077247191011235 0.5355805243445693 0.3495435393258427 0.5217696629213483 0.35094803370786515 0.5154494382022472 0.35024578651685395 0.511938202247191 0.3458567415730337 0.5084269662921348 0.34129213483146065 0.5063202247191011 0.335498595505618 0.5053838951310862 0.328125 0.5072565543071161 0.32320926966292135 0.5121722846441947
0 0.3514747191011236 0.5213014981273408 0.3512991573033708 0.5299625468164794 0.35252808988764045 0.5383895131086143 0.3534058988764045 0.5407303370786517 0.355688202247191 0.5430711610486891 0.3570926966292135 0.5465823970037453 0.359375 0.5484550561797753 0.36639747191011235 0.5500936329588015 0.3732443820224719 0.547752808988764 0.37745786516853935 0.5447097378277154 0.38184691011235955 0.5390917602996255 0.3830758426966292 0.5362827715355806 0.38360252808988765 0.5327715355805244 0.38149578651685395 0.5159176029962547 0.3765800561797753 0.5112359550561798 0.366748595505618 0.5081928838951311 0.3597261235955056 0.5088951310861424 0.3549859550561798 0.5133426966292135
0 0.22033005617977527 0.6514513108614233 0.22015449438202248 0.6577715355805244 0.22173455056179775 0.6643258426966292 0.22419241573033707 0.6687734082397003 0.22805477528089887 0.6722846441947565 0.23086376404494383 0.6741573033707865 0.2341994382022472 0.674625468164794 0.24315308988764045 0.670880149812734 0.24666432584269662 0.6683052434456929 0.24894662921348315 0.6643258426966292 0.2515800561797753 0.6633895131086143 0.25509129213483145 0.6568352059925093 0.2563202247191011 0.6491104868913857 0.2559691011235955 0.6367041198501873 0.25667134831460675 0.6329588014981273 0.25491573033707865 0.6322565543071161 0.25105337078651685 0.6331928838951311 0.24069522471910113 0.6308520599250936 0.23367275280898878 0.6331928838951311 0.2284058988764045 0.6371722846441947 0.22331460674157302 0.6432584269662921 0.22120786516853932 0.6474719101123596
0 0.22155898876404495 0.6952247191011236 0.22191011235955055 0.7031835205992509 0.22577247191011235 0.7118445692883895 0.22752808988764045 0.714185393258427 0.2305126404494382 0.7158239700374532 0.23665730337078653 0.7172284644194756 0.23911516853932585 0.7167602996254682 0.24490870786516855 0.7134831460674157 0.24947331460674158 0.7069288389513109 0.2517556179775281 0.7057584269662921 0.2542134831460674 0.7029494382022472 0.2557935393258427 0.6963951310861424 0.2515800561797753 0.6786048689138576 0.24754213483146068 0.6753277153558053 0.24490870786516855 0.674625468164794 0.24122191011235955 0.674625468164794 0.23191713483146068 0.6788389513108615 0.22963483146067415 0.6823501872659176 0.22752808988764045 0.6832865168539326 0.22384129213483145 0.6875
0 0.2561446629213483 0.6720505617977528 0.2556179775280899 0.6753277153558053 0.2561446629213483 0.6753277153558053 0.25702247191011235 0.6786048689138576 0.2601825842696629 0.6800093632958801 0.26070926966292135 0.6825842696629213 0.25895365168539325 0.6860955056179775 0.257373595505618 0.6924157303370787 0.2577247191011236 0.702247191011236 0.25860252808988765 0.7064606741573034 0.2652738764044944 0.714185393258427 0.27018960674157305 0.7167602996254682 0.2796699438202247 0.7198033707865169 0.2830056179775281 0.7186329588014981 0.28616573033707865 0.716058052434457 0.2907303370786517 0.7064606741573034 0.28985252808988765 0.7031835205992509 0.29037921348314605 0.6992041198501873 0.2887991573033708 0.6947565543071161 0.28634129213483145 0.6816479400749064 0.2872191011235955 0.6781367041198502 0.28616573033707865 0.674625468164794 0.2873946629213483 0.6683052434456929 0.2852879213483146 0.6683052434456929 0.2854634831460674 0.6701779026217228 0.2830056179775281 0.6729868913857678 0.2794943820224719 0.6750936329588015 0.26808286516853935 0.6739232209737828 0.2633426966292135 0.6713483146067416 0.2621137640449438 0.6694756554307116 0.25860252808988765 0.6697097378277154
0 0.2593047752808989 0.650749063670412 0.2594803370786517 0.6547284644194756 0.25842696629213485 0.6580056179775281 0.2601825842696629 0.661750936329588 0.26492275280898875 0.665496254681648 0.27054073033707865 0.6673689138576779 0.27650983146067415 0.6673689138576779 0.27861657303370785 0.6661985018726592 0.2872191011235955 0.6587078651685393 0.2891502808988764 0.6544943820224719 0.2873946629213483 0.6458333333333334 0.28792134831460675 0.6437265917602997 0.28616573033707865 0.6371722846441947 0.28441011235955055 0.6355337078651685 0.27615870786516855 0.6329588014981273 0.26896067415730335 0.6329588014981273 0.26439606741573035 0.636938202247191 0.261938202247191 0.6406835205992509
0 0.25860252808988765 0.5856741573033708 0.2580758426966292 0.5884831460674157 0.2601825842696629 0.5898876404494382 0.2614115168539326 0.5929307116104869 0.2594803370786517 0.6018258426966292 0.25895365168539325 0.6093164794007491 0.2596558988764045 0.6163389513108615 0.2617626404494382 0.6238295880149812 0.265625 0.6278089887640449 0.27054073033707865 0.6285112359550562 0.27984550561797755 0.6331928838951311 0.2831811797752809 0.6338951310861424 0.28792134831460675 0.6320224719101124 0.29037921348314605 0.6296816479400749 0.2926615168539326 0.6233614232209738 0.2924859550561798 0.6191479400749064 0.29424157303370785 0.6132958801498127 0.29757724719101125 0.6074438202247191 0.3007373595505618 0.5980805243445693 0.3045997191011236 0.5919943820224719 0.305126404494382 0.5849719101123596 0.30372191011235955 0.5823970037453183 0.29985955056179775 0.5807584269662921 0.2923688553370787 0.584503745318352 0.28985252808988765 0.5842696629213483 0.2875702247191011 0.5856741573033708 0.28247893258426965 0.5868445692883895 0.265625 0.588249063670412 0.2621137640449438 0.5835674157303371
0 0.2554424157303371 0.5646067415730337 0.25526685393258425 0.5676498127340824 0.25702247191011235 0.574438202247191 0.2612359550561798 0.5819288389513109 0.26422050561797755 0.5838014981273408 0.265625 0.5861423220973783 0.27633426966292135 0.5866104868913857 0.28634129213483145 0.5816947565543071 0.2972261235955056 0.5720973782771536 0.29933286516853935 0.5676498127340824 0.3010884831460674 0.56062734082397 0.30143960674157305 0.5533707865168539 0.29968398876404495 0.549625468164794 0.29389044943820225 0.5465823970037453 0.28054775280898875 0.5444756554307116 0.26896067415730335 0.5456460674157303 0.2612359550561798 0.550561797752809 0.2563202247191011 0.56062734082397
0 0.2910814606741573 0.6615168539325843 0.29037921348314605 0.6647940074906367 0.2930126404494382 0.6694756554307116 0.29178370786516855 0.6753277153558053 0.2910814606741573 0.6903089887640449 0.29178370786516855 0.6959269662921348 0.2933637640449438 0.6996722846441947 0.2933637640449438 0.7029494382022472 0.3003862359550562 0.7052902621722846 0.30723314606741575 0.7052902621722846 0.3102176966292135 0.7062265917602997 0.31390449438202245 0.7144194756554307 0.3167134831460674 0.7134831460674157 0.320751404494382 0.7099719101123596 0.3204002808988764 0.7064606741573034 0.3160112359550562 0.7027153558052435 0.31583567415730335 0.699438202247191 0.3186446629213483 0.6928838951310862 0.3223314606741573 0.6889044943820225 0.32478932584269665 0.6706460674157303 0.3246137640449438 0.6666666666666666 0.3205758426966292 0.663623595505618 0.31759129213483145 0.6633895131086143 0.3140800561797753 0.6645599250936329 0.30565308988764045 0.663623595505618 0.3007373595505618 0.661750936329588 0.2966994382022472 0.6587078651685393 0.293188202247191 0.6596441947565543
0 0.3512991573033708 0.6505149812734082 0.3516502808988764 0.6692415730337079 0.35235252808988765 0.675561797752809 0.3534058988764045 0.6788389513108615 0.3555126404494382 0.6814138576779026 0.359375 0.6837546816479401 0.36271067415730335 0.6846910112359551 0.36639747191011235 0.6839887640449438 0.3727176966292135 0.6786048689138576 0.3767556179775281 0.6734550561797753 0.38219803370786515 0.6647940074906367 0.38395365168539325 0.6594101123595506 0.38377808988764045 0.6509831460674157 0.38184691011235955 0.6404494382022472 0.37974016853932585 0.6364700374531835 0.3813202247191011 0.6301498127340824 0.3771067415730337 0.6257022471910112 0.3727176966292135 0.625 0.3706109550561798 0.6261704119850188 0.3695575842696629 0.6275749063670412 0.36832865168539325 0.6331928838951311 0.3672752808988764 0.6345973782771536 0.35884831460674155 0.638810861423221 0.35410814606741575 0.6441947565543071
0 0.31934691011235955 0.6118913857677902 0.319873595505618 0.6235955056179775 0.32320926966292135 0.6327247191011236 0.32496488764044945 0.635065543071161 0.32865168539325845 0.6376404494382022 0.33532303370786515 0.637874531835206 0.34234550561797755 0.635065543071161 0.3491924157303371 0.6273408239700374 0.35094803370786515 0.6233614232209738 0.35287921348314605 0.6156367041198502 0.3534058988764045 0.6055711610486891 0.351123595505618 0.599250936329588 0.34866573033707865 0.5962078651685393 0.3340941011235955 0.5955056179775281 0.3297050561797753 0.5969101123595506 0.3246137640449438 0.5999531835205992 0.320751404494382 0.6053370786516854
0 0.3226825842696629 0.5674157303370787 0.3219803370786517 0.5767790262172284 0.31917134831460675 0.5849719101123596 0.31917134831460675 0.5887172284644194 0.32110252808988765 0.5938670411985019 0.32478932584269665 0.5973782771535581 0.33339185393258425 0.5945692883895131 0.3421699438202247 0.5941011235955056 0.3453300561797753 0.5929307116104869 0.352001404494382 0.586376404494382 0.35428370786516855 0.5814606741573034 0.355688202247191 0.5746722846441947 0.35463483146067415 0.5629681647940075 0.3577949438202247 0.5536048689138576 0.35656601123595505 0.5503277153558053 0.35217696629213485 0.5465823970037453 0.3456811797752809 0.5526685393258427 0.3316362359550562 0.5538389513108615 0.32549157303370785 0.5601591760299626
0 0.3848314606741573 0.5088951310861424 0.3844803370786517 0.5121722846441947 0.38535814606741575 0.5154494382022472 0.3848314606741573 0.526685393258427 0.3862359550561798 0.5397940074906367 0.38728932584269665 0.5433052434456929 0.40098314606741575 0.5512640449438202 0.4027387640449438 0.5538389513108615 0.402563202247191 0.5571161048689138 0.4044943820224719 0.5592228464419475 0.4080056179775281 0.5592228464419475 0.4101123595505618 0.5578183520599251 0.4106390449438202 0.5557116104868914 0.4085323033707865 0.5482209737827716 0.40891853932584266 0.5451310861423221 0.4125702247191011 0.5397940074906367 0.4143258426966292 0.5325374531835206 0.41467696629213485 0.5269194756554307 0.4137991573033708 0.5196629213483146 0.4118679775280899 0.514747191011236 0.4078300561797753 0.5086610486891385 0.40098314606741575 0.5016385767790262 0.39747191011235955 0.49929775280898875 0.39360955056179775 0.49953183520599254 0.3871137640449438 0.5032771535580525
0 0.41292134831460675 0.5674157303370787 0.41309691011235955 0.5746722846441947 0.41467696629213485 0.5809925093632958 0.418188202247191 0.5859082397003745 0.42485955056179775 0.5903558052434457 0.42889747191011235 0.5903558052434457 0.4353932584269663 0.5887172284644194 0.4392556179775281 0.5889513108614233 0.44224016853932585 0.5849719101123596 0.44241573033707865 0.5809925093632958 0.44434691011235955 0.5786516853932584 0.4452247191011236 0.5746722846441947 0.444873595505618 0.5641385767790262 0.4432935393258427 0.5571161048689138 0.43995786516853935 0.5531367041198502 0.4357443820224719 0.5503277153558053 0.43223314606741575 0.5493913857677902 0.42872191011235955 0.5491573033707865 0.421875 0.550561797752809 0.4178370786516854 0.5526685393258427 0.41467696629213485 0.5596910112359551
0 0.4083567415730337 0.6095505617977528 0.4083567415730337 0.6128277153558053 0.41537921348314605 0.6139981273408239 0.41731039325842695 0.6154026217228464 0.42257724719101125 0.6266385767790262 0.42521067415730335 0.6303838951310862 0.4315308988764045 0.6327247191011236 0.4359199438202247 0.6324906367041199 0.43890449438202245 0.6313202247191011 0.44978932584269665 0.62312734082397 0.45207162921348315 0.6196161048689138 0.4533005617977528 0.6135299625468165 0.4529494382022472 0.6074438202247191 0.45031601123595505 0.6022940074906367 0.4438202247191011 0.5948033707865169 0.4359199438202247 0.5903558052434457 0.42872191011235955 0.5908239700374532 0.42450842696629215 0.5929307116104869 0.4202949438202247 0.598314606741573 0.4157303370786517 0.6058052434456929 0.4155547752808989 0.6074438202247191 0.413623595505618 0.6093164794007491 0.41134129213483145 0.6076779026217228 0.40941011235955055 0.6081460674157303
0 0.4101123595505618 0.6561329588014981 0.4102879213483146 0.6647940074906367 0.4155547752808989 0.6743913857677902 0.418188202247191 0.6769662921348315 0.42485955056179775 0.6781367041198502 0.42889747191011235 0.6781367041198502 0.4320575842696629 0.6769662921348315 0.4359199438202247 0.6732209737827716 0.43837780898876405 0.6687734082397003 0.4417134831460674 0.6580056179775281 0.4410112359550562 0.648876404494382 0.4392556179775281 0.6420880149812734 0.4355688202247191 0.6374063670411985 0.429248595505618 0.635065543071161 0.42468398876404495 0.635065543071161 0.42064606741573035 0.636938202247191 0.418188202247191 0.6409176029962547 0.4125702247191011 0.6472378277153558
0 0.37798455056179775 0.6919475655430711 0.37833567415730335 0.7024812734082397 0.38009129213483145 0.7076310861423221 0.38184691011235955 0.7102059925093633 0.3871137640449438 0.7146535580524345 0.39343398876404495 0.7162921348314607 0.39712078651685395 0.7158239700374532 0.40554775280898875 0.7064606741573034 0.40905898876404495 0.6985018726591761 0.4106390449438202 0.6867977528089888 0.40941011235955055 0.6757958801498127 0.4081811797752809 0.673689138576779 0.40115870786516855 0.6701779026217228 0.3941362359550562 0.6701779026217228 0.3902738764044944 0.6711142322097379 0.38728932584269665 0.6734550561797753 0.37991573033707865 0.6844569288389513
0 0.4392556179775281 0.6987359550561798 0.44013342696629215 0.7064606741573034 0.44224016853932585 0.7120786516853933 0.44838483146067415 0.7205056179775281 0.44610252808988765 0.7284644194756554 0.4476825842696629 0.7308052434456929 0.453125 0.7322097378277154 0.45435393258426965 0.7305711610486891 0.45435393258426965 0.725187265917603 0.4550561797752809 0.7228464419475655 0.4566362359550562 0.7212078651685393 0.45997191011235955 0.7209737827715356 0.46418539325842695 0.7186329588014981 0.46787219101123595 0.7137172284644194 0.4691011235955056 0.7102059925093633 0.46980337078651685 0.7066947565543071 0.46962780898876405 0.7029494382022472 0.4705056179775281 0.6999063670411985 0.4705056179775281 0.6919475655430711 0.46875 0.6795411985018727 0.46752106741573035 0.675561797752809 0.4647120786516854 0.6725187265917603 0.46032303370786515 0.6699438202247191 0.4566362359550562 0.6699438202247191 0.45259831460674155 0.6713483146067416 0.44856039325842695 0.6753277153558053 0.444873595505618 0.6821161048689138
0 0.47208567415730335 0.6938202247191011 0.4726123595505618 0.7102059925093633 0.47366573033707865 0.7125468164794008 0.47401685393258425 0.7167602996254682 0.47752808988764045 0.7202715355805244 0.4841994382022472 0.723314606741573 0.4884129213483146 0.723314606741573 0.4945575842696629 0.7209737827715356 0.49859550561797755 0.7167602996254682 0.5015800561797753 0.7059925093632958 0.5010533707865169 0.6956928838951311 0.5021067415730337 0.6926498127340824 0.49877106741573035 0.6835205992509363 0.4943820224719101 0.6779026217228464 0.49104634831460675 0.6772003745318352 0.48156601123595505 0.6793071161048689 0.4789325842696629 0.6807116104868914 0.4731390449438202 0.6896067415730337
0 0.46155196629213485 0.6500468164794008 0.4610252808988764 0.6587078651685393 0.46190308988764045 0.6645599250936329 0.47120786516853935 0.6711142322097379 0.4741924157303371 0.6750936329588015 0.4805126404494382 0.6779026217228464 0.48700842696629215 0.6776685393258427 0.49122191011235955 0.6757958801498127 0.49508426966292135 0.6715823970037453 0.4980688202247191 0.6643258426966292 0.49929775280898875 0.6633895131086143 0.5050912921348315 0.6631554307116105 0.5064957865168539 0.661750936329588 0.5075491573033708 0.6582397003745318 0.5070224719101124 0.6542602996254682 0.5054424157303371 0.6523876404494382 0.5007022471910112 0.6500468164794008 0.4980688202247191 0.6460674157303371 0.496313202247191 0.6413857677902621 0.49139747191011235 0.6362359550561798 0.48297050561797755 0.6364700374531835 0.47752808988764045 0.6352996254681648 0.4747191011235955 0.6360018726591761 0.4703300561797753 0.638810861423221 0.4683988764044944 0.641619850187266 0.4643609550561798 0.6439606741573034 0.46207865168539325 0.647003745318352
0 0.4705056179775281 0.6058052434456929 0.4691011235955056 0.6224250936329588 0.465063202247191 0.6299157303370787 0.4664676966292135 0.6336610486891385 0.4683988764044944 0.6334269662921348 0.46997893258426965 0.6301498127340824 0.47384129213483145 0.6310861423220974 0.47963483146067415 0.6348314606741573 0.48771067415730335 0.6357677902621723 0.49122191011235955 0.635065543071161 0.49525983146067415 0.6317883895131086 0.5017556179775281 0.62312734082397 0.5019311797752809 0.6198501872659176 0.5050912921348315 0.6067415730337079 0.5040379213483146 0.6006554307116105 0.5015800561797753 0.5948033707865169 0.49859550561797755 0.5933988764044944 0.49122191011235955 0.5938670411985019 0.4845505617977528 0.591058052434457 0.4789325842696629 0.5931647940074907 0.47559691011235955 0.5957397003745318 0.472436797752809 0.6008895131086143
0 0.4787570224719101 0.5704588014981273 0.4785814606741573 0.574438202247191 0.47963483146067415 0.5814606741573034 0.48525280898876405 0.589185393258427 0.49122191011235955 0.5926966292134831 0.49701544943820225 0.5922284644194756 0.5017556179775281 0.5905898876404494 0.5054424157303371 0.5931647940074907 0.5098314606741573 0.5903558052434457 0.5126404494382022 0.5849719101123596 0.5121137640449438 0.5667134831460674 0.5140449438202247 0.5571161048689138 0.5107092696629213 0.5519662921348315 0.5056179775280899 0.5493913857677902 0.49666432584269665 0.5526685393258427 0.48735955056179775 0.5536048689138576 0.484375 0.5550093632958801 0.4803370786516854 0.5608614232209738
0 0.47524578651685395 0.522003745318352 0.47524578651685395 0.5292602996254682 0.4764747191011236 0.5362827715355806 0.4805126404494382 0.5456460674157303 0.4840238764044944 0.5514981273408239 0.4885884831460674 0.5519662921348315 0.49490870786516855 0.5510299625468165 0.4980688202247191 0.5484550561797753 0.5019311797752809 0.5433052434456929 0.5021067415730337 0.5379213483146067 0.5054424157303371 0.5292602996254682 0.5056179775280899 0.522003745318352 0.5047401685393258 0.5187265917602997 0.5014044943820225 0.5121722846441947 0.4964887640449438 0.5060861423220974 0.49543539325842695 0.5021067415730337 0.4959620786516854 0.49812734082397003 0.49473314606741575 0.4964887640449438 0.4919241573033708 0.49812734082397003 0.4906952247191011 0.5039794007490637 0.4841994382022472 0.5072565543071161 0.4799859550561798 0.5110018726591761 0.47717696629213485 0.514747191011236
0 0.507373595505618 0.5313670411985019 0.5079002808988764 0.5397940074906367 0.5107092696629213 0.5463483146067416 0.5149227528089888 0.5503277153558053 0.5187851123595506 0.5522003745318352 0.5254564606741573 0.5517322097378277 0.530372191011236 0.548689138576779 0.5347612359550562 0.5430711610486891 0.5359901685393258 0.5397940074906367 0.5366924157303371 0.533941947565543 0.5363412921348315 0.5262172284644194 0.5345856741573034 0.5215355805243446 0.5308988764044944 0.5168539325842697 0.5270365168539326 0.5142790262172284 0.5233497191011236 0.5133426966292135 0.5189606741573034 0.5135767790262172 0.5126404494382022 0.5168539325842697 0.5098314606741573 0.5210674157303371 0.508251404494382 0.525749063670412
0 0.5114115168539326 0.5709269662921348 0.5112359550561798 0.5786516853932584 0.5121137640449438 0.5849719101123596 0.5138693820224719 0.5894194756554307 0.5175561797752809 0.5936329588014981 0.5217696629213483 0.5959737827715356 0.5294943820224719 0.5966760299625468 0.5344101123595506 0.5936329588014981 0.5405547752808989 0.5866104868913857 0.5470505617977528 0.5716292134831461 0.5470505617977528 0.5676498127340824 0.5442415730337079 0.5599250936329588 0.5400280898876404 0.5561797752808989 0.5335323033707865 0.5538389513108615 0.5254564606741573 0.5536048689138576 0.5184339887640449 0.5564138576779026 0.5149227528089888 0.5610955056179775
0 0.5040379213483146 0.6168071161048689 0.5043890449438202 0.6245318352059925 0.5064957865168539 0.6310861423220974 0.5089536516853933 0.635065543071161 0.5154494382022472 0.6413857677902621 0.5189606741573034 0.6404494382022472 0.5289676966292135 0.6352996254681648 0.5326544943820225 0.6306179775280899 0.5342345505617978 0.6271067415730337 0.5344101123595506 0.6184456928838952 0.5324789325842697 0.6067415730337079 0.530372191011236 0.6034644194756554 0.5258075842696629 0.5994850187265918 0.5186095505617978 0.5973782771535581 0.5124648876404494 0.5997191011235955 0.5084269662921348 0.6022940074906367 0.5063202247191011 0.6067415730337079
0 0.5075491573033708 0.6647940074906367 0.5070224719101124 0.675561797752809 0.5087780898876404 0.6814138576779026 0.514747191011236 0.6837546816479401 0.5221207865168539 0.6835205992509363 0.5249297752808989 0.6825842696629213 0.5340589887640449 0.6767322097378277 0.5377457865168539 0.6720505617977528 0.5400280898876404 0.6622191011235955 0.5380969101123596 0.6474719101123596 0.5330056179775281 0.638810861423221 0.5258075842696629 0.638810861423221 0.5184339887640449 0.6432584269662921 0.5149227528089888 0.6479400749063671 0.5103581460674157 0.6509831460674157 0.5105337078651685 0.6577715355805244
0 0.5049157303370787 0.6985018726591761 0.5042134831460674 0.7076310861423221 0.5050912921348315 0.713249063670412 0.5079002808988764 0.7202715355805244 0.5121137640449438 0.7256554307116105 0.5189606741573034 0.7289325842696629 0.5224719101123596 0.7286985018726592 0.5296699438202247 0.724250936329588 0.5337078651685393 0.7165262172284644 0.5345856741573034 0.7092696629213483 0.5326544943820225 0.697565543071161 0.5298455056179775 0.6891385767790262 0.5259831460674157 0.6858614232209738 0.5177317415730337 0.6846910112359551 0.5091292134831461 0.6865636704119851 0.5064957865168539 0.6921816479400749
0 0.5352879213483146 0.6905430711610487 0.5351123595505618 0.700374531835206 0.5361657303370787 0.713249063670412 0.5389747191011236 0.7153558052434457 0.5416081460674157 0.7202715355805244 0.5472261235955056 0.7240168539325843 0.5540730337078652 0.7240168539325843 0.5603932584269663 0.7200374531835206 0.5642556179775281 0.7144194756554307 0.5658356741573034 0.7064606741573034 0.5654845505617978 0.6959269662921348 0.5609199438202247 0.68562734082397 0.5549508426966292 0.6783707865168539 0.5537219101123596 0.6750936329588015 0.5503862359550562 0.6725187265917603 0.5479283707865169 0.6720505617977528 0.5398525280898876 0.6741573033707865 0.5370435393258427 0.6788389513108615
0 0.538623595505618 0.5292602996254682 0.5384480337078652 0.5400280898876404 0.5389747191011236 0.5433052434456929 0.5421348314606742 0.5498595505617978 0.5447682584269663 0.552434456928839 0.5533707865168539 0.5557116104868914 0.5574087078651685 0.5554775280898876 0.5623244382022472 0.5519662921348315 0.566186797752809 0.5463483146067416 0.5672401685393258 0.540496254681648 0.5675912921348315 0.5292602996254682 0.5651334269662921 0.5215355805243446 0.5605688202247191 0.5175561797752809 0.5540730337078652 0.5154494382022472 0.546875 0.516619850187266 0.5433637640449438 0.5184925093632958 0.5402036516853933 0.5224719101123596
0 0.5965589887640449 0.5292602996254682 0.5963834269662921 0.5332397003745318 0.5953300561797753 0.5362827715355806 0.5969101123595506 0.5433052434456929 0.5988412921348315 0.5484550561797753 0.602001404494382 0.5526685393258427 0.6090238764044944 0.5554775280898876 0.6197331460674157 0.5557116104868914 0.6239466292134831 0.5503277153558053 0.6262289325842697 0.5433052434456929 0.6271067415730337 0.5374531835205992 0.6269311797752809 0.5283239700374532 0.6257022471910112 0.5227059925093633 0.6218398876404494 0.5177902621722846 0.616748595505618 0.5154494382022472 0.6137640449438202 0.5152153558052435 0.6090238764044944 0.5154494382022472 0.6028792134831461 0.5175561797752809 0.5988412921348315 0.5231741573033708
0 0.5969101123595506 0.5688202247191011 0.5969101123595506 0.5849719101123596 0.6014747191011236 0.5924625468164794 0.6069171348314607 0.5959737827715356 0.6163974719101124 0.5985486891385767 0.6195575842696629 0.596441947565543 0.6225421348314607 0.5929307116104869 0.6251755617977528 0.5894194756554307 0.6269311797752809 0.5854400749063671 0.6278089887640449 0.5816947565543071 0.6278089887640449 0.5706928838951311 0.6246488764044944 0.5636704119850188 0.620435393258427 0.5592228464419475 0.6127106741573034 0.5564138576779026 0.6062148876404494 0.5566479400749064 0.6004213483146067 0.5601591760299626 0.5981390449438202 0.5639044943820225
0 0.5979634831460674 0.6161048689138576 0.5977879213483146 0.6240636704119851 0.5990168539325843 0.6299157303370787 0.6055126404494382 0.6404494382022472 0.6113061797752809 0.6455992509363296 0.6155196629213483 0.647003745318352 0.6200842696629213 0.647003745318352 0.6232443820224719 0.6458333333333334 0.6285112359550562 0.6411516853932584 0.6314957865168539 0.6362359550561798 0.6327247191011236 0.6306179775280899 0.6327247191011236 0.625 0.6316713483146067 0.6184456928838952 0.6269311797752809 0.6097846441947565 0.6232443820224719 0.6055711610486891 0.6195575842696629 0.602996254681648 0.6132373595505618 0.6008895131086143 0.609375 0.601123595505618 0.6060393258426966 0.6025280898876404 0.6023525280898876 0.6055711610486891 0.6005969101123596 0.6081460674157303
0 0.6278089887640449 0.5390917602996255 0.6274578651685393 0.5503277153558053 0.6327247191011236 0.56062734082397 0.6378160112359551 0.5683520599250936 0.6441362359550562 0.5713951310861424 0.6515098314606742 0.5676498127340824 0.6569522471910112 0.5503277153558053 0.657127808988764 0.5468164794007491 0.6557233146067416 0.5369850187265918 0.6541432584269663 0.5332397003745318 0.6527387640449438 0.5262172284644194 0.6515098314606742 0.5245786516853933 0.6418539325842697 0.5191947565543071 0.640625 0.5156835205992509 0.6416783707865169 0.511938202247191 0.640625 0.5102996254681648 0.6381671348314607 0.5095973782771536 0.6336025280898876 0.510065543071161 0.6321980337078652 0.511938202247191 0.6351825842696629 0.5224719101123596 0.629564606741573 0.5283239700374532
0 0.6539676966292135 0.5156835205992509 0.6534410112359551 0.5227059925093633 0.6564255617977528 0.5294943820224719 0.6573033707865169 0.5332397003745318 0.6583567415730337 0.5393258426966292 0.6580056179775281 0.5433052434456929 0.6606390449438202 0.5484550561797753 0.663623595505618 0.5514981273408239 0.6683637640449438 0.5540730337078652 0.6739817415730337 0.5545411985018727 0.6803019662921348 0.5519662921348315 0.6836376404494382 0.5482209737827716 0.6875 0.5397940074906367 0.688377808988764 0.5262172284644194 0.6871488764044944 0.522003745318352 0.6820575842696629 0.5149812734082397 0.6776685393258427 0.5117041198501873 0.6646769662921348 0.5053838951310862 0.6613412921348315 0.5060861423220974 0.6574789325842697 0.5091292134831461
0 0.6534410112359551 0.5713951310861424 0.6529143258426966 0.574438202247191 0.6532654494382022 0.5777153558052435 0.6569522471910112 0.5854400749063671 0.6618679775280899 0.5894194756554307 0.6648525280898876 0.5933988764044944 0.6743328651685393 0.5971441947565543 0.6824087078651685 0.5971441947565543 0.6850421348314607 0.5959737827715356 0.6903089887640449 0.589185393258427 0.6915379213483146 0.5847378277153558 0.6917134831460674 0.5751404494382022 0.6896067415730337 0.5678838951310862 0.6860955056179775 0.5632022471910112 0.6788974719101124 0.5575842696629213 0.6713483146067416 0.5568820224719101 0.6597612359550562 0.5599250936329588 0.6564255617977528 0.5634363295880149
0 0.6560744382022472 0.6114232209737828 0.6558988764044944 0.6128277153558053 0.6601123595505618 0.6224250936329588 0.6641502808988764 0.6278089887640449 0.667310393258427 0.6296816479400749 0.6683637640449438 0.6334269662921348 0.6729283707865169 0.6360018726591761 0.6822331460674157 0.6381086142322098 0.6880266853932584 0.6348314606741573 0.6932935393258427 0.6266385767790262 0.6917134831460674 0.6093164794007491 0.6878511235955056 0.6022940074906367 0.682935393258427 0.5985486891385767 0.6646769662921348 0.5966760299625468 0.660814606741573 0.6006554307116105 0.6573033707865169 0.6058052434456929
0 0.6546699438202247 0.6474719101123596 0.6543188202247191 0.6542602996254682 0.655372191011236 0.6570692883895131 0.6555477528089888 0.6612827715355806 0.660814606741573 0.6720505617977528 0.6711727528089888 0.6802434456928839 0.6750351123595506 0.6818820224719101 0.6822331460674157 0.6800093632958801 0.6857443820224719 0.6769662921348315 0.6864466292134831 0.6753277153558053 0.6871488764044944 0.6652621722846442 0.686622191011236 0.6540262172284644 0.6857443820224719 0.6514513108614233 0.6795997191011236 0.6437265917602997 0.6787219101123596 0.6404494382022472 0.6738061797752809 0.6385767790262172 0.6680126404494382 0.638810861423221 0.6613412921348315 0.6374063670411985 0.6560744382022472 0.6437265917602997
0 0.6555477528089888 0.6858614232209738 0.655372191011236 0.6912453183520599 0.6567766853932584 0.6977996254681648 0.6580056179775281 0.7102059925093633 0.6597612359550562 0.7148876404494382 0.6653792134831461 0.7228464419475655 0.6678370786516854 0.7249531835205992 0.6753862359550562 0.7275280898876404 0.6820575842696629 0.7254213483146067 0.686622191011236 0.7202715355805244 0.6887289325842697 0.713249063670412 0.6896067415730337 0.7073970037453183 0.6894311797752809 0.7031835205992509 0.6873244382022472 0.6952247191011236 0.6831109550561798 0.6891385767790262 0.6783707865168539 0.6851591760299626 0.6650280898876404 0.6818820224719101 0.6615168539325843 0.6830524344569289 0.6580056179775281 0.6823501872659176 0.6574789325842697 0.6842228464419475
0 0.6244733146067416 0.6884363295880149 0.6242977528089888 0.6961610486891385 0.6255266853932584 0.7099719101123596 0.6289208216292135 0.7161360018726592 0.6311446629213483 0.7237827715355806 0.6367626404494382 0.7315074906367042 0.6404494382022472 0.7336142322097379 0.6467696629213483 0.7326779026217228 0.6501053370786517 0.7308052434456929 0.6544943820224719 0.7205056179775281 0.6527387640449438 0.6956928838951311 0.6511587078651685 0.6905430711610487 0.6476474719101124 0.6867977528089888 0.6422050561797753 0.6830524344569289 0.6404494382022472 0.6762640449438202 0.639747191011236 0.6750936329588015 0.6371137640449438 0.6739232209737828 0.6321980337078652 0.6753277153558053 0.6283356741573034 0.6823501872659176 0.6251755617977528 0.6853932584269663
0 0.6964536516853933 0.699438202247191 0.6959269662921348 0.7043539325842697 0.694873595505618 0.7064606741573034 0.6950491573033708 0.709503745318352 0.6987359550561798 0.7205056179775281 0.702247191011236 0.724250936329588 0.706811797752809 0.7268258426966292 0.7103230337078652 0.7272940074906367 0.7166432584269663 0.7237827715355806 0.7203300561797753 0.7188670411985019 0.7210323033707865 0.7139513108614233 0.7203300561797753 0.7029494382022472 0.7185744382022472 0.6987359550561798 0.7159410112359551 0.6956928838951311 0.7101474719101124 0.6928838951310862 0.7041783707865169 0.6933520599250936 0.6989115168539326 0.6954588014981273
0 0.6962780898876404 0.6657303370786517 0.6954002808988764 0.6753277153558053 0.6976825842696629 0.6821161048689138 0.7020716292134831 0.6858614232209738 0.7094452247191011 0.6875 0.7152387640449438 0.6853932584269663 0.7203300561797753 0.6800093632958801 0.7229634831460674 0.6685393258426966 0.7217345505617978 0.660814606741573 0.7189255617977528 0.6554307116104869 0.7169943820224719 0.6528558052434457 0.7133075842696629 0.6502808988764045 0.7101474719101124 0.6495786516853933 0.7064606741573034 0.6463014981273408 0.7047050561797753 0.6474719101123596 0.7048806179775281 0.6495786516853933 0.6999648876404494 0.6547284644194756 0.6971558988764045 0.660814606741573
0 0.6913623595505618 0.5252808988764045 0.6932935393258427 0.5318352059925093 0.6943469101123596 0.5456460674157303 0.6925912921348315 0.5503277153558053 0.6938202247191011 0.5514981273408239 0.6959269662921348 0.5564138576779026 0.6997893258426966 0.5585205992509363 0.7064606741573034 0.5596910112359551 0.7136587078651685 0.5575842696629213 0.7182233146067416 0.5536048689138576 0.7199789325842697 0.5503277153558053 0.7213834269662921 0.5390917602996255 0.7198033707865169 0.5292602996254682 0.7173455056179775 0.5236423220973783 0.7097963483146067 0.5187265917602997 0.702247191011236 0.5180243445692884 0.6987359550561798 0.5187265917602997 0.6925912921348315 0.5224719101123596