0 0.3070575842696629 0.7015449438202247 0.3184691011235955 0.7139513108614233 0.31548455056179775 0.7387640449438202 0.31127106741573035 0.7488295880149812 0.29213483146067415 0.7418071161048689 0.28985252808988765 0.7375936329588015 0.289501404494382 0.7237827715355806 0.2875702247191011 0.7205056179775281 0.288623595505618 0.7130149812734082 0.2930126404494382 0.7064606741573034 0.3068820224719101 0.7015449438202247
0 0.35410814606741575 0.5781835205992509 0.36639747191011235 0.5784176029962547 0.3711376404494382 0.5819288389513109 0.3732443820224719 0.5880149812734082 0.37359550561797755 0.6034644194756554 0.37166432584269665 0.6142322097378277 0.3649929775280899 0.6200842696629213 0.35867275280898875 0.6219569288389513 0.34831460674157305 0.6170411985018727 0.34058988764044945 0.5990168539325843 0.34094101123595505 0.588249063670412 0.3433988764044944 0.5814606741573034 0.3539325842696629 0.5781835205992509
0 0.488061797752809 0.6839887640449438 0.5015800561797753 0.6996722846441947 0.503686797752809 0.713249063670412 0.49947331460674155 0.7308052434456929 0.4945575842696629 0.7354868913857678 0.488061797752809 0.7373595505617978 0.477001404494382 0.7312734082397003 0.47366573033707865 0.7198033707865169 0.47384129213483145 0.7062265917602997 0.47963483146067415 0.68937265917603 0.4878862359550562 0.6839887640449438
0 0.2870435393258427 0.658941947565543 0.2965238764044944 0.6640917602996255 0.30793539325842695 0.6619850187265918 0.3144311797752809 0.6685393258426966 0.31566011235955055 0.6823501872659176 0.3140800561797753 0.6921816479400749 0.30933988764044945 0.6977996254681648 0.29740168539325845 0.7020131086142322 0.29002808988764045 0.6999063670411985 0.2868679775280899 0.6924157303370787 0.2816011235955056 0.6692415730337079 0.2828300561797753 0.6631554307116105 0.2868679775280899 0.658941947565543
0 0.578125 0.6116573033707865 0.5874297752808989 0.6196161048689138 0.589185393258427 0.6374063670411985 0.585498595505618 0.6463014981273408 0.5693469101123596 0.6558988764044944 0.5607443820224719 0.653558052434457 0.5568820224719101 0.648876404494382 0.5556530898876404 0.6357677902621723 0.5572331460674157 0.625 0.5595154494382022 0.6177434456928839 0.5644311797752809 0.612125468164794 0.5779494382022472 0.6116573033707865
0 0.522998595505618 0.5175561797752809 0.5296699438202247 0.5271535580524345 0.5273876404494382 0.5536048689138576 0.5221207865168539 0.5610955056179775 0.5131671348314607 0.5636704119850188 0.4998244382022472 0.5578183520599251 0.4978932584269663 0.5512640449438202 0.49754213483146065 0.5334737827715356 0.5086025280898876 0.5208333333333334 0.5228230337078652 0.5175561797752809
0 0.46787219101123595 0.6523876404494382 0.4762991573033708 0.6577715355805244 0.4784058988764045 0.6645599250936329 0.47787921348314605 0.6713483146067416 0.47138342696629215 0.6898408239700374 0.4608497191011236 0.6959269662921348 0.4496137640449438 0.6940543071161048 0.4436446629213483 0.6891385767790262 0.44241573033707865 0.6711142322097379 0.4450491573033708 0.6622191011235955 0.4490870786516854 0.6577715355805244 0.46769662921348315 0.6523876404494382
0 0.430126404494382 0.7010767790262172 0.4357443820224719 0.7031835205992509 0.4397823033707865 0.7099719101123596 0.441186797752809 0.7240168539325843 0.4359199438202247 0.7422752808988764 0.43223314606741575 0.7469569288389513 0.425561797752809 0.75 0.418188202247191 0.7488295880149812 0.41344803370786515 0.7441479400749064 0.409936797752809 0.7373595505617978 0.40870786516853935 0.7268258426966292 0.414501404494382 0.7080992509363296 0.4216994382022472 0.7015449438202247 0.4299508426966292 0.7010767790262172
0 0.4468047752808989 0.6151685393258427 0.46365870786516855 0.6247659176029963 0.46418539325842695 0.6420880149812734 0.4592696629213483 0.6514513108614233 0.4392556179775281 0.6601123595505618 0.43240870786516855 0.6570692883895131 0.42854634831460675 0.6472378277153558 0.4339887640449438 0.6233614232209738 0.44259129213483145 0.6147003745318352 0.44662921348314605 0.6151685393258427
0 0.4259129213483146 0.5758426966292135 0.4294241573033708 0.577247191011236 0.43433988764044945 0.5849719101123596 0.43644662921348315 0.6058052434456929 0.42854634831460675 0.6158707865168539 0.42117275280898875 0.6184456928838952 0.41467696629213485 0.6175093632958801 0.40958567415730335 0.6123595505617978 0.40712780898876405 0.602996254681648 0.40712780898876405 0.5919943820224719 0.41134129213483145 0.5805243445692884 0.4183637640449438 0.576310861423221 0.4257373595505618 0.5758426966292135
0 0.34901685393258425 0.6598782771535581 0.3535814606741573 0.6645599250936329 0.3534058988764045 0.6722846441947565 0.34515449438202245 0.6959269662921348 0.33725421348314605 0.7029494382022472 0.32865168539325845 0.7050561797752809 0.3219803370786517 0.7034176029962547 0.3163623595505618 0.6959269662921348 0.31495786516853935 0.6889044943820225 0.3168890449438202 0.6713483146067416 0.3246137640449438 0.665496254681648 0.34884129213483145 0.6598782771535581
0 0.6906601123595506 0.6390449438202247 0.7103230337078652 0.6474719101123596 0.7169943820224719 0.6544943820224719 0.7198033707865169 0.6615168539325843 0.7203300561797753 0.6725187265917603 0.7182233146067416 0.6790730337078652 0.7133075842696629 0.6853932584269663 0.7078651685393258 0.6877340823970037 0.692064606741573 0.6823501872659176 0.6767907303370787 0.6580056179775281 0.6757373595505618 0.649812734082397 0.6859199438202247 0.639747191011236 0.6904845505617978 0.6390449438202247
0 0.4548806179775281 0.5252808988764045 0.46348314606741575 0.5332397003745318 0.4683988764044944 0.5554775280898876 0.46804775280898875 0.56062734082397 0.4648876404494382 0.5650749063670412 0.4575140449438202 0.5678838951310862 0.44206460674157305 0.5650749063670412 0.4378511235955056 0.56062734082397 0.43416432584269665 0.5500936329588015 0.43433988764044945 0.5395599250936329 0.4390800561797753 0.5294943820224719 0.44592696629213485 0.5245786516853933 0.4547050561797753 0.5252808988764045
0 0.2768609550561798 0.7104400749063671 0.28405898876404495 0.7148876404494382 0.28774578651685395 0.7272940074906367 0.28774578651685395 0.7373595505617978 0.28265449438202245 0.7446161048689138 0.26896067415730335 0.7551498127340824 0.2621137640449438 0.7535112359550562 0.2577247191011236 0.7485955056179775 0.2563202247191011 0.7240168539325843 0.2621137640449438 0.712312734082397 0.27668539325842695 0.7104400749063671
0 0.48771067415730335 0.612125468164794 0.49350421348314605 0.6158707865168539 0.49929775280898875 0.6299157303370787 0.5022823033707865 0.6474719101123596 0.49912219101123595 0.6547284644194756 0.4942064606741573 0.6601123595505618 0.4805126404494382 0.6584737827715356 0.46927668539325845 0.6493445692883895 0.4666432584269663 0.6439606741573034 0.4664676966292135 0.6280430711610487 0.46962780898876405 0.6196161048689138 0.48753511235955055 0.6123595505617978
0 0.25105337078651685 0.7071629213483146 0.25526685393258425 0.7099719101123596 0.2563202247191011 0.7174625468164794 0.25070224719101125 0.7411048689138576 0.24122191011235955 0.75 0.23490168539325842 0.7514044943820225 0.22735252808988765 0.7492977528089888 0.22296348314606743 0.7446161048689138 0.22033005617977527 0.735252808988764 0.22155898876404495 0.724250936329588 0.22612359550561797 0.7153558052434457 0.23384831460674158 0.7088014981273408 0.25087780898876405 0.7071629213483146
0 0.2794943820224719 0.6238295880149812 0.2847612359550562 0.6308520599250936 0.2808988764044944 0.6542602996254682 0.2737008426966292 0.661750936329588 0.2659761235955056 0.6647940074906367 0.25509129213483145 0.663623595505618 0.2503511235955056 0.6580056179775281 0.24666432584269662 0.6444288389513109 0.24964887640449437 0.6334269662921348 0.25526685393258425 0.6247659176029963 0.25842696629213485 0.6233614232209738 0.2793188202247191 0.6238295880149812
0 0.3109199438202247 0.5800561797752809 0.3165379213483146 0.5816947565543071 0.319873595505618 0.5880149812734082 0.31320224719101125 0.612125468164794 0.30758426966292135 0.6184456928838952 0.2951193820224719 0.6226591760299626 0.2889747191011236 0.6210205992509363 0.28230337078651685 0.613061797752809 0.28230337078651685 0.5952715355805244 0.2924859550561798 0.5830992509363296 0.3107443820224719 0.5800561797752809
0 0.42872191011235955 0.6577715355805244 0.4394311797752809 0.6690074906367042 0.44066011235955055 0.6835205992509363 0.43662219101123595 0.6935861423220974 0.43223314606741575 0.697565543071161 0.42485955056179775 0.6992041198501873 0.4178370786516854 0.697565543071161 0.41116573033707865 0.6821161048689138 0.41731039325842695 0.6640917602996255 0.4220505617977528 0.6594101123595506 0.42854634831460675 0.6577715355805244
0 0.41151685393258425 0.5273876404494382 0.4274929775280899 0.5323033707865169 0.4332865168539326 0.5402621722846442 0.43275983146067415 0.5632022471910112 0.42907303370786515 0.5688202247191011 0.41941713483146065 0.5730337078651685 0.41134129213483145 0.5711610486891385 0.4058988764044944 0.56437265917603 0.40344101123595505 0.5571161048689138 0.40098314606741575 0.5397940074906367 0.4046699438202247 0.5311329588014981 0.41134129213483145 0.5273876404494382
0 0.36060393258426965 0.5360486891385767 0.37166432584269665 0.5416666666666666 0.3727176966292135 0.56437265917603 0.3706109550561798 0.5709269662921348 0.36622191011235955 0.5756086142322098 0.35691713483146065 0.5779494382022472 0.3453300561797753 0.5756086142322098 0.34076544943820225 0.5533707865168539 0.34322331460674155 0.5461142322097379 0.3491924157303371 0.5390917602996255 0.36042837078651685 0.5360486891385767
0 0.6622191011235955 0.6793071161048689 0.6794241573033708 0.6889044943820225 0.6857443820224719 0.6996722846441947 0.6862710674157303 0.7205056179775281 0.6822331460674157 0.7272940074906367 0.6748595505617978 0.7303370786516854 0.6685393258426966 0.7294007490636704 0.6630969101123596 0.7249531835205992 0.657127808988764 0.7169943820224719 0.6504564606741573 0.6996722846441947 0.6513342696629213 0.6863295880149812 0.6581811797752809 0.6795411985018727 0.6620435393258427 0.6793071161048689
0 0.5440660112359551 0.5699906367041199 0.5512640449438202 0.5723314606741573 0.5574087078651685 0.5779494382022472 0.5595154494382022 0.5880149812734082 0.5586376404494382 0.5987827715355806 0.5553019662921348 0.6069756554307116 0.5445926966292135 0.6125936329588015 0.5387991573033708 0.6114232209737828 0.5335323033707865 0.6065074906367042 0.5293188202247191 0.5990168539325843 0.5284410112359551 0.5924625468164794 0.5324789325842697 0.576310861423221 0.5379213483146067 0.5706928838951311 0.5438904494382022 0.5699906367041199
0 0.24683988764044945 0.6647940074906367 0.2517556179775281 0.6713483146067416 0.2517556179775281 0.6987359550561798 0.24174859550561797 0.7066947565543071 0.2363061797752809 0.7076310861423221 0.23103932584269662 0.7071629213483146 0.22542134831460675 0.7008426966292135 0.2227879213483146 0.6914794007490637 0.22313904494382023 0.6818820224719101 0.2264747191011236 0.6739232209737828 0.23191713483146068 0.6683052434456929 0.24069522471910113 0.6640917602996255 0.24666432584269662 0.6647940074906367
0 0.5765449438202247 0.5692883895131086 0.582689606741573 0.5709269662921348 0.5884831460674157 0.5777153558052435 0.5942766853932584 0.5990168539325843 0.5925210674157303 0.6079119850187266 0.5853230337078652 0.6158707865168539 0.5660112359550562 0.6100187265917603 0.5602176966292135 0.6013576779026217 0.5609199438202247 0.5800561797752809 0.5586376404494382 0.574438202247191 0.5607443820224719 0.5720973782771536 0.5763693820224719 0.5692883895131086
0 0.4573384831460674 0.5706928838951311 0.46365870786516855 0.574438202247191 0.46629213483146065 0.5795880149812734 0.46980337078651685 0.6018258426966292 0.46980337078651685 0.6125936329588015 0.46365870786516855 0.6203183520599251 0.44417134831460675 0.611189138576779 0.43802668539325845 0.602996254681648 0.43644662921348315 0.5955056179775281 0.4373244382022472 0.5833333333333334 0.4413623595505618 0.575374531835206 0.45031601123595505 0.5706928838951311 0.4571629213483146 0.5706928838951311
0 0.39325842696629215 0.6198501872659176 0.4044943820224719 0.6219569288389513 0.40747893258426965 0.6301498127340824 0.40747893258426965 0.6371722846441947 0.4060744382022472 0.6474719101123596 0.4027387640449438 0.6542602996254682 0.39167837078651685 0.6619850187265918 0.37956460674157305 0.6582397003745318 0.3751755617977528 0.6514513108614233 0.37377106741573035 0.6439606741573034 0.37570224719101125 0.6310861423220974 0.3793890449438202 0.6245318352059925 0.38377808988764045 0.6210205992509363 0.39308286516853935 0.6198501872659176
0 0.269311797752809 0.5379213483146067 0.27440308988764045 0.5397940074906367 0.27844101123595505 0.5461142322097379 0.27844101123595505 0.5709269662921348 0.27212078651685395 0.5779494382022472 0.26457162921348315 0.5795880149812734 0.2579002808988764 0.579119850187266 0.25087780898876405 0.5735018726591761 0.24736657303370788 0.5566479400749064 0.24912219101123595 0.5468164794007491 0.25245786516853935 0.5430711610486891 0.25912921348314605 0.5388576779026217 0.2691362359550562 0.5379213483146067
0 0.48507724719101125 0.5704588014981273 0.4945575842696629 0.5751404494382022 0.4964887640449438 0.599250936329588 0.48893960674157305 0.610252808988764 0.4743679775280899 0.6139981273408239 0.47208567415730335 0.6125936329588015 0.46752106741573035 0.5887172284644194 0.46787219101123595 0.5819288389513109 0.47331460674157305 0.5727996254681648 0.48490168539325845 0.5704588014981273
0 0.3886938202247191 0.5332397003745318 0.4004564606741573 0.5397940074906367 0.40308988764044945 0.56062734082397 0.3965941011235955 0.5716292134831461 0.38957162921348315 0.5732677902621723 0.37833567415730335 0.5713951310861424 0.375 0.5676498127340824 0.3730688202247191 0.5582865168539326 0.37552668539325845 0.5395599250936329 0.38026685393258425 0.5353464419475655 0.3885182584269663 0.5332397003745318
0 0.2737008426966292 0.6669007490636704 0.2835323033707865 0.6753277153558053 0.2852879213483146 0.6926498127340824 0.2830056179775281 0.7010767790262172 0.2777387640449438 0.7073970037453183 0.2658005617977528 0.7104400749063671 0.25860252808988765 0.7064606741573034 0.2538623595505618 0.700374531835206 0.25140449438202245 0.6753277153558053 0.25860252808988765 0.6671348314606742 0.2735252808988764 0.6669007490636704
0 0.5293188202247191 0.6474719101123596 0.5308988764044944 0.6509831460674157 0.5270365168539326 0.6638576779026217 0.5289676966292135 0.6720505617977528 0.526685393258427 0.6851591760299626 0.5187851123595506 0.6933520599250936 0.5049157303370787 0.699438202247191 0.5015800561797753 0.6989700374531835 0.496313202247191 0.6926498127340824 0.49315308988764045 0.6821161048689138 0.4977176966292135 0.6640917602996255 0.5038623595505618 0.6530898876404494 0.5115870786516854 0.6486423220973783 0.5228230337078652 0.650749063670412 0.5291432584269663 0.6477059925093633
0 0.3491924157303371 0.6982677902621723 0.3532303370786517 0.7062265917602997 0.35235252808988765 0.7181647940074907 0.3456811797752809 0.7378277153558053 0.33848314606741575 0.7467228464419475 0.33268960674157305 0.7492977528089888 0.3242626404494382 0.7485955056179775 0.31706460674157305 0.7415730337078652 0.3181179775280899 0.7202715355805244 0.3260182584269663 0.7092696629213483 0.34515449438202245 0.6970973782771536 0.34901685393258425 0.6982677902621723
0 0.2384129213483146 0.5395599250936329 0.24455758426966293 0.5414325842696629 0.24894662921348315 0.5465823970037453 0.24771769662921347 0.5585205992509363 0.2501755617977528 0.5711610486891385 0.24455758426966293 0.5781835205992509 0.23472612359550563 0.5812265917602997 0.22682584269662923 0.5802902621722846 0.2206811797752809 0.5749063670411985 0.2168188202247191 0.5674157303370787 0.21646769662921347 0.5594569288389513 0.2206811797752809 0.5463483146067416 0.22735252808988765 0.5414325842696629 0.2382373595505618 0.5395599250936329
0 0.3398876404494382 0.579119850187266 0.34287219101123595 0.5814606741573034 0.34041432584269665 0.5966760299625468 0.3455056179775281 0.6132958801498127 0.3418188202247191 0.6182116104868914 0.3321629213483146 0.6212546816479401 0.31776685393258425 0.6196161048689138 0.3140800561797753 0.6137640449438202 0.3140800561797753 0.6097846441947565 0.3225070224719101 0.5828651685393258 0.32917837078651685 0.5795880149812734 0.3397120786516854 0.579119850187266
0 0.29792837078651685 0.536750936329588 0.30547752808988765 0.5397940074906367 0.31162219101123595 0.5463483146067416 0.31127106741573035 0.5650749063670412 0.30951544943820225 0.5709269662921348 0.305126404494382 0.575374531835206 0.2947682584269663 0.5788857677902621 0.28967696629213485 0.5781835205992509 0.28072331460674155 0.5711610486891385 0.27879213483146065 0.5552434456928839 0.2828300561797753 0.5426029962546817 0.29775280898876405 0.536750936329588
0 0.3160112359550562 0.62312734082397 0.3181179775280899 0.6303838951310862 0.31548455056179775 0.6521535580524345 0.30775983146067415 0.6612827715355806 0.2972261235955056 0.665496254681648 0.2870435393258427 0.6601123595505618 0.28370786516853935 0.6544943820224719 0.28265449438202245 0.647003745318352 0.2854634831460674 0.6334269662921348 0.29810393258426965 0.62312734082397 0.31004213483146065 0.6196161048689138 0.3140800561797753 0.6196161048689138 0.31583567415730335 0.62312734082397
0 0.39536516853932585 0.5732677902621723 0.40150983146067415 0.5777153558052435 0.40537219101123595 0.5849719101123596 0.40747893258426965 0.608380149812734 0.40519662921348315 0.6168071161048689 0.39764747191011235 0.6207865168539326 0.383251404494382 0.6139981273408239 0.37640449438202245 0.6041666666666666 0.3748244382022472 0.5959737827715356 0.3748244382022472 0.5833333333333334 0.3767556179775281 0.5788857677902621 0.38026685393258425 0.5793539325842697 0.38746488764044945 0.5737359550561798 0.39518960674157305 0.5732677902621723
0 0.2382373595505618 0.5819288389513109 0.24929775280898878 0.5856741573033708 0.2515800561797753 0.5931647940074907 0.24964887640449437 0.6151685393258427 0.23771067415730338 0.6235955056179775 0.2226123595505618 0.6205524344569289 0.2168188202247191 0.6048689138576779 0.22015449438202248 0.5917602996254682 0.22401685393258428 0.5861423220973783 0.238061797752809 0.5819288389513109
0 0.4534761235955056 0.6956928838951311 0.46611657303370785 0.6987359550561798 0.47155898876404495 0.7066947565543071 0.4726123595505618 0.724250936329588 0.4689255617977528 0.7375936329588015 0.47138342696629215 0.7448501872659176 0.4671699438202247 0.7495318352059925 0.46418539325842695 0.7432116104868914 0.44996488764044945 0.7411048689138576 0.44417134831460675 0.7338483146067416 0.4415379213483146 0.7062265917602997 0.4455758426966292 0.6977996254681648 0.4533005617977528 0.6956928838951311
0 0.3460323033707865 0.6207865168539326 0.35235252808988765 0.6242977528089888 0.35235252808988765 0.6371722846441947 0.34287219101123595 0.6558988764044944 0.336376404494382 0.661750936329588 0.32882724719101125 0.6633895131086143 0.32127808988764045 0.6612827715355806 0.3163623595505618 0.6542602996254682 0.3167134831460674 0.6406835205992509 0.31952247191011235 0.6301498127340824 0.3179424157303371 0.62312734082397 0.3458567415730337 0.6207865168539326
0 0.6934691011235955 0.6844569288389513 0.7082162921348315 0.6889044943820225 0.7169943820224719 0.6985018726591761 0.7183988764044944 0.7064606741573034 0.7169943820224719 0.7202715355805244 0.711376404494382 0.7272940074906367 0.7066362359550562 0.7291666666666666 0.6959269662921348 0.7277621722846442 0.6878511235955056 0.7137172284644194 0.6832865168539326 0.6891385767790262 0.6855688202247191 0.6851591760299626 0.6932935393258427 0.6844569288389513
0 0.5886587078651685 0.6495786516853933 0.5962078651685393 0.6570692883895131 0.6023525280898876 0.6701779026217228 0.6027036516853933 0.6750936329588015 0.5993679775280899 0.68562734082397 0.5962078651685393 0.6891385767790262 0.5851474719101124 0.6912453183520599 0.5767205056179775 0.6903089887640449 0.5702247191011236 0.68562734082397 0.5654845505617978 0.6647940074906367 0.5684691011235955 0.6577715355805244 0.573560393258427 0.6542602996254682 0.5844452247191011 0.6486423220973783 0.5884831460674157 0.6495786516853933
0 0.3316362359550562 0.5362827715355806 0.34129213483146065 0.5430711610486891 0.340063202247191 0.5667134831460674 0.3316362359550562 0.5751404494382022 0.32531601123595505 0.5774812734082397 0.31776685393258425 0.5758426966292135 0.31320224719101125 0.5697565543071161 0.31109550561797755 0.5608614232209738 0.3121488764044944 0.5470505617977528 0.3179424157303371 0.5388576779026217 0.33146067415730335 0.5362827715355806
0 0.5749648876404494 0.523876404494382 0.5869030898876404 0.5327715355805244 0.5890098314606742 0.547752808988764 0.5849719101123596 0.5594569288389513 0.5732092696629213 0.5653089887640449 0.5675912921348315 0.5646067415730337 0.561622191011236 0.5580524344569289 0.558813202247191 0.5444756554307116 0.5600421348314607 0.5341760299625468 0.5642556179775281 0.5269194756554307 0.5747893258426966 0.523876404494382
0 0.48367275280898875 0.5213014981273408 0.49525983146067415 0.5330056179775281 0.49719101123595505 0.5454119850187266 0.49122191011235955 0.5646067415730337 0.48735955056179775 0.5685861423220974 0.4799859550561798 0.5695224719101124 0.47401685393258425 0.5681179775280899 0.47015449438202245 0.56062734082397 0.46576544943820225 0.535814606741573 0.47366573033707865 0.5250468164794008 0.48349719101123595 0.5213014981273408
0 0.5133426966292135 0.5678838951310862 0.5191362359550562 0.5688202247191011 0.5249297752808989 0.5746722846441947 0.5272120786516854 0.5812265917602997 0.527563202247191 0.5924625468164794 0.5272120786516854 0.5990168539325843 0.5231741573033708 0.6062734082397003 0.5122893258426966 0.6107209737827716 0.5054424157303371 0.6088483146067416 0.4998244382022472 0.6025280898876404 0.49736657303370785 0.5842696629213483 0.5015800561797753 0.5735018726591761 0.5131671348314607 0.5678838951310862
0 0.2751053370786517 0.5807584269662921 0.2830056179775281 0.5807584269662921 0.2891502808988764 0.5849719101123596 0.2830056179775281 0.5943352059925093 0.27984550561797755 0.6156367041198502 0.27457865168539325 0.6198501872659176 0.26615168539325845 0.6217228464419475 0.25509129213483145 0.6198501872659176 0.25087780898876405 0.6139981273408239 0.2498244382022472 0.6053370786516854 0.25140449438202245 0.5933988764044944 0.25298455056179775 0.587312734082397 0.2593047752808989 0.5821629213483146 0.2749297752808989 0.5807584269662921
0 0.40133426966292135 0.6912453183520599 0.4085323033707865 0.6961610486891385 0.4106390449438202 0.7097378277153558 0.40677668539325845 0.7275280898876404 0.40115870786516855 0.7385299625468165 0.397998595505618 0.7427434456928839 0.39150280898876405 0.7450842696629213 0.38360252808988765 0.7429775280898876 0.3788623595505618 0.7378277153558053 0.37570224719101125 0.7277621722846442 0.3765800561797753 0.7155898876404494 0.38342696629213485 0.7031835205992509 0.3962429775280899 0.6924157303370787 0.40115870786516855 0.6912453183520599
0 0.5475772471910112 0.528558052434457 0.5553019662921348 0.5372191011235955 0.5577598314606742 0.5547752808988764 0.554248595505618 0.5664794007490637 0.5475772471910112 0.5690543071161048 0.5363412921348315 0.5685861423220974 0.5317766853932584 0.5636704119850188 0.5282654494382022 0.5538389513108615 0.5294943820224719 0.5388576779026217 0.5323033707865169 0.5330056179775281 0.5396769662921348 0.5278558052434457 0.5474016853932584 0.528558052434457
0 0.6557233146067416 0.5671816479400749 0.655372191011236 0.5678838951310862 0.6576544943820225 0.5720973782771536 0.6594101123595506 0.5732677902621723 0.6588834269662921 0.5756086142322098 0.6569522471910112 0.5779494382022472 0.6606390449438202 0.5952715355805244 0.6629213483146067 0.5990168539325843 0.668188202247191 0.6022940074906367 0.6741573033707865 0.6022940074906367 0.6794241573033708 0.5999531835205992 0.6825842696629213 0.5962078651685393 0.6848665730337079 0.5915262172284644 0.6860955056179775 0.5823970037453183 0.6857443820224719 0.5779494382022472 0.6832865168539326 0.5709269662921348 0.6818820224719101 0.5690543071161048 0.676439606741573 0.5641385767790262 0.6683637640449438 0.5610955056179775 0.6580056179775281 0.5650749063670412
0 0.5307233146067416 0.6638576779026217 0.5308988764044944 0.670997191011236 0.5293188202247191 0.6753277153558053 0.5296699438202247 0.6823501872659176 0.5359901685393258 0.7015449438202247 0.5379213483146067 0.7036516853932584 0.5412570224719101 0.7048220973782772 0.5470505617977528 0.7048220973782772 0.5503862359550562 0.7036516853932584 0.5524929775280899 0.6999063670411985 0.5586376404494382 0.6839887640449438 0.5593398876404494 0.674625468164794 0.5575842696629213 0.6645599250936329 0.5547752808988764 0.6598782771535581 0.5493328651685393 0.6547284644194756 0.5488061797752809 0.6472378277153558 0.5495084269662921 0.6439606741573034 0.546875 0.641619850187266 0.5433637640449438 0.6418539325842697 0.5419592696629213 0.6427902621722846 0.5410814606741573 0.6439606741573034 0.5414325842696629 0.6512172284644194 0.5344101123595506 0.6558988764044944 0.5317766853932584 0.6594101123595506
1 0.5893609550561798 0.533941947565543 0.5888342696629213 0.5362827715355806 0.5898876404494382 0.5419007490636704 0.5905898876404494 0.5536048689138576 0.5944522471910112 0.5578183520599251 0.5984901685393258 0.5592228464419475 0.6027036516853933 0.5592228464419475 0.6058637640449438 0.5580524344569289 0.610252808988764 0.5536048689138576 0.6123595505617978 0.5468164794007491 0.6125351123595506 0.5419007490636704 0.6111306179775281 0.5327715355805244 0.6076193820224719 0.5273876404494382 0.6058637640449438 0.5262172284644194 0.5953300561797753 0.5245786516853933 0.5926966292134831 0.5269194756554307
1 0.6162219101123596 0.5355805243445693 0.6160463483146067 0.5435393258426966 0.6192064606741573 0.5503277153558053 0.6232443820224719 0.5557116104868914 0.6264044943820225 0.5580524344569289 0.6311446629213483 0.5578183520599251 0.6358848314606742 0.5552434456928839 0.6385182584269663 0.552434456928839 0.6418539325842697 0.5468164794007491 0.6427317415730337 0.5435393258426966 0.6429073033707865 0.5323033707865169 0.6367626404494382 0.5250468164794008 0.6348314606741573 0.523876404494382 0.6297401685393258 0.5234082397003745 0.6230688202247191 0.5245786516853933 0.6206109550561798 0.526685393258427
1 0.6465941011235955 0.5330056179775281 0.6457162921348315 0.5362827715355806 0.6457162921348315 0.5400280898876404 0.6467696629213483 0.5468164794007491 0.6564255617977528 0.5594569288389513 0.6588834269662921 0.5601591760299626 0.6648525280898876 0.5587546816479401 0.6692415730337079 0.5543071161048689 0.6713483146067416 0.5463483146067416 0.6729283707865169 0.5435393258426966 0.6724016853932584 0.538623595505618 0.6729283707865169 0.5250468164794008 0.6725772471910112 0.5222378277153558 0.6716994382022472 0.5213014981273408 0.6674859550561798 0.5198970037453183 0.6615168539325843 0.5198970037453183 0.6532654494382022 0.522003745318352 0.6490519662921348 0.5259831460674157
1 0.672752808988764 0.5355805243445693 0.672752808988764 0.5433052434456929 0.6739817415730337 0.5472846441947565 0.6769662921348315 0.5503277153558053 0.6803019662921348 0.5568820224719101 0.6820575842696629 0.5580524344569289 0.6859199438202247 0.5585205992509363 0.6941713483146067 0.5536048689138576 0.6987359550561798 0.5468164794007491 0.7004915730337079 0.540496254681648 0.7004915730337079 0.5292602996254682 0.6969803370786517 0.5227059925093633 0.6927668539325843 0.5189606741573034 0.6824087078651685 0.5201310861423221 0.6783707865168539 0.5224719101123596 0.6748595505617978 0.5271535580524345
1 0.5895365168539326 0.5704588014981273 0.5898876404494382 0.5779494382022472 0.594627808988764 0.5950374531835206 0.5988412921348315 0.5999531835205992 0.6021769662921348 0.5994850187265918 0.6088483146067416 0.5962078651685393 0.6127106741573034 0.5915262172284644 0.6158707865168539 0.5852059925093633 0.6151685393258427 0.5779494382022472 0.6134129213483146 0.5709269662921348 0.6111306179775281 0.5674157303370787 0.6060393258426966 0.5639044943820225 0.6016502808988764 0.5634363295880149 0.5955056179775281 0.56437265917603 0.5914676966292135 0.5671816479400749
1 0.6178019662921348 0.5718632958801498 0.6172752808988764 0.5739700374531835 0.617626404494382 0.5779494382022472 0.6197331460674157 0.5814606741573034 0.6206109550561798 0.588249063670412 0.6232443820224719 0.5936329588014981 0.6293890449438202 0.601123595505618 0.6337780898876404 0.6022940074906367 0.6379915730337079 0.5994850187265918 0.6390449438202247 0.5950374531835206 0.6413272471910112 0.5915262172284644 0.6446629213483146 0.5884831460674157 0.6441362359550562 0.5812265917602997 0.6399227528089888 0.5678838951310862 0.6336025280898876 0.5629681647940075 0.6300912921348315 0.5627340823970037 0.6232443820224719 0.5641385767790262 0.6197331460674157 0.5678838951310862
1 0.6815308988764045 0.5632022471910112 0.6815308988764045 0.5674157303370787 0.6841643258426966 0.5699906367041199 0.6857443820224719 0.5746722846441947 0.6857443820224719 0.5781835205992509 0.6871488764044944 0.584503745318352 0.6869733146067416 0.5901217228464419 0.6862710674157303 0.5919943820224719 0.6873244382022472 0.5959737827715356 0.6843398876404494 0.5990168539325843 0.6859199438202247 0.6006554307116105 0.6880266853932584 0.5971441947565543 0.6892556179775281 0.5969101123595506 0.6925912921348315 0.6006554307116105 0.6950491573033708 0.5987827715355806 0.6934691011235955 0.5969101123595506 0.6938202247191011 0.5941011235955056 0.6964536516853933 0.5922284644194756 0.6999648876404494 0.5868445692883895 0.7024227528089888 0.5814606741573034 0.7041783707865169 0.5746722846441947 0.7020716292134831 0.5625 0.6992626404494382 0.5610955056179775 0.6971558988764045 0.5587546816479401 0.6924157303370787 0.5580524344569289 0.6852176966292135 0.5613295880149812 0.682935393258427 0.5615636704119851
1 0.5291432584269663 0.6093164794007491 0.5286165730337079 0.6163389513108615 0.5307233146067416 0.6282771535580525 0.5363412921348315 0.6381086142322098 0.539501404494382 0.639747191011236 0.5502106741573034 0.639747191011236 0.5540730337078652 0.6367041198501873 0.5561797752808989 0.6301498127340824 0.5574087078651685 0.6163389513108615 0.5538974719101124 0.6118913857677902 0.5426615168539326 0.613061797752809 0.5328300561797753 0.6060393258426966
1 0.500877808988764 0.6193820224719101 0.500877808988764 0.62687265917603 0.5035112359550562 0.6338951310861424 0.5063202247191011 0.6383426966292135 0.5121137640449438 0.6423220973782772 0.515625 0.6430243445692884 0.5226474719101124 0.6395131086142322 0.5263342696629213 0.6343632958801498 0.5280898876404494 0.6299157303370787 0.5284410112359551 0.6205524344569289 0.5272120786516854 0.6132958801498127 0.5224719101123596 0.6079119850187266 0.516502808988764 0.6104868913857678 0.508251404494382 0.6100187265917603 0.5049157303370787 0.6107209737827716 0.5035112359550562 0.612125468164794
1 0.3555126404494382 0.6294475655430711 0.3549859550561798 0.6374063670411985 0.36271067415730335 0.6502808988764045 0.3670997191011236 0.6491104868913857 0.37166432584269665 0.6453651685393258 0.3746488764044944 0.6331928838951311 0.37816011235955055 0.6228932584269663 0.3732443820224719 0.6168071161048689 0.36973314606741575 0.6175093632958801 0.363061797752809 0.6219569288389513 0.3570926966292135 0.62312734082397
1 0.4118679775280899 0.6221910112359551 0.41134129213483145 0.62312734082397 0.4125702247191011 0.6254681647940075 0.41274578651685395 0.6301498127340824 0.4141502808988764 0.6364700374531835 0.4174859550561798 0.6423220973782772 0.42503511235955055 0.6460674157303371 0.42872191011235955 0.6439606741573034 0.43100421348314605 0.6371722846441947 0.43275983146067415 0.6233614232209738 0.43100421348314605 0.6182116104868914 0.42872191011235955 0.6170411985018727 0.4157303370786517 0.6191479400749064
1 0.23174157303370788 0.6454822097378277 0.028089887640449437 0.038623595505617975
1 0.37833567415730335 0.660814606741573 0.3785112359550562 0.6640917602996255 0.3825491573033708 0.6678370786516854 0.3829002808988764 0.6720505617977528 0.3850070224719101 0.6757958801498127 0.3871137640449438 0.6821161048689138 0.38974719101123595 0.6844569288389513 0.3929073033707865 0.6891385767790262 0.3941362359550562 0.68937265917603 0.4044943820224719 0.6853932584269663 0.40888342696629215 0.6821161048689138 0.40941011235955055 0.6781367041198502 0.41099016853932585 0.6753277153558053 0.41099016853932585 0.670880149812734 0.41274578651685395 0.6647940074906367 0.4118679775280899 0.6544943820224719 0.41274578651685395 0.649812734082397 0.41678370786516855 0.6474719101123596 0.41467696629213485 0.6465355805243446 0.41309691011235955 0.6472378277153558 0.4125702247191011 0.6486423220973783 0.41134129213483145 0.6486423220973783 0.4078300561797753 0.647003745318352 0.4022120786516854 0.6547284644194756 0.39747191011235955 0.6587078651685393 0.39185393258426965 0.661750936329588 0.383251404494382 0.6619850187265918 0.38009129213483145 0.6601123595505618
1 0.36780196629213485 0.6753277153558053 0.027212078651685394 0.03394194756554307
1 0.37043539325842695 0.7145365168539326 0.028967696629213485 0.03394194756554307
1 0.5198823735955056 0.7127808988764045 0.02852879213483146 0.03160112359550562
1 0.48762289325842695 0.6685978464419475 0.025456460674157303 0.032186329588014984
1 0.546655547752809 0.7075140449438202 0.02501755617977528 0.03277153558052434
1 0.5747454353932584 0.7057584269662921 0.026773174157303372 0.0351123595505618
1 0.6074438202247191 0.6969803370786517 0.026334269662921347 0.038623595505617975
1 0.6368504213483146 0.6990285580524345 0.030723314606741572 0.04154962546816479
1 0.6043714887640449 0.6568937265917603 0.027212078651685394 0.04037921348314607
1 0.6034936797752809 0.6179775280898876 0.028089887640449437 0.03628277153558052
1 0.6311446629213483 0.6141736891385767 0.029845505617977528 0.03686797752808989
1 0.6315835674157303 0.6568937265917603 0.027212078651685394 0.03569756554307116
1 0.664501404494382 0.6150514981273408 0.03247893258426966 0.043305243445692886
1 0.6612096207865169 0.6571863295880149 0.03204002808988764 0.03745318352059925
1 0.6987359550561798 0.6147588951310862 0.028967696629213485 0.04389044943820225
2 0.22559691011235955 0.5366338951310862 0.7158532303370787 0.5167368913857678 0.7198033707865169 0.7215589887640449 0.22515800561797752 0.7315074906367042