0 0.4332865168539326 0.6676029962546817 0.44469803370786515 0.6788389513108615 0.44592696629213485 0.6966292134831461 0.44066011235955055 0.7090355805243446 0.43240870786516855 0.713249063670412 0.42257724719101125 0.7102059925093633 0.4183637640449438 0.704119850187266 0.41678370786516855 0.6959269662921348 0.41731039325842695 0.6846910112359551 0.42099719101123595 0.6750936329588015 0.4281952247191011 0.6683052434456929 0.4331109550561798 0.6676029962546817
0 0.5747893258426966 0.7055243445692884 0.5881320224719101 0.7092696629213483 0.5969101123595506 0.7181647940074907 0.601123595505618 0.7413389513108615 0.5953300561797753 0.7532771535580525 0.5890098314606742 0.7570224719101124 0.5788272471910112 0.7549157303370787 0.574438202247191 0.7509363295880149 0.5721558988764045 0.7446161048689138 0.5665379213483146 0.7134831460674157 0.570751404494382 0.7064606741573034 0.5746137640449438 0.7055243445692884
0 0.6378160112359551 0.6093164794007491 0.6522120786516854 0.6189138576779026 0.6583567415730337 0.6301498127340824 0.6587078651685393 0.6406835205992509 0.6566011235955056 0.6484082397003745 0.6518609550561798 0.6556647940074907 0.6487008426966292 0.6568352059925093 0.632373595505618 0.6540262172284644 0.6239466292134831 0.6266385767790262 0.625 0.6184456928838952 0.6290379213483146 0.6118913857677902 0.6376404494382022 0.6093164794007491
0 0.4359199438202247 0.7118445692883895 0.44259129213483145 0.7151217228464419 0.4452247191011236 0.7205056179775281 0.4436446629213483 0.7413389513108615 0.4397823033707865 0.7521067415730337 0.4355688202247191 0.7560861423220974 0.42889747191011235 0.7577247191011236 0.4183637640449438 0.75187265917603 0.41485252808988765 0.7427434456928839 0.41467696629213485 0.7315074906367042 0.4215238764044944 0.7151217228464419 0.4357443820224719 0.7118445692883895
0 0.366748595505618 0.5859082397003745 0.3730688202247191 0.588249063670412 0.37816011235955055 0.5952715355805244 0.3753511235955056 0.6198501872659176 0.37166432584269665 0.6257022471910112 0.36042837078651685 0.6282771535580525 0.355688202247191 0.6273408239700374 0.35094803370786515 0.6219569288389513 0.34269662921348315 0.5917602996254682 0.34831460674157305 0.5868445692883895 0.36657303370786515 0.5859082397003745
0 0.6822331460674157 0.5716292134831461 0.6890800561797753 0.5746722846441947 0.6941713483146067 0.5847378277153558 0.6859199438202247 0.6118913857677902 0.6787219101123596 0.6184456928838952 0.6648525280898876 0.6168071161048689 0.6580056179775281 0.6217228464419475 0.6534410112359551 0.6163389513108615 0.6574789325842697 0.6062734082397003 0.6529143258426966 0.5919943820224719 0.6555477528089888 0.5814606741573034 0.6613412921348315 0.5760767790262172 0.6820575842696629 0.5718632958801498
0 0.6183286516853933 0.5379213483146067 0.6253511235955056 0.5468164794007491 0.6272823033707865 0.5646067415730337 0.6242977528089888 0.5732677902621723 0.6163974719101124 0.5779494382022472 0.6076193820224719 0.576310861423221 0.6004213483146067 0.5709269662921348 0.598314606741573 0.5674157303370787 0.5970856741573034 0.549625468164794 0.6025280898876404 0.538623595505618 0.6181530898876404 0.5379213483146067
0 0.555126404494382 0.7109082397003745 0.566186797752809 0.7202715355805244 0.5711025280898876 0.7415730337078652 0.5693469101123596 0.7542134831460674 0.5668890449438202 0.7586610486891385 0.5540730337078652 0.7631086142322098 0.5461727528089888 0.760065543071161 0.5424859550561798 0.7551498127340824 0.538623595505618 0.7404026217228464 0.538623595505618 0.7270599250936329 0.5421348314606742 0.7181647940074907 0.5549508426966292 0.7109082397003745
0 0.6160463483146067 0.5812265917602997 0.6246488764044944 0.5861423220973783 0.6281601123595506 0.5922284644194756 0.6302668539325843 0.6022940074906367 0.6290379213483146 0.6107209737827716 0.6246488764044944 0.6182116104868914 0.6165730337078652 0.6226591760299626 0.602001404494382 0.6186797752808989 0.5988412921348315 0.6125936329588015 0.5955056179775281 0.5955056179775281 0.6005969101123596 0.5835674157303371 0.6158707865168539 0.5812265917602997
0 0.3516502808988764 0.6694756554307116 0.3558637640449438 0.6762640449438202 0.35094803370786515 0.6926498127340824 0.3498946629213483 0.7062265917602997 0.3433988764044944 0.7169943820224719 0.33462078651685395 0.7193352059925093 0.3279494382022472 0.7193352059925093 0.32110252808988765 0.7148876404494382 0.31776685393258425 0.7001404494382022 0.3182935393258427 0.6928838951310862 0.32092696629213485 0.6858614232209738 0.32689606741573035 0.6788389513108615 0.3514747191011236 0.6694756554307116
0 0.5538974719101124 0.5407303370786517 0.5646067415730337 0.5491573033707865 0.567064606741573 0.56062734082397 0.5653089887640449 0.574438202247191 0.5574087078651685 0.5814606741573034 0.543188202247191 0.5802902621722846 0.5377457865168539 0.5664794007490637 0.5405547752808989 0.5435393258426966 0.5537219101123596 0.5407303370786517
0 0.5294943820224719 0.5308988764044944 0.5333567415730337 0.5327715355805244 0.5373946629213483 0.5400280898876404 0.5365168539325843 0.5632022471910112 0.5298455056179775 0.5760767790262172 0.5207162921348315 0.579119850187266 0.5126404494382022 0.5779494382022472 0.5089536516853933 0.5732677902621723 0.5059691011235955 0.5610955056179775 0.5064957865168539 0.5493913857677902 0.5154494382022472 0.5362827715355806 0.5224719101123596 0.5316011235955056 0.5293188202247191 0.5308988764044944
0 0.5136938202247191 0.6254681647940075 0.5291432584269663 0.6275749063670412 0.5344101123595506 0.6364700374531835 0.5351123595505618 0.6481741573033708 0.5330056179775281 0.658941947565543 0.5291432584269663 0.663623595505618 0.5200140449438202 0.665496254681648 0.511938202247191 0.6645599250936329 0.5015800561797753 0.648876404494382 0.5014044943820225 0.6301498127340824 0.5052668539325843 0.6257022471910112 0.5135182584269663 0.6254681647940075
0 0.5179073033707865 0.6652621722846442 0.5293188202247191 0.6671348314606742 0.5331811797752809 0.6701779026217228 0.5352879213483146 0.6779026217228464 0.5340589887640449 0.68937265917603 0.5307233146067416 0.699438202247191 0.5263342696629213 0.7038857677902621 0.5087780898876404 0.7083333333333334 0.5015800561797753 0.704119850187266 0.49666432584269665 0.6963951310861424 0.49666432584269665 0.6926498127340824 0.5033356741573034 0.6748595505617978 0.5086025280898876 0.6666666666666666 0.5177317415730337 0.6652621722846442
0 0.39764747191011235 0.5456460674157303 0.4039676966292135 0.5470505617977528 0.4085323033707865 0.552434456928839 0.4102879213483146 0.5720973782771536 0.40572331460674155 0.5835674157303371 0.3948384831460674 0.5866104868913857 0.38816713483146065 0.5859082397003745 0.38202247191011235 0.5784176029962547 0.3806179775280899 0.5674157303370787 0.3829002808988764 0.5526685393258427 0.3908005617977528 0.5465823970037453 0.39747191011235955 0.5456460674157303
0 0.49508426966292135 0.5830992509363296 0.5026334269662921 0.5980805243445693 0.5029845505617978 0.6161048689138576 0.4957865168539326 0.6245318352059925 0.48139044943820225 0.6289794007490637 0.4789325842696629 0.6259363295880149 0.47366573033707865 0.6046348314606742 0.47384129213483145 0.5952715355805244 0.48121488764044945 0.5854400749063671 0.49490870786516855 0.5830992509363296
0 0.5642556179775281 0.6212546816479401 0.5718047752808989 0.6294475655430711 0.5721558988764045 0.6338951310861424 0.5667134831460674 0.6591760299625468 0.5575842696629213 0.6664325842696629 0.5456460674157303 0.6633895131086143 0.5384480337078652 0.648876404494382 0.5372191011235955 0.6364700374531835 0.5387991573033708 0.6296816479400749 0.5426615168539326 0.6254681647940075 0.5640800561797753 0.6212546816479401
0 0.5835674157303371 0.5835674157303371 0.5941011235955056 0.5917602996254682 0.5976123595505618 0.6163389513108615 0.594627808988764 0.6205524344569289 0.5751404494382022 0.625 0.5712780898876404 0.6235955056179775 0.5658356741573034 0.6161048689138576 0.5668890449438202 0.5936329588014981 0.5739115168539326 0.5847378277153558 0.5833918539325843 0.5835674157303371
0 0.4940308988764045 0.697565543071161 0.5031601123595506 0.7088014981273408 0.5066713483146067 0.7291666666666666 0.5029845505617978 0.7448501872659176 0.4980688202247191 0.7504681647940075 0.49122191011235955 0.7532771535580525 0.48490168539325845 0.7516385767790262 0.47945926966292135 0.7460205992509363 0.4764747191011236 0.7411048689138576 0.47577247191011235 0.7308052434456929 0.47735252808988765 0.7169943820224719 0.48349719101123595 0.7008426966292135 0.48771067415730335 0.697565543071161 0.4938553370786517 0.697565543071161
0 0.3181179775280899 0.6287453183520599 0.3258426966292135 0.6334269662921348 0.32865168539325845 0.636938202247191 0.3277738764044944 0.6399812734082397 0.320751404494382 0.650749063670412 0.3186446629213483 0.6629213483146067 0.3105688202247191 0.6713483146067416 0.30161516853932585 0.6753277153558053 0.2930126404494382 0.6729868913857678 0.28634129213483145 0.6645599250936329 0.2847612359550562 0.6568352059925093 0.28616573033707865 0.6455992509363296 0.2893258426966292 0.6399812734082397 0.2986306179775281 0.6327247191011236 0.3179424157303371 0.6287453183520599
0 0.42310393258426965 0.5390917602996255 0.4320575842696629 0.5426029962546817 0.4392556179775281 0.5491573033707865 0.44259129213483145 0.5650749063670412 0.4397823033707865 0.5795880149812734 0.4352176966292135 0.5849719101123596 0.429248595505618 0.586376404494382 0.4180126404494382 0.5828651685393258 0.41116573033707865 0.5711610486891385 0.409936797752809 0.5468164794007491 0.4157303370786517 0.5397940074906367 0.42292837078651685 0.5390917602996255
0 0.6091994382022472 0.6221910112359551 0.6214887640449438 0.6257022471910112 0.6285112359550562 0.6441947565543071 0.6274578651685393 0.6563670411985019 0.6230688202247191 0.6619850187265918 0.6165730337078652 0.6652621722846442 0.609375 0.6633895131086143 0.6028792134831461 0.6577715355805244 0.5965589887640449 0.6439606741573034 0.5960323033707865 0.6362359550561798 0.598314606741573 0.6280430711610487 0.6023525280898876 0.6224250936329588 0.6090238764044944 0.6221910112359551
0 0.5547752808988764 0.5826310861423221 0.5653089887640449 0.5915262172284644 0.5656601123595506 0.6100187265917603 0.5626755617977528 0.6175093632958801 0.5503862359550562 0.6214887640449438 0.5396769662921348 0.6172752808988764 0.5361657303370787 0.6090823970037453 0.5354634831460674 0.5955056179775281 0.5417837078651685 0.5840355805243446 0.5545997191011236 0.5826310861423221
0 0.37763342696629215 0.6282771535580525 0.38395365168539325 0.635065543071161 0.38377808988764045 0.6528558052434457 0.3771067415730337 0.665496254681648 0.36411516853932585 0.670880149812734 0.359375 0.6694756554307116 0.35235252808988765 0.6612827715355806 0.3518258426966292 0.647003745318352 0.35410814606741575 0.6374063670411985 0.36077949438202245 0.6289794007490637 0.37745786516853935 0.6282771535580525
0 0.3765800561797753 0.584503745318352 0.38360252808988765 0.5800561797752809 0.3871137640449438 0.5870786516853933 0.40098314606741575 0.5854400749063671 0.4078300561797753 0.5880149812734082 0.4122191011235955 0.5978464419475655 0.414501404494382 0.6217228464419475 0.4118679775280899 0.6310861423220974 0.4080056179775281 0.6345973782771536 0.40291432584269665 0.635065543071161 0.38570926966292135 0.6280430711610487 0.3767556179775281 0.6200842696629213 0.3806179775280899 0.5955056179775281 0.3765800561797753 0.5912921348314607 0.3765800561797753 0.5847378277153558
0 0.33848314606741575 0.5861423220973783 0.34094101123595505 0.589185393258427 0.34638342696629215 0.6088483146067416 0.34708567415730335 0.6191479400749064 0.3402387640449438 0.62687265917603 0.328125 0.6329588014981273 0.3167134831460674 0.6266385767790262 0.3140800561797753 0.6228932584269663 0.31355337078651685 0.6163389513108615 0.31759129213483145 0.6008895131086143 0.32285814606741575 0.5912921348314607 0.328125 0.587312734082397 0.3383075842696629 0.5861423220973783
0 0.46348314606741575 0.5842696629213483 0.4685744382022472 0.5868445692883895 0.4731390449438202 0.5943352059925093 0.47735252808988765 0.6193820224719101 0.47524578651685395 0.6280430711610487 0.46752106741573035 0.6315543071161048 0.4513693820224719 0.6273408239700374 0.4455758426966292 0.6203183520599251 0.4438202247191011 0.6132958801498127 0.4434691011235955 0.5945692883895131 0.4511938202247191 0.5875468164794008 0.4633075842696629 0.5842696629213483
0 0.6307935393258427 0.697565543071161 0.636938202247191 0.7008426966292135 0.6481741573033708 0.701310861423221 0.6581811797752809 0.7139513108614233 0.6602879213483146 0.7256554307116105 0.6594101123595506 0.7345505617977528 0.6560744382022472 0.7413389513108615 0.6492275280898876 0.7450842696629213 0.6404494382022472 0.7429775280898876 0.632373595505618 0.7340823970037453 0.6221910112359551 0.7066947565543071 0.6221910112359551 0.7029494382022472 0.6253511235955056 0.6987359550561798 0.6306179775280899 0.697565543071161
0 0.47401685393258425 0.6690074906367042 0.4808637640449438 0.6772003745318352 0.48174157303370785 0.6832865168539326 0.47735252808988765 0.7024812734082397 0.46945224719101125 0.7116104868913857 0.4534761235955056 0.7088014981273408 0.4475070224719101 0.700374531835206 0.44627808988764045 0.6886704119850188 0.44820926966292135 0.6802434456928839 0.453125 0.6757958801498127 0.47384129213483145 0.6690074906367042
0 0.45575842696629215 0.6308520599250936 0.47384129213483145 0.6374063670411985 0.47120786516853935 0.6612827715355806 0.46418539325842695 0.6699438202247191 0.449438202247191 0.6760299625468165 0.44259129213483145 0.6739232209737828 0.43679775280898875 0.660814606741573 0.445751404494382 0.6357677902621723 0.449438202247191 0.6315543071161048 0.45558286516853935 0.6308520599250936
0 0.37745786516853935 0.6671348314606742 0.3829002808988764 0.670880149812734 0.3844803370786517 0.6748595505617978 0.38009129213483145 0.6985018726591761 0.3746488764044944 0.7111423220973783 0.3655196629213483 0.7155898876404494 0.35797050561797755 0.7137172284644194 0.35270365168539325 0.7062265917602997 0.3514747191011236 0.6882022471910112 0.35849719101123595 0.6732209737827716 0.3772823033707865 0.6671348314606742
0 0.3709620786516854 0.545880149812734 0.3811446629213483 0.5536048689138576 0.38009129213483145 0.5746722846441947 0.3732443820224719 0.5840355805243446 0.3670997191011236 0.5866104868913857 0.3572682584269663 0.5859082397003745 0.351123595505618 0.5798220973782772 0.34849016853932585 0.5732677902621723 0.3481390449438202 0.5636704119850188 0.35235252808988765 0.5491573033707865 0.36253511235955055 0.5454119850187266 0.3707865168539326 0.545880149812734
0 0.26439606741573035 0.7092696629213483 0.2714185393258427 0.7134831460674157 0.2700140449438202 0.7305711610486891 0.25719803370786515 0.75187265917603 0.24561095505617977 0.7598314606741573 0.23771067415730338 0.7591292134831461 0.230688202247191 0.7523408239700374 0.2284058988764045 0.7420411985018727 0.22963483146067415 0.7308052434456929 0.23788623595505617 0.7198033707865169 0.258251404494382 0.7090355805243446 0.26422050561797755 0.7092696629213483
0 0.5231741573033708 0.7066947565543071 0.5326544943820225 0.7125468164794008 0.5379213483146067 0.7263576779026217 0.5368679775280899 0.7446161048689138 0.5335323033707865 0.75 0.5259831460674157 0.7546816479400749 0.5150983146067416 0.7516385767790262 0.5100070224719101 0.7446161048689138 0.5084269662921348 0.7382958801498127 0.5108848314606742 0.7116104868913857 0.5150983146067416 0.7078651685393258 0.522998595505618 0.7066947565543071
0 0.554248595505618 0.6669007490636704 0.5596910112359551 0.6687734082397003 0.5649578651685393 0.6779026217228464 0.5668890449438202 0.6863295880149812 0.5658356741573034 0.697565543071161 0.558813202247191 0.7076310861423221 0.5400280898876404 0.7167602996254682 0.5331811797752809 0.7062265917602997 0.5363412921348315 0.6783707865168539 0.5437148876404494 0.6680711610486891 0.5540730337078652 0.6669007490636704
0 0.6457162921348315 0.5360486891385767 0.6509831460674157 0.5388576779026217 0.6532654494382022 0.5435393258426966 0.6578300561797753 0.5568820224719101 0.6581811797752809 0.5648408239700374 0.6544943820224719 0.5756086142322098 0.6465941011235955 0.5847378277153558 0.6441362359550562 0.5959737827715356 0.6379915730337079 0.5945692883895131 0.6364115168539326 0.5847378277153558 0.6278089887640449 0.5749063670411985 0.6269311797752809 0.5533707865168539 0.6346558988764045 0.5383895131086143 0.6455407303370787 0.5360486891385767
0 0.582689606741573 0.538623595505618 0.5923455056179775 0.5430711610486891 0.5970856741573034 0.5540730337078652 0.5963834269662921 0.5709269662921348 0.5921699438202247 0.576310861423221 0.5849719101123596 0.5798220973782772 0.578125 0.579119850187266 0.5726825842696629 0.5749063670411985 0.5675912921348315 0.5615636704119851 0.5674157303370787 0.5529026217228464 0.569873595505618 0.5454119850187266 0.5767205056179775 0.5393258426966292 0.5825140449438202 0.538623595505618
0 0.6650280898876404 0.6921816479400749 0.6720505617977528 0.6945224719101124 0.6767907303370787 0.701310861423221 0.6839887640449438 0.7062265917602997 0.6890800561797753 0.713249063670412 0.6922401685393258 0.7237827715355806 0.6892556179775281 0.7389981273408239 0.6794241573033708 0.7460205992509363 0.6715238764044944 0.7446161048689138 0.6639747191011236 0.7375936329588015 0.6588834269662921 0.7153558052434457 0.6536165730337079 0.7045880149812734 0.6569522471910112 0.697565543071161 0.6648525280898876 0.6921816479400749
0 0.24508426966292135 0.5498595505617978 0.25316011235955055 0.5571161048689138 0.25298455056179775 0.5711610486891385 0.25526685393258425 0.5814606741573034 0.24912219101123595 0.5884831460674157 0.2384129213483146 0.5915262172284644 0.23086376404494383 0.5901217228464419 0.22507022471910113 0.5847378277153558 0.22191011235955055 0.5674157303370787 0.22384129213483145 0.5601591760299626 0.22998595505617977 0.5529026217228464 0.24490870786516855 0.5498595505617978
0 0.4936797752808989 0.6287453183520599 0.49912219101123595 0.6331928838951311 0.5007022471910112 0.6514513108614233 0.5070224719101124 0.6612827715355806 0.5031601123595506 0.6718164794007491 0.4984199438202247 0.6741573033707865 0.47928370786516855 0.6685393258426966 0.47542134831460675 0.6647940074906367 0.472436797752809 0.6544943820224719 0.4727879213483146 0.6441947565543071 0.476123595505618 0.6385767790262172 0.4847261235955056 0.6301498127340824 0.49350421348314605 0.6287453183520599
0 0.6127106741573034 0.7001404494382022 0.6216643258426966 0.7064606741573034 0.6276334269662921 0.7169943820224719 0.6302668539325843 0.7270599250936329 0.6274578651685393 0.7413389513108615 0.6230688202247191 0.7460205992509363 0.616748595505618 0.74812734082397 0.6095505617977528 0.7467228464419475 0.6028792134831461 0.7408707865168539 0.5977879213483146 0.7205056179775281 0.5984901685393258 0.7137172284644194 0.6051615168539326 0.7034176029962547 0.6125351123595506 0.7001404494382022
0 0.43223314606741575 0.588249063670412 0.43872893258426965 0.5919943820224719 0.44013342696629215 0.5952715355805244 0.4429424157303371 0.6196161048689138 0.4373244382022472 0.6287453183520599 0.429248595505618 0.6329588014981273 0.4220505617977528 0.6320224719101124 0.4164325842696629 0.6273408239700374 0.4137991573033708 0.6095505617977528 0.4176615168539326 0.5941011235955056 0.42503511235955055 0.589185393258427 0.4320575842696629 0.588249063670412
0 0.27598314606741575 0.6624531835205992 0.2793188202247191 0.6683052434456929 0.27264747191011235 0.6776685393258427 0.2700140449438202 0.6924157303370787 0.2596558988764045 0.7069288389513109 0.24174859550561797 0.716058052434457 0.2341994382022472 0.7137172284644194 0.22717696629213482 0.7027153558052435 0.22735252808988765 0.6933520599250936 0.2303370786516854 0.6849250936329588 0.24139747191011235 0.6741573033707865 0.258251404494382 0.6678370786516854 0.26632724719101125 0.6678370786516854 0.2758075842696629 0.6624531835205992
0 0.6350070224719101 0.6577715355805244 0.6513342696629213 0.6631554307116105 0.6550210674157303 0.6676029962546817 0.6567766853932584 0.6753277153558053 0.6566011235955056 0.6872659176029963 0.6529143258426966 0.6959269662921348 0.6474719101123596 0.6999063670411985 0.640625 0.7006086142322098 0.6278089887640449 0.6961610486891385 0.6209620786516854 0.6753277153558053 0.6221910112359551 0.6652621722846442 0.6248244382022472 0.6612827715355806 0.6348314606741573 0.6577715355805244
0 0.305126404494382 0.5472846441947565 0.3160112359550562 0.5536048689138576 0.31776685393258425 0.575374531835206 0.3107443820224719 0.5852059925093633 0.30389747191011235 0.5887172284644194 0.29547050561797755 0.5884831460674157 0.28985252808988765 0.5852059925093633 0.2875702247191011 0.5814606741573034 0.28581460674157305 0.5667134831460674 0.2924859550561798 0.5500936329588015 0.3049508426966292 0.5472846441947565
0 0.5874297752808989 0.6257022471910112 0.5956811797752809 0.6362359550561798 0.5967345505617978 0.6575374531835206 0.5902387640449438 0.665496254681648 0.5749648876404494 0.6685393258426966 0.5719803370786517 0.6683052434456929 0.5679424157303371 0.6615168539325843 0.5719803370786517 0.6306179775280899 0.5779494382022472 0.6259363295880149 0.5872542134831461 0.6257022471910112
0 0.461376404494382 0.5362827715355806 0.46752106741573035 0.5393258426966292 0.47173455056179775 0.5454119850187266 0.476123595505618 0.5674157303370787 0.47384129213483145 0.5758426966292135 0.46541432584269665 0.5798220973782772 0.4527738764044944 0.5795880149812734 0.4489115168539326 0.5767790262172284 0.44434691011235955 0.5711610486891385 0.44206460674157305 0.56062734082397 0.44206460674157305 0.5498595505617978 0.4454002808988764 0.5430711610486891 0.453125 0.536750936329588 0.4612008426966292 0.5362827715355806
0 0.4645365168539326 0.7104400749063671 0.4705056179775281 0.7120786516853933 0.4731390449438202 0.7167602996254682 0.476123595505618 0.7448501872659176 0.4685744382022472 0.7551498127340824 0.4689255617977528 0.7652153558052435 0.46383426966292135 0.7668539325842697 0.461376404494382 0.7654494382022472 0.460498595505618 0.7581928838951311 0.4476825842696629 0.74812734082397 0.44610252808988765 0.7301029962546817 0.44996488764044945 0.7144194756554307 0.4548806179775281 0.7109082397003745 0.4643609550561798 0.7104400749063671
0 0.7052317415730337 0.6104868913857678 0.7168188202247191 0.6182116104868914 0.7240168539325843 0.6151685393258427 0.7275280898876404 0.6235955056179775 0.7262991573033708 0.6266385767790262 0.719627808988764 0.6303838951310862 0.7175210674157303 0.6439606741573034 0.7148876404494382 0.6481741573033708 0.7048806179775281 0.6530898876404494 0.6889044943820225 0.6500468164794008 0.6841643258426966 0.6439606741573034 0.6822331460674157 0.6329588014981273 0.6848665730337079 0.6196161048689138 0.6875 0.6161048689138576 0.7050561797752809 0.6104868913857678
0 0.3381320224719101 0.5461142322097379 0.3441011235955056 0.5491573033707865 0.3472612359550562 0.5538389513108615 0.3472612359550562 0.5779494382022472 0.3419943820224719 0.5842696629213483 0.32900280898876405 0.5861423220973783 0.3246137640449438 0.5854400749063671 0.3188202247191011 0.5779494382022472 0.3188202247191011 0.5573501872659176 0.32689606741573035 0.5465823970037453 0.3379564606741573 0.5461142322097379
0 0.40484550561797755 0.662687265917603 0.4125702247191011 0.6673689138576779 0.41537921348314605 0.6828183520599251 0.4120435393258427 0.6992041198501873 0.4081811797752809 0.7064606741573034 0.40115870786516855 0.714185393258427 0.3944873595505618 0.7167602996254682 0.386938202247191 0.7130149812734082 0.3825491573033708 0.7073970037453183 0.3807935393258427 0.7006086142322098 0.382373595505618 0.6882022471910112 0.38816713483146065 0.6741573033707865 0.398876404494382 0.6645599250936329 0.4046699438202247 0.662687265917603
0 0.5226474719101124 0.5833333333333334 0.530372191011236 0.5880149812734082 0.5345856741573034 0.6022940074906367 0.532127808988764 0.6207865168539326 0.5287921348314607 0.6247659176029963 0.522998595505618 0.6261704119850188 0.5093047752808989 0.6238295880149812 0.5049157303370787 0.6172752808988764 0.5040379213483146 0.610252808988764 0.504564606741573 0.5962078651685393 0.5070224719101124 0.591058052434457 0.5152738764044944 0.584503745318352 0.5224719101123596 0.5833333333333334
0 0.5919943820224719 0.6666666666666666 0.5990168539325843 0.6722846441947565 0.6063904494382022 0.6926498127340824 0.6041081460674157 0.7029494382022472 0.5956811797752809 0.711376404494382 0.5760182584269663 0.704119850187266 0.5709269662921348 0.6963951310861424 0.5665379213483146 0.6793071161048689 0.5681179775280899 0.6748595505617978 0.574438202247191 0.6697097378277154 0.5918188202247191 0.6666666666666666
0 0.4924508426966292 0.524812734082397 0.49490870786516855 0.5259831460674157 0.4938553370786517 0.5362827715355806 0.5050912921348315 0.5482209737827716 0.5052668539325843 0.56062734082397 0.5026334269662921 0.5713951310861424 0.4978932584269663 0.5781835205992509 0.49473314606741575 0.5814606741573034 0.48542837078651685 0.5830992509363296 0.480688202247191 0.5807584269662921 0.4764747191011236 0.5695224719101124 0.4743679775280899 0.550561797752809 0.47787921348314605 0.5428370786516854 0.4861306179775281 0.5360486891385767 0.4861306179775281 0.5259831460674157 0.4922752808988764 0.524812734082397
0 0.27861657303370785 0.5491573033707865 0.28651685393258425 0.5543071161048689 0.2851123595505618 0.5781835205992509 0.27984550561797755 0.5859082397003745 0.26896067415730335 0.5896535580524345 0.2635182584269663 0.5884831460674157 0.2563202247191011 0.5814606741573034 0.25333567415730335 0.5718632958801498 0.2540379213483146 0.56062734082397 0.2577247191011236 0.5538389513108615 0.26316713483146065 0.5500936329588015 0.27844101123595505 0.5491573033707865
0 0.34901685393258425 0.6271067415730337 0.35463483146067415 0.6301498127340824 0.3555126404494382 0.6331928838951311 0.3532303370786517 0.6402153558052435 0.3514747191011236 0.661750936329588 0.3421699438202247 0.6732209737827716 0.33462078651685395 0.6753277153558053 0.328125 0.6739232209737828 0.3218047752808989 0.6680711610486891 0.3204002808988764 0.6650280898876404 0.32145365168539325 0.650749063670412 0.32865168539325845 0.6362359550561798 0.34884129213483145 0.6271067415730337
1 0.6887148876404494 0.5540121722846442 0.05954705056179775 0.03904962546816479
1 0.7048595505617977 0.5726217228464419 0.030974367977528092 0.07783005617977529
1 0.2566924157303371 0.6270060861423221 0.04990168539325843 0.06643258426966292
1 0.27196804775280903 0.6096114232209738 0.08279318820224718 0.031643258426966296
1 0.29824613764044944 0.7140847378277154 0.040545997191011235 0.08297752808988765
1 0.3458549859550562 0.7368562734082397 0.13459269662921347 0.04580992509363296
1 0.41271418539325844 0.6467134831460675 0.05529669943820225 0.032502340823970036
1 0.6116151685393258 0.6783544007490636 0.02590063202247191 0.04272705992509363
1 0.6696348314606742 0.6552059925093633 0.026067415730337076 0.06509129213483146
1 0.6425579353932585 0.5969194756554307 0.023411165730337077 0.032790262172284645
1 0.6894259129213482 0.6707584269662922 0.057456109550561796 0.040018726591760305
1 0.7066678370786517 0.6996722846441947 0.03107794943820225 0.09472378277153559
2 0.22384129213483145 0.5430711610486891 0.7250702247191011 0.5337078651685393 0.7215589887640449 0.7560861423220974 0.21945224719101122 0.7595973782771536