0 0.46400983146067415 0.3047752808988764 0.47138342696629215 0.3125 0.47331460674157305 0.3258426966292135 0.4703300561797753 0.335440074906367 0.4608497191011236 0.34058988764044945 0.45172050561797755 0.3368445692883895 0.44856039325842695 0.3321629213483146 0.44662921348314605 0.32186329588014984 0.4473314606741573 0.31062734082397003 0.4566362359550562 0.3038389513108614 0.46383426966292135 0.3047752808988764
0 0.6132373595505618 0.45529026217228463 0.6221910112359551 0.46418539325842695 0.625 0.4700374531835206 0.6234199438202247 0.48057116104868913 0.617626404494382 0.48852996254681647 0.6132373595505618 0.49040262172284643 0.602001404494382 0.4887640449438202 0.5977879213483146 0.4836142322097378 0.5960323033707865 0.4756554307116105 0.5977879213483146 0.4648876404494382 0.602001404494382 0.45880149812734083 0.613061797752809 0.45529026217228463
0 0.3846558988764045 0.650749063670412 0.3969452247191011 0.6558988764044944 0.40150983146067415 0.6685393258426966 0.402563202247191 0.6839887640449438 0.39132724719101125 0.6914794007490637 0.37974016853932585 0.6865636704119851 0.3751755617977528 0.6783707865168539 0.37640449438202245 0.6650280898876404 0.3844803370786517 0.650749063670412
0 0.6160463483146067 0.41058052434456926 0.6225421348314607 0.41409176029962547 0.6255266853932584 0.42954119850187267 0.621313202247191 0.4410112359550562 0.6134129213483146 0.4473314606741573 0.6058637640449438 0.44569288389513106 0.6023525280898876 0.4419475655430712 0.5988412921348315 0.42930711610486894 0.6016502808988764 0.41409176029962547 0.6086727528089888 0.41058052434456926 0.6158707865168539 0.41058052434456926
0 0.5858497191011236 0.3211610486891386 0.5955056179775281 0.32771535580524347 0.5984901685393258 0.34012172284644193 0.5962078651685393 0.352059925093633 0.5884831460674157 0.3618913857677903 0.5747893258426966 0.35931647940074907 0.5705758426966292 0.35369850187265917 0.5691713483146067 0.3466760299625468 0.5696980337078652 0.33497191011235955 0.5728581460674157 0.32818352059925093 0.5777738764044944 0.323501872659176 0.5856741573033708 0.3211610486891386
0 0.3908005617977528 0.5636704119850188 0.4044943820224719 0.5699906367041199 0.4122191011235955 0.5779494382022472 0.4097612359550562 0.5952715355805244 0.4041432584269663 0.6020599250936329 0.3944873595505618 0.6062734082397003 0.3862359550561798 0.6032303370786517 0.38009129213483145 0.5889513108614233 0.38377808988764045 0.5709269662921348 0.390625 0.5636704119850188
0 0.5554775280898876 0.3202247191011236 0.5647823033707865 0.3279494382022472 0.5667134831460674 0.3387172284644195 0.5642556179775281 0.34995318352059923 0.5603932584269663 0.3539325842696629 0.5547752808988764 0.3548689138576779 0.5498595505617978 0.3541666666666667 0.542310393258427 0.34691011235955055 0.5407303370786517 0.3347378277153558 0.5461727528089888 0.323501872659176 0.5553019662921348 0.3202247191011236
0 0.5535463483146067 0.6591760299625468 0.5610955056179775 0.6650280898876404 0.563377808988764 0.6786048689138576 0.5612710674157303 0.6898408239700374 0.5517907303370787 0.6961610486891385 0.5437148876404494 0.6942883895131086 0.5393258426966292 0.6891385767790262 0.5373946629213483 0.6715823970037453 0.5396769662921348 0.6631554307116105 0.5433637640449438 0.6601123595505618 0.5533707865168539 0.6591760299625468
0 0.5268609550561798 0.5271535580524345 0.5316011235955056 0.5292602996254682 0.5363412921348315 0.5353464419475655 0.5377457865168539 0.5479868913857678 0.5345856741573034 0.56062734082397 0.5245786516853933 0.5667134831460674 0.5184339887640449 0.5660112359550562 0.5121137640449438 0.5608614232209738 0.5086025280898876 0.5538389513108615 0.5079002808988764 0.5463483146067416 0.5121137640449438 0.5316011235955056 0.5189606741573034 0.5271535580524345 0.526685393258427 0.5271535580524345
0 0.36657303370786515 0.31062734082397003 0.37377106741573035 0.31788389513108617 0.3751755617977528 0.32865168539325845 0.3709620786516854 0.34012172284644193 0.3634129213483146 0.34480337078651685 0.3534058988764045 0.33848314606741575 0.35042134831460675 0.32467228464419473 0.3558637640449438 0.31320224719101125 0.36639747191011235 0.31062734082397003
0 0.5194873595505618 0.591058052434457 0.5333567415730337 0.6053370786516854 0.5370435393258427 0.6128277153558053 0.5368679775280899 0.6235955056179775 0.5331811797752809 0.6348314606741573 0.5272120786516854 0.6418539325842697 0.5207162921348315 0.6425561797752809 0.5152738764044944 0.6411516853932584 0.5091292134831461 0.6338951310861424 0.5049157303370787 0.614934456928839 0.5050912921348315 0.602996254681648 0.5079002808988764 0.5955056179775281 0.5124648876404494 0.5915262172284644 0.519311797752809 0.591058052434457
0 0.39571629213483145 0.31273408239700373 0.40502106741573035 0.3176498127340824 0.4083567415730337 0.32514044943820225 0.40712780898876405 0.33848314606741575 0.397998595505618 0.34597378277153557 0.3871137640449438 0.34269662921348315 0.38219803370786515 0.3326310861423221 0.383251404494382 0.32045880149812733 0.38974719101123595 0.31390449438202245 0.39554073033707865 0.31273408239700373
0 0.4044943820224719 0.5311329588014981 0.41327247191011235 0.538623595505618 0.4155547752808989 0.5465823970037453 0.41520365168539325 0.5538389513108615 0.4118679775280899 0.5610955056179775 0.40537219101123595 0.5660112359550562 0.39185393258426965 0.5617977528089888 0.3867626404494382 0.5507958801498127 0.3885182584269663 0.5400280898876404 0.3929073033707865 0.5348782771535581 0.4043188202247191 0.5311329588014981
0 0.5884831460674157 0.6484082397003745 0.5932233146067416 0.6528558052434457 0.5963834269662921 0.6680711610486891 0.5914676966292135 0.6821161048689138 0.5814606741573034 0.6877340823970037 0.5675912921348315 0.6722846441947565 0.5674157303370787 0.6580056179775281 0.5721558988764045 0.6493445692883895 0.5883075842696629 0.6484082397003745
0 0.6190308988764045 0.5760767790262172 0.6272823033707865 0.5826310861423221 0.6304424157303371 0.5933988764044944 0.6271067415730337 0.6065074906367042 0.6199087078651685 0.6118913857677902 0.6125351123595506 0.6109550561797753 0.605688202247191 0.6060393258426966 0.6016502808988764 0.5966760299625468 0.6058637640449438 0.5805243445692884 0.6127106741573034 0.576310861423221 0.6188553370786517 0.5760767790262172
0 0.36007724719101125 0.6528558052434457 0.3669241573033708 0.6570692883895131 0.37008426966292135 0.6650280898876404 0.3709620786516854 0.6757958801498127 0.36622191011235955 0.6858614232209738 0.35849719101123595 0.6907771535580525 0.352001404494382 0.6905430711610487 0.347436797752809 0.6865636704119851 0.34427668539325845 0.6793071161048689 0.34375 0.6701779026217228 0.34462780898876405 0.6638576779026217 0.34884129213483145 0.6566011235955056 0.3558637640449438 0.6519194756554307 0.35990168539325845 0.6528558052434457
0 0.5196629213483146 0.6570692883895131 0.526685393258427 0.6591760299625468 0.5337078651685393 0.6713483146067416 0.532127808988764 0.68562734082397 0.5224719101123596 0.6938202247191011 0.5158005617977528 0.6931179775280899 0.5121137640449438 0.6898408239700374 0.5077247191011236 0.6790730337078652 0.5091292134831461 0.6647940074906367 0.5194873595505618 0.6570692883895131
0 0.4919241573033708 0.48314606741573035 0.49894662921348315 0.48852996254681647 0.5019311797752809 0.5009363295880149 0.49929775280898875 0.5133426966292135 0.49122191011235955 0.5177902621722846 0.4805126404494382 0.5159176029962547 0.4768258426966292 0.5084269662921348 0.47577247191011235 0.5004681647940075 0.477001404494382 0.4913389513108614 0.480688202247191 0.4850187265917603 0.491748595505618 0.48314606741573035
0 0.616748595505618 0.36563670411985016 0.6260533707865169 0.37336142322097376 0.6285112359550562 0.38436329588014984 0.6251755617977528 0.3946629213483146 0.6163974719101124 0.4014513108614232 0.6097261235955056 0.39957865168539325 0.6041081460674157 0.39442883895131087 0.6021769662921348 0.39021535580524347 0.6016502808988764 0.37663857677902624 0.6063904494382022 0.3693820224719101 0.6165730337078652 0.36563670411985016
0 0.40519662921348315 0.39840823970037453 0.41081460674157305 0.40051498127340823 0.41520365168539325 0.4068352059925094 0.41660814606741575 0.4250936329588015 0.40888342696629215 0.4339887640449438 0.4022120786516854 0.43562734082397003 0.39396067415730335 0.43352059925093633 0.3902738764044944 0.4288389513108614 0.3888693820224719 0.414559925093633 0.39360955056179775 0.40098314606741575 0.40502106741573035 0.39840823970037453
0 0.41871488764044945 0.6453651685393258 0.4299508426966292 0.6509831460674157 0.43293539325842695 0.6587078651685393 0.430126404494382 0.6729868913857678 0.4216994382022472 0.6804775280898876 0.4143258426966292 0.677434456928839 0.4101123595505618 0.6715823970037453 0.4085323033707865 0.6650280898876404 0.40958567415730335 0.650749063670412 0.41853932584269665 0.6453651685393258
0 0.4573384831460674 0.35557116104868913 0.46734550561797755 0.3618913857677903 0.46980337078651685 0.37663857677902624 0.4652387640449438 0.38670411985018727 0.45646067415730335 0.3913857677902622 0.453125 0.39115168539325845 0.4455758426966292 0.38412921348314605 0.4432935393258427 0.3728932584269663 0.44469803370786515 0.3647003745318352 0.44838483146067415 0.35884831460674155 0.4571629213483146 0.35557116104868913
0 0.5832162921348315 0.41034644194756553 0.5926966292134831 0.41807116104868913 0.5909410112359551 0.44147940074906367 0.5825140449438202 0.44967228464419473 0.5711025280898876 0.4515449438202247 0.5658356741573034 0.4461610486891386 0.566186797752809 0.42158239700374533 0.5716292134831461 0.41245318352059923 0.5830407303370787 0.41034644194756553
0 0.36271067415730335 0.43679775280898875 0.37412219101123595 0.44241573033707865 0.37763342696629215 0.45271535580524347 0.3751755617977528 0.46441947565543074 0.36393960674157305 0.4714419475655431 0.3551615168539326 0.4679307116104869 0.35094803370786515 0.46114232209737827 0.3500702247191011 0.45341760299625467 0.352001404494382 0.4426498127340824 0.35621488764044945 0.43820224719101125 0.36253511235955055 0.43679775280898875
0 0.4043188202247191 0.4421816479400749 0.41134129213483145 0.4461610486891386 0.41485252808988765 0.45435393258426965 0.41151685393258425 0.47097378277153557 0.40484550561797755 0.4756554307116105 0.3969452247191011 0.4747191011235955 0.38799157303370785 0.46348314606741575 0.3888693820224719 0.4515449438202247 0.39202949438202245 0.44662921348314605 0.39905196629213485 0.4421816479400749 0.4041432584269663 0.4421816479400749
0 0.5270365168539326 0.3136704119850187 0.5363412921348315 0.3223314606741573 0.5387991573033708 0.33497191011235955 0.532127808988764 0.3487827715355805 0.5231741573033708 0.351123595505618 0.5112359550561798 0.34527153558052437 0.5084269662921348 0.33239700374531833 0.5152738764044944 0.31624531835205993 0.5268609550561798 0.3136704119850187
0 0.45646067415730335 0.4829119850187266 0.4633075842696629 0.48478464419475653 0.4683988764044944 0.48993445692883897 0.4710323033707865 0.5002340823970037 0.4685744382022472 0.5117041198501873 0.46418539325842695 0.5170880149812734 0.4571629213483146 0.5194288389513109 0.449438202247191 0.516619850187266 0.4473314606741573 0.5133426966292135 0.44469803370786515 0.5023408239700374 0.4452247191011236 0.4943820224719101 0.4489115168539326 0.4859550561797753 0.45628511235955055 0.48314606741573035
0 0.492626404494382 0.3586142322097378 0.4996488764044944 0.3618913857677903 0.5040379213483146 0.37312734082397003 0.5021067415730337 0.38717228464419473 0.49473314606741575 0.3925561797752809 0.4882373595505618 0.39185393258426965 0.48314606741573035 0.3881086142322097 0.47910814606741575 0.37687265917602997 0.4799859550561798 0.37008426966292135 0.48525280898876405 0.3618913857677903 0.4924508426966292 0.3586142322097378
0 0.3962429775280899 0.35346441947565543 0.40484550561797755 0.3586142322097378 0.4066011235955056 0.37265917602996257 0.4020365168539326 0.3827247191011236 0.3927317415730337 0.38647003745318353 0.38728932584269665 0.3857677902621723 0.3829002808988764 0.38108614232209737 0.37991573033707865 0.37336142322097376 0.37991573033707865 0.36352996254681647 0.3871137640449438 0.35369850187265917 0.3960674157303371 0.35346441947565543
0 0.363061797752809 0.6060393258426966 0.3714887640449438 0.6093164794007491 0.3767556179775281 0.6240636704119851 0.3707865168539326 0.637874531835206 0.36025280898876405 0.6427902621722846 0.35094803370786515 0.6364700374531835 0.34831460674157305 0.6306179775280899 0.3479634831460674 0.6210205992509363 0.3512991573033708 0.6100187265917603 0.3628862359550562 0.6060393258426966
0 0.5540730337078652 0.613061797752809 0.5609199438202247 0.6163389513108615 0.566186797752809 0.6303838951310862 0.5649578651685393 0.6444288389513109 0.5575842696629213 0.6523876404494382 0.5466994382022472 0.6509831460674157 0.5410814606741573 0.6448970037453183 0.5389747191011236 0.6371722846441947 0.5403792134831461 0.6165730337078652 0.542310393258427 0.613061797752809 0.5538974719101124 0.613061797752809
0 0.3628862359550562 0.5547752808988764 0.3734199438202247 0.5561797752808989 0.3806179775280899 0.5639044943820225 0.38184691011235955 0.5711610486891385 0.38026685393258425 0.5798220973782772 0.3765800561797753 0.5926966292134831 0.3732443820224719 0.5973782771535581 0.3591994382022472 0.5933988764044944 0.35235252808988765 0.5847378277153558 0.35094803370786515 0.5713951310861424 0.35235252808988765 0.56437265917603 0.35849719101123595 0.5559456928838952 0.36271067415730335 0.5547752808988764
0 0.6172752808988764 0.3249063670411985 0.6244733146067416 0.3312265917602996 0.625877808988764 0.3424625468164794 0.6221910112359551 0.3527621722846442 0.6151685393258427 0.3579119850187266 0.6091994382022472 0.35720973782771537 0.6049859550561798 0.35346441947565543 0.6004213483146067 0.3455056179775281 0.6005969101123596 0.3387172284644195 0.605688202247191 0.3274812734082397 0.6170997191011236 0.3249063670411985
0 0.363061797752809 0.350187265917603 0.37166432584269665 0.3548689138576779 0.37552668539325845 0.3642322097378277 0.3732443820224719 0.37991573033707865 0.36464185393258425 0.38553370786516855 0.3558637640449438 0.38319288389513106 0.3512991573033708 0.3771067415730337 0.3491924157303371 0.36704119850187267 0.35270365168539325 0.35463483146067415 0.3628862359550562 0.350187265917603
0 0.4357443820224719 0.39185393258426965 0.4429424157303371 0.3937265917602996 0.45031601123595505 0.40308988764044945 0.4513693820224719 0.41502808988764045 0.44645365168539325 0.4241573033707865 0.44259129213483145 0.42907303370786515 0.4352176966292135 0.4286048689138577 0.42521067415730335 0.42181647940074907 0.4241573033707865 0.4033239700374532 0.4278441011235955 0.39630149812734083 0.4355688202247191 0.3920880149812734
0 0.4273174157303371 0.3522940074906367 0.43679775280898875 0.35931647940074907 0.43820224719101125 0.3698501872659176 0.4339887640449438 0.38108614232209737 0.4260884831460674 0.3862359550561798 0.41906601123595505 0.3848314606741573 0.41502808988764045 0.38108614232209737 0.4122191011235955 0.3686797752808989 0.4137991573033708 0.36025280898876405 0.41731039325842695 0.3548689138576779 0.42714185393258425 0.3522940074906367
0 0.6183286516853933 0.5353464419475655 0.6267556179775281 0.5433052434456929 0.628686797752809 0.5538389513108615 0.6269311797752809 0.5632022471910112 0.6162219101123596 0.5723314606741573 0.6030547752808989 0.5648408239700374 0.6002457865168539 0.5571161048689138 0.6002457865168539 0.5498595505617978 0.6016502808988764 0.5440074906367042 0.6060393258426966 0.5383895131086143 0.6181530898876404 0.5353464419475655
0 0.49473314606741575 0.31320224719101125 0.5024578651685393 0.31788389513108617 0.5066713483146067 0.33146067415730335 0.5031601123595506 0.34269662921348315 0.4984199438202247 0.34808052434456926 0.48771067415730335 0.34620786516853935 0.48367275280898875 0.3424625468164794 0.48156601123595505 0.3352059925093633 0.4840238764044944 0.3181179775280899 0.4945575842696629 0.31320224719101125
0 0.6209620786516854 0.6203183520599251 0.6285112359550562 0.6266385767790262 0.6309691011235955 0.6392790262172284 0.6274578651685393 0.650749063670412 0.6199087078651685 0.6556647940074907 0.6091994382022472 0.6519194756554307 0.6034058988764045 0.6439606741573034 0.6021769662921348 0.636938202247191 0.6049859550561798 0.6294475655430711 0.6128862359550562 0.6198501872659176 0.6207865168539326 0.6203183520599251
0 0.4943820224719101 0.5273876404494382 0.5024578651685393 0.5346441947565543 0.5035112359550562 0.5465823970037453 0.5017556179775281 0.5557116104868914 0.49297752808988765 0.5622659176029963 0.48560393258426965 0.5613295880149812 0.4803370786516854 0.5573501872659176 0.4764747191011236 0.5433052434456929 0.4808637640449438 0.5297284644194756 0.48718398876404495 0.526685393258427 0.4942064606741573 0.5273876404494382
0 0.4566362359550562 0.5341760299625468 0.4645365168539326 0.5379213483146067 0.46997893258426965 0.5510299625468165 0.4671699438202247 0.5655430711610487 0.45997191011235955 0.5704588014981273 0.44856039325842695 0.5653089887640449 0.4434691011235955 0.5543071161048689 0.44610252808988765 0.5390917602996255 0.45646067415730335 0.5341760299625468
0 0.37008426966292135 0.4777621722846442 0.38026685393258425 0.4833801498127341 0.3846558988764045 0.49391385767790263 0.38360252808988765 0.5053838951310862 0.3746488764044944 0.5149812734082397 0.3576193820224719 0.5095973782771536 0.35252808988764045 0.49812734082397003 0.35797050561797755 0.4833801498127341 0.36271067415730335 0.4789325842696629 0.36990870786516855 0.4777621722846442
0 0.581811797752809 0.3642322097378277 0.5884831460674157 0.36750936329588013 0.5925210674157303 0.37312734082397003 0.5944522471910112 0.38342696629213485 0.5919943820224719 0.39396067415730335 0.5853230337078652 0.39864232209737827 0.5730337078651685 0.39653558052434457 0.5679424157303371 0.39091760299625467 0.5679424157303371 0.3761704119850187 0.5700491573033708 0.36961610486891383 0.5816362359550562 0.3642322097378277
0 0.4280196629213483 0.6067415730337079 0.43223314606741575 0.6093164794007491 0.43504213483146065 0.6228932584269663 0.43433988764044945 0.6336610486891385 0.43679775280898875 0.6371722846441947 0.4332865168539326 0.6404494382022472 0.4334620786516854 0.6439606741573034 0.4259129213483146 0.6395131086142322 0.4183637640449438 0.6420880149812734 0.41151685393258425 0.6395131086142322 0.4080056179775281 0.636938202247191 0.4043188202247191 0.6273408239700374 0.4043188202247191 0.6182116104868914 0.40905898876404495 0.6097846441947565 0.4278441011235955 0.6067415730337079
0 0.42907303370786515 0.3157771535580524 0.43627106741573035 0.32069288389513106 0.43995786516853935 0.33590823970037453 0.43679775280898875 0.34620786516853935 0.42872191011235955 0.3497191011235955 0.4216994382022472 0.34737827715355807 0.41695926966292135 0.3424625468164794 0.4141502808988764 0.3291198501872659 0.42064606741573035 0.31788389513108617 0.42889747191011235 0.3157771535580524
0 0.6069171348314607 0.49461610486891383 0.6206109550561798 0.49719101123595505 0.6255266853932584 0.5058520599250936 0.6235955056179775 0.5234082397003745 0.6178019662921348 0.5304307116104869 0.609375 0.5323033707865169 0.6023525280898876 0.5294943820224719 0.5995435393258427 0.5191947565543071 0.5988412921348315 0.49976591760299627 0.6034058988764045 0.4948501872659176 0.6067415730337079 0.49461610486891383
0 0.6197331460674157 0.6561329588014981 0.6262289325842697 0.6601123595505618 0.6302668539325843 0.6673689138576779 0.6314957865168539 0.6825842696629213 0.6300912921348315 0.6900749063670412 0.6264044943820225 0.6959269662921348 0.6178019662921348 0.6987359550561798 0.6120084269662921 0.6977996254681648 0.6053370786516854 0.6921816479400749 0.6018258426966292 0.6853932584269663 0.6004213483146067 0.6739232209737828 0.602001404494382 0.6650280898876404 0.6051615168539326 0.6601123595505618 0.6127106741573034 0.6556647940074907 0.6195575842696629 0.6561329588014981
0 0.5862008426966292 0.6128277153558053 0.5932233146067416 0.6182116104868914 0.5951544943820225 0.6296816479400749 0.5925210674157303 0.6402153558052435 0.5816362359550562 0.647003745318352 0.5709269662921348 0.6430243445692884 0.5693469101123596 0.6226591760299626 0.5719803370786517 0.6170411985018727 0.5768960674157303 0.6132958801498127 0.5860252808988764 0.6128277153558053
0 0.5194873595505618 0.3625936329588015 0.5268609550561798 0.36563670411985016 0.5316011235955056 0.37312734082397003 0.5294943820224719 0.38974719101123595 0.5263342696629213 0.39489700374531833 0.5198384831460674 0.397940074906367 0.5080758426966292 0.39442883895131087 0.5061446629213483 0.3782771535580524 0.5063202247191011 0.37312734082397003 0.5100070224719101 0.36587078651685395 0.519311797752809 0.3625936329588015
0 0.3746488764044944 0.39653558052434457 0.382373595505618 0.4044943820224719 0.38360252808988765 0.41502808988764045 0.37991573033707865 0.42743445692883897 0.3711376404494382 0.43141385767790263 0.3595505617977528 0.4286048689138577 0.35656601123595505 0.42181647940074907 0.35621488764044945 0.4112827715355805 0.3613061797752809 0.3991104868913858 0.3686797752808989 0.3951310861423221 0.37447331460674155 0.39653558052434457
0 0.547752808988764 0.3651685393258427 0.5600421348314607 0.37312734082397003 0.561622191011236 0.3883426966292135 0.5568820224719101 0.40051498127340823 0.5470505617977528 0.4044943820224719 0.5391502808988764 0.3993445692883895 0.5351123595505618 0.386001872659176 0.5363412921348315 0.37312734082397003 0.542310393258427 0.3661048689138577 0.5475772471910112 0.3651685393258427
0 0.37377106741573035 0.5177902621722846 0.3809691011235955 0.5243445692883895 0.38342696629213485 0.5388576779026217 0.3804424157303371 0.5489232209737828 0.37008426966292135 0.5538389513108615 0.36253511235955055 0.5536048689138576 0.35603932584269665 0.5491573033707865 0.35428370786516855 0.5433052434456929 0.355688202247191 0.5397940074906367 0.3535814606741573 0.5360486891385767 0.3558637640449438 0.5236423220973783 0.3591994382022472 0.523876404494382 0.36077949438202245 0.5201310861423221 0.37359550561797755 0.5177902621722846
2 0.6372893258426966 0.31445060861423224 0.3475231741573034 0.3059499063670412 0.3411476474719101 0.6936549625468165 0.6325939255617977 0.7010798220973783
1 0.46340063202247195 0.42293539325842694 0.02324438202247191 0.03438436329588015
1 0.49164676966292137 0.42382256554307113 0.024724367977528094 0.03303604868913858
1 0.5201141151685393 0.422689606741573 0.023140800561797754 0.03857443820224719
1 0.550591643258427 0.42612125468164797 0.02440308988764045 0.032954119850187265
1 0.5816766151685393 0.46738998127340825 0.018690308988764046 0.031224250936329585
1 0.5503546348314607 0.4651732209737828 0.022759831460674156 0.03459035580524345
1 0.5199648876404495 0.46399812734082396 0.02284058988764045 0.033801498127340825
1 0.4913851825842696 0.4644101123595506 0.025373946629213485 0.03150280898876405
1 0.46502457865168545 0.4641058052434457 0.02181004213483146 0.0293375468164794
1 0.433314606741573 0.4613249063670412 0.022761587078651686 0.03313670411985019
1 0.40199613764044945 0.5013249063670412 0.022155898876404494 0.04135065543071161
1 0.4329933286516854 0.5017134831460675 0.020948033707865167 0.03588717228464419
1 0.43224016853932584 0.5384878277153559 0.019441713483146068 0.029845505617977528
1 0.43039676966292134 0.5812968164794008 0.022779143258426966 0.03119616104868914
1 0.4605495084269663 0.583375468164794 0.02339185393258427 0.02442883895131086
1 0.46105863764044946 0.6184925093632958 0.024411867977528093 0.027558520599250937
1 0.4599403089887641 0.6596254681647941 0.029195926966292137 0.02711376404494382
1 0.4896260533707865 0.6590168539325844 0.027705407303370788 0.02277621722846442
1 0.48929599719101124 0.6200889513108614 0.02821804775280899 0.02762874531835206
1 0.4897138342696629 0.580812265917603 0.02671172752808989 0.027104400749063673
1 0.5177738764044943 0.5806086142322098 0.024313553370786518 0.025140449438202248
1 0.5476790730337079 0.5826872659176029 0.020921699438202247 0.02773642322097378
1 0.5795084269662921 0.5842345505617977 0.02254564606741573 0.027708333333333335
1 0.5474719101123595 0.5434176029962546 0.02284761235955056 0.03190308988764045
1 0.5813834269662921 0.5427926029962546 0.022786165730337076 0.033773408239700375
1 0.5810656601123596 0.5055102996254681 0.023319873595505622 0.0325561797752809
1 0.5497542134831461 0.5045505617977528 0.02272998595505618 0.03219569288389513
1 0.5196488764044944 0.5028698501872659 0.0233813202247191 0.03195458801498127
1 0.39846207865168537 0.621935861423221 0.026794241573033707 0.028202247191011238