0 0.5031601123595506 0.3082865168539326 0.5093047752808989 0.31296816479400746 0.511938202247191 0.3223314606741573 0.5100070224719101 0.3335674157303371 0.5015800561797753 0.3410580524344569 0.4943820224719101 0.3410580524344569 0.48771067415730335 0.335440074906367 0.4861306179775281 0.323501872659176 0.49139747191011235 0.31086142322097376 0.5029845505617978 0.3082865168539326
0 0.4220505617977528 0.636938202247191 0.4276685393258427 0.6425561797752809 0.43047752808988765 0.661750936329588 0.42310393258426965 0.6697097378277154 0.41678370786516855 0.6711142322097379 0.41134129213483145 0.6697097378277154 0.40730337078651685 0.6647940074906367 0.4039676966292135 0.6563670411985019 0.4039676966292135 0.6502808988764045 0.40502106741573035 0.6441947565543071 0.41099016853932585 0.6385767790262172 0.421875 0.636938202247191
0 0.6207865168539326 0.3637640449438202 0.6300912921348315 0.3684456928838951 0.6341292134831461 0.3796816479400749 0.6306179775280899 0.39325842696629215 0.6214887640449438 0.398876404494382 0.6160463483146067 0.398876404494382 0.608497191011236 0.39396067415730335 0.6053370786516854 0.37780898876404495 0.6111306179775281 0.3672752808988764 0.6206109550561798 0.3637640449438202
0 0.5231741573033708 0.6526217228464419 0.5314255617977528 0.6603464419475655 0.5340589887640449 0.672752808988764 0.5310744382022472 0.6844569288389513 0.522998595505618 0.68937265917603 0.5152738764044944 0.6875 0.5115870786516854 0.6839887640449438 0.5086025280898876 0.6753277153558053 0.5077247191011236 0.6619850187265918 0.5089536516853933 0.6573033707865169 0.522998595505618 0.6526217228464419
0 0.5860252808988764 0.4520131086142322 0.5935744382022472 0.45997191011235955 0.594627808988764 0.4726123595505618 0.5926966292134831 0.48080524344569286 0.5851474719101124 0.4868913857677903 0.5779494382022472 0.4859550561797753 0.5737359550561798 0.4824438202247191 0.5693469101123596 0.47027153558052437 0.5695224719101124 0.46301498127340823 0.5723314606741573 0.45739700374531833 0.5858497191011236 0.4520131086142322
0 0.5853230337078652 0.40777153558052437 0.5930477528089888 0.4112827715355805 0.5972612359550562 0.41807116104868913 0.597436797752809 0.4225187265917603 0.5965589887640449 0.43258426966292135 0.59375 0.4386704119850187 0.5851474719101124 0.44452247191011235 0.5742626404494382 0.438436329588015 0.5704002808988764 0.4250936329588015 0.5737359550561798 0.4122191011235955 0.5851474719101124 0.40777153558052437
0 0.5895365168539326 0.5313670411985019 0.6005969101123596 0.5393258426966292 0.6016502808988764 0.5571161048689138 0.5951544943820225 0.5669475655430711 0.5849719101123596 0.5681179775280899 0.5768960674157303 0.5617977528089888 0.5754915730337079 0.5463483146067416 0.578125 0.5372191011235955 0.5844452247191011 0.5318352059925093 0.5893609550561798 0.5313670411985019
0 0.36990870786516855 0.30102996254681647 0.3804424157303371 0.30711610486891383 0.3851825842696629 0.3176498127340824 0.3825491573033708 0.33169475655430714 0.37745786516853935 0.3366104868913858 0.36271067415730335 0.3356741573033708 0.35884831460674155 0.33169475655430714 0.35656601123595505 0.32467228464419473 0.35603932584269665 0.31530898876404495 0.359375 0.3057116104868914 0.36973314606741575 0.30102996254681647
0 0.4612008426966292 0.3155430711610487 0.46804775280898875 0.3171816479400749 0.47173455056179775 0.32092696629213485 0.47559691011235955 0.33754681647940077 0.47384129213483145 0.34386704119850187 0.46190308988764045 0.35042134831460675 0.45435393258426965 0.34691011235955055 0.44820926966292135 0.33497191011235955 0.44856039325842695 0.3274812734082397 0.4515449438202247 0.3202247191011236 0.45628511235955055 0.3157771535580524 0.4610252808988764 0.3155430711610487
0 0.49666432584269665 0.47869850187265917 0.5052668539325843 0.4836142322097378 0.5077247191011236 0.4922752808988764 0.5056179775280899 0.5063202247191011 0.49894662921348315 0.5131086142322098 0.4878862359550562 0.510065543071161 0.4820926966292135 0.4988295880149813 0.48490168539325845 0.4845505617977528 0.4901685393258427 0.4794007490636704 0.4964887640449438 0.47869850187265917
0 0.5265098314606742 0.43679775280898875 0.5368679775280899 0.4440543071161049 0.538623595505618 0.4592696629213483 0.5333567415730337 0.4693352059925094 0.5240519662921348 0.4726123595505618 0.5152738764044944 0.46676029962546817 0.5126404494382022 0.4506086142322097 0.5143960674157303 0.4426498127340824 0.5172050561797753 0.43937265917602997 0.5263342696629213 0.43679775280898875
0 0.6155196629213483 0.45575842696629215 0.6199087078651685 0.4580992509363296 0.6242977528089888 0.46652621722846443 0.6244733146067416 0.48080524344569286 0.6218398876404494 0.4850187265917603 0.6104283707865169 0.48829588014981273 0.6058637640449438 0.4875936329588015 0.6014747191011236 0.48314606741573035 0.5998946629213483 0.46652621722846443 0.6044592696629213 0.4576310861423221 0.6153441011235955 0.45575842696629215
0 0.5308988764044944 0.4836142322097378 0.5391502808988764 0.49087078651685395 0.5412570224719101 0.5025749063670412 0.5379213483146067 0.5145131086142322 0.5296699438202247 0.5182584269662921 0.5186095505617978 0.5145131086142322 0.5150983146067416 0.50187265917603 0.5184339887640449 0.4892322097378277 0.5252808988764045 0.48384831460674155 0.5307233146067416 0.4836142322097378
0 0.3572682584269663 0.6434925093632958 0.367626404494382 0.6500468164794008 0.37183988764044945 0.6650280898876404 0.3672752808988764 0.675561797752809 0.3558637640449438 0.6807116104868914 0.34673455056179775 0.675561797752809 0.3435744382022472 0.6612827715355806 0.34884129213483145 0.647003745318352 0.3570926966292135 0.6434925093632958
0 0.39729634831460675 0.4758895131086142 0.4080056179775281 0.4845505617977528 0.40888342696629215 0.49461610486891383 0.40519662921348315 0.5049157303370787 0.394311797752809 0.510065543071161 0.38728932584269665 0.5077247191011236 0.3830758426966292 0.5028089887640449 0.38167134831460675 0.48782771535580527 0.3865870786516854 0.47752808988764045 0.39712078651685395 0.4758895131086142
0 0.4594452247191011 0.5985486891385767 0.46629213483146065 0.6022940074906367 0.4708567415730337 0.6123595505617978 0.46734550561797755 0.6282771535580525 0.46032303370786515 0.6348314606741573 0.44662921348314605 0.6306179775280899 0.44399578651685395 0.6271067415730337 0.4429424157303371 0.6198501872659176 0.444873595505618 0.6093164794007491 0.4496137640449438 0.601123595505618 0.4592696629213483 0.5985486891385767
0 0.44978932584269665 0.6381086142322098 0.4573384831460674 0.6413857677902621 0.461376404494382 0.6474719101123596 0.45997191011235955 0.6612827715355806 0.4566362359550562 0.6676029962546817 0.44978932584269665 0.6729868913857678 0.4413623595505618 0.6692415730337079 0.43662219101123595 0.6587078651685393 0.4357443820224719 0.651685393258427 0.43855337078651685 0.6434925093632958 0.4496137640449438 0.6381086142322098
0 0.49894662921348315 0.3937265917602996 0.5063202247191011 0.397940074906367 0.5093047752808989 0.4056647940074906 0.5068469101123596 0.4220505617977528 0.5003511235955056 0.4276685393258427 0.48911516853932585 0.425561797752809 0.484375 0.42017790262172283 0.48297050561797755 0.41292134831460675 0.48367275280898875 0.40426029962546817 0.48718398876404495 0.3972378277153558 0.49877106741573035 0.3937265917602996
0 0.585498595505618 0.4911048689138577 0.5919943820224719 0.4957865168539326 0.5963834269662921 0.5035112359550562 0.5972612359550562 0.5156835205992509 0.5921699438202247 0.5259831460674157 0.5823384831460674 0.5301966292134831 0.5711025280898876 0.5241104868913857 0.5691713483146067 0.5049157303370787 0.5702247191011236 0.49812734082397003 0.5733848314606742 0.4932116104868914 0.5853230337078652 0.4911048689138577
0 0.5591643258426966 0.6605805243445693 0.5644311797752809 0.6659644194756554 0.5660112359550562 0.6786048689138576 0.5619733146067416 0.68937265917603 0.555126404494382 0.6928838951310862 0.5466994382022472 0.6907771535580525 0.5426615168539326 0.6863295880149812 0.5414325842696629 0.6690074906367042 0.5486306179775281 0.6598782771535581 0.5589887640449438 0.6605805243445693
0 0.4164325842696629 0.5971441947565543 0.42696629213483145 0.601123595505618 0.430126404494382 0.6116573033707865 0.42696629213483145 0.6247659176029963 0.4164325842696629 0.6306179775280899 0.4106390449438202 0.6282771535580525 0.4044943820224719 0.6165730337078652 0.4078300561797753 0.6027621722846442 0.4162570224719101 0.5971441947565543
0 0.36973314606741575 0.4250936329588015 0.3792134831460674 0.43258426966292135 0.3813202247191011 0.4452247191011236 0.3785112359550562 0.45529026217228463 0.36973314606741575 0.4616104868913858 0.36271067415730335 0.46114232209737827 0.3570926966292135 0.4576310861423221 0.3534058988764045 0.44569288389513106 0.355688202247191 0.4309456928838951 0.3695575842696629 0.4250936329588015
0 0.5584620786516854 0.3171816479400749 0.5653089887640449 0.31999063670411987 0.5719803370786517 0.3352059925093633 0.566186797752809 0.34925093632958804 0.5572331460674157 0.3522940074906367 0.5493328651685393 0.3485486891385768 0.5449438202247191 0.33497191011235955 0.5484550561797753 0.323501872659176 0.5582865168539326 0.3171816479400749
0 0.38799157303370785 0.5135767790262172 0.394311797752809 0.5149812734082397 0.3981741573033708 0.5189606741573034 0.39957865168539325 0.5330056179775281 0.3950140449438202 0.5409644194756554 0.3871137640449438 0.5465823970037453 0.38149578651685395 0.5454119850187266 0.3751755617977528 0.5397940074906367 0.37429775280898875 0.5280898876404494 0.3765800561797753 0.5189606741573034 0.38342696629213485 0.5135767790262172 0.38781601123595505 0.5135767790262172
0 0.4083567415730337 0.38412921348314605 0.4159058988764045 0.3892790262172285 0.4201193820224719 0.40051498127340823 0.4183637640449438 0.4122191011235955 0.4157303370786517 0.41619850187265917 0.40870786516853935 0.41970973782771537 0.4008075842696629 0.41830524344569286 0.3925561797752809 0.4080056179775281 0.39325842696629215 0.39747191011235955 0.39589185393258425 0.3904494382022472 0.4081811797752809 0.38412921348314605
0 0.5258075842696629 0.39232209737827717 0.5337078651685393 0.3977059925093633 0.535814606741573 0.41175093632958804 0.5319522471910112 0.4225187265917603 0.5237008426966292 0.426498127340824 0.5143960674157303 0.4232209737827715 0.5115870786516854 0.4173689138576779 0.5107092696629213 0.40730337078651685 0.5170294943820225 0.3937265917602996 0.5256320224719101 0.39232209737827717
0 0.3950140449438202 0.6065074906367042 0.3987008426966292 0.611189138576779 0.40133426966292135 0.6278089887640449 0.397998595505618 0.6374063670411985 0.38746488764044945 0.6453651685393258 0.37640449438202245 0.6374063670411985 0.37377106741573035 0.6193820224719101 0.3767556179775281 0.6123595505617978 0.3804424157303371 0.6093164794007491 0.3948384831460674 0.6065074906367042
0 0.5259831460674157 0.5973782771535581 0.5330056179775281 0.6048689138576779 0.534936797752809 0.6196161048689138 0.5294943820224719 0.6310861423220974 0.5198384831460674 0.6352996254681648 0.5121137640449438 0.6338951310861424 0.5093047752808989 0.6301498127340824 0.5056179775280899 0.6123595505617978 0.5143960674157303 0.6006554307116105 0.5258075842696629 0.5973782771535581
0 0.6235955056179775 0.49087078651685395 0.6320224719101124 0.49812734082397003 0.6344803370786517 0.5131086142322098 0.6302668539325843 0.5231741573033708 0.6232443820224719 0.5271535580524345 0.6162219101123596 0.526685393258427 0.6099016853932584 0.5227059925093633 0.6079705056179775 0.5189606741573034 0.6077949438202247 0.5091292134831461 0.6120084269662921 0.4974250936329588 0.6234199438202247 0.49087078651685395
0 0.363061797752809 0.3389513108614232 0.37447331460674155 0.3431647940074906 0.38009129213483145 0.35252808988764045 0.37816011235955055 0.36704119850187267 0.3695575842696629 0.37359550561797755 0.35990168539325845 0.37125468164794007 0.3549859550561798 0.36282771535580527 0.3555126404494382 0.3485486891385768 0.3628862359550562 0.3389513108614232
0 0.45593398876404495 0.40215355805243447 0.4648876404494382 0.40777153558052437 0.46734550561797755 0.42064606741573035 0.4648876404494382 0.4311797752808989 0.4571629213483146 0.4349250936329588 0.445751404494382 0.4323501872659176 0.4415379213483146 0.4262640449438202 0.44083567415730335 0.41853932584269665 0.44469803370786515 0.4058988764044944 0.45575842696629215 0.40215355805243447
0 0.5888342696629213 0.6437265917602997 0.5962078651685393 0.6505149812734082 0.5997191011235955 0.6685393258426966 0.5953300561797753 0.6786048689138576 0.5865519662921348 0.68562734082397 0.5760182584269663 0.677434456928839 0.5705758426966292 0.6690074906367042 0.569873595505618 0.663623595505618 0.5709269662921348 0.6542602996254682 0.5737359550561798 0.648876404494382 0.5809339887640449 0.6439606741573034 0.5886587078651685 0.6437265917602997
0 0.496313202247191 0.43375468164794007 0.5059691011235955 0.4419475655430712 0.5064957865168539 0.45529026217228463 0.5021067415730337 0.4653558052434457 0.4922752808988764 0.46863295880149813 0.4841994382022472 0.4639513108614232 0.4805126404494382 0.45646067415730335 0.4799859550561798 0.44592696629213485 0.48735955056179775 0.4353932584269663 0.4961376404494382 0.43375468164794007
0 0.6207865168539326 0.5313670411985019 0.6253511235955056 0.5332397003745318 0.6309691011235955 0.5400280898876404 0.6325491573033708 0.5491573033707865 0.628686797752809 0.5617977528089888 0.6197331460674157 0.5681179775280899 0.6095505617977528 0.5617977528089888 0.6062148876404494 0.5519662921348315 0.6090238764044944 0.536750936329588 0.6149929775280899 0.5320692883895131 0.6206109550561798 0.5313670411985019
0 0.5589887640449438 0.5252808988764045 0.5684691011235955 0.5325374531835206 0.5712780898876404 0.5419007490636704 0.5691713483146067 0.5543071161048689 0.5607443820224719 0.5617977528089888 0.5493328651685393 0.5573501872659176 0.5458216292134831 0.5514981273408239 0.5440660112359551 0.5423689138576779 0.5445926966292135 0.5362827715355806 0.5488061797752809 0.5294943820224719 0.5533707865168539 0.525749063670412 0.558813202247191 0.5252808988764045
0 0.5319522471910112 0.31203183520599254 0.5379213483146067 0.3181179775280899 0.5393258426966292 0.33192883895131087 0.5373946629213483 0.3387172284644195 0.5331811797752809 0.34363295880149813 0.5265098314606742 0.3464419475655431 0.5140449438202247 0.33754681647940077 0.5135182584269663 0.3232677902621723 0.5205407303370787 0.31273408239700373 0.5317766853932584 0.31203183520599254
0 0.488061797752809 0.5671816479400749 0.49701544943820225 0.5711610486891385 0.500877808988764 0.5814606741573034 0.4996488764044944 0.5924625468164794 0.49683988764044945 0.5987827715355806 0.48893960674157305 0.6020599250936329 0.48103932584269665 0.6008895131086143 0.47735252808988765 0.5976123595505618 0.4741924157303371 0.5859082397003745 0.4766502808988764 0.5742041198501873 0.48121488764044945 0.5685861423220974 0.4878862359550562 0.5671816479400749
0 0.43644662921348315 0.30969101123595505 0.4431179775280899 0.31624531835205993 0.4452247191011236 0.3279494382022472 0.44259129213483145 0.34058988764044945 0.43609550561797755 0.3455056179775281 0.4238061797752809 0.3424625468164794 0.42134831460674155 0.33824906367041196 0.41889044943820225 0.3232677902621723 0.42099719101123595 0.3160112359550562 0.42521067415730335 0.31109550561797755 0.43627106741573035 0.30969101123595505
0 0.36622191011235955 0.5603932584269663 0.37377106741573035 0.5636704119850188 0.37816011235955055 0.5709269662921348 0.3788623595505618 0.5821629213483146 0.37552668539325845 0.5917602996254682 0.36973314606741575 0.5976123595505618 0.36271067415730335 0.5971441947565543 0.35024578651685395 0.5849719101123596 0.3497191011235955 0.5781835205992509 0.35217696629213485 0.5676498127340824 0.36604634831460675 0.56062734082397
0 0.4392556179775281 0.4438202247191011 0.4473314606741573 0.4515449438202247 0.4496137640449438 0.46418539325842695 0.44276685393258425 0.48080524344569286 0.4375 0.48220973782771537 0.42872191011235955 0.47963483146067415 0.42433286516853935 0.47027153558052437 0.4234550561797753 0.462312734082397 0.42433286516853935 0.45318352059925093 0.4276685393258427 0.44756554307116103 0.43240870786516855 0.4440543071161049 0.4390800561797753 0.4438202247191011
0 0.3714887640449438 0.48010299625468167 0.375 0.4845505617977528 0.37991573033707865 0.5051498127340824 0.37429775280898875 0.5154494382022472 0.36411516853932585 0.5187265917602997 0.35867275280898875 0.5168539325842697 0.3534058988764045 0.5110018726591761 0.35235252808988765 0.49414794007490637 0.3590238764044944 0.48314606741573035 0.3637640449438202 0.48010299625468167 0.371313202247191 0.48010299625468167
0 0.48174157303370785 0.6477059925093633 0.49280196629213485 0.6521535580524345 0.49683988764044945 0.6647940074906367 0.4940308988764045 0.6783707865168539 0.484375 0.6844569288389513 0.4803370786516854 0.6835205992509363 0.47208567415730335 0.673689138576779 0.46997893258426965 0.6650280898876404 0.4705056179775281 0.6544943820224719 0.47735252808988765 0.6474719101123596 0.48156601123595505 0.6477059925093633
0 0.456811797752809 0.48829588014981273 0.4643609550561798 0.49391385767790263 0.46752106741573035 0.5035112359550562 0.4645365168539326 0.5154494382022472 0.456811797752809 0.5213014981273408 0.44610252808988765 0.5173220973782772 0.44276685393258425 0.5056179775280899 0.4468047752808989 0.49250936329588013 0.4566362359550562 0.48829588014981273
0 0.5914676966292135 0.3616573033707865 0.6002457865168539 0.36914794007490637 0.6034058988764045 0.3836610486891386 0.601123595505618 0.3913857677902622 0.5893609550561798 0.39536516853932585 0.5846207865168539 0.39489700374531833 0.5793539325842697 0.38881086142322097 0.5753160112359551 0.3801498127340824 0.5746137640449438 0.3728932584269663 0.5784761235955056 0.3663389513108614 0.5912921348314607 0.3616573033707865
0 0.6144662921348315 0.6526217228464419 0.6199087078651685 0.6540262172284644 0.6272823033707865 0.660814606741573 0.6314957865168539 0.677434456928839 0.6300912921348315 0.6865636704119851 0.6262289325842697 0.6933520599250936 0.6162219101123596 0.697565543071161 0.6063904494382022 0.6926498127340824 0.6000702247191011 0.6793071161048689 0.6041081460674157 0.6577715355805244 0.6142907303370787 0.6526217228464419
0 0.6216643258426966 0.323501872659176 0.6307935393258427 0.33075842696629215 0.6325491573033708 0.3419943820224719 0.6251755617977528 0.35369850187265917 0.6163974719101124 0.35767790262172283 0.6079705056179775 0.352059925093633 0.6049859550561798 0.34363295880149813 0.604810393258427 0.33590823970037453 0.6125351123595506 0.324438202247191 0.6214887640449438 0.323501872659176
0 0.5537219101123596 0.39021535580524347 0.5628511235955056 0.39325842696629215 0.5695224719101124 0.40426029962546817 0.5693469101123596 0.4131554307116105 0.5640800561797753 0.4225187265917603 0.5586376404494382 0.4243913857677903 0.551439606741573 0.4229868913857678 0.5424859550561798 0.4112827715355805 0.5435393258426966 0.39747191011235955 0.5535463483146067 0.3904494382022472
0 0.5402036516853933 0.3522940074906367 0.5474016853932584 0.3595505617977528 0.5498595505617978 0.37336142322097376 0.546875 0.38202247191011235 0.5365168539325843 0.39068352059925093 0.5242275280898876 0.37991573033707865 0.5231741573033708 0.36282771535580527 0.530372191011236 0.35463483146067415 0.5400280898876404 0.3522940074906367
0 0.5089536516853933 0.35369850187265917 0.5163272471910112 0.35908239700374533 0.5198384831460674 0.36891385767790263 0.5161516853932584 0.38249063670411987 0.5091292134831461 0.387874531835206 0.5007022471910112 0.3848314606741573 0.4957865168539326 0.37359550561797755 0.49947331460674155 0.35720973782771537 0.5087780898876404 0.35369850187265917
0 0.4922752808988764 0.6097846441947565 0.5001755617977528 0.6184456928838952 0.5022823033707865 0.6299157303370787 0.4984199438202247 0.6425561797752809 0.48946629213483145 0.6460674157303371 0.48384831460674155 0.6455992509363296 0.47770365168539325 0.6404494382022472 0.47542134831460675 0.6257022471910112 0.480688202247191 0.6128277153558053 0.4920997191011236 0.6097846441947565
0 0.5921699438202247 0.31952247191011235 0.5995435393258427 0.324438202247191 0.6032303370786517 0.33146067415730335 0.6037570224719101 0.3389513108614232 0.5997191011235955 0.3522940074906367 0.5895365168539326 0.3600187265917603 0.5814606741573034 0.3583801498127341 0.5753160112359551 0.3522940074906367 0.5737359550561798 0.3368445692883895 0.5800561797752809 0.3232677902621723 0.5847963483146067 0.3197565543071161 0.5919943820224719 0.31952247191011235
0 0.39764747191011235 0.42368913857677903 0.4120435393258427 0.4302434456928839 0.4178370786516854 0.4400749063670412 0.4183637640449438 0.4463951310861423 0.4159058988764045 0.4562265917602996 0.41151685393258425 0.4627808988764045 0.40537219101123595 0.4653558052434457 0.39396067415730335 0.46114232209737827 0.38922050561797755 0.449438202247191 0.38939606741573035 0.44241573033707865 0.39747191011235955 0.42368913857677903
2 0.35287921348314605 0.2941636235955056 0.6451667837078652 0.31215566479400747 0.6342489466292135 0.7024026217228465 0.33916573033707864 0.682877574906367
1 0.407529845505618 0.3331039325842697 0.023860603932584268 0.031065074906367042
1 0.40629740168539324 0.37237827715355803 0.026077949438202245 0.02846441947565543
1 0.4383356741573034 0.37719335205992505 0.022271769662921347 0.03029260299625468
1 0.4694188904494382 0.3769522471910112 0.02357443820224719 0.02980805243445693
1 0.558872893258427 0.37766151685393257 0.023411165730337077 0.031226591760299627
1 0.6134129213483146 0.42625936329588016 0.020129915730337077 0.031669007490636704
1 0.5535884831460673 0.4639208801498127 0.022205056179775282 0.03052902621722846
1 0.46794241573033707 0.458000936329588 0.022961727528089886 0.03116807116104869
1 0.43829705056179774 0.41723782771535584 0.01868328651685393 0.0307935393258427
1 0.3793539325842697 0.4115074906367041 0.019008075842696627 0.02713249063670412
1 0.37216292134831463 0.5377434456928838 0.017498244382022472 0.02991807116104869
1 0.36875 0.6170692883895131 0.017698384831460676 0.026273408239700372
1 0.3962341994382022 0.6644826779026217 0.02233672752808989 0.03371020599250936
1 0.4016906601123596 0.5744709737827715 0.020373946629213484 0.028466760299625467
1 0.4356425561797753 0.49469803370786514 0.02273700842696629 0.029655898876404494
1 0.43386938202247194 0.5335393258426967 0.02036165730337079 0.032432116104868916
1 0.43161516853932586 0.5730266853932584 0.020531952247191013 0.03182116104868914
1 0.46276158707865167 0.5734691011235955 0.021962780898876405 0.02958567415730337
1 0.46457689606741576 0.5354002808988764 0.020914676966292133 0.029913389513108617
1 0.49186622191011237 0.536315543071161 0.025166783707865167 0.03486657303370786
1 0.5206232443820225 0.5385463483146068 0.02181706460674157 0.029964887640449436
1 0.5195856741573034 0.5781484082397004 0.02442240168539326 0.03113998127340824
1 0.5516186797752809 0.5025538389513108 0.019434691011235957 0.028202247191011238
1 0.5475509129213483 0.579693352059925 0.02183637640449438 0.026427902621722846
1 0.5469241573033709 0.6188202247191011 0.02292134831460674 0.03133661048689139
1 0.5811727528089888 0.5832560861423222 0.018851825842696627 0.030433052434456927
1 0.5789448735955056 0.6216690074906367 0.02258953651685393 0.03235486891385768
1 0.6102580758426966 0.624126872659176 0.02201369382022472 0.029463951310861426
1 0.6110867275280899 0.5849133895131086 0.020159761235955056 0.027504681647940076