2 0.3522940660112359 0.3004056647940075 0.6425561797752809 0.3136704119850187 0.6355337078651685 0.7038078183520599 0.3411750351123596 0.6874220505617977
0 0.35042134831460675 0.313436329588015 0.35042134831460675 0.3211610486891386 0.352001404494382 0.32771535580524347 0.3537570224719101 0.33146067415730335 0.3590238764044944 0.336376404494382 0.36604634831460675 0.34012172284644193 0.36990870786516855 0.33941947565543074 0.37447331460674155 0.3366104868913858 0.3790379213483146 0.3279494382022472 0.3809691011235955 0.32162921348314605 0.37447331460674155 0.3038389513108614 0.37166432584269665 0.30032771535580527 0.3672752808988764 0.2982209737827715 0.36253511235955055 0.29728464419475653 0.3551615168539326 0.30032771535580527 0.35270365168539325 0.3038389513108614 0.3514747191011236 0.30711610486891383
0 0.35270365168539325 0.35884831460674155 0.35270365168539325 0.3663389513108614 0.3549859550561798 0.37312734082397003 0.35832162921348315 0.37780898876404495 0.36271067415730335 0.3815543071161049 0.36587078651685395 0.38342696629213485 0.37008426966292135 0.3836610486891386 0.3769311797752809 0.3874063670411985 0.37780898876404495 0.386001872659176 0.38149578651685395 0.38436329588014984 0.3843047752808989 0.3813202247191011 0.38395365168539325 0.37219101123595505 0.3846558988764045 0.36563670411985016 0.38412921348314605 0.36352996254681647 0.382373595505618 0.36025280898876405 0.3813202247191011 0.35580524344569286 0.37780898876404495 0.3506554307116105 0.3753511235955056 0.3485486891385768 0.36657303370786515 0.3441011235955056 0.3628862359550562 0.34527153558052437 0.3591994382022472 0.34737827715355807 0.3549859550561798 0.35135767790262173 0.3530547752808989 0.35557116104868913
0 0.3850070224719101 0.32865168539325845 0.3844803370786517 0.33146067415730335 0.38570926966292135 0.33497191011235955 0.38553370786516855 0.3387172284644195 0.38764044943820225 0.34527153558052437 0.38781601123595505 0.3487827715355805 0.38939606741573035 0.3508895131086142 0.3941362359550562 0.35369850187265917 0.3981741573033708 0.35369850187265917 0.4039676966292135 0.352059925093633 0.4097612359550562 0.3485486891385768 0.4118679775280899 0.33848314606741575 0.41134129213483145 0.3356741573033708 0.4118679775280899 0.3309925093632959 0.40941011235955055 0.325374531835206 0.4044943820224719 0.31952247191011235 0.3981741573033708 0.3169475655430712 0.39202949438202245 0.3176498127340824 0.3867626404494382 0.324438202247191
0 0.38799157303370785 0.3663389513108614 0.38799157303370785 0.37336142322097376 0.38939606741573035 0.38108614232209737 0.39343398876404495 0.3862359550561798 0.39729634831460675 0.3895131086142322 0.4043188202247191 0.3904494382022472 0.41151685393258425 0.3801498127340824 0.4123946629213483 0.37453183520599254 0.4122191011235955 0.36961610486891383 0.40958567415730335 0.36142322097378277 0.4058988764044944 0.35767790262172283 0.40098314606741575 0.35603932584269665 0.39378511235955055 0.35767790262172283 0.3904494382022472 0.3607209737827715
0 0.42134831460674155 0.32069288389513106 0.42134831460674155 0.3291198501872659 0.42240168539325845 0.3345037453183521 0.4239817415730337 0.33848314606741575 0.4280196629213483 0.3431647940074906 0.43258426966292135 0.3441011235955056 0.43855337078651685 0.3429307116104869 0.44030898876404495 0.34152621722846443 0.44452247191011235 0.3352059925093633 0.4454002808988764 0.33146067415730335 0.4450491573033708 0.3211610486891386 0.4432935393258427 0.3160112359550562 0.43890449438202245 0.3113295880149813 0.4336376404494382 0.30969101123595505 0.42837078651685395 0.3103932584269663 0.42433286516853935 0.3146067415730337
0 0.4234550561797753 0.36446629213483145 0.42292837078651685 0.3705524344569288 0.42521067415730335 0.3801498127340824 0.42872191011235955 0.3836610486891386 0.4355688202247191 0.3857677902621723 0.4378511235955056 0.38506554307116103 0.44610252808988765 0.38108614232209737 0.44856039325842695 0.37663857677902624 0.44820926966292135 0.3625936329588015 0.4475070224719101 0.35931647940074907 0.44452247191011235 0.35510299625468167 0.4392556179775281 0.35159176029962547 0.43504213483146065 0.351123595505618 0.4278441011235955 0.3539325842696629 0.42450842696629215 0.35884831460674155
0 0.45031601123595505 0.33239700374531833 0.45014044943820225 0.33497191011235955 0.45224719101123595 0.34386704119850187 0.4548806179775281 0.34831460674157305 0.45979634831460675 0.35135767790262173 0.4668188202247191 0.34948501872659177 0.47401685393258425 0.3487827715355805 0.4762991573033708 0.3419943820224719 0.4764747191011236 0.33801498127340823 0.47735252808988765 0.3356741573033708 0.4768258426966292 0.3312265917602996 0.47349016853932585 0.32162921348314605 0.4689255617977528 0.3176498127340824 0.46365870786516855 0.31624531835205993 0.4589185393258427 0.31647940074906367 0.4547050561797753 0.3192883895131086 0.45189606741573035 0.3237359550561798
0 0.45452949438202245 0.37570224719101125 0.45435393258426965 0.3801498127340824 0.4554073033707865 0.3848314606741573 0.4587429775280899 0.3904494382022472 0.4610252808988764 0.39279026217228463 0.4669943820224719 0.3951310861423221 0.46962780898876405 0.3934925093632959 0.47384129213483145 0.39279026217228463 0.47717696629213485 0.3904494382022472 0.4782303370786517 0.387874531835206 0.47963483146067415 0.3780430711610487 0.4789325842696629 0.3698501872659176 0.4747191011235955 0.363061797752809 0.472436797752809 0.3616573033707865 0.46734550561797755 0.3604868913857678 0.4633075842696629 0.3607209737827715 0.46190308988764045 0.3616573033707865 0.4575140449438202 0.36657303370786515 0.45593398876404495 0.3698501872659176
0 0.4841994382022472 0.3267790262172285 0.4840238764044944 0.33146067415730335 0.4847261235955056 0.3352059925093633 0.48771067415730335 0.34269662921348315 0.4898174157303371 0.3445692883895131 0.4898174157303371 0.34691011235955055 0.4887640449438202 0.3487827715355805 0.49087078651685395 0.34995318352059923 0.4938553370786517 0.3485486891385768 0.5015800561797753 0.3497191011235955 0.5057935393258427 0.34269662921348315 0.5087780898876404 0.33497191011235955 0.5091292134831461 0.3267790262172285 0.5071980337078652 0.31788389513108617 0.5052668539325843 0.3150749063670412 0.4982443820224719 0.3113295880149813 0.4938553370786517 0.31179775280898875 0.48964185393258425 0.31413857677902624 0.48771067415730335 0.31624531835205993 0.48525280898876405 0.32092696629213485
0 0.4898174157303371 0.37312734082397003 0.48929073033707865 0.3838951310861423 0.4901685393258427 0.39021535580524347 0.49104634831460675 0.3920880149812734 0.4943820224719101 0.3951310861423221 0.4998244382022472 0.3970037453183521 0.5050912921348315 0.39747191011235955 0.5086025280898876 0.39115168539325845 0.5089536516853933 0.38670411985018727 0.511060393258427 0.38038389513108617 0.5105337078651685 0.3728932584269663 0.5089536516853933 0.36914794007490637 0.5047401685393258 0.36563670411985016 0.5019311797752809 0.3647003745318352 0.4938553370786517 0.36540262172284643 0.49122191011235955 0.3663389513108614 0.49104634831460675 0.3698501872659176
0 0.5138693820224719 0.3279494382022472 0.5135182584269663 0.33169475655430714 0.514747191011236 0.3368445692883895 0.5170294943820225 0.3410580524344569 0.5215941011235955 0.3450374531835206 0.5210674157303371 0.34737827715355807 0.5177317415730337 0.34901685393258425 0.5226474719101124 0.351123595505618 0.5247542134831461 0.350187265917603 0.5323033707865169 0.35042134831460675 0.5356390449438202 0.3487827715355805 0.5347612359550562 0.34573970037453183 0.5391502808988764 0.33169475655430714 0.538623595505618 0.3176498127340824 0.5363412921348315 0.31413857677902624 0.5294943820224719 0.31062734082397003 0.5258075842696629 0.31062734082397003 0.5191362359550562 0.3136704119850187 0.5158005617977528 0.31952247191011235
0 0.5158005617977528 0.3661048689138577 0.5152738764044944 0.3801498127340824 0.5182584269662921 0.38459737827715357 0.523876404494382 0.387874531835206 0.5294943820224719 0.3890449438202247 0.5344101123595506 0.3862359550561798 0.5372191011235955 0.38295880149812733 0.5391502808988764 0.375936329588015 0.5391502808988764 0.3672752808988764 0.5375702247191011 0.36118913857677903 0.5335323033707865 0.35580524344569286 0.5259831460674157 0.3548689138576779 0.5214185393258427 0.35603932584269665 0.5177317415730337 0.36025280898876405
0 0.546875 0.32771535580524347 0.5454705056179775 0.33146067415730335 0.5456460674157303 0.34176029962546817 0.5475772471910112 0.3485486891385768 0.5496839887640449 0.352059925093633 0.5545997191011236 0.3548689138576779 0.5603932584269663 0.35557116104868913 0.5619733146067416 0.35346441947565543 0.5640800561797753 0.35252808988764045 0.567064606741573 0.34808052434456926 0.5688202247191011 0.3433988764044944 0.5700491573033708 0.33614232209737827 0.5689957865168539 0.32818352059925093 0.566186797752809 0.32303370786516855 0.5635533707865169 0.3202247191011236 0.5609199438202247 0.3188202247191011 0.5558286516853933 0.3188202247191011 0.5517907303370787 0.32069288389513106
0 0.5433637640449438 0.37687265917602997 0.5433637640449438 0.38249063670411987 0.5449438202247191 0.3895131086142322 0.5465238764044944 0.39279026217228463 0.5482794943820225 0.39442883895131087 0.550561797752809 0.3958333333333333 0.5547752808988764 0.39653558052434457 0.5607443820224719 0.3958333333333333 0.5640800561797753 0.3934925093632959 0.5656601123595506 0.38881086142322097 0.5674157303370787 0.3775749063670412 0.5667134831460674 0.3719569288389513 0.5640800561797753 0.3663389513108614 0.5603932584269663 0.3637640449438202 0.5547752808988764 0.362125468164794 0.5503862359550562 0.36352996254681647 0.546875 0.36587078651685395 0.5458216292134831 0.36750936329588013
0 0.5737359550561798 0.3728932584269663 0.5751404494382022 0.38295880149812733 0.5740870786516854 0.38857677902621723 0.5726825842696629 0.39115168539325845 0.5742626404494382 0.39325842696629215 0.5742626404494382 0.397940074906367 0.578125 0.3970037453183521 0.5805828651685393 0.3993445692883895 0.5884831460674157 0.40004681647940077 0.5988412921348315 0.39091760299625467 0.5993679775280899 0.3852996254681648 0.5988412921348315 0.37663857677902624 0.5967345505617978 0.37102059925093633 0.592872191011236 0.3663389513108614 0.5883075842696629 0.3642322097378277 0.5811095505617978 0.36446629213483145 0.577247191011236 0.3661048689138577 0.574438202247191 0.3698501872659176
0 0.5739115168539326 0.33614232209737827 0.5737359550561798 0.3419943820224719 0.5746137640449438 0.351123595505618 0.5777738764044944 0.3565074906367041 0.5814606741573034 0.3586142322097378 0.5847963483146067 0.35931647940074907 0.5919943820224719 0.3586142322097378 0.5962078651685393 0.3562734082397004 0.6004213483146067 0.34901685393258425 0.6028792134831461 0.3389513108614232 0.6025280898876404 0.3321629213483146 0.6000702247191011 0.3265449438202247 0.5962078651685393 0.32186329588014984 0.5919943820224719 0.31999063670411987 0.5860252808988764 0.3202247191011236 0.5814606741573034 0.3223314606741573 0.5767205056179775 0.3279494382022472 0.5746137640449438 0.33239700374531833
0 0.6046348314606742 0.33801498127340823 0.6039325842696629 0.34573970037453183 0.605688202247191 0.352059925093633 0.6097261235955056 0.35603932584269665 0.6160463483146067 0.35884831460674155 0.6265800561797753 0.3595505617977528 0.6279845505617978 0.35674157303370785 0.6302668539325843 0.35580524344569286 0.633251404494382 0.3455056179775281 0.6314957865168539 0.33403558052434457 0.6300912921348315 0.33029026217228463 0.6199087078651685 0.323501872659176 0.613939606741573 0.32397003745318353 0.6090238764044944 0.3267790262172285 0.605688202247191 0.33169475655430714
0 0.6058637640449438 0.3801498127340824 0.6055126404494382 0.3874063670411985 0.6065660112359551 0.3937265917602996 0.6095505617977528 0.3970037453183521 0.6153441011235955 0.398876404494382 0.6200842696629213 0.398876404494382 0.6244733146067416 0.3972378277153558 0.6285112359550562 0.39396067415730335 0.6309691011235955 0.3904494382022472 0.6318469101123596 0.3874063670411985 0.6321980337078652 0.37991573033707865 0.6302668539325843 0.37125468164794007 0.6278089887640449 0.3682116104868914 0.6227176966292135 0.36540262172284643 0.6162219101123596 0.36540262172284643 0.6090238764044944 0.36961610486891383 0.6069171348314607 0.37312734082397003
0 0.6072682584269663 0.41596441947565543 0.6069171348314607 0.42532771535580527 0.6058637640449438 0.4286048689138577 0.6062148876404494 0.43258426966292135 0.6069171348314607 0.43562734082397003 0.610252808988764 0.43796816479400746 0.6158707865168539 0.4405430711610487 0.6227176966292135 0.4400749063670412 0.6279845505617978 0.436563670411985 0.6307935393258427 0.4323501872659176 0.6314957865168539 0.42907303370786515 0.6307935393258427 0.4164325842696629 0.6293890449438202 0.41175093632958804 0.625877808988764 0.4080056179775281 0.6232443820224719 0.40636704119850187 0.6202598314606742 0.4058988764044944 0.6163974719101124 0.4068352059925094 0.6099016853932584 0.41058052434456926
0 0.6004213483146067 0.4669943820224719 0.6004213483146067 0.47425093632958804 0.6016502808988764 0.4798689138576779 0.6039325842696629 0.4850187265917603 0.6077949438202247 0.4887640449438202 0.6127106741573034 0.49040262172284643 0.6160463483146067 0.48946629213483145 0.6209620786516854 0.4850187265917603 0.6246488764044944 0.4772940074906367 0.625 0.47237827715355807 0.6265800561797753 0.47027153558052437 0.6242977528089888 0.4653558052434457 0.6227176966292135 0.4637172284644195 0.6227176966292135 0.45529026217228463 0.6178019662921348 0.4520131086142322 0.613061797752809 0.45107677902621723 0.6090238764044944 0.4515449438202247 0.6063904494382022 0.45341760299625467 0.6042837078651685 0.4562265917602996
0 0.5977879213483146 0.5063202247191011 0.5979634831460674 0.5159176029962547 0.5962078651685393 0.5234082397003745 0.5962078651685393 0.5292602996254682 0.5986657303370787 0.5330056179775281 0.6060393258426966 0.5337078651685393 0.6195575842696629 0.5323033707865169 0.6239466292134831 0.5290262172284644 0.6260533707865169 0.525749063670412 0.6265800561797753 0.522003745318352 0.6285112359550562 0.5189606741573034 0.6283356741573034 0.4978932584269663 0.6235955056179775 0.49461610486891383 0.6181530898876404 0.49297752808988765 0.6121839887640449 0.49250936329588013 0.6051615168539326 0.4948501872659176 0.5993679775280899 0.5007022471910112
0 0.6028792134831461 0.5503277153558053 0.6018258426966292 0.5571161048689138 0.6039325842696629 0.5639044943820225 0.6079705056179775 0.5690543071161048 0.6123595505617978 0.5723314606741573 0.6232443820224719 0.572565543071161 0.6274578651685393 0.5681179775280899 0.6313202247191011 0.5601591760299626 0.6306179775280899 0.550561797752809 0.628686797752809 0.5447097378277154 0.6230688202247191 0.5383895131086143 0.6193820224719101 0.5360486891385767 0.6162219101123596 0.5351123595505618 0.609375 0.5360486891385767 0.6069171348314607 0.5402621722846442 0.6058637640449438 0.5444756554307116 0.6046348314606742 0.5456460674157303
0 0.6025280898876404 0.5852059925093633 0.6016502808988764 0.5924625468164794 0.6030547752808989 0.602996254681648 0.6044592696629213 0.6060393258426966 0.6127106741573034 0.6139981273408239 0.6197331460674157 0.6139981273408239 0.6232443820224719 0.613061797752809 0.6253511235955056 0.6090823970037453 0.6300912921348315 0.6058052434456929 0.6314957865168539 0.6022940074906367 0.6325491573033708 0.5945692883895131 0.6300912921348315 0.5849719101123596 0.6278089887640449 0.5802902621722846 0.6230688202247191 0.5758426966292135 0.6200842696629213 0.5746722846441947 0.6123595505617978 0.5749063670411985 0.6086727528089888 0.5770131086142322 0.6053370786516854 0.5802902621722846
0 0.6076193820224719 0.62312734082397 0.6069171348314607 0.6432584269662921 0.6090238764044944 0.6486423220973783 0.6111306179775281 0.6512172284644194 0.6120084269662921 0.6542602996254682 0.6237710674157303 0.6554307116104869 0.6283356741573034 0.6540262172284644 0.6313202247191011 0.648876404494382 0.633251404494382 0.6432584269662921 0.6346558988764045 0.6345973782771536 0.6337780898876404 0.6259363295880149 0.6302668539325843 0.6242977528089888 0.6246488764044944 0.6186797752808989 0.6197331460674157 0.6161048689138576 0.6091994382022472 0.6189138576779026
0 0.6023525280898876 0.6701779026217228 0.602001404494382 0.6786048689138576 0.6042837078651685 0.6860955056179775 0.6079705056179775 0.6928838951310862 0.6125351123595506 0.6963951310861424 0.6186797752808989 0.697565543071161 0.6244733146067416 0.6968632958801498 0.628686797752809 0.6938202247191011 0.6314957865168539 0.6900749063670412 0.6330758426966292 0.68562734082397 0.6337780898876404 0.6776685393258427 0.632373595505618 0.6683052434456929 0.6300912921348315 0.661750936329588 0.6262289325842697 0.6582397003745318 0.6209620786516854 0.6568352059925093 0.6111306179775281 0.6575374531835206 0.6076193820224719 0.6598782771535581 0.6037570224719101 0.6647940074906367
0 0.5623244382022472 0.6823501872659176 0.5621488764044944 0.68562734082397 0.5644311797752809 0.68937265917603 0.5677668539325843 0.6914794007490637 0.5712780898876404 0.6917134831460674 0.574438202247191 0.6933520599250936 0.5851474719101124 0.6919475655430711 0.589185393258427 0.6898408239700374 0.592872191011236 0.6853932584269663 0.5944522471910112 0.6814138576779026 0.5942766853932584 0.6640917602996255 0.5925210674157303 0.6582397003745318 0.5884831460674157 0.6542602996254682 0.5784761235955056 0.6502808988764045 0.5746137640449438 0.6500468164794008 0.5721558988764045 0.6509831460674157 0.5723314606741573 0.6528558052434457 0.5709269662921348 0.6561329588014981 0.5672401685393258 0.6612827715355806 0.5663623595505618 0.6718164794007491
0 0.5728581460674157 0.6198501872659176 0.5726825842696629 0.6296816479400749 0.573560393258427 0.6364700374531835 0.5730337078651685 0.6406835205992509 0.5740870786516854 0.6423220973782772 0.5802317415730337 0.6486423220973783 0.5884831460674157 0.6519194756554307 0.5923455056179775 0.6521535580524345 0.598314606741573 0.6486423220973783 0.6021769662921348 0.6395131086142322 0.6027036516853933 0.6334269662921348 0.6005969101123596 0.6228932584269663 0.5972612359550562 0.6163389513108615 0.5949789325842697 0.6144662921348315 0.5842696629213483 0.6137640449438202 0.5814606741573034 0.612125468164794 0.5784761235955056 0.6139981273408239 0.5747893258426966 0.6147003745318352
0 0.5726825842696629 0.5767790262172284 0.5711025280898876 0.5823970037453183 0.5725070224719101 0.5861423220973783 0.5728581460674157 0.5959737827715356 0.5723314606741573 0.599250936329588 0.574438202247191 0.6058052434456929 0.5793539325842697 0.6097846441947565 0.5884831460674157 0.6125936329588015 0.5949789325842697 0.612125468164794 0.5984901685393258 0.6081460674157303 0.6002457865168539 0.6027621722846442 0.6004213483146067 0.5978464419475655 0.5988412921348315 0.5861423220973783 0.5988412921348315 0.5814606741573034 0.5969101123595506 0.5777153558052435 0.5884831460674157 0.572565543071161 0.5770716292134831 0.5727996254681648 0.574438202247191 0.5739700374531835
0 0.5649578651685393 0.5395599250936329 0.5658356741573034 0.5426029962546817 0.5656601123595506 0.5447097378277154 0.5639044943820225 0.5468164794007491 0.567064606741573 0.5491573033707865 0.5686446629213483 0.5536048689138576 0.5696980337078652 0.5601591760299626 0.5689957865168539 0.56437265917603 0.5705758426966292 0.5676498127340824 0.5709269662921348 0.5711610486891385 0.5749648876404494 0.5704588014981273 0.5809339887640449 0.5716292134831461 0.5860252808988764 0.5713951310861424 0.5921699438202247 0.5688202247191011 0.5965589887640449 0.5639044943820225 0.5977879213483146 0.56062734082397 0.598314606741573 0.5543071161048689 0.597436797752809 0.5507958801498127 0.5977879213483146 0.5463483146067416 0.5972612359550562 0.5435393258426966 0.5955056179775281 0.5390917602996255 0.590063202247191 0.5330056179775281 0.5746137640449438 0.5294943820224719 0.5723314606741573 0.5299625468164794 0.5675912921348315 0.5325374531835206
0 0.5700491573033708 0.5051498127340824 0.5693469101123596 0.5159176029962547 0.5704002808988764 0.5210674157303371 0.5733848314606742 0.5255149812734082 0.5779494382022472 0.5287921348314607 0.5849719101123596 0.5304307116104869 0.5884831460674157 0.5299625468164794 0.5926966292134831 0.5255149812734082 0.5953300561797753 0.5201310861423221 0.5963834269662921 0.5161516853932584 0.5960323033707865 0.5044475655430711 0.5941011235955056 0.49812734082397003 0.5884831460674157 0.4927434456928839 0.5853230337078652 0.4913389513108614 0.5779494382022472 0.4911048689138577 0.574438202247191 0.4932116104868914 0.5709269662921348 0.49812734082397003
0 0.5672401685393258 0.4585674157303371 0.5674157303370787 0.46886704119850187 0.5737359550561798 0.48174157303370785 0.5775983146067416 0.4875936329588015 0.5835674157303371 0.48782771535580527 0.5872542134831461 0.4868913857677903 0.5911165730337079 0.4836142322097378 0.5939255617977528 0.47869850187265917 0.5953300561797753 0.47120786516853935 0.5941011235955056 0.4597378277153558 0.592872191011236 0.4559925093632959 0.589185393258427 0.45224719101123595 0.5783005617977528 0.4482677902621723 0.5760182584269663 0.4487359550561798 0.5746137640449438 0.4506086142322097 0.5711025280898876 0.449438202247191 0.5716292134831461 0.45341760299625467 0.569873595505618 0.45529026217228463 0.5677668539325843 0.4559925093632959
0 0.5754915730337079 0.4229868913857678 0.5754915730337079 0.4323501872659176 0.5770716292134831 0.43562734082397003 0.5816362359550562 0.44124531835205993 0.5879564606741573 0.44335205992509363 0.5921699438202247 0.4419475655430712 0.5988412921348315 0.43703183520599254 0.6005969101123596 0.43211610486891383 0.6009480337078652 0.42837078651685395 0.5997191011235955 0.41807116104868913 0.5958567415730337 0.41081460674157305 0.5919943820224719 0.4080056179775281 0.5847963483146067 0.40823970037453183 0.5798806179775281 0.41058052434456926 0.5763693820224719 0.4152621722846442
0 0.5440660112359551 0.4147940074906367 0.5440660112359551 0.4323501872659176 0.5463483146067416 0.436563670411985 0.5488061797752809 0.43984082397003743 0.5512640449438202 0.44147940074906367 0.5605688202247191 0.4421816479400749 0.5619733146067416 0.4410112359550562 0.5649578651685393 0.436563670411985 0.5663623595505618 0.43258426966292135 0.5665379213483146 0.41409176029962547 0.5605688202247191 0.40730337078651685 0.5575842696629213 0.40636704119850187 0.5502106741573034 0.40636704119850187 0.5451193820224719 0.41151685393258425
0 0.5124648876404494 0.40519662921348315 0.5121137640449438 0.4112827715355805 0.5135182584269663 0.42017790262172283 0.5154494382022472 0.4241573033707865 0.5189606741573034 0.42696629213483145 0.5219452247191011 0.42790262172284643 0.5286165730337079 0.4272003745318352 0.5319522471910112 0.4243913857677903 0.534936797752809 0.41970973782771537 0.535814606741573 0.4147940074906367 0.5354634831460674 0.4070692883895131 0.5345856741573034 0.40074906367041196 0.5326544943820225 0.3967696629213483 0.5224719101123596 0.39419475655430714 0.5186095505617978 0.3958333333333333 0.5158005617977528 0.3981741573033708 0.5136938202247191 0.40098314606741575
0 0.5135182584269663 0.448501872659176 0.5133426966292135 0.45435393258426965 0.5143960674157303 0.46254681647940077 0.5159761235955056 0.4658239700374532 0.5189606741573034 0.46863295880149813 0.5252808988764045 0.47073970037453183 0.5294943820224719 0.47027153558052437 0.5366924157303371 0.46348314606741575 0.5373946629213483 0.4602059925093633 0.5372191011235955 0.449438202247191 0.5328300561797753 0.43890449438202245 0.5293188202247191 0.43726591760299627 0.5221207865168539 0.43726591760299627 0.5191362359550562 0.43820224719101125 0.5154494382022472 0.4426498127340824
0 0.5070224719101124 0.48735955056179775 0.5071980337078652 0.4969569288389513 0.5086025280898876 0.5037453183520599 0.5135182584269663 0.5091292134831461 0.5154494382022472 0.510065543071161 0.5203651685393258 0.5102996254681648 0.5270365168539326 0.5079588014981273 0.5291432584269663 0.5056179775280899 0.5310744382022472 0.499063670411985 0.5314255617977528 0.4892322097378277 0.5300210674157303 0.48384831460674155 0.5263342696629213 0.4791666666666667 0.5212429775280899 0.47635767790262173 0.5145716292134831 0.477059925093633 0.5098314606741573 0.48057116104868913 0.5077247191011236 0.48384831460674155
0 0.5068469101123596 0.5320692883895131 0.5068469101123596 0.5400280898876404 0.5101825842696629 0.5468164794007491 0.5112359550561798 0.550561797752809 0.5103581460674157 0.5573501872659176 0.511938202247191 0.5594569288389513 0.5149227528089888 0.5610955056179775 0.5221207865168539 0.56062734082397 0.5294943820224719 0.5554775280898876 0.5335323033707865 0.5500936329588015 0.5366924157303371 0.5402621722846442 0.5365168539325843 0.5306647940074907 0.5335323033707865 0.5269194756554307 0.5323033707865169 0.5224719101123596 0.5284410112359551 0.5196629213483146 0.5224719101123596 0.5170880149812734 0.5186095505617978 0.5170880149812734 0.5112359550561798 0.5215355805243446 0.5086025280898876 0.5262172284644194
0 0.5114115168539326 0.5699906367041199 0.5100070224719101 0.5746722846441947 0.5100070224719101 0.5807584269662921 0.511060393258427 0.5823970037453183 0.5133426966292135 0.5835674157303371 0.514747191011236 0.5912921348314607 0.5145716292134831 0.5955056179775281 0.5161516853932584 0.5997191011235955 0.5222963483146067 0.6044007490636704 0.5263342696629213 0.6044007490636704 0.5307233146067416 0.6025280898876404 0.5351123595505618 0.5994850187265918 0.5372191011235955 0.5969101123595506 0.5400280898876404 0.5852059925093633 0.5402036516853933 0.5777153558052435 0.5356390449438202 0.5676498127340824 0.5254564606741573 0.5634363295880149 0.5121137640449438 0.5688202247191011
0 0.5105337078651685 0.6242977528089888 0.5100070224719101 0.6301498127340824 0.511938202247191 0.6404494382022472 0.515625 0.6444288389513109 0.5226474719101124 0.6455992509363296 0.5284410112359551 0.6423220973782772 0.5317766853932584 0.638810861423221 0.5347612359550562 0.6306179775280899 0.5354634831460674 0.6226591760299626 0.534936797752809 0.6196161048689138 0.5319522471910112 0.613061797752809 0.5258075842696629 0.6104868913857678 0.5222963483146067 0.6100187265917603 0.5177317415730337 0.6114232209737828 0.5149227528089888 0.6139981273408239 0.5112359550561798 0.6196161048689138
0 0.5342345505617978 0.6638576779026217 0.5333567415730337 0.6821161048689138 0.5351123595505618 0.68562734082397 0.538623595505618 0.6896067415730337 0.5465238764044944 0.6928838951310862 0.5503862359550562 0.6926498127340824 0.5545997191011236 0.6898408239700374 0.5595154494382022 0.6821161048689138 0.5612710674157303 0.6729868913857678 0.5614466292134831 0.6657303370786517 0.5603932584269663 0.6615168539325843 0.5572331460674157 0.6566011235955056 0.5500351123595506 0.6537921348314607 0.5447682584269663 0.653558052434457 0.5398525280898876 0.6551966292134831 0.5361657303370787 0.6577715355805244
0 0.5049157303370787 0.6622191011235955 0.5047401685393258 0.6762640449438202 0.5054424157303371 0.6800093632958801 0.5084269662921348 0.6860955056179775 0.5126404494382022 0.6891385767790262 0.5179073033707865 0.6900749063670412 0.5226474719101124 0.68937265917603 0.5251053370786517 0.6872659176029963 0.527563202247191 0.6830524344569289 0.5289676966292135 0.6788389513108615 0.5286165730337079 0.6652621722846442 0.5261587078651685 0.6594101123595506 0.523876404494382 0.6568352059925093 0.5207162921348315 0.6551966292134831 0.5149227528089888 0.6551966292134831 0.5121137640449438 0.6540262172284644 0.508251404494382 0.6563670411985019
0 0.4629564606741573 0.6678370786516854 0.4633075842696629 0.6704119850187266 0.4612008426966292 0.6823501872659176 0.4631320224719101 0.6853932584269663 0.46980337078651685 0.6867977528089888 0.47349016853932585 0.6886704119850188 0.4845505617977528 0.6886704119850188 0.4878862359550562 0.6879681647940075 0.4919241573033708 0.68562734082397 0.4984199438202247 0.6753277153558053 0.49912219101123595 0.6720505617977528 0.49912219101123595 0.661750936329588 0.4959620786516854 0.6547284644194756 0.4920997191011236 0.650749063670412 0.4845505617977528 0.6474719101123596 0.4766502808988764 0.6463014981273408 0.4722612359550562 0.648876404494382 0.46945224719101125 0.6521535580524345 0.46629213483146065 0.6612827715355806 0.46365870786516855 0.6650280898876404
0 0.4768258426966292 0.6254681647940075 0.4768258426966292 0.6306179775280899 0.4782303370786517 0.636938202247191 0.4780547752808989 0.6404494382022472 0.4808637640449438 0.6448970037453183 0.491748595505618 0.6481741573033708 0.49473314606741575 0.647003745318352 0.49912219101123595 0.6432584269662921 0.5017556179775281 0.6399812734082397 0.5026334269662921 0.6376404494382022 0.5026334269662921 0.62687265917603 0.5005266853932584 0.6186797752808989 0.49719101123595505 0.6142322097378277 0.4920997191011236 0.6114232209737828 0.49087078651685395 0.611189138576779 0.488061797752809 0.6128277153558053 0.4841994382022472 0.6118913857677902 0.480688202247191 0.6151685393258427 0.47787921348314605 0.6196161048689138
0 0.48314606741573035 0.5784176029962547 0.4824438202247191 0.5814606741573034 0.48314606741573035 0.584503745318352 0.48297050561797755 0.5957397003745318 0.48384831460674155 0.5990168539325843 0.48771067415730335 0.6027621722846442 0.49139747191011235 0.6046348314606742 0.4980688202247191 0.6048689138576779 0.5019311797752809 0.6025280898876404 0.5059691011235955 0.5985486891385767 0.5075491573033708 0.5922284644194756 0.5070224719101124 0.5823970037453183 0.5057935393258427 0.5774812734082397 0.5017556179775281 0.5704588014981273 0.49508426966292135 0.5674157303370787 0.4922752808988764 0.5676498127340824 0.49104634831460675 0.5688202247191011 0.4906952247191011 0.5706928838951311 0.4861306179775281 0.5732677902621723
0 0.4764747191011236 0.5365168539325843 0.4762991573033708 0.5442415730337079 0.477001404494382 0.549625468164794 0.4789325842696629 0.5550093632958801 0.48121488764044945 0.5582865168539326 0.48718398876404495 0.5615636704119851 0.4901685393258427 0.5615636704119851 0.49473314606741575 0.5610955056179775 0.5028089887640449 0.5571161048689138 0.5049157303370787 0.5498595505617978 0.5049157303370787 0.536750936329588 0.5031601123595506 0.5301966292134831 0.4984199438202247 0.5245786516853933 0.4920997191011236 0.5222378277153558 0.484375 0.5234082397003745 0.48191713483146065 0.525749063670412 0.4808637640449438 0.528558052434457 0.4784058988764045 0.5316011235955056
0 0.4766502808988764 0.4978932584269663 0.4766502808988764 0.5070224719101124 0.4782303370786517 0.512874531835206 0.4799859550561798 0.5156835205992509 0.4845505617977528 0.5170880149812734 0.48771067415730335 0.5191947565543071 0.4984199438202247 0.5159176029962547 0.5005266853932584 0.5121722846441947 0.5022823033707865 0.5058520599250936 0.5017556179775281 0.49859550561797755 0.49894662921348315 0.4911048689138577 0.49139747191011235 0.48525280898876405 0.48771067415730335 0.48478464419475653 0.4841994382022472 0.4857209737827715 0.4789325842696629 0.49157303370786515
0 0.4840238764044944 0.45318352059925093 0.48367275280898875 0.45669475655430714 0.48490168539325845 0.4669943820224719 0.4866573033707865 0.47284644194756553 0.4882373595505618 0.47495318352059923 0.4945575842696629 0.4779962546816479 0.4984199438202247 0.4782303370786517 0.5017556179775281 0.4772940074906367 0.5066713483146067 0.4737827715355805 0.5080758426966292 0.47027153558052437 0.5091292134831461 0.46254681647940077 0.5086025280898876 0.45646067415730335 0.5061446629213483 0.449438202247191 0.5047401685393258 0.4473314606741573 0.5014044943820225 0.4452247191011236 0.4956109550561798 0.44545880149812733 0.48946629213483145 0.44803370786516855
0 0.4882373595505618 0.41502808988764045 0.4885884831460674 0.4323501872659176 0.49139747191011235 0.4363295880149813 0.4943820224719101 0.43820224719101125 0.49894662921348315 0.43937265917602997 0.5049157303370787 0.43773408239700373 0.5086025280898876 0.4344569288389513 0.5101825842696629 0.4302434456928839 0.5117626404494382 0.42158239700374533 0.5103581460674157 0.41292134831460675 0.5061446629213483 0.4066011235955056 0.5017556179775281 0.4044943820224719 0.4980688202247191 0.4044943820224719 0.4945575842696629 0.4056647940074906 0.491748595505618 0.4075374531835206 0.48911516853932585 0.4110486891385768
0 0.4550561797752809 0.41807116104868913 0.4534761235955056 0.42181647940074907 0.4552317415730337 0.4288389513108614 0.4589185393258427 0.4353932584269663 0.46348314606741575 0.43937265917602997 0.4706811797752809 0.4407771535580524 0.4768258426966292 0.43773408239700373 0.4784058988764045 0.43562734082397003 0.4805126404494382 0.42907303370786515 0.4808637640449438 0.4241573033707865 0.4820926966292135 0.42158239700374533 0.4824438202247191 0.414559925093633 0.4805126404494382 0.40941011235955055 0.47735252808988765 0.40472846441947563 0.47331460674157305 0.40308988764044945 0.46980337078651685 0.40308988764044945 0.4652387640449438 0.4054307116104869 0.46383426966292135 0.4075374531835206 0.4606741573033708 0.40941011235955055 0.45786516853932585 0.4147940074906367
0 0.4529494382022472 0.4571629213483146 0.45224719101123595 0.46418539325842695 0.45400280898876405 0.4737827715355805 0.4585674157303371 0.4782303370786517 0.46365870786516855 0.48080524344569286 0.4671699438202247 0.48080524344569286 0.4726123595505618 0.47752808988764045 0.47594803370786515 0.47401685393258425 0.47770365168539325 0.46348314606741575 0.47787921348314605 0.4562265917602996 0.47735252808988765 0.45224719101123595 0.4747191011235955 0.44803370786516855 0.4706811797752809 0.44545880149812733 0.46348314606741575 0.44569288389513106 0.4575140449438202 0.44897003745318353 0.4547050561797753 0.4524812734082397
0 0.44610252808988765 0.4974250936329588 0.44592696629213485 0.50187265917603 0.4473314606741573 0.5086610486891385 0.44978932584269665 0.5126404494382022 0.4534761235955056 0.5156835205992509 0.45628511235955055 0.5170880149812734 0.46014747191011235 0.5170880149812734 0.46558988764044945 0.5154494382022472 0.46734550561797755 0.5133426966292135 0.4691011235955056 0.5077247191011236 0.47015449438202245 0.4974250936329588 0.4685744382022472 0.4911048689138577 0.4648876404494382 0.4866573033707865 0.45997191011235955 0.48408239700374533 0.453125 0.48431647940074907 0.44838483146067415 0.4897003745318352
0 0.4476825842696629 0.535814606741573 0.4476825842696629 0.5433052434456929 0.449438202247191 0.552434456928839 0.44838483146067415 0.5573501872659176 0.4594452247191011 0.5592228464419475 0.4647120786516854 0.5582865168539326 0.46875 0.5552434456928839 0.47120786516853935 0.5493913857677902 0.4726123595505618 0.5435393258426966 0.47155898876404495 0.5346441947565543 0.4685744382022472 0.5259831460674157 0.46348314606741575 0.5222378277153558 0.45610955056179775 0.5224719101123596 0.45014044943820225 0.5252808988764045
0 0.4510182584269663 0.5742041198501873 0.45066713483146065 0.584503745318352 0.4513693820224719 0.5875468164794008 0.4550561797752809 0.5955056179775281 0.4590941011235955 0.5987827715355806 0.4669943820224719 0.6006554307116105 0.4703300561797753 0.600187265917603 0.4745435393258427 0.596441947565543 0.47787921348314605 0.5884831460674157 0.4789325842696629 0.5814606741573034 0.4785814606741573 0.575374531835206 0.47542134831460675 0.5655430711610487 0.47173455056179775 0.5615636704119851 0.4664676966292135 0.5599250936329588 0.4566362359550562 0.5627340823970037 0.45224719101123595 0.5676498127340824
0 0.44662921348314605 0.6168071161048689 0.44610252808988765 0.6235955056179775 0.4490870786516854 0.6334269662921348 0.4529494382022472 0.6392790262172284 0.4566362359550562 0.641619850187266 0.46155196629213485 0.6420880149812734 0.46769662921348315 0.6406835205992509 0.47015449438202245 0.6315543071161048 0.4741924157303371 0.62312734082397 0.4741924157303371 0.6158707865168539 0.4703300561797753 0.6060393258426966 0.460498595505618 0.6020599250936329 0.4566362359550562 0.6020599250936329 0.4511938202247191 0.6058052434456929 0.4487359550561798 0.610252808988764
0 0.43837780898876405 0.6540262172284644 0.43802668539325845 0.6647940074906367 0.4431179775280899 0.6718164794007491 0.4432935393258427 0.6750936329588015 0.4490870786516854 0.6767322097378277 0.45365168539325845 0.674625468164794 0.45839185393258425 0.6694756554307116 0.46225421348314605 0.6615168539325843 0.4631320224719101 0.6544943820224719 0.4624297752808989 0.6502808988764045 0.45821629213483145 0.6441947565543071 0.45435393258426965 0.6418539325842697 0.45014044943820225 0.6409176029962547 0.44662921348314605 0.641619850187266 0.44452247191011235 0.6430243445692884 0.441186797752809 0.647003745318352 0.4390800561797753 0.6509831460674157
0 0.4085323033707865 0.6491104868913857 0.4083567415730337 0.6580056179775281 0.4097612359550562 0.6643258426966292 0.41151685393258425 0.6678370786516854 0.41151685393258425 0.6718164794007491 0.4137991573033708 0.6729868913857678 0.4157303370786517 0.675561797752809 0.41941713483146065 0.6783707865168539 0.421875 0.6790730337078652 0.4262640449438202 0.6750936329588015 0.42781899578651683 0.6706795411985019 0.43240870786516855 0.6645599250936329 0.43258426966292135 0.6551966292134831 0.4311797752808989 0.6472378277153558 0.4260884831460674 0.641619850187266 0.42257724719101125 0.6406835205992509 0.41485252808988765 0.6413857677902621 0.41116573033707865 0.6434925093632958
0 0.40765449438202245 0.6139981273408239 0.40712780898876405 0.6266385767790262 0.4101123595505618 0.6313202247191011 0.414501404494382 0.6348314606741573 0.42134831460674155 0.6367041198501873 0.42521067415730335 0.6367041198501873 0.43486657303370785 0.6334269662921348 0.43820224719101125 0.6301498127340824 0.43644662921348315 0.6264044943820225 0.433813202247191 0.6235955056179775 0.4339887640449438 0.6158707865168539 0.4353932584269663 0.6142322097378277 0.43679775280898875 0.6144662921348315 0.4390800561797753 0.6182116104868914 0.4396067415730337 0.6168071161048689 0.4392556179775281 0.6135299625468165 0.4359199438202247 0.6065074906367042 0.4334620786516854 0.6046348314606742 0.43223314606741575 0.6025280898876404 0.42292837078651685 0.6006554307116105 0.41731039325842695 0.601123595505618 0.41309691011235955 0.6025280898876404 0.41081460674157305 0.6041666666666666 0.40923455056179775 0.6067415730337079
0 0.41713483146067415 0.5690543071161048 0.41678370786516855 0.5749063670411985 0.4174859550561798 0.5777153558052435 0.4216994382022472 0.5901217228464419 0.425561797752809 0.5962078651685393 0.4299508426966292 0.599250936329588 0.4390800561797753 0.6018258426966292 0.4434691011235955 0.5987827715355806 0.44592696629213485 0.5952715355805244 0.4487359550561798 0.5852059925093633 0.4490870786516854 0.5777153558052435 0.4476825842696629 0.5676498127340824 0.4436446629213483 0.5613295880149812 0.441186797752809 0.5596910112359551 0.4359199438202247 0.5582865168539326 0.42521067415730335 0.5580524344569289 0.42117275280898875 0.5610955056179775 0.4183637640449438 0.5653089887640449
0 0.41731039325842695 0.5259831460674157 0.4180126404494382 0.5290262172284644 0.41695926966292135 0.5323033707865169 0.41713483146067415 0.5456460674157303 0.42134831460674155 0.5519662921348315 0.4253862359550562 0.5550093632958801 0.43223314606741575 0.5557116104868914 0.43697331460674155 0.5522003745318352 0.44013342696629215 0.5472846441947565 0.4413623595505618 0.5433052434456929 0.44048455056179775 0.5308988764044944 0.4392556179775281 0.5262172284644194 0.43609550561797755 0.5224719101123596 0.4315308988764045 0.5203651685393258 0.4257373595505618 0.5201310861423221 0.42134831460674155 0.522003745318352
0 0.4197682584269663 0.4529494382022472 0.42117275280898875 0.46676029962546817 0.4202949438202247 0.47191011235955055 0.41924157303370785 0.4737827715355805 0.4234550561797753 0.48080524344569286 0.4276685393258427 0.48220973782771537 0.43433988764044945 0.48103932584269665 0.441186797752809 0.4779962546816479 0.44592696629213485 0.4737827715355805 0.4468047752808989 0.4705056179775281 0.44610252808988765 0.4669943820224719 0.44785814606741575 0.4637172284644195 0.44978932584269665 0.45435393258426965 0.4496137640449438 0.45224719101123595 0.44610252808988765 0.4447565543071161 0.4438202247191011 0.44499063670411987 0.4415379213483146 0.44358614232209737 0.4392556179775281 0.44030898876404495 0.43697331460674155 0.43913857677902624 0.42837078651685395 0.43890449438202245 0.4239817415730337 0.44288389513108617 0.4216994382022472 0.44686329588014984
0 0.4215238764044944 0.4220505617977528 0.4216994382022472 0.42602996254681647 0.4238061797752809 0.42743445692883897 0.425561797752809 0.4323501872659176 0.42889747191011235 0.43515917602996257 0.4392556179775281 0.43586142322097376 0.44452247191011235 0.4332865168539326 0.44627808988764045 0.43211610486891383 0.44978932584269665 0.42485955056179775 0.45172050561797755 0.41853932584269665 0.45172050561797755 0.4070692883895131 0.44785814606741575 0.3993445692883895 0.4390800561797753 0.39419475655430714 0.43469101123595505 0.39489700374531833 0.42907303370786515 0.3972378277153558 0.42521067415730335 0.40098314606741575 0.4234550561797753 0.40777153558052437 0.42292837078651685 0.4155742041198502
0 0.38922050561797755 0.39957865168539325 0.38816713483146065 0.40098314606741575 0.38957162921348315 0.4054307116104869 0.3885182584269663 0.4075374531835206 0.38939606741573035 0.41175093632958804 0.38957162921348315 0.41853932584269665 0.3922050561797753 0.42602996254681647 0.3948384831460674 0.4297752808988764 0.39729634831460675 0.4323501872659176 0.4041432584269663 0.4344569288389513 0.41116573033707865 0.4339887640449438 0.4137991573033708 0.43211610486891383 0.41485252808988765 0.42813670411985016 0.41731039325842695 0.42485955056179775 0.41889044943820225 0.41830524344569286 0.41889044943820225 0.41409176029962547 0.4164325842696629 0.40098314606741575 0.409936797752809 0.39653558052434457 0.39782303370786515 0.39536516853932585 0.39325842696629215 0.3960674157303371
0 0.3864115168539326 0.43937265917602997 0.38570926966292135 0.44499063670411987 0.38922050561797755 0.4669943820224719 0.39308286516853935 0.47425093632958804 0.40098314606741575 0.4768258426966292 0.41081460674157305 0.4758895131086142 0.4141502808988764 0.4737827715355805 0.413623595505618 0.4693352059925094 0.4141502808988764 0.46512172284644193 0.4162570224719101 0.4595037453183521 0.4164325842696629 0.4541198501872659 0.41344803370786515 0.44288389513108617 0.4122191011235955 0.4410112359550562 0.4078300561797753 0.43796816479400746 0.40326544943820225 0.43773408239700373 0.397998595505618 0.43515917602996257 0.3941362359550562 0.4344569288389513 0.3904494382022472 0.4344569288389513 0.3886938202247191 0.43562734082397003
0 0.3825491573033708 0.4943820224719101 0.3825491573033708 0.5007022471910112 0.38342696629213485 0.5051498127340824 0.3851825842696629 0.5093632958801498 0.38764044943820225 0.5117041198501873 0.3962429775280899 0.5140449438202247 0.4044943820224719 0.5124063670411985 0.4058988764044944 0.5098314606741573 0.4083567415730337 0.5088951310861424 0.40923455056179775 0.5065543071161048 0.4118679775280899 0.5051498127340824 0.41099016853932585 0.5021067415730337 0.41292134831460675 0.49836142322097376 0.4116924157303371 0.48431647940074907 0.4078300561797753 0.48384831460674155 0.402563202247191 0.4803370786516854 0.39764747191011235 0.47846441947565543 0.390625 0.4789325842696629 0.3871137640449438 0.48103932584269665
0 0.38588483146067415 0.5360486891385767 0.38588483146067415 0.5465823970037453 0.38816713483146065 0.549625468164794 0.3941362359550562 0.5533707865168539 0.39308286516853935 0.5557116104868914 0.3904494382022472 0.5573501872659176 0.397998595505618 0.5578183520599251 0.40326544943820225 0.5571161048689138 0.41134129213483145 0.549625468164794 0.4125702247191011 0.5468164794007491 0.41292134831460675 0.5395599250936329 0.4118679775280899 0.5273876404494382 0.40905898876404495 0.522003745318352 0.4041432584269663 0.5194288389513109 0.39729634831460675 0.5180243445692884 0.39009831460674155 0.5205992509363296 0.3883426966292135 0.5227059925093633 0.3871137640449438 0.5259831460674157
0 0.3790379213483146 0.5779494382022472 0.378686797752809 0.5814606741573034 0.3765800561797753 0.588249063670412 0.37745786516853935 0.5917602996254682 0.3806179775280899 0.5948033707865169 0.3843047752808989 0.6008895131086143 0.3867626404494382 0.6025280898876404 0.39115168539325845 0.6032303370786517 0.4008075842696629 0.600187265917603 0.40572331460674155 0.5966760299625468 0.4102879213483146 0.5877808988764045 0.41099016853932585 0.5739700374531835 0.40958567415730335 0.5697565543071161 0.4058988764044944 0.5648408239700374 0.4020365168539326 0.5625 0.3927317415730337 0.5603932584269663 0.38992275280898875 0.5603932584269663 0.3867626404494382 0.5622659176029963 0.3813202247191011 0.5711610486891385
0 0.375 0.6273408239700374 0.3751755617977528 0.6336610486891385 0.3769311797752809 0.635065543071161 0.37816011235955055 0.6376404494382022 0.3771067415730337 0.6409176029962547 0.37816011235955055 0.6423220973782772 0.3809691011235955 0.6434925093632958 0.3793890449438202 0.6474719101123596 0.38202247191011235 0.6474719101123596 0.3848314606741573 0.6444288389513109 0.3908005617977528 0.6430243445692884 0.39571629213483145 0.6404494382022472 0.3969452247191011 0.6371722846441947 0.3964185393258427 0.6334269662921348 0.39922752808988765 0.62687265917603 0.3987008426966292 0.6193820224719101 0.39536516853932585 0.6128277153558053 0.3944873595505618 0.6093164794007491 0.38728932584269665 0.6065074906367042 0.38360252808988765 0.6072097378277154 0.37991573033707865 0.611189138576779 0.3769311797752809 0.6161048689138576 0.37587780898876405 0.6193820224719101
0 0.3765800561797753 0.6638576779026217 0.3765800561797753 0.6795411985018727 0.3785112359550562 0.6832865168539326 0.38360252808988765 0.6867977528089888 0.38922050561797755 0.6879681647940075 0.39325842696629215 0.6867977528089888 0.4008075842696629 0.6800093632958801 0.40291432584269665 0.6760299625468165 0.40379213483146065 0.662687265917603 0.4023876404494382 0.6544943820224719 0.40098314606741575 0.6495786516853933 0.39729634831460675 0.647003745318352 0.3909761235955056 0.6465355805243446 0.38167134831460675 0.6505149812734082 0.3792134831460674 0.653558052434457
0 0.34708567415730335 0.6612827715355806 0.34673455056179775 0.6673689138576779 0.347436797752809 0.6750936329588015 0.34866573033707865 0.6779026217228464 0.352001404494382 0.6818820224719101 0.3576193820224719 0.6839887640449438 0.36271067415730335 0.6835205992509363 0.36622191011235955 0.6811797752808989 0.3686797752808989 0.6776685393258427 0.3707865168539326 0.6706460674157303 0.37166432584269665 0.6645599250936329 0.36990870786516855 0.6512172284644194 0.36622191011235955 0.6472378277153558 0.3590238764044944 0.6460674157303371 0.355688202247191 0.6477059925093633 0.35059691011235955 0.6526217228464419
0 0.34497893258426965 0.6179775280898876 0.34480337078651685 0.6198501872659176 0.3472612359550562 0.6242977528089888 0.3472612359550562 0.6266385767790262 0.3493679775280899 0.6285112359550562 0.35094803370786515 0.6320224719101124 0.35797050561797755 0.6355337078651685 0.3628862359550562 0.636938202247191 0.366748595505618 0.6345973782771536 0.37025983146067415 0.6301498127340824 0.371313202247191 0.6266385767790262 0.3707865168539326 0.6165730337078652 0.37166432584269665 0.6090823970037453 0.36780196629213485 0.6032303370786517 0.3653441011235955 0.601123595505618 0.3590238764044944 0.6004213483146067 0.3498946629213483 0.6058052434456929 0.3479634831460674 0.6109550561797753 0.3460323033707865 0.6128277153558053
0 0.34831460674157305 0.5718632958801498 0.34884129213483145 0.5805243445692884 0.3512991573033708 0.586376404494382 0.35428370786516855 0.5901217228464419 0.3590238764044944 0.5922284644194756 0.36639747191011235 0.5922284644194756 0.36973314606741575 0.5901217228464419 0.37394662921348315 0.5849719101123596 0.37183988764044945 0.5823970037453183 0.37166432584269665 0.5798220973782772 0.3730688202247191 0.5706928838951311 0.37447331460674155 0.5674157303370787 0.371313202247191 0.5601591760299626 0.36622191011235955 0.5550093632958801 0.359375 0.5545411985018727 0.3530547752808989 0.5589887640449438 0.3495435393258427 0.5646067415730337
0 0.35024578651685395 0.5271535580524345 0.35024578651685395 0.5351123595505618 0.35217696629213485 0.5433052434456929 0.3549859550561798 0.5470505617977528 0.3591994382022472 0.5503277153558053 0.3669241573033708 0.5512640449438202 0.3711376404494382 0.5500936329588015 0.3771067415730337 0.5468164794007491 0.3788623595505618 0.5421348314606742 0.3811446629213483 0.5290262172284644 0.3813202247191011 0.5245786516853933 0.3807935393258427 0.522003745318352 0.37780898876404495 0.5184925093632958 0.36973314606741575 0.5135767790262172 0.3653441011235955 0.5121722846441947 0.35832162921348315 0.513810861423221 0.35410814606741575 0.5173220973782772 0.3518258426966292 0.5210674157303371
0 0.3537570224719101 0.4836142322097378 0.3537570224719101 0.49297752808988765 0.3549859550561798 0.49812734082397003 0.35691713483146065 0.5021067415730337 0.3555126404494382 0.5049157303370787 0.3597261235955056 0.5039794007490637 0.3611306179775281 0.5049157303370787 0.36183286516853935 0.5084269662921348 0.3649929775280899 0.5084269662921348 0.3769311797752809 0.5016385767790262 0.37816011235955055 0.49719101123595505 0.38009129213483145 0.4948501872659176 0.38360252808988765 0.48431647940074907 0.38377808988764045 0.47752808988764045 0.38026685393258425 0.47027153558052437 0.37816011235955055 0.4681647940074906 0.37377106741573035 0.46652621722846443 0.36393960674157305 0.4660580524344569 0.3591994382022472 0.4691011235955056 0.3558637640449438 0.47401685393258425
0 0.3530547752808989 0.43609550561797755 0.35287921348314605 0.4461610486891386 0.35428370786516855 0.4506086142322097 0.3574438202247191 0.45552434456928836 0.36271067415730335 0.4592696629213483 0.36622191011235955 0.4585674157303371 0.37552668539325845 0.45365168539325845 0.37974016853932585 0.4461610486891386 0.3804424157303371 0.4426498127340824 0.37956460674157305 0.43586142322097376 0.37833567415730335 0.43258426966292135 0.37166432584269665 0.42602996254681647 0.3686797752808989 0.4241573033707865 0.36200842696629215 0.42368913857677903 0.35884831460674155 0.42485955056179775 0.3551615168539326 0.4286048689138577
0 0.3537570224719101 0.40098314606741575 0.3534058988764045 0.4049625468164794 0.35463483146067415 0.41058052434456926 0.3574438202247191 0.4164325842696629 0.36253511235955055 0.42181647940074907 0.37008426966292135 0.42181647940074907 0.3732443820224719 0.42368913857677903 0.3769311797752809 0.4232209737827715 0.37833567415730335 0.4208801498127341 0.37991573033707865 0.4199438202247191 0.38377808988764045 0.42181647940074907 0.3825491573033708 0.4173689138576779 0.38026685393258425 0.4157303370786517 0.3804424157303371 0.413623595505618 0.38360252808988765 0.40870786516853935 0.38360252808988765 0.4075374531835206 0.38167134831460675 0.4044943820224719 0.38149578651685395 0.3970037453183521 0.38026685393258425 0.39396067415730335 0.37780898876404495 0.39091760299625467 0.36797752808988765 0.38647003745318353 0.3628862359550562 0.38647003745318353 0.35867275280898875 0.3899812734082397 0.35639044943820225 0.39325842696629215
1 0.5533128511235955 0.4669943820224719 0.020482794943820225 0.027310393258426966
1 0.43451544943820225 0.4970341760299625 0.02165203651685393 0.028089887640449437
0 0.5572331460674157 0.572565543071161 0.5660112359550562 0.5779494382022472 0.5689957865168539 0.5952715355805244 0.5653089887640449 0.6039325842696629 0.558813202247191 0.6079119850187266 0.5533707865168539 0.6076779026217228 0.5484550561797753 0.6036985018726592 0.5449438202247191 0.599250936329588 0.5438904494382022 0.5922284644194756 0.5461727528089888 0.5779494382022472 0.5500351123595506 0.5737359550561798 0.5570575842696629 0.572565543071161
0 0.5521418539325843 0.5323033707865169 0.5609199438202247 0.5393258426966292 0.5623244382022472 0.5550093632958801 0.5572331460674157 0.5681179775280899 0.5503862359550562 0.5702247191011236 0.5437148876404494 0.5697565543071161 0.5398525280898876 0.5657771535580525 0.5368679775280899 0.5531367041198502 0.5387991573033708 0.5430711610486891 0.5433637640449438 0.5348782771535581 0.5519662921348315 0.5323033707865169
0 0.5410814606741573 0.5053838951310862 0.5405547752808989 0.5105337078651685 0.5412570224719101 0.5156835205992509 0.5440660112359551 0.5222378277153558 0.5482794943820225 0.5278558052434457 0.5533707865168539 0.5292602996254682 0.557935393258427 0.5283239700374532 0.5619733146067416 0.5243445692883895 0.5647823033707865 0.5184925093632958 0.5653089887640449 0.5154494382022472 0.5649578651685393 0.5046816479400749 0.5630266853932584 0.49836142322097376 0.5605688202247191 0.49391385767790263 0.5531952247191011 0.4936797752808989 0.546875 0.49461610486891383 0.5437148876404494 0.49836142322097376