0 0.6186797752808989 0.4529494382022472 0.624122191011236 0.47401685393258425 0.6214887640449438 0.48384831460674155 0.6128862359550562 0.49087078651685395 0.6053370786516854 0.4892322097378277 0.5979634831460674 0.4824438202247191 0.5965589887640449 0.47425093632958804 0.5976123595505618 0.46348314606741575 0.6025280898876404 0.45646067415730335 0.6185042134831461 0.4529494382022472
0 0.5851474719101124 0.31999063670411987 0.5930477528089888 0.3232677902621723 0.5988412921348315 0.3377808988764045 0.5956811797752809 0.35135767790262173 0.5918188202247191 0.35814606741573035 0.5870786516853933 0.3609550561797753 0.5737359550561798 0.35767790262172283 0.5688202247191011 0.3466760299625468 0.5709269662921348 0.32982209737827717 0.5777738764044944 0.3223314606741573 0.5849719101123596 0.31999063670411987
0 0.5479283707865169 0.3970037453183521 0.5605688202247191 0.40051498127340823 0.5642556179775281 0.40519662921348315 0.5668890449438202 0.4147940074906367 0.5640800561797753 0.42837078651685395 0.5538974719101124 0.43913857677902624 0.5428370786516854 0.43609550561797755 0.5389747191011236 0.4318820224719101 0.5375702247191011 0.4154962546816479 0.5387991573033708 0.4044943820224719 0.5428370786516854 0.39653558052434457 0.547752808988764 0.3970037453183521
0 0.6169241573033708 0.36493445692883897 0.6232443820224719 0.3686797752808989 0.6265800561797753 0.3738295880149813 0.6281601123595506 0.38506554307116103 0.6246488764044944 0.3951310861423221 0.6163974719101124 0.40051498127340823 0.6090238764044944 0.3991104868913858 0.6027036516853933 0.3937265917602996 0.5997191011235955 0.37663857677902624 0.6049859550561798 0.36961610486891383 0.616748595505618 0.36493445692883897
0 0.5231741573033708 0.5252808988764045 0.5330056179775281 0.5297284644194756 0.5375702247191011 0.5390917602996255 0.5365168539325843 0.5573501872659176 0.5310744382022472 0.5641385767790262 0.5259831460674157 0.5660112359550562 0.515625 0.5639044943820225 0.5112359550561798 0.5589887640449438 0.5079002808988764 0.5503277153558053 0.511060393258427 0.5318352059925093 0.5173806179775281 0.5264513108614233 0.522998595505618 0.5252808988764045
0 0.5247542134831461 0.44545880149812733 0.532127808988764 0.449438202247191 0.5347612359550562 0.46558988764044945 0.5294943820224719 0.4777621722846442 0.5233497191011236 0.4803370786516854 0.5158005617977528 0.4789325842696629 0.5108848314606742 0.47401685393258425 0.5087780898876404 0.4559925093632959 0.511938202247191 0.4487359550561798 0.5245786516853933 0.44545880149812733
0 0.3653441011235955 0.3094569288389513 0.37377106741573035 0.31741573033707865 0.37552668539325845 0.32841760299625467 0.37236657303370785 0.33965355805243447 0.363061797752809 0.3450374531835206 0.3530547752808989 0.3389513108614232 0.3500702247191011 0.3237359550561798 0.355688202247191 0.31226591760299627 0.3651685393258427 0.3094569288389513
0 0.39782303370786515 0.31203183520599254 0.4060744382022472 0.3176498127340824 0.40888342696629215 0.32982209737827717 0.4064255617977528 0.33918539325842695 0.39764747191011235 0.34597378277153557 0.3862359550561798 0.3429307116104869 0.3830758426966292 0.3387172284644195 0.38167134831460675 0.33075842696629215 0.38219803370786515 0.32069288389513106 0.3848314606741573 0.31624531835205993 0.39764747191011235 0.31203183520599254
0 0.4943820224719101 0.398876404494382 0.4996488764044944 0.4054307116104869 0.5014044943820225 0.4178370786516854 0.496313202247191 0.4297752808988764 0.48911516853932585 0.4332865168539326 0.4841994382022472 0.4318820224719101 0.4785814606741573 0.4262640449438202 0.4764747191011236 0.42181647940074907 0.4768258426966292 0.4089419475655431 0.48191713483146065 0.40004681647940077 0.48893960674157305 0.3977059925093633 0.4942064606741573 0.398876404494382
0 0.4002808988764045 0.488998127340824 0.4085323033707865 0.49719101123595505 0.4097612359550562 0.5112359550561798 0.40677668539325845 0.5189606741573034 0.39764747191011235 0.5241104868913857 0.3904494382022472 0.5227059925093633 0.38606039325842695 0.5187265917602997 0.3830758426966292 0.5091292134831461 0.383251404494382 0.5016385767790262 0.38974719101123595 0.49087078651685395 0.4001053370786517 0.488998127340824
0 0.5265098314606742 0.48618913857677903 0.5347612359550562 0.49087078651685395 0.5380969101123596 0.5028089887640449 0.5366924157303371 0.5154494382022472 0.5328300561797753 0.5205992509363296 0.5268609550561798 0.5217696629213483 0.511938202247191 0.5173220973782772 0.5094803370786517 0.5107677902621723 0.5098314606741573 0.5016385767790262 0.5131671348314607 0.4922752808988764 0.5200140449438202 0.487125468164794 0.5263342696629213 0.48618913857677903
0 0.461376404494382 0.30875468164794007 0.4705056179775281 0.31273408239700373 0.476123595505618 0.32467228464419473 0.47594803370786515 0.3345037453183521 0.4727879213483146 0.34363295880149813 0.46348314606741575 0.350187265917603 0.45259831460674155 0.3464419475655431 0.4468047752808989 0.33824906367041196 0.4455758426966292 0.33146067415730335 0.44610252808988765 0.31530898876404495 0.4612008426966292 0.30875468164794007
0 0.5828651685393258 0.36352996254681647 0.5890098314606742 0.3672752808988764 0.5926966292134831 0.37312734082397003 0.5942766853932584 0.38717228464419473 0.5884831460674157 0.40098314606741575 0.5821629213483146 0.40168539325842695 0.5709269662921348 0.3993445692883895 0.5675912921348315 0.3920880149812734 0.5642556179775281 0.3946629213483146 0.5637289325842697 0.3899812734082397 0.5681179775280899 0.38857677902621723 0.5653089887640449 0.38342696629213485 0.5693469101123596 0.36961610486891383 0.5740870786516854 0.3651685393258427 0.582689606741573 0.36352996254681647
0 0.49508426966292135 0.5287921348314607 0.5024578651685393 0.536750936329588 0.5040379213483146 0.5468164794007491 0.5015800561797753 0.5603932584269663 0.4905196629213483 0.5664794007490637 0.484375 0.5655430711610487 0.47945926966292135 0.5615636704119851 0.4750702247191011 0.5430711610486891 0.4826193820224719 0.5320692883895131 0.49490870786516855 0.5287921348314607
0 0.5502106741573034 0.44897003745318353 0.5589887640449438 0.45529026217228463 0.5649578651685393 0.46676029962546817 0.5612710674157303 0.48220973782771537 0.5570575842696629 0.4868913857677903 0.5495084269662921 0.48829588014981273 0.5428370786516854 0.48525280898876405 0.5387991573033708 0.4794007490636704 0.5393258426966292 0.4571629213483146 0.5442415730337079 0.45107677902621723 0.5500351123595506 0.44920411985018727
0 0.36271067415730335 0.5617977528089888 0.3767556179775281 0.5641385767790262 0.38026685393258425 0.5676498127340824 0.3843047752808989 0.5868445692883895 0.38360252808988765 0.5941011235955056 0.3804424157303371 0.5997191011235955 0.3765800561797753 0.6034644194756554 0.3670997191011236 0.6022940074906367 0.3591994382022472 0.5985486891385767 0.35252808988764045 0.588249063670412 0.35217696629213485 0.5727996254681648 0.359375 0.5627340823970037 0.36253511235955055 0.5620318352059925
0 0.3946629213483146 0.3506554307116105 0.40308988764044945 0.35463483146067415 0.4066011235955056 0.35908239700374533 0.4083567415730337 0.37336142322097376 0.4078300561797753 0.38038389513108617 0.394311797752809 0.38881086142322097 0.3871137640449438 0.38459737827715357 0.3829002808988764 0.3775749063670412 0.3807935393258427 0.362125468164794 0.38342696629213485 0.3553370786516854 0.3944873595505618 0.3506554307116105
0 0.45646067415730335 0.3529962546816479 0.46558988764044945 0.35931647940074907 0.46734550561797755 0.36961610486891383 0.4643609550561798 0.38038389513108617 0.4533005617977528 0.3874063670411985 0.44610252808988765 0.38436329588014984 0.4432935393258427 0.3801498127340824 0.4415379213483146 0.3651685393258427 0.44627808988764045 0.35580524344569286 0.45628511235955055 0.3529962546816479
0 0.5549508426966292 0.3188202247191011 0.5621488764044944 0.3232677902621723 0.5667134831460674 0.33497191011235955 0.5649578651685393 0.3485486891385768 0.5572331460674157 0.35603932584269665 0.5458216292134831 0.3506554307116105 0.5407303370786517 0.3398876404494382 0.5421348314606742 0.3267790262172285 0.5491573033707865 0.3192883895131086 0.5547752808988764 0.3188202247191011
0 0.6128862359550562 0.5360486891385767 0.6163974719101124 0.5362827715355806 0.6235955056179775 0.5426029962546817 0.6265800561797753 0.5498595505617978 0.6269311797752809 0.5596910112359551 0.6244733146067416 0.5683520599250936 0.6170997191011236 0.5749063670411985 0.6116573033707865 0.5751404494382022 0.6049859550561798 0.5716292134831461 0.6007724719101124 0.5648408239700374 0.5993679775280899 0.5566479400749064 0.6014747191011236 0.5430711610486891 0.6127106741573034 0.5362827715355806
0 0.46365870786516855 0.5344101123595506 0.4683988764044944 0.5388576779026217 0.47155898876404495 0.5536048689138576 0.4671699438202247 0.5676498127340824 0.46014747191011235 0.5718632958801498 0.44820926966292135 0.5653089887640449 0.44610252808988765 0.5601591760299626 0.44259129213483145 0.5620318352059925 0.44206460674157305 0.5566479400749064 0.44610252808988765 0.537687265917603 0.4529494382022472 0.5341760299625468 0.46348314606741575 0.5344101123595506
0 0.581811797752809 0.4068352059925094 0.5884831460674157 0.4101123595505618 0.5925210674157303 0.41619850187265917 0.5923455056179775 0.43000936329588013 0.5881320224719101 0.44124531835205993 0.581811797752809 0.44499063670411987 0.5756671348314607 0.4452247191011236 0.567064606741573 0.43820224719101125 0.5656601123595506 0.42907303370786515 0.5674157303370787 0.414559925093633 0.5705758426966292 0.40870786516853935 0.5816362359550562 0.4068352059925094
0 0.4315308988764045 0.4044943820224719 0.43697331460674155 0.4080056179775281 0.44066011235955055 0.41807116104868913 0.4396067415730337 0.43562734082397003 0.4357443820224719 0.43984082397003743 0.41871488764044945 0.43773408239700373 0.41467696629213485 0.42579588014981273 0.41537921348314605 0.4147940074906367 0.41871488764044945 0.4075374531835206 0.42521067415730335 0.4035580524344569 0.4313553370786517 0.4044943820224719
0 0.5856741573033708 0.4515449438202247 0.5926966292134831 0.4595037453183521 0.5930477528089888 0.47097378277153557 0.590063202247191 0.48197565543071164 0.5825140449438202 0.48618913857677903 0.570751404494382 0.4833801498127341 0.5675912921348315 0.47448501872659177 0.5677668539325843 0.4660580524344569 0.5726825842696629 0.45482209737827717 0.5777738764044944 0.4517790262172285 0.585498595505618 0.4515449438202247
0 0.6162219101123596 0.6551966292134831 0.6272823033707865 0.660814606741573 0.6318469101123596 0.6711142322097379 0.6300912921348315 0.6886704119850188 0.6264044943820225 0.6949906367041199 0.6199087078651685 0.6973314606741573 0.6128862359550562 0.6968632958801498 0.6070926966292135 0.6926498127340824 0.6021769662921348 0.6865636704119851 0.6004213483146067 0.6790730337078652 0.601123595505618 0.6680711610486891 0.6039325842696629 0.6619850187265918 0.6095505617977528 0.6568352059925093 0.6160463483146067 0.6551966292134831
0 0.4020365168539326 0.397940074906367 0.4102879213483146 0.40402621722846443 0.4125702247191011 0.41385767790262173 0.4122191011235955 0.4353932584269663 0.4080056179775281 0.44030898876404495 0.40484550561797755 0.4405430711610487 0.3908005617977528 0.43562734082397003 0.38360252808988765 0.4276685393258427 0.38202247191011235 0.42181647940074907 0.3829002808988764 0.4101123595505618 0.39009831460674155 0.398876404494382 0.4018609550561798 0.397940074906367
0 0.5261587078651685 0.31179775280898875 0.5307233146067416 0.31320224719101125 0.5365168539325843 0.31999063670411987 0.5393258426966292 0.3352059925093633 0.5340589887640449 0.3487827715355805 0.522998595505618 0.35697565543071164 0.5089536516853933 0.352059925093633 0.5080758426966292 0.3335674157303371 0.5105337078651685 0.32209737827715357 0.5143960674157303 0.3157771535580524 0.5187851123595506 0.3125 0.5259831460674157 0.31179775280898875
0 0.46418539325842695 0.4410112359550562 0.47208567415730335 0.44756554307116103 0.4764747191011236 0.46324906367041196 0.4762991573033708 0.47401685393258425 0.47384129213483145 0.4798689138576779 0.4669943820224719 0.48174157303370785 0.45979634831460675 0.48174157303370785 0.44978932584269665 0.476123595505618 0.44592696629213485 0.461376404494382 0.45066713483146065 0.44569288389513106 0.46400983146067415 0.4410112359550562
0 0.36639747191011235 0.43726591760299627 0.37447331460674155 0.44241573033707865 0.3772823033707865 0.45669475655430714 0.375 0.4660580524344569 0.363061797752809 0.4726123595505618 0.35603932584269665 0.47097378277153557 0.3532303370786517 0.46769662921348315 0.3498946629213483 0.4606741573033708 0.3491924157303371 0.45271535580524347 0.35094803370786515 0.4452247191011236 0.3551615168539326 0.43890449438202245 0.36622191011235955 0.43726591760299627
0 0.4920997191011236 0.3579119850187266 0.5007022471910112 0.36587078651685395 0.5028089887640449 0.37453183520599254 0.5007022471910112 0.387874531835206 0.491748595505618 0.3937265917602996 0.47981039325842695 0.387874531835206 0.4764747191011236 0.3728932584269663 0.4782303370786517 0.36493445692883897 0.48314606741573035 0.3595505617977528 0.48771067415730335 0.35674157303370785 0.4919241573033708 0.3579119850187266
0 0.42643960674157305 0.4934456928838951 0.43679775280898875 0.49859550561797755 0.4397823033707865 0.512874531835206 0.433813202247191 0.5278558052434457 0.425561797752809 0.5301966292134831 0.418188202247191 0.5294943820224719 0.4125702247191011 0.5189606741573034 0.41485252808988765 0.4974250936329588 0.4262640449438202 0.4934456928838951
0 0.3711376404494382 0.5184925093632958 0.38026685393258425 0.5271535580524345 0.3843047752808989 0.5395599250936329 0.38202247191011235 0.5540730337078652 0.37377106741573035 0.5620318352059925 0.3628862359550562 0.5608614232209738 0.35832162921348315 0.5575842696629213 0.35235252808988765 0.547752808988764 0.3535814606741573 0.5362827715355806 0.3591994382022472 0.5213014981273408 0.36639747191011235 0.5177902621722846 0.3709620786516854 0.5184925093632958
0 0.5545997191011236 0.4911048689138577 0.5603932584269663 0.49204119850187267 0.5646067415730337 0.49602059925093633 0.5688202247191011 0.5084269662921348 0.5658356741573034 0.5224719101123596 0.5572331460674157 0.5287921348314607 0.5463483146067416 0.5241104868913857 0.5419592696629213 0.5131086142322098 0.543188202247191 0.49859550561797755 0.5544241573033708 0.4911048689138577
0 0.42907303370786515 0.449438202247191 0.4357443820224719 0.449438202247191 0.43872893258426965 0.45318352059925093 0.44259129213483145 0.47027153558052437 0.4371488764044944 0.4845505617977528 0.43223314606741575 0.4868913857677903 0.429248595505618 0.48478464419475653 0.42872191011235955 0.4798689138576779 0.4216994382022472 0.48220973782771537 0.4183637640449438 0.4791666666666667 0.41520365168539325 0.46418539325842695 0.4164325842696629 0.45646067415730335 0.4202949438202247 0.45107677902621723 0.42889747191011235 0.449438202247191
0 0.6165730337078652 0.323501872659176 0.6214887640449438 0.3265449438202247 0.6260533707865169 0.33497191011235955 0.6255266853932584 0.34573970037453183 0.6225421348314607 0.35463483146067415 0.6165730337078652 0.35814606741573035 0.6091994382022472 0.35720973782771537 0.6042837078651685 0.35252808988764045 0.6005969101123596 0.3441011235955056 0.6005969101123596 0.33497191011235955 0.6046348314606742 0.3270131086142322 0.6097261235955056 0.3237359550561798 0.6163974719101124 0.323501872659176
0 0.45768960674157305 0.48431647940074907 0.4666432584269663 0.4901685393258427 0.46962780898876405 0.5051498127340824 0.46804775280898875 0.5124063670411985 0.4643609550561798 0.5173220973782772 0.456811797752809 0.5210674157303371 0.44610252808988765 0.5156835205992509 0.44276685393258425 0.4974250936329588 0.44838483146067415 0.487125468164794 0.4575140449438202 0.48431647940074907
0 0.3670997191011236 0.3497191011235955 0.3746488764044944 0.3583801498127341 0.3765800561797753 0.37312734082397003 0.3734199438202247 0.37991573033707865 0.36622191011235955 0.38647003745318353 0.35287921348314605 0.3801498127340824 0.34884129213483145 0.36493445692883897 0.35428370786516855 0.351123595505618 0.3591994382022472 0.3485486891385768 0.3669241573033708 0.3497191011235955
0 0.4274929775280899 0.35135767790262173 0.43697331460674155 0.36118913857677903 0.4375 0.37336142322097376 0.4331109550561798 0.38202247191011235 0.4234550561797753 0.3852996254681648 0.4183637640449438 0.38436329588014984 0.4139747191011236 0.3785112359550562 0.41274578651685395 0.36329588014981273 0.4180126404494382 0.3532303370786517 0.4273174157303371 0.35135767790262173
0 0.49754213483146065 0.311563670411985 0.5040379213483146 0.3176498127340824 0.5066713483146067 0.33169475655430714 0.5015800561797753 0.34363295880149813 0.49543539325842695 0.34597378277153557 0.48753511235955055 0.34386704119850187 0.48297050561797755 0.33918539325842695 0.48156601123595505 0.3237359550561798 0.4827949438202247 0.31741573033707865 0.4861306179775281 0.313436329588015 0.49736657303370785 0.311563670411985
0 0.5231741573033708 0.4023876404494382 0.5308988764044944 0.4080056179775281 0.5365168539325843 0.4311797752808989 0.5361657303370787 0.43562734082397003 0.5261587078651685 0.44288389513108617 0.511938202247191 0.4405430711610487 0.5079002808988764 0.43562734082397003 0.5059691011235955 0.4286048689138577 0.5071980337078652 0.41502808988764045 0.5105337078651685 0.40777153558052437 0.522998595505618 0.4023876404494382
0 0.49719101123595505 0.44569288389513106 0.5029845505617978 0.4499063670411985 0.5050912921348315 0.45646067415730335 0.5035112359550562 0.47425093632958804 0.49894662921348315 0.48174157303370785 0.49122191011235955 0.48431647940074907 0.4840238764044944 0.4812734082397004 0.48156601123595505 0.47752808988764045 0.4789325842696629 0.46207865168539325 0.484375 0.449438202247191 0.4905196629213483 0.44569288389513106 0.49701544943820225 0.44569288389513106
0 0.37025983146067415 0.4833801498127341 0.3748244382022472 0.48618913857677903 0.3813202247191011 0.4978932584269663 0.3807935393258427 0.511938202247191 0.3765800561797753 0.5182584269662921 0.3590238764044944 0.5168539325842697 0.35235252808988765 0.511938202247191 0.3555126404494382 0.4911048689138577 0.36271067415730335 0.4836142322097378 0.37008426966292135 0.4833801498127341
0 0.45997191011235955 0.3977059925093633 0.4664676966292135 0.399812734082397 0.47208567415730335 0.40730337078651685 0.47401685393258425 0.41853932584269665 0.4705056179775281 0.4318820224719101 0.45593398876404495 0.43258426966292135 0.4475070224719101 0.42181647940074907 0.4473314606741573 0.41245318352059923 0.45014044943820225 0.40379213483146065 0.45979634831460675 0.397940074906367
0 0.36973314606741575 0.3958333333333333 0.3804424157303371 0.40402621722846443 0.38184691011235955 0.4152621722846442 0.3769311797752809 0.43000936329588013 0.3669241573033708 0.4339887640449438 0.36235955056179775 0.43352059925093633 0.355688202247191 0.42813670411985016 0.35235252808988765 0.42181647940074907 0.35217696629213485 0.41385767790262173 0.35849719101123595 0.40004681647940077 0.3628862359550562 0.39630149812734083 0.3695575842696629 0.3958333333333333
0 0.5512640449438202 0.36142322097378277 0.5572331460674157 0.36540262172284643 0.5610955056179775 0.37312734082397003 0.5607443820224719 0.3874063670411985 0.5574087078651685 0.39232209737827717 0.5407303370786517 0.3937265917602996 0.5356390449438202 0.3883426966292135 0.5340589887640449 0.3771067415730337 0.5351123595505618 0.37008426966292135 0.5398525280898876 0.36282771535580527 0.5510884831460674 0.36142322097378277
0 0.4313553370786517 0.31530898876404495 0.43609550561797755 0.31858614232209737 0.4392556179775281 0.32467228464419473 0.44083567415730335 0.33754681647940077 0.43837780898876405 0.34620786516853935 0.43258426966292135 0.34995318352059923 0.42521067415730335 0.3485486891385768 0.4178370786516854 0.3431647940074906 0.4139747191011236 0.33146067415730335 0.41520365168539325 0.3249063670411985 0.4197682584269663 0.3171816479400749 0.42503511235955055 0.31437265917602997 0.4311797752808989 0.31530898876404495
0 0.6142907303370787 0.4089419475655431 0.6239466292134831 0.41596441947565543 0.6253511235955056 0.4318820224719101 0.6220154494382022 0.43913857677902624 0.6230688202247191 0.4426498127340824 0.6065660112359551 0.44967228464419473 0.598314606741573 0.4461610486891386 0.5984901685393258 0.41807116104868913 0.6023525280898876 0.41081460674157305 0.6141151685393258 0.4089419475655431
0 0.5191362359550562 0.3604868913857678 0.5261587078651685 0.3647003745318352 0.530372191011236 0.3738295880149813 0.527563202247191 0.3899812734082397 0.5196629213483146 0.39653558052434457 0.5086025280898876 0.3934925093632959 0.5033356741573034 0.3836610486891386 0.5042134831460674 0.3738295880149813 0.5079002808988764 0.36493445692883897 0.5189606741573034 0.3604868913857678
0 0.39747191011235955 0.4442883895131086 0.4078300561797753 0.4477996254681648 0.41099016853932585 0.45341760299625467 0.4123946629213483 0.46418539325842695 0.40888342696629215 0.47495318352059923 0.4023876404494382 0.4812734082397004 0.3965941011235955 0.48267790262172283 0.38606039325842695 0.47448501872659177 0.3851825842696629 0.4550561797752809 0.38799157303370785 0.449438202247191 0.39729634831460675 0.44452247191011235
0 0.48771067415730335 0.48946629213483145 0.4964887640449438 0.4936797752808989 0.49912219101123595 0.49765917602996257 0.5005266853932584 0.5086610486891385 0.496313202247191 0.5196629213483146 0.4919241573033708 0.5241104868913857 0.4840238764044944 0.5252808988764045 0.47752808988764045 0.5224719101123596 0.47524578651685395 0.5187265917602997 0.47384129213483145 0.5058520599250936 0.47594803370786515 0.4967228464419476 0.480688202247191 0.49087078651685395 0.48753511235955055 0.4897003745318352
0 0.4137991573033708 0.5330056179775281 0.41853932584269665 0.5365168539325843 0.41871488764044945 0.550561797752809 0.41151685393258425 0.5683520599250936 0.4020365168539326 0.5716292134831461 0.39378511235955055 0.5690543071161048 0.38799157303370785 0.5636704119850188 0.3904494382022472 0.540496254681648 0.4041432584269663 0.5327715355805244 0.413623595505618 0.5330056179775281
2 0.6372893258426966 0.31054939138576776 0.34815870786516856 0.30370365168539326 0.34227686095505616 0.693380617977528 0.6351221910112359 0.7009274344569288
1 0.5793363764044944 0.5030173220973783 0.024541783707865167 0.03537219101123596
1 0.5479810393258427 0.5425749063670412 0.020354634831460675 0.03489934456928839
1 0.5817854634831461 0.5445786516853933 0.02359199438202247 0.03890683520599251
1 0.6104880617977528 0.5844124531835206 0.023646418539325843 0.02962312734082397
1 0.5816063904494382 0.5845529026217229 0.025572331460674155 0.03302434456928839
1 0.548809691011236 0.5822612359550562 0.023181179775280898 0.03156367041198502
1 0.5193714887640449 0.5822729400749064 0.022824789325842695 0.02846441947565543
1 0.49109726123595504 0.582247191011236 0.02596558988764045 0.0315379213483146
1 0.46198209269662915 0.5838623595505619 0.02274754213483146 0.028525280898876404
1 0.43104108146067416 0.5456413857677903 0.021725772471910113 0.0269873595505618
1 0.4303476123595506 0.5817602996254682 0.021511587078651685 0.03368211610486891
1 0.3991344803370786 0.5782771535580524 0.024626053370786518 0.0282748127340824
1 0.3693486657303371 0.6147542134831461 0.01772296348314607 0.02788623595505618
1 0.39765800561797754 0.6196395131086142 0.02167310393258427 0.028291198501872658
1 0.4307110252808989 0.6211985018726592 0.022238412921348316 0.022045880149812735
1 0.46100596910112357 0.6222401685393258 0.024306530898876404 0.02718398876404494
1 0.4896330758426966 0.6221395131086143 0.023040730337078652 0.0223689138576779
1 0.5177756320224719 0.6208356741573033 0.019634831460674157 0.024440543071161048
1 0.5469785814606741 0.6230758426966293 0.019518960674157305 0.024239232209737827
1 0.5775860252808989 0.6236938202247191 0.01870084269662921 0.02391619850187266
1 0.609594452247191 0.6248314606741574 0.020688202247191013 0.027750468164794005
1 0.3668100421348314 0.6587289325842697 0.022008426966292134 0.023761704119850187
1 0.39782654494382025 0.6583801498127341 0.020840941011235955 0.026062734082397003
1 0.42858146067415726 0.6590964419475656 0.023829002808988763 0.027619382022471908
1 0.4592696629213483 0.6609644194756554 0.02551439606741573 0.03135533707865168
1 0.4888992275280899 0.661558988764045 0.025080758426966294 0.026303838951310863
1 0.5170470505617978 0.6628487827715356 0.024030898876404493 0.028883426966292133
1 0.5464413623595505 0.6664325842696629 0.023126755617977526 0.03136704119850187
1 0.578470856741573 0.6632771535580524 0.02164325842696629 0.028174157303370785