0 0.5050912921348315 0.30875468164794007 0.5096558988764045 0.313436329588015 0.511938202247191 0.3249063670411985 0.5101825842696629 0.3330992509363296 0.5019311797752809 0.34058988764044945 0.4943820224719101 0.34058988764044945 0.48771067415730335 0.3352059925093633 0.4859550561797753 0.32397003745318353 0.48753511235955055 0.31647940074906367 0.491748595505618 0.3103932584269663 0.4977176966292135 0.3078183520599251 0.5049157303370787 0.30875468164794007
0 0.4199438202247191 0.6371722846441947 0.42714185393258425 0.6420880149812734 0.43030196629213485 0.6612827715355806 0.42292837078651685 0.6697097378277154 0.4183637640449438 0.6711142322097379 0.41116573033707865 0.6694756554307116 0.40572331460674155 0.661750936329588 0.4039676966292135 0.6528558052434457 0.4066011235955056 0.6423220973782772 0.41485252808988765 0.636938202247191 0.4197682584269663 0.6371722846441947
0 0.6237710674157303 0.3642322097378277 0.6306179775280899 0.3698501872659176 0.6339536516853933 0.3815543071161049 0.6300912921348315 0.39325842696629215 0.6200842696629213 0.39864232209737827 0.608497191011236 0.39325842696629215 0.6053370786516854 0.37640449438202245 0.6134129213483146 0.36563670411985016 0.6235955056179775 0.3642322097378277
0 0.5923455056179775 0.31952247191011235 0.5997191011235955 0.3249063670411985 0.6032303370786517 0.33146067415730335 0.6037570224719101 0.33824906367041196 0.5997191011235955 0.3522940074906367 0.5958567415730337 0.35697565543071164 0.5890098314606742 0.3600187265917603 0.5775983146067416 0.35580524344569286 0.5742626404494382 0.34948501872659177 0.573560393258427 0.33824906367041196 0.5795294943820225 0.3237359550561798 0.5847963483146067 0.3197565543071161 0.5921699438202247 0.31952247191011235
0 0.523876404494382 0.6533239700374532 0.5316011235955056 0.6603464419475655 0.5340589887640449 0.6725187265917603 0.5308988764044944 0.6842228464419475 0.5228230337078652 0.68937265917603 0.511938202247191 0.6844569288389513 0.508251404494382 0.6671348314606742 0.5107092696629213 0.6580056179775281 0.5237008426966292 0.6533239700374532
0 0.5851474719101124 0.4524812734082397 0.5916432584269663 0.4571629213483146 0.5944522471910112 0.4691011235955056 0.5925210674157303 0.48057116104868913 0.5851474719101124 0.4868913857677903 0.578125 0.4859550561797753 0.5730337078651685 0.48174157303370785 0.5688202247191011 0.4705056179775281 0.5719803370786517 0.45786516853932585 0.5849719101123596 0.4524812734082397
0 0.5323033707865169 0.31203183520599254 0.5377457865168539 0.31788389513108617 0.5389747191011236 0.33146067415730335 0.5372191011235955 0.33848314606741575 0.5330056179775281 0.34363295880149813 0.526685393258427 0.34573970037453183 0.5205407303370787 0.3433988764044944 0.5142205056179775 0.33707865168539325 0.5133426966292135 0.32420411985018727 0.5205407303370787 0.31273408239700373 0.532127808988764 0.31203183520599254
0 0.5874297752808989 0.5316011235955056 0.6002457865168539 0.5397940074906367 0.6014747191011236 0.5552434456928839 0.6002457865168539 0.5599250936329588 0.594627808988764 0.5657771535580525 0.5858497191011236 0.5674157303370787 0.5777738764044944 0.5632022471910112 0.5754915730337079 0.5493913857677902 0.5779494382022472 0.5379213483146067 0.5872542134831461 0.5316011235955056
0 0.5549508426966292 0.6594101123595506 0.5637289325842697 0.6647940074906367 0.5660112359550562 0.6788389513108615 0.5617977528089888 0.6896067415730337 0.5544241573033708 0.6931179775280899 0.546875 0.6907771535580525 0.5428370786516854 0.6863295880149812 0.5412570224719101 0.6706460674157303 0.5474016853932584 0.660814606741573 0.5547752808988764 0.6594101123595506
0 0.36990870786516855 0.3012640449438202 0.3793890449438202 0.30664794007490637 0.3825491573033708 0.31413857677902624 0.3811446629213483 0.3256086142322097 0.37552668539325845 0.3326310861423221 0.371313202247191 0.33380149812734083 0.359375 0.33052434456928836 0.35621488764044945 0.3213951310861423 0.35884831460674155 0.30664794007490637 0.36271067415730335 0.30290262172284643 0.36973314606741575 0.3012640449438202
0 0.488061797752809 0.5678838951310862 0.49666432584269665 0.5723314606741573 0.5001755617977528 0.5840355805243446 0.49736657303370785 0.5985486891385767 0.488061797752809 0.6022940074906367 0.4787570224719101 0.599250936329588 0.4743679775280899 0.588249063670412 0.477001404494382 0.5742041198501873 0.48121488764044945 0.5692883895131086 0.4878862359550562 0.5678838951310862
0 0.4357443820224719 0.3092228464419476 0.4429424157303371 0.3157771535580524 0.4450491573033708 0.3237359550561798 0.4431179775280899 0.3377808988764045 0.43609550561797755 0.3450374531835206 0.42433286516853935 0.3419943820224719 0.42099719101123595 0.33614232209737827 0.41906601123595505 0.32631086142322097 0.4201193820224719 0.3181179775280899 0.4238061797752809 0.3125 0.42872191011235955 0.3092228464419476 0.4355688202247191 0.3092228464419476
0 0.49525983146067415 0.43375468164794007 0.5026334269662921 0.43773408239700373 0.5056179775280899 0.4421816479400749 0.5063202247191011 0.45482209737827717 0.5015800561797753 0.46465355805243447 0.4920997191011236 0.4679307116104869 0.484375 0.46348314606741575 0.4803370786516854 0.4559925093632959 0.4799859550561798 0.4477996254681648 0.48367275280898875 0.43890449438202245 0.4878862359550562 0.43515917602996257 0.49508426966292135 0.43375468164794007
0 0.5286165730337079 0.43726591760299627 0.5366924157303371 0.4438202247191011 0.5387991573033708 0.4562265917602996 0.5375702247191011 0.4637172284644195 0.5294943820224719 0.47191011235955055 0.5224719101123596 0.47191011235955055 0.5159761235955056 0.4679307116104869 0.5124648876404494 0.45529026217228463 0.5154494382022472 0.44124531835205993 0.5203651685393258 0.43773408239700373 0.5284410112359551 0.43726591760299627
0 0.5605688202247191 0.31741573033707865 0.5682935393258427 0.324438202247191 0.5716292134831461 0.335440074906367 0.5681179775280899 0.34597378277153557 0.5600421348314607 0.35159176029962547 0.5496839887640449 0.3487827715355805 0.5452949438202247 0.3403558052434457 0.5449438202247191 0.3345037453183521 0.5495084269662921 0.32209737827715357 0.5535463483146067 0.31858614232209737 0.5603932584269663 0.31741573033707865
0 0.5876053370786517 0.40870786516853935 0.5948033707865169 0.4143258426966292 0.5970856741573034 0.42696629213483145 0.5948033707865169 0.4375 0.5849719101123596 0.4440543071161049 0.573560393258427 0.43679775280898875 0.5704002808988764 0.42392322097378277 0.5740870786516854 0.41175093632958804 0.5874297752808989 0.40870786516853935
0 0.613939606741573 0.45552434456928836 0.6186797752808989 0.4576310861423221 0.6228932584269663 0.46348314606741575 0.624122191011236 0.4782303370786517 0.6218398876404494 0.4845505617977528 0.6095505617977528 0.48829588014981273 0.6014747191011236 0.48267790262172283 0.5998946629213483 0.46676029962546817 0.6037570224719101 0.4580992509363296 0.6137640449438202 0.45552434456928836
0 0.5301966292134831 0.4833801498127341 0.539501404494382 0.4913389513108614 0.5412570224719101 0.5021067415730337 0.5375702247191011 0.514747191011236 0.5294943820224719 0.5182584269662921 0.520189606741573 0.5156835205992509 0.5149227528089888 0.5049157303370787 0.5180828651685393 0.48946629213483145 0.5237008426966292 0.48408239700374533 0.5300210674157303 0.4833801498127341
0 0.40484550561797755 0.4272003745318352 0.41485252808988765 0.4330524344569288 0.418188202247191 0.4419475655430712 0.4157303370786517 0.45529026217228463 0.41116573033707865 0.4627808988764045 0.4066011235955056 0.46512172284644193 0.39905196629213485 0.4639513108614232 0.39396067415730335 0.4602059925093633 0.39009831460674155 0.449438202247191 0.39150280898876405 0.43984082397003743 0.39571629213483145 0.43164794007490637 0.4046699438202247 0.4272003745318352
0 0.45646067415730335 0.598314606741573 0.46558988764044945 0.6020599250936329 0.4708567415730337 0.6123595505617978 0.46734550561797755 0.6275749063670412 0.46014747191011235 0.6348314606741573 0.4496137640449438 0.6322565543071161 0.4434691011235955 0.6266385767790262 0.4431179775280899 0.6170411985018727 0.4454002808988764 0.6076779026217228 0.4496137640449438 0.601123595505618 0.45628511235955055 0.598314606741573
0 0.44978932584269665 0.6381086142322098 0.45786516853932585 0.6418539325842697 0.461376404494382 0.6477059925093633 0.461376404494382 0.651685393258427 0.45786516853932585 0.665496254681648 0.4496137640449438 0.6722846441947565 0.4418890449438202 0.6687734082397003 0.4373244382022472 0.658941947565543 0.43627106741573035 0.6514513108614233 0.44048455056179775 0.6423220973782772 0.4496137640449438 0.6381086142322098
0 0.49859550561797755 0.3934925093632959 0.5059691011235955 0.3972378277153558 0.5094803370786517 0.40636704119850187 0.5064957865168539 0.42228464419475653 0.49859550561797755 0.42743445692883897 0.4859550561797753 0.4225187265917603 0.48297050561797755 0.412687265917603 0.48367275280898875 0.40519662921348315 0.48718398876404495 0.39747191011235955 0.4984199438202247 0.3934925093632959
0 0.5849719101123596 0.49087078651685395 0.5921699438202247 0.49602059925093633 0.5962078651685393 0.5028089887640449 0.5972612359550562 0.5159176029962547 0.5925210674157303 0.525749063670412 0.582689606741573 0.5301966292134831 0.5779494382022472 0.5294943820224719 0.5711025280898876 0.523876404494382 0.5691713483146067 0.5042134831460674 0.5709269662921348 0.49602059925093633 0.573560393258427 0.49297752808988765 0.5847963483146067 0.49087078651685395
0 0.4195926966292135 0.5969101123595506 0.42643960674157305 0.6013576779026217 0.4299508426966292 0.6163389513108615 0.4234550561797753 0.6278089887640449 0.41502808988764045 0.6310861423220974 0.40730337078651685 0.6266385767790262 0.40361657303370785 0.6161048689138576 0.4039676966292135 0.6058052434456929 0.4116924157303371 0.5976123595505618 0.41941713483146065 0.5969101123595506
0 0.3734199438202247 0.4272003745318352 0.3788623595505618 0.4323501872659176 0.38026685393258425 0.44662921348314605 0.37816011235955055 0.45365168539325845 0.3695575842696629 0.461376404494382 0.36271067415730335 0.46114232209737827 0.3558637640449438 0.45552434456928836 0.3535814606741573 0.43937265917602997 0.3551615168539326 0.43211610486891383 0.3616573033707865 0.4272003745318352 0.36604634831460675 0.42532771535580527 0.3732443820224719 0.4272003745318352
0 0.49701544943820225 0.47846441947565543 0.5059691011235955 0.4845505617977528 0.5077247191011236 0.49836142322097376 0.5028089887640449 0.5102996254681648 0.4959620786516854 0.512874531835206 0.48490168539325845 0.5065543071161048 0.48191713483146065 0.4967228464419476 0.48507724719101125 0.4833801498127341 0.49139747191011235 0.47869850187265917 0.49683988764044945 0.47846441947565543
0 0.4554073033707865 0.40215355805243447 0.4647120786516854 0.4075374531835206 0.4671699438202247 0.41830524344569286 0.4645365168539326 0.43164794007490637 0.4573384831460674 0.4349250936329588 0.445751404494382 0.4323501872659176 0.441186797752809 0.4234550561797753 0.441186797752809 0.414559925093633 0.4434691011235955 0.40777153558052437 0.44856039325842695 0.40308988764044945 0.4552317415730337 0.40215355805243447
0 0.4116924157303371 0.386001872659176 0.41889044943820225 0.39419475655430714 0.4197682584269663 0.4049625468164794 0.4157303370786517 0.41596441947565543 0.4081811797752809 0.41970973782771537 0.40098314606741575 0.41853932584269665 0.3950140449438202 0.41175093632958804 0.3922050561797753 0.40777153558052437 0.3929073033707865 0.40051498127340823 0.39589185393258425 0.3916198501872659 0.4002808988764045 0.3874063670411985 0.40730337078651685 0.38436329588014984 0.41151685393258425 0.386001872659176
0 0.3864115168539326 0.6069756554307116 0.3950140449438202 0.6074438202247191 0.4006320224719101 0.625 0.3965941011235955 0.636938202247191 0.38746488764044945 0.6434925093632958 0.3765800561797753 0.6383426966292135 0.37254213483146065 0.6235955056179775 0.3769311797752809 0.6095505617977528 0.3862359550561798 0.6069756554307116
0 0.5261587078651685 0.5973782771535581 0.5328300561797753 0.6046348314606742 0.534936797752809 0.6198501872659176 0.5296699438202247 0.6308520599250936 0.5207162921348315 0.6348314606741573 0.5121137640449438 0.6331928838951311 0.5093047752808989 0.6296816479400749 0.5054424157303371 0.6123595505617978 0.5143960674157303 0.6006554307116105 0.5259831460674157 0.5973782771535581
0 0.5902387640449438 0.6441947565543071 0.5965589887640449 0.6509831460674157 0.5995435393258427 0.6683052434456929 0.5955056179775281 0.6776685393258427 0.5884831460674157 0.6846910112359551 0.5765449438202247 0.6772003745318352 0.5700491573033708 0.6647940074906367 0.5711025280898876 0.6544943820224719 0.5747893258426966 0.6479400749063671 0.5814606741573034 0.6437265917602997 0.590063202247191 0.6441947565543071
0 0.35603932584269665 0.6439606741573034 0.36639747191011235 0.648876404494382 0.3714887640449438 0.6640917602996255 0.3670997191011236 0.675561797752809 0.3577949438202247 0.6802434456928839 0.3481390449438202 0.6772003745318352 0.34480337078651685 0.6715823970037453 0.34375 0.6640917602996255 0.3472612359550562 0.6500468164794008 0.3558637640449438 0.6439606741573034
0 0.6209620786516854 0.5316011235955056 0.6309691011235955 0.5402621722846442 0.6325491573033708 0.550561797752809 0.6288623595505618 0.5613295880149812 0.6200842696629213 0.5674157303370787 0.6095505617977528 0.5613295880149812 0.6063904494382022 0.5526685393258427 0.6091994382022472 0.5369850187265918 0.6151685393258427 0.5323033707865169 0.6207865168539326 0.5316011235955056
0 0.5575842696629213 0.5252808988764045 0.5674157303370787 0.5316011235955056 0.5709269662921348 0.5400280898876404 0.5691713483146067 0.5540730337078652 0.5607443820224719 0.5615636704119851 0.5500351123595506 0.5580524344569289 0.5461727528089888 0.5519662921348315 0.5445926966292135 0.5433052434456929 0.5451193820224719 0.536750936329588 0.5479283707865169 0.5316011235955056 0.5574087078651685 0.5252808988764045
0 0.5100070224719101 0.35346441947565543 0.516502808988764 0.35884831460674155 0.5198384831460674 0.3707865168539326 0.5158005617977528 0.38342696629213485 0.5089536516853933 0.38764044943820225 0.5029845505617978 0.386001872659176 0.49894662921348315 0.3815543071161049 0.4959620786516854 0.36891385767790263 0.5001755617977528 0.35674157303370785 0.5049157303370787 0.3532303370786517 0.5098314606741573 0.35346441947565543
0 0.397998595505618 0.47495318352059923 0.4044943820224719 0.47846441947565543 0.4083567415730337 0.48782771535580527 0.40572331460674155 0.5032771535580525 0.397998595505618 0.5084269662921348 0.3867626404494382 0.5056179775280899 0.382373595505618 0.49812734082397003 0.38219803370786515 0.4922752808988764 0.3827247191011236 0.4854868913857678 0.3864115168539326 0.477059925093633 0.39782303370786515 0.47495318352059923
0 0.4643609550561798 0.3160112359550562 0.47155898876404495 0.3211610486891386 0.47559691011235955 0.33848314606741575 0.47384129213483145 0.3441011235955056 0.46418539325842695 0.3508895131086142 0.45382724719101125 0.3471441947565543 0.44785814606741575 0.3352059925093633 0.4492626404494382 0.324438202247191 0.4527738764044944 0.31858614232209737 0.4571629213483146 0.3155430711610487 0.46418539325842695 0.3160112359550562
0 0.38728932584269665 0.5133426966292135 0.39554073033707865 0.5156835205992509 0.4023876404494382 0.5287921348314607 0.4020365168539326 0.5327715355805244 0.39571629213483145 0.540496254681648 0.38764044943820225 0.5454119850187266 0.37605337078651685 0.5416666666666666 0.37254213483146065 0.5311329588014981 0.37640449438202245 0.5187265917602997 0.38360252808988765 0.5131086142322098 0.3871137640449438 0.5133426966292135
0 0.4396067415730337 0.44358614232209737 0.44856039325842695 0.4517790262172285 0.4492626404494382 0.46676029962546817 0.445751404494382 0.4768258426966292 0.43223314606741575 0.48267790262172283 0.42433286516853935 0.47027153558052437 0.4238061797752809 0.45552434456928836 0.4274929775280899 0.44803370786516855 0.4394311797752809 0.44358614232209737
0 0.37008426966292135 0.4798689138576779 0.3751755617977528 0.48642322097378277 0.37956460674157305 0.5051498127340824 0.3732443820224719 0.5156835205992509 0.3651685393258427 0.5175561797752809 0.3553370786516854 0.511938202247191 0.35235252808988765 0.5002340823970037 0.3558637640449438 0.487125468164794 0.3628862359550562 0.48103932584269665 0.36990870786516855 0.4798689138576779
0 0.48103932584269665 0.6472378277153558 0.49157303370786515 0.650749063670412 0.49666432584269665 0.6612827715355806 0.49666432584269665 0.6715823970037453 0.4945575842696629 0.6776685393258427 0.49122191011235955 0.6818820224719101 0.484375 0.6846910112359551 0.47910814606741575 0.6830524344569289 0.46997893258426965 0.6683052434456929 0.47120786516853935 0.6549625468164794 0.47735252808988765 0.6477059925093633 0.4808637640449438 0.6472378277153558
0 0.4575140449438202 0.48829588014981273 0.4631320224719101 0.49180711610486894 0.46611657303370785 0.4969569288389513 0.46752106741573035 0.5086610486891385 0.46418539325842695 0.516619850187266 0.456811797752809 0.5215355805243446 0.44610252808988765 0.5173220973782772 0.44241573033707865 0.5063202247191011 0.4452247191011236 0.4936797752808989 0.44820926966292135 0.4892322097378277 0.4573384831460674 0.48829588014981273
0 0.6207865168539326 0.4875936329588015 0.6300912921348315 0.49250936329588013 0.6350070224719101 0.5049157303370787 0.6336025280898876 0.5189606741573034 0.6234199438202247 0.5278558052434457 0.613061797752809 0.5264513108614233 0.6032303370786517 0.5154494382022472 0.6062148876404494 0.5124063670411985 0.604810393258427 0.5014044943820225 0.6081460674157303 0.4948501872659176 0.613061797752809 0.48993445692883897 0.6206109550561798 0.4875936329588015
0 0.5919943820224719 0.3616573033707865 0.6004213483146067 0.3693820224719101 0.6034058988764045 0.38436329588014984 0.5995435393258427 0.39279026217228463 0.5888342696629213 0.3955992509363296 0.5839185393258427 0.39442883895131087 0.5797050561797753 0.3890449438202247 0.5746137640449438 0.3728932584269663 0.5809339887640449 0.3647003745318352 0.5918188202247191 0.3616573033707865
0 0.6163974719101124 0.6528558052434457 0.6272823033707865 0.660814606741573 0.6314957865168539 0.6783707865168539 0.6269311797752809 0.6924157303370787 0.6186797752808989 0.6973314606741573 0.6127106741573034 0.6970973782771536 0.6063904494382022 0.6926498127340824 0.6000702247191011 0.6788389513108615 0.6042837078651685 0.6575374531835206 0.6090238764044944 0.653558052434457 0.6162219101123596 0.6528558052434457
0 0.5258075842696629 0.39232209737827717 0.5337078651685393 0.3977059925093633 0.5354634831460674 0.4122191011235955 0.5305477528089888 0.4232209737827715 0.5226474719101124 0.42602996254681647 0.5135182584269663 0.42181647940074907 0.5107092696629213 0.40613295880149813 0.5170294943820225 0.3937265917602996 0.5256320224719101 0.39232209737827717
0 0.6235955056179775 0.32397003745318353 0.6309691011235955 0.33169475655430714 0.6320224719101124 0.34152621722846443 0.6248244382022472 0.35346441947565543 0.6165730337078652 0.35720973782771537 0.6081460674157303 0.35159176029962547 0.6051615168539326 0.34386704119850187 0.6049859550561798 0.33497191011235955 0.613061797752809 0.32397003745318353 0.6234199438202247 0.32397003745318353
0 0.5538974719101124 0.3904494382022472 0.5644311797752809 0.3946629213483146 0.5696980337078652 0.4066011235955056 0.5693469101123596 0.4122191011235955 0.5658356741573034 0.41924157303370785 0.5574087078651685 0.4241573033707865 0.5482794943820225 0.42064606741573035 0.542310393258427 0.41151685393258425 0.5433637640449438 0.3977059925093633 0.5537219101123596 0.3904494382022472
0 0.5366924157303371 0.352059925093633 0.543188202247191 0.3541666666666667 0.5474016853932584 0.35931647940074907 0.5502106741573034 0.3719569288389513 0.546875 0.38202247191011235 0.5363412921348315 0.3890449438202247 0.5249297752808989 0.3801498127340824 0.5235252808988764 0.3625936329588015 0.5291432584269663 0.35557116104868913 0.5365168539325843 0.352059925093633
0 0.36797752808988765 0.34012172284644193 0.3769311797752809 0.3455056179775281 0.38026685393258425 0.3548689138576779 0.37798455056179775 0.36657303370786515 0.37008426966292135 0.37312734082397003 0.36042837078651685 0.37102059925093633 0.35621488764044945 0.36587078651685395 0.35481039325842695 0.3600187265917603 0.35481039325842695 0.3522940074906367 0.35849719101123595 0.34386704119850187 0.36271067415730335 0.33965355805243447 0.36780196629213485 0.34012172284644193
0 0.49543539325842695 0.6114232209737828 0.5019311797752809 0.6233614232209738 0.5019311797752809 0.6324906367041199 0.49859550561797755 0.6420880149812734 0.48911516853932585 0.6460674157303371 0.48332162921348315 0.6451310861423221 0.477001404494382 0.6392790262172284 0.47559691011235955 0.62312734082397 0.4808637640449438 0.6128277153558053 0.4905196629213483 0.6100187265917603 0.49525983146067415 0.6114232209737828
0 0.40308988764044945 0.5529026217228464 0.4081811797752809 0.5545411985018727 0.4118679775280899 0.5592228464419475 0.41485252808988765 0.5737359550561798 0.4106390449438202 0.5852059925093633 0.40098314606741575 0.5905898876404494 0.3925561797752809 0.5859082397003745 0.3864115168539326 0.5760767790262172 0.38570926966292135 0.5702247191011236 0.38922050561797755 0.5571161048689138 0.40291432584269665 0.5529026217228464
2 0.6448969452247191 0.3089887640449438 0.3536997893258427 0.2948981741573034 0.33903546348314606 0.68625468164794 0.6348228581460674 0.699251170411985
1 0.40848665730337075 0.33162219101123597 0.02460323033707865 0.03590121722846442
1 0.4074315308988764 0.3714115168539326 0.023663974719101123 0.02965355805243446
1 0.38037394662921353 0.4126825842696629 0.019877106741573034 0.027921348314606742
1 0.43691537921348317 0.4160580524344569 0.020600421348314607 0.03467462546816479
1 0.44020365168539327 0.37731039325842697 0.02132373595505618 0.028965355805243443
1 0.468809691011236 0.3769194756554307 0.022356039325842698 0.02974250936329588
1 0.5539044943820225 0.37714653558052436 0.026348314606741575 0.028637640449438204
1 0.6138412921348315 0.4253604868913858 0.019817415730337077 0.0298689138576779
1 0.5541537921348315 0.4625514981273408 0.025675912921348316 0.030905898876404495
1 0.5517292837078652 0.5022401685393258 0.024338132022471908 0.03225655430711611
1 0.4677422752808989 0.45835908239700374 0.02256495786516854 0.03188670411985019
1 0.43215941011235953 0.49656601123595506 0.02044943820224719 0.03339419475655431
1 0.43464185393258425 0.5336797752808989 0.02073384831460674 0.03427668539325843
1 0.3723279494382023 0.536184456928839 0.011978581460674159 0.02055945692883895
1 0.3759006320224719 0.5711540262172284 0.016781952247191013 0.029637172284644193
1 0.3712991573033708 0.6121441947565542 0.01577247191011236 0.028906835205992507
1 0.39646418539325845 0.6567134831460674 0.015775983146067415 0.021289794007490637
1 0.43105863764044944 0.5736563670411985 0.0217626404494382 0.029960205992509363
1 0.46288799157303373 0.5740051498127341 0.022219101123595507 0.03065543071161049
1 0.46509831460674156 0.535505617977528 0.02195751404494382 0.02700374531835206
1 0.49099192415730336 0.5381624531835206 0.0245874297752809 0.029197097378277154
1 0.5198121488764045 0.5377808988764046 0.02019487359550562 0.029992977528089885
1 0.5172893258426966 0.5767181647940074 0.021000702247191014 0.02672050561797753
1 0.5489027387640449 0.5786540262172285 0.01868504213483146 0.02902855805243446
1 0.5489571629213483 0.6200959737827716 0.019963132022471908 0.029206460674157303
1 0.5799613764044944 0.5806343632958801 0.018772823033707867 0.02830992509363296
1 0.5786446629213483 0.6205852059925093 0.02081987359550562 0.027062265917602996
1 0.6095452949438201 0.5805056179775281 0.018249648876404494 0.024929775280898875
1 0.6082882724719101 0.622003745318352 0.01807584269662921 0.028340355805243442