0 0.4357443820224719 0.6582397003745318 0.4455758426966292 0.6720505617977528 0.44627808988764045 0.6891385767790262 0.44206460674157305 0.701310861423221 0.43240870786516855 0.7064606741573034 0.4260884831460674 0.7055243445692884 0.4222261235955056 0.7020131086142322 0.4183637640449438 0.6851591760299626 0.4201193820224719 0.6753277153558053 0.4253862359550562 0.6633895131086143 0.42907303370786515 0.6594101123595506 0.4355688202247191 0.6582397003745318
0 0.6395716292134831 0.5957397003745318 0.6523876404494382 0.6039325842696629 0.6585323033707865 0.6158707865168539 0.6588834269662921 0.6252340823970037 0.6564255617977528 0.6367041198501873 0.6476474719101124 0.6427902621722846 0.6318469101123596 0.6381086142322098 0.6248244382022472 0.6132958801498127 0.6255266853932584 0.6022940074906367 0.629564606741573 0.5962078651685393 0.633251404494382 0.5938670411985019 0.6393960674157303 0.5957397003745318
0 0.43627106741573035 0.7057584269662921 0.44662921348314605 0.7134831460674157 0.44820926966292135 0.7272940074906367 0.4429424157303371 0.7446161048689138 0.43223314606741575 0.7502340823970037 0.42117275280898875 0.7443820224719101 0.418188202247191 0.7378277153558053 0.41731039325842695 0.7268258426966292 0.41906601123595505 0.7169943820224719 0.4236306179775281 0.7088014981273408 0.43609550561797755 0.7057584269662921
0 0.4922752808988764 0.5269194756554307 0.5026334269662921 0.536750936329588 0.503686797752809 0.5512640449438202 0.5014044943820225 0.5639044943820225 0.49490870786516855 0.5737359550561798 0.49139747191011235 0.5756086142322098 0.484375 0.575374531835206 0.47963483146067415 0.5720973782771536 0.4727879213483146 0.5433052434456929 0.47559691011235955 0.5348782771535581 0.48946629213483145 0.5241104868913857 0.4906952247191011 0.5189606741573034 0.4920997191011236 0.5269194756554307
0 0.6165730337078652 0.523876404494382 0.620435393258427 0.525749063670412 0.6246488764044944 0.5330056179775281 0.625877808988764 0.549625468164794 0.6230688202247191 0.5585205992509363 0.6134129213483146 0.5641385767790262 0.6049859550561798 0.5617977528089888 0.5997191011235955 0.5571161048689138 0.5960323033707865 0.5327715355805244 0.6021769662921348 0.524812734082397 0.6163974719101124 0.523876404494382
0 0.5612710674157303 0.700374531835206 0.5705758426966292 0.7134831460674157 0.5728581460674157 0.7347846441947565 0.5682935393258427 0.7467228464419475 0.5575842696629213 0.7509363295880149 0.5495084269662921 0.74812734082397 0.543188202247191 0.7389981273408239 0.5410814606741573 0.7134831460674157 0.5430126404494382 0.7078651685393258 0.5503862359550562 0.7020131086142322 0.5568820224719101 0.6992041198501873 0.5610955056179775 0.700374531835206
0 0.3597261235955056 0.6444288389513109 0.3670997191011236 0.6509831460674157 0.3693820224719101 0.6580056179775281 0.3576193820224719 0.6720505617977528 0.3537570224719101 0.6959269662921348 0.35042134831460675 0.7027153558052435 0.3418188202247191 0.7099719101123596 0.3358497191011236 0.7116104868913857 0.3277738764044944 0.7092696629213483 0.32110252808988765 0.7001404494382022 0.3204002808988764 0.6917134831460674 0.32303370786516855 0.6790730337078652 0.3277738764044944 0.6718164794007491 0.34884129213483145 0.6594101123595506 0.3595505617977528 0.6444288389513109
0 0.5517907303370787 0.528558052434457 0.5605688202247191 0.5323033707865169 0.5646067415730337 0.5393258426966292 0.566186797752809 0.5573501872659176 0.5632022471910112 0.5641385767790262 0.5570575842696629 0.5692883895131086 0.5435393258426966 0.5702247191011236 0.5398525280898876 0.5685861423220974 0.5368679775280899 0.5608614232209738 0.5365168539325843 0.5395599250936329 0.5430126404494382 0.5292602996254682 0.5516151685393258 0.528558052434457
0 0.6437851123595506 0.6448970037453183 0.6544943820224719 0.6521535580524345 0.6581811797752809 0.6687734082397003 0.65625 0.6797752808988764 0.6485252808988764 0.6863295880149812 0.6420294943820225 0.6872659176029963 0.636938202247191 0.6870318352059925 0.6288623595505618 0.6818820224719101 0.6225421348314607 0.6683052434456929 0.6221910112359551 0.6566011235955056 0.6239466292134831 0.650749063670412 0.6299157303370787 0.6451310861423221 0.6436095505617978 0.6448970037453183
0 0.526685393258427 0.5205992509363296 0.5328300561797753 0.5236423220973783 0.5359901685393258 0.5297284644194756 0.5351123595505618 0.5533707865168539 0.5294943820224719 0.56437265917603 0.519311797752809 0.5683520599250936 0.511938202247191 0.5664794007490637 0.5066713483146067 0.5610955056179775 0.504564606741573 0.5543071161048689 0.504564606741573 0.5397940074906367 0.5121137640449438 0.5271535580524345 0.5191362359550562 0.522003745318352 0.5265098314606742 0.5205992509363296
0 0.5154494382022472 0.6549625468164794 0.5331811797752809 0.6584737827715356 0.535814606741573 0.6680711610486891 0.5340589887640449 0.6849250936329588 0.5259831460674157 0.6933520599250936 0.5121137640449438 0.6977996254681648 0.5052668539325843 0.6968632958801498 0.5015800561797753 0.6921816479400749 0.4984199438202247 0.6858614232209738 0.5014044943820225 0.6715823970037453 0.5089536516853933 0.6577715355805244 0.5152738764044944 0.6551966292134831
0 0.5105337078651685 0.6151685393258427 0.5294943820224719 0.6182116104868914 0.5342345505617978 0.6264044943820225 0.5347612359550562 0.6441947565543071 0.5305477528089888 0.6519194756554307 0.5231741573033708 0.6558988764044944 0.511938202247191 0.6537921348314607 0.5015800561797753 0.6345973782771536 0.5024578651685393 0.6198501872659176 0.5052668539325843 0.6161048689138576 0.5103581460674157 0.6151685393258427
0 0.6293890449438202 0.6844569288389513 0.6546699438202247 0.6903089887640449 0.6606390449438202 0.6999063670411985 0.6634480337078652 0.7130149812734082 0.6623946629213483 0.7219101123595506 0.657127808988764 0.7284644194756554 0.6506320224719101 0.7312734082397003 0.6399227528089888 0.7275280898876404 0.633251404494382 0.7165262172284644 0.6269311797752809 0.6926498127340824 0.6293890449438202 0.6846910112359551
0 0.49525983146067415 0.6870318352059925 0.49877106741573035 0.68937265917603 0.5054424157303371 0.701310861423221 0.5084269662921348 0.7102059925093633 0.5091292134831461 0.7221441947565543 0.5066713483146067 0.7340823970037453 0.5001755617977528 0.7415730337078652 0.49525983146067415 0.7436797752808989 0.48735955056179775 0.7425093632958801 0.4827949438202247 0.7387640449438202 0.4801615168539326 0.7343164794007491 0.4780547752808989 0.721441947565543 0.4784058988764045 0.7097378277153558 0.48384831460674155 0.6898408239700374 0.49508426966292135 0.6870318352059925
0 0.6825842696629213 0.5552434456928839 0.6894311797752809 0.5594569288389513 0.6932935393258427 0.5671816479400749 0.6875 0.5943352059925093 0.679248595505618 0.6027621722846442 0.664501404494382 0.6022940074906367 0.6581811797752809 0.6074438202247191 0.6522120786516854 0.6022940074906367 0.6522120786516854 0.5987827715355806 0.6567766853932584 0.5924625468164794 0.6523876404494382 0.5779494382022472 0.6532654494382022 0.5704588014981273 0.6580056179775281 0.5634363295880149 0.6824087078651685 0.5552434456928839
0 0.4647120786516854 0.577247191011236 0.47173455056179775 0.5849719101123596 0.476123595505618 0.6161048689138576 0.46348314606741575 0.6217228464419475 0.45365168539325845 0.6210205992509363 0.4476825842696629 0.6165730337078652 0.4450491573033708 0.6123595505617978 0.4429424157303371 0.600187265917603 0.444873595505618 0.5854400749063671 0.44838483146067415 0.5809925093632958 0.45610955056179775 0.5767790262172284 0.4645365168539326 0.577247191011236
0 0.6116573033707865 0.6086142322097379 0.6218398876404494 0.6114232209737828 0.6288623595505618 0.6299157303370787 0.6267556179775281 0.6432584269662921 0.6234199438202247 0.6479400749063671 0.6163974719101124 0.6509831460674157 0.609375 0.6495786516853933 0.6016502808988764 0.6420880149812734 0.5969101123595506 0.6271067415730337 0.5984901685393258 0.6163389513108615 0.6025280898876404 0.610252808988764 0.6114817415730337 0.6086142322097379
0 0.5779494382022472 0.6933520599250936 0.592872191011236 0.6977996254681648 0.5990168539325843 0.7050561797752809 0.6037570224719101 0.7247191011235955 0.5995435393258427 0.7373595505617978 0.5955056179775281 0.7418071161048689 0.5883075842696629 0.7436797752808989 0.5811095505617978 0.7420411985018727 0.5761938202247191 0.7375936329588015 0.5711025280898876 0.7155898876404494 0.5726825842696629 0.6999063670411985 0.5777738764044944 0.6935861423220974
0 0.5538974719101124 0.5699906367041199 0.5654845505617978 0.5800561797752809 0.5656601123595506 0.5959737827715356 0.561622191011236 0.6060393258426966 0.5503862359550562 0.6100187265917603 0.5398525280898876 0.6060393258426966 0.5356390449438202 0.5962078651685393 0.5347612359550562 0.5870786516853933 0.5400280898876404 0.5727996254681648 0.5537219101123596 0.5699906367041199
0 0.4195926966292135 0.6451310861423221 0.42240168539325845 0.6474719101123596 0.42450842696629215 0.6547284644194756 0.41941713483146065 0.6669007490636704 0.4160814606741573 0.6891385767790262 0.4081811797752809 0.7034176029962547 0.40150983146067415 0.7073970037453183 0.3908005617977528 0.7066947565543071 0.3865870786516854 0.7024812734082397 0.3850070224719101 0.6952247191011236 0.3867626404494382 0.6750936329588015 0.4004564606741573 0.6580056179775281 0.41485252808988765 0.6453651685393258 0.41941713483146065 0.6451310861423221
0 0.3829002808988764 0.5777153558052435 0.3904494382022472 0.5833333333333334 0.40484550561797755 0.5828651685393258 0.409936797752809 0.5880149812734082 0.41520365168539325 0.6200842696629213 0.4118679775280899 0.6273408239700374 0.40484550561797755 0.6322565543071161 0.3865870786516854 0.6245318352059925 0.3827247191011236 0.6163389513108615 0.38184691011235955 0.5912921348314607 0.37780898876404495 0.5830992509363296 0.38009129213483145 0.5777153558052435 0.3827247191011236 0.5777153558052435
0 0.5814606741573034 0.5255149812734082 0.590063202247191 0.5280898876404494 0.5955056179775281 0.536750936329588 0.5969101123595506 0.5512640449438202 0.5935744382022472 0.56062734082397 0.5886587078651685 0.5655430711610487 0.5805828651685393 0.5671816479400749 0.5739115168539326 0.5653089887640449 0.5684691011235955 0.5594569288389513 0.5654845505617978 0.537687265917603 0.5663623595505618 0.5327715355805244 0.5711025280898876 0.5273876404494382 0.5812851123595506 0.525749063670412
0 0.3904494382022472 0.6458333333333334 0.39729634831460675 0.6577715355805244 0.3862359550561798 0.6753277153558053 0.382373595505618 0.699438202247191 0.37570224719101125 0.7064606741573034 0.36973314606741575 0.7088014981273408 0.3614817415730337 0.7073970037453183 0.3551615168539326 0.7001404494382022 0.35463483146067415 0.6851591760299626 0.35674157303370785 0.6753277153558053 0.3591994382022472 0.6701779026217228 0.37833567415730335 0.6561329588014981 0.3871137640449438 0.6455992509363296 0.3902738764044944 0.6458333333333334
0 0.4741924157303371 0.6601123595505618 0.48156601123595505 0.6680711610486891 0.4826193820224719 0.6790730337078652 0.47735252808988765 0.6973314606741573 0.4703300561797753 0.702247191011236 0.4534761235955056 0.700374531835206 0.4490870786516854 0.6926498127340824 0.44803370786516855 0.6783707865168539 0.453125 0.6692415730337079 0.47401685393258425 0.6601123595505618
0 0.48753511235955055 0.5760767790262172 0.49473314606741575 0.5758426966292135 0.5001755617977528 0.579119850187266 0.5029845505617978 0.5926966292134831 0.5024578651685393 0.6048689138576779 0.4998244382022472 0.612125468164794 0.48771067415730335 0.6170411985018727 0.47981039325842695 0.6156367041198502 0.4741924157303371 0.6025280898876404 0.472436797752809 0.5919943820224719 0.47331460674157305 0.5852059925093633 0.47717696629213485 0.5793539325842697 0.4808637640449438 0.5760767790262172 0.48735955056179775 0.5760767790262172
0 0.3695575842696629 0.5426029962546817 0.37745786516853935 0.5484550561797753 0.3804424157303371 0.5536048689138576 0.3793890449438202 0.5711610486891385 0.37377106741573035 0.5798220973782772 0.3634129213483146 0.5838014981273408 0.35094803370786515 0.579119850187266 0.3477879213483146 0.5709269662921348 0.3477879213483146 0.5543071161048689 0.35445926966292135 0.5449438202247191 0.3693820224719101 0.5426029962546817
0 0.45804073033707865 0.5278558052434457 0.46752106741573035 0.5325374531835206 0.47138342696629215 0.538623595505618 0.47542134831460675 0.5580524344569289 0.4748946629213483 0.56437265917603 0.47208567415730335 0.5683520599250936 0.4645365168539326 0.5720973782771536 0.44838483146067415 0.5683520599250936 0.4413623595505618 0.5552434456928839 0.4413623595505618 0.5402621722846442 0.4490870786516854 0.5304307116104869 0.45786516853932585 0.5278558052434457
0 0.27598314606741575 0.7008426966292135 0.2796699438202247 0.702247191011236 0.28002106741573035 0.7064606741573034 0.27422752808988765 0.7172284644194756 0.27229634831460675 0.7305711610486891 0.2675561797752809 0.7357209737827716 0.26228932584269665 0.74812734082397 0.25509129213483145 0.7560861423220974 0.24262640449438203 0.7586610486891385 0.23402387640449437 0.7514044943820225 0.23103932584269662 0.7397003745318352 0.2363061797752809 0.7230805243445693 0.24367977528089887 0.7169943820224719 0.26632724719101125 0.7076310861423221 0.2758075842696629 0.7010767790262172
0 0.5249297752808989 0.6961610486891385 0.5326544943820225 0.6989700374531835 0.5375702247191011 0.7062265917602997 0.5409058988764045 0.726123595505618 0.5400280898876404 0.7338483146067416 0.5373946629213483 0.7378277153558053 0.5326544943820225 0.7422752808988764 0.5259831460674157 0.7439138576779026 0.5179073033707865 0.7413389513108615 0.5124648876404494 0.7343164794007491 0.5103581460674157 0.7134831460674157 0.5145716292134831 0.7006086142322098 0.5247542134831461 0.6961610486891385
0 0.7140098314606742 0.6441947565543071 0.7248946629213483 0.6542602996254682 0.7280547752808989 0.6652621722846442 0.7266502808988764 0.6786048689138576 0.7169943820224719 0.6870318352059925 0.7078651685393258 0.68562734082397 0.6989115168539326 0.6802434456928839 0.6943469101123596 0.6584737827715356 0.6945224719101124 0.6537921348314607 0.6978581460674157 0.6491104868913857 0.7099719101123596 0.6434925093632958 0.7138342696629213 0.6441947565543071
0 0.5538974719101124 0.6556647940074907 0.5609199438202247 0.6573033707865169 0.5640800561797753 0.6612827715355806 0.5677668539325843 0.6725187265917603 0.5679424157303371 0.6839887640449438 0.561622191011236 0.6947565543071161 0.5435393258426966 0.7043539325842697 0.5398525280898876 0.7038857677902621 0.534936797752809 0.6931179775280899 0.5375702247191011 0.6697097378277154 0.5430126404494382 0.6594101123595506 0.5537219101123596 0.6556647940074907
0 0.7001404494382022 0.6853932584269663 0.7171699438202247 0.6882022471910112 0.7273525280898876 0.699438202247191 0.7289325842696629 0.7085674157303371 0.7273525280898876 0.7223782771535581 0.7203300561797753 0.7298689138576779 0.7138342696629213 0.7312734082397003 0.7062851123595506 0.7282303370786517 0.6952247191011236 0.7134831460674157 0.6945224719101124 0.6959269662921348 0.6999648876404494 0.6853932584269663
0 0.24245084269662923 0.5498595505617978 0.2480688202247191 0.5512640449438202 0.25280898876404495 0.5566479400749064 0.2521067415730337 0.5692883895131086 0.2543890449438202 0.5816947565543071 0.24841994382022473 0.5884831460674157 0.238061797752809 0.5917602996254682 0.2305126404494382 0.5905898876404494 0.22401685393258428 0.5847378277153558 0.22155898876404495 0.5777153558052435 0.22120786516853932 0.5674157303370787 0.22296348314606743 0.5608614232209738 0.22981039325842698 0.5529026217228464 0.2422752808988764 0.5498595505617978
0 0.3969452247191011 0.5411985018726592 0.40730337078651685 0.5470505617977528 0.409936797752809 0.5662453183520599 0.4083567415730337 0.5737359550561798 0.4044943820224719 0.5786516853932584 0.3946629213483146 0.5826310861423221 0.3890449438202247 0.5821629213483146 0.38202247191011235 0.5760767790262172 0.3793890449438202 0.5629681647940075 0.38395365168539325 0.5465823970037453 0.3904494382022472 0.5419007490636704 0.3967696629213483 0.5411985018726592
0 0.4317064606741573 0.5805243445692884 0.4378511235955056 0.5833333333333334 0.441186797752809 0.588249063670412 0.4417134831460674 0.6065074906367042 0.43697331460674155 0.6170411985018727 0.4257373595505618 0.6228932584269663 0.418188202247191 0.6214887640449438 0.41485252808988765 0.6170411985018727 0.41274578651685395 0.6076779026217228 0.41309691011235955 0.5952715355805244 0.4155547752808989 0.5880149812734082 0.4195926966292135 0.5835674157303371 0.42521067415730335 0.5802902621722846 0.4315308988764045 0.5805243445692884
0 0.30582865168539325 0.5461142322097379 0.31513342696629215 0.5536048689138576 0.3167134831460674 0.574438202247191 0.3109199438202247 0.5826310861423221 0.3009129213483146 0.5868445692883895 0.2933637640449438 0.586376404494382 0.28827247191011235 0.5826310861423221 0.28441011235955055 0.5746722846441947 0.2833567415730337 0.5646067415730337 0.2847612359550562 0.5557116104868914 0.28844803370786515 0.5503277153558053 0.2965238764044944 0.545880149812734 0.30565308988764045 0.5461142322097379
0 0.5918188202247191 0.6544943820224719 0.5986657303370787 0.6580056179775281 0.6058637640449438 0.6718164794007491 0.6077949438202247 0.6825842696629213 0.6055126404494382 0.6889044943820225 0.5953300561797753 0.6961610486891385 0.5809339887640449 0.6933520599250936 0.5740870786516854 0.6863295880149812 0.5675912921348315 0.6640917602996255 0.5916432584269663 0.6547284644194756
0 0.6683637640449438 0.6846910112359551 0.6896067415730337 0.6926498127340824 0.6936446629213483 0.7052902621722846 0.6931179775280899 0.7198033707865169 0.6910112359550562 0.7240168539325843 0.6864466292134831 0.7289325842696629 0.6804775280898876 0.7305711610486891 0.6731039325842697 0.7284644194756554 0.6678370786516854 0.7235486891385767 0.6611657303370787 0.699438202247191 0.6627457865168539 0.68937265917603 0.668188202247191 0.6849250936329588
0 0.49473314606741575 0.6189138576779026 0.49929775280898875 0.62312734082397 0.5014044943820225 0.6371722846441947 0.5080758426966292 0.6533239700374532 0.5056179775280899 0.6619850187265918 0.5015800561797753 0.6643258426966292 0.48156601123595505 0.6612827715355806 0.4743679775280899 0.6542602996254682 0.4729634831460674 0.6376404494382022 0.47524578651685395 0.6303838951310862 0.4808637640449438 0.6228932584269663 0.4945575842696629 0.6189138576779026
0 0.3534058988764045 0.5823970037453183 0.3695575842696629 0.5842696629213483 0.378686797752809 0.5919943820224719 0.3790379213483146 0.6139981273408239 0.3765800561797753 0.6226591760299626 0.36622191011235955 0.6273408239700374 0.355688202247191 0.6245318352059925 0.34849016853932585 0.6128277153558053 0.34462780898876405 0.5990168539325843 0.3441011235955056 0.5856741573033708 0.3532303370786517 0.5823970037453183
0 0.2794943820224719 0.6591760299625468 0.2830056179775281 0.6610486891385767 0.28405898876404495 0.6647940074906367 0.27405196629213485 0.6767322097378277 0.2712429775280899 0.6926498127340824 0.261938202247191 0.7048220973782772 0.24385533707865167 0.7155898876404494 0.2363061797752809 0.7137172284644194 0.230688202247191 0.7057584269662921 0.22928370786516855 0.6961610486891385 0.23174157303370788 0.68562734082397 0.24473314606741572 0.6732209737827716 0.26667837078651685 0.6676029962546817 0.27598314606741575 0.6591760299625468 0.2793188202247191 0.6591760299625468
0 0.46032303370786515 0.6228932584269663 0.4706811797752809 0.6301498127340824 0.4729634831460674 0.6404494382022472 0.4726123595505618 0.6540262172284644 0.46734550561797755 0.661750936329588 0.4496137640449438 0.6701779026217228 0.4417134831460674 0.6645599250936329 0.43802668539325845 0.650749063670412 0.44785814606741575 0.6254681647940075 0.4527738764044944 0.6221910112359551 0.46014747191011235 0.6228932584269663
0 0.4222261235955056 0.5325374531835206 0.43697331460674155 0.5409644194756554 0.4415379213483146 0.5545411985018727 0.44013342696629215 0.5688202247191011 0.43416432584269665 0.5758426966292135 0.42679073033707865 0.5784176029962547 0.4176615168539326 0.576310861423221 0.413623595505618 0.5723314606741573 0.4083567415730337 0.5468164794007491 0.4118679775280899 0.5362827715355806 0.4220505617977528 0.5325374531835206
0 0.670997191011236 0.6420880149812734 0.6890800561797753 0.650749063670412 0.6964536516853933 0.6680711610486891 0.6968047752808989 0.6793071161048689 0.6922401685393258 0.6865636704119851 0.6860955056179775 0.6900749063670412 0.6655547752808989 0.6825842696629213 0.6650280898876404 0.6750936329588015 0.6604634831460674 0.6694756554307116 0.6595856741573034 0.6551966292134831 0.6618679775280899 0.6474719101123596 0.6648525280898876 0.6430243445692884 0.6708216292134831 0.6420880149812734
0 0.5617977528089888 0.6090823970037453 0.5712780898876404 0.6161048689138576 0.5718047752808989 0.6233614232209738 0.566186797752809 0.6486423220973783 0.5577598314606742 0.6549625468164794 0.545997191011236 0.6526217228464419 0.5384480337078652 0.6341292134831461 0.5377457865168539 0.6264044943820225 0.542310393258427 0.6147003745318352 0.561622191011236 0.6090823970037453
0 0.6151685393258427 0.6870318352059925 0.6272823033707865 0.6968632958801498 0.6327247191011236 0.7127808988764045 0.6302668539325843 0.7272940074906367 0.6199087078651685 0.7340823970037453 0.6097261235955056 0.7312734082397003 0.6058637640449438 0.7265917602996255 0.6005969101123596 0.7064606741573034 0.6018258426966292 0.6959269662921348 0.6091994382022472 0.6870318352059925 0.6149929775280899 0.6870318352059925
0 0.335498595505618 0.5426029962546817 0.34269662921348315 0.5456460674157303 0.3460323033707865 0.5500936329588015 0.34673455056179775 0.5713951310861424 0.3419943820224719 0.5798220973782772 0.3283005617977528 0.5833333333333334 0.3246137640449438 0.5828651685393258 0.31724016853932585 0.5746722846441947 0.3168890449438202 0.5540730337078652 0.32356039325842695 0.5447097378277154 0.33532303370786515 0.5426029962546817
0 0.6439606741573034 0.5210674157303371 0.6483497191011236 0.5229400749063671 0.6523876404494382 0.5292602996254682 0.6567766853932584 0.5522003745318352 0.6544943820224719 0.56062734082397 0.6453651685393258 0.5711610486891385 0.6446629213483146 0.5786516853932584 0.641502808988764 0.5814606741573034 0.6358848314606742 0.579119850187266 0.6351825842696629 0.5706928838951311 0.6265800561797753 0.5610955056179775 0.6251755617977528 0.5531367041198502 0.6262289325842697 0.5369850187265918 0.6299157303370787 0.5292602996254682 0.6350070224719101 0.5224719101123596 0.6437851123595506 0.5210674157303371
0 0.5816362359550562 0.5702247191011236 0.5935744382022472 0.5779494382022472 0.5984901685393258 0.6039325842696629 0.5953300561797753 0.6107209737827716 0.5804073033707865 0.613061797752809 0.5714536516853933 0.6107209737827716 0.5665379213483146 0.6041666666666666 0.5656601123595506 0.5973782771535581 0.5665379213483146 0.5814606741573034 0.5686446629213483 0.576310861423221 0.5814606741573034 0.5702247191011236
0 0.5212429775280899 0.5732677902621723 0.5310744382022472 0.5802902621722846 0.5344101123595506 0.5973782771535581 0.5333567415730337 0.6065074906367042 0.530372191011236 0.612125468164794 0.5212429775280899 0.6156367041198502 0.5100070224719101 0.6132958801498127 0.5040379213483146 0.6013576779026217 0.5064957865168539 0.5809925093632958 0.5152738764044944 0.5735018726591761 0.5210674157303371 0.5732677902621723
0 0.2733497191011236 0.5470505617977528 0.28405898876404495 0.5533707865168539 0.28405898876404495 0.5779494382022472 0.27879213483146065 0.5849719101123596 0.2694873595505618 0.5884831460674157 0.25877808988764045 0.5854400749063671 0.25509129213483145 0.5809925093632958 0.2522823033707865 0.5646067415730337 0.2543890449438202 0.5564138576779026 0.25842696629213485 0.5512640449438202 0.2731741573033708 0.5470505617977528
0 0.6127106741573034 0.5676498127340824 0.6228932584269663 0.5706928838951311 0.6281601123595506 0.5805243445692884 0.6292134831460674 0.5931647940074907 0.624122191011236 0.6048689138576779 0.6170997191011236 0.6086142322097379 0.6051615168539326 0.6069756554307116 0.6018258426966292 0.6051029962546817 0.5988412921348315 0.5987827715355806 0.5956811797752809 0.5821629213483146 0.5972612359550562 0.5742041198501873 0.6025280898876404 0.5690543071161048 0.6125351123595506 0.5678838951310862
0 0.5893609550561798 0.6144662921348315 0.5967345505617978 0.6252340823970037 0.5969101123595506 0.6441947565543071 0.5918188202247191 0.651685393258427 0.5783005617977528 0.6563670411985019 0.5693469101123596 0.6544943820224719 0.5674157303370787 0.6491104868913857 0.5714536516853933 0.6193820224719101 0.574438202247191 0.6147003745318352 0.589185393258427 0.6144662921348315
0 0.4647120786516854 0.7020131086142322 0.4747191011235955 0.7059925093632958 0.4784058988764045 0.7317415730337079 0.47752808988764045 0.7378277153558053 0.4705056179775281 0.74812734082397 0.4722612359550562 0.7551498127340824 0.4671699438202247 0.7584269662921348 0.4643609550561798 0.7504681647940075 0.4529494382022472 0.7432116104868914 0.44838483146067415 0.7345505617977528 0.449438202247191 0.7155898876404494 0.45189606741573035 0.7069288389513109 0.45628511235955055 0.7024812734082397 0.4645365168539326 0.7020131086142322
0 0.33900983146067415 0.5819288389513109 0.3441011235955056 0.5859082397003745 0.34831460674157305 0.613061797752809 0.34269662921348315 0.6200842696629213 0.3258426966292135 0.6254681647940075 0.32092696629213485 0.6245318352059925 0.316186797752809 0.6177434456928839 0.31583567415730335 0.6058052434456929 0.3242626404494382 0.5861423220973783 0.33883426966292135 0.5819288389513109
0 0.7208567415730337 0.5945692883895131 0.7275280898876404 0.6025280898876404 0.722436797752809 0.6093164794007491 0.7238412921348315 0.6233614232209738 0.7203300561797753 0.6371722846441947 0.715063202247191 0.6420880149812734 0.6997893258426966 0.6465355805243446 0.692064606741573 0.6427902621722846 0.6892556179775281 0.6289794007490637 0.6804775280898876 0.6196161048689138 0.6815308988764045 0.6114232209737828 0.6896067415730337 0.6006554307116105 0.7134831460674157 0.6018258426966292 0.7206811797752809 0.5945692883895131
1 0.6889554073033708 0.5386352996254682 0.06470856741573033 0.03482677902621723
1 0.7057303370786517 0.5563061797752809 0.032714185393258426 0.07952949438202248
1 0.6118908005617978 0.6655688202247191 0.022937148876404495 0.04056413857677903
1 0.673218047752809 0.6224040262172285 0.027384129213483144 0.04006554307116105
1 0.6404705056179775 0.5807045880149813 0.02625877808988764 0.03313202247191011
1 0.272715941011236 0.6281437265917602 0.08779845505617978 0.06402855805243444
1 0.30152914325842695 0.6669592696629213 0.033067064606741574 0.15102294007490635
1 0.3779740168539326 0.6415238764044944 0.1309497893258427 0.03460908239700374
1 0.35058462078651687 0.7282162921348315 0.1335182584269663 0.045695224719101125
1 0.49197682584269664 0.6780079588014981 0.02538799157303371 0.03735252808988764
2 0.22384129213483145 0.5419007490636704 0.7241924157303371 0.5208333333333334 0.7312148876404494 0.7455524344569289 0.23086376404494383 0.7549157303370787