2 0.24988290028089888 0.552434456928839 0.7379446980337078 0.6164169007490637 0.7256553721910112 0.8122659176029963 0.23349719101123595 0.7584269662921348
1 0.3577949438202247 0.5884058988764045 0.016853932584269662 0.04010533707865169
1 0.4508426966292135 0.5978464419475655 0.027387640449438203 0.03932584269662921
1 0.4789325842696629 0.6006554307116105 0.027387640449438203 0.03932584269662921
1 0.5087780898876404 0.6053370786516854 0.027387640449438203 0.03932584269662921
1 0.5368679775280899 0.6086142322097379 0.027387640449438203 0.03932584269662921
1 0.567064606741573 0.6123595505617978 0.027387640449438203 0.03932584269662921
1 0.5944522471910112 0.6170411985018727 0.027387640449438203 0.03932584269662921
1 0.5674157303370787 0.649812734082397 0.027387640449438203 0.03932584269662921
1 0.59375 0.6544943820224719 0.027387640449438203 0.03932584269662921
1 0.6237131320224719 0.6653394194756554 0.028558637640449434 0.026060393258426965
1 0.6523876404494382 0.6662757490636704 0.025047401685393256 0.026060393258426965
1 0.6794241573033708 0.6638576779026217 0.027387640449438203 0.03932584269662921
1 0.7106741573033708 0.6685393258426966 0.027387640449438203 0.03932584269662921
1 0.5077247191011236 0.6465355805243446 0.027387640449438203 0.03932584269662921
1 0.47717696629213485 0.6437265917602997 0.027387640449438203 0.03932584269662921
1 0.4469803370786517 0.6381086142322098 0.027387640449438203 0.03932584269662921
1 0.41924157303370785 0.6367041198501873 0.027387640449438203 0.03932584269662921
1 0.38974719101123595 0.6292134831460674 0.027387640449438203 0.03932584269662921
1 0.33462078651685395 0.6254681647940075 0.027387640449438203 0.03932584269662921
1 0.3047752808988764 0.6217228464419475 0.027387640449438203 0.03932584269662921
1 0.273876404494382 0.6179775280898876 0.027387640449438203 0.03932584269662921
1 0.26896067415730335 0.6573033707865169 0.027387640449438203 0.03932584269662921
1 0.29775280898876405 0.6596441947565543 0.027387640449438203 0.03932584269662921
1 0.3518258426966292 0.6685393258426966 0.027387640449438203 0.03932584269662921
1 0.38588483146067415 0.6690074906367042 0.027387640449438203 0.03932584269662921
1 0.418188202247191 0.6713483146067416 0.027387640449438203 0.03932584269662921
1 0.44452247191011235 0.6760299625468165 0.027387640449438203 0.03932584269662921
1 0.47366573033707865 0.6788389513108615 0.027387640449438203 0.03932584269662921
1 0.5028089887640449 0.6839887640449438 0.027387640449438203 0.03932584269662921
1 0.32549157303370785 0.7055243445692884 0.027387640449438203 0.03932584269662921
1 0.35428370786516855 0.7050561797752809 0.027387640449438203 0.03932584269662921
1 0.3827247191011236 0.7097378277153558 0.027387640449438203 0.03932584269662921
1 0.47120786516853935 0.7223782771535581 0.027387640449438203 0.03932584269662921
1 0.5007022471910112 0.726123595505618 0.027387640449438203 0.03932584269662921
1 0.2654494382022472 0.7411048689138576 0.027387640449438203 0.0299625468164794
1 0.29213483146067415 0.7378277153558053 0.027387640449438203 0.03932584269662921
1 0.324438202247191 0.7443820224719101 0.027387640449438203 0.03932584269662921
1 0.35042134831460675 0.7434456928838952 0.027387640449438203 0.03932584269662921
1 0.3767556179775281 0.7448501872659176 0.027387640449438203 0.03932584269662921
1 0.40484550561797755 0.75 0.027387640449438203 0.03932584269662921
1 0.4375 0.7551498127340824 0.027387640449438203 0.03932584269662921
1 0.46875 0.7612359550561798 0.027387640449438203 0.03932584269662921
1 0.49754213483146065 0.7649812734082397 0.027387640449438203 0.03932584269662921
1 0.5298455056179775 0.7317415730337079 0.027387640449438203 0.03932584269662921
1 0.5294943820224719 0.7724719101123596 0.027387640449438203 0.03932584269662921
1 0.5596910112359551 0.7364232209737828 0.027387640449438203 0.03932584269662921
1 0.5558286516853933 0.7724719101123596 0.027387640449438203 0.03932584269662921
1 0.5839185393258427 0.778558052434457 0.027387640449438203 0.03932584269662921
1 0.6158128511235955 0.7875304307116104 0.026803019662921347 0.026060393258426965
1 0.6480863764044944 0.745435393258427 0.027387640449438203 0.03932584269662921
1 0.6453651685393258 0.7794943820224719 0.027387640449438203 0.03932584269662921
1 0.6485252808988764 0.7092696629213483 0.027387640449438203 0.03932584269662921
1 0.6741573033707865 0.7064606741573034 0.027387640449438203 0.03932584269662921
1 0.6796875 0.7485955056179775 0.027387640449438203 0.03932584269662921
1 0.6745084269662921 0.7869850187265918 0.027387640449438203 0.03932584269662921
1 0.7054073033707865 0.7078651685393258 0.027387640449438203 0.03932584269662921
1 0.7029494382022472 0.7448501872659176 0.027387640449438203 0.03932584269662921
1 0.7025983146067416 0.7832397003745318 0.027387640449438203 0.03932584269662921
1 0.714624297752809 0.6386938202247191 0.027387640449438203 0.03932584269662921
1 0.5328300561797753 0.6931764981273408 0.03160112359550562 0.04154962546816479
1 0.5589448735955056 0.6978581460674157 0.03291783707865169 0.047401685393258425
0 0.24701544943820225 0.5816947565543071 0.24648876404494383 0.588249063670412 0.2480688202247191 0.5950374531835206 0.25122893258426965 0.6006554307116105 0.25526685393258425 0.6046348314606742 0.25860252808988765 0.6060393258426966 0.2658005617977528 0.6058052434456929 0.27264747191011235 0.6022940074906367 0.2758075842696629 0.5987827715355806 0.27650983146067415 0.5957397003745318 0.27598314606741575 0.591058052434457 0.2777387640449438 0.5774812734082397 0.2758075842696629 0.5711610486891385 0.27247191011235955 0.5671816479400749 0.26896067415730335 0.5646067415730337 0.261938202247191 0.5655430711610487 0.25860252808988765 0.5667134831460674 0.25474016853932585 0.5695224719101124 0.24964887640449437 0.5746722846441947 0.24771769662921347 0.5779494382022472
0 0.28019662921348315 0.5894194756554307 0.27984550561797755 0.5957397003745318 0.28037219101123595 0.5985486891385767 0.2833567415730337 0.6058052434456929 0.289501404494382 0.6097846441947565 0.2970505617977528 0.6100187265917603 0.3003862359550562 0.608380149812734 0.30723314606741575 0.602996254681648 0.31144662921348315 0.5969101123595506 0.3121488764044944 0.5901217228464419 0.31162219101123595 0.5774812734082397 0.31004213483146065 0.5735018726591761 0.3044241573033708 0.5695224719101124 0.2930126404494382 0.5695224719101124 0.28634129213483145 0.5739700374531835 0.28247893258426965 0.5779494382022472 0.2808988764044944 0.5814606741573034
0 0.3084620786516854 0.5648408239700374 0.3081109550561798 0.5676498127340824 0.3105688202247191 0.5692883895131086 0.3140800561797753 0.5699906367041199 0.3147823033707865 0.572565543071161 0.31337780898876405 0.5849719101123596 0.31372893258426965 0.5955056179775281 0.319873595505618 0.6034644194756554 0.32285814606741575 0.6060393258426966 0.3316362359550562 0.6104868913857678 0.33865870786516855 0.6114232209737828 0.3419943820224719 0.608380149812734 0.34655898876404495 0.6022940074906367 0.34831460674157305 0.5950374531835206 0.3472612359550562 0.5919943820224719 0.3460323033707865 0.5816947565543071 0.34287219101123595 0.5737359550561798 0.33883426966292135 0.5683520599250936 0.33146067415730335 0.5648408239700374 0.3242626404494382 0.56437265917603 0.32145365168539325 0.5655430711610487 0.3188202247191011 0.5653089887640449 0.3167134831460674 0.5639044943820225 0.31566011235955055 0.5601591760299626 0.3142556179775281 0.5585205992509363 0.3109199438202247 0.5613295880149812
0 0.3362008426966292 0.6329588014981273 0.3356741573033708 0.6406835205992509 0.3374297752808989 0.6474719101123596 0.34427668539325845 0.6563670411985019 0.34866573033707865 0.6582397003745318 0.35252808988764045 0.6580056179775281 0.359375 0.6549625468164794 0.36411516853932585 0.6500468164794008 0.3674508426966292 0.6437265917602997 0.3695575842696629 0.636938202247191 0.37043539325842695 0.6289794007490637 0.3695575842696629 0.6242977528089888 0.3649929775280899 0.6191479400749064 0.35674157303370785 0.6151685393258427 0.35217696629213485 0.614934456928839 0.34866573033707865 0.6161048689138576 0.3419943820224719 0.6212546816479401 0.3379564606741573 0.6266385767790262
0 0.30933988764044945 0.6650280898876404 0.3070575842696629 0.6750936329588015 0.30775983146067415 0.6879681647940075 0.30723314606741575 0.6924157303370787 0.3121488764044944 0.699438202247191 0.3140800561797753 0.7006086142322098 0.32127808988764045 0.6996722846441947 0.3316362359550562 0.6917134831460674 0.33497191011235955 0.6884363295880149 0.33848314606741575 0.6797752808988764 0.33918539325842695 0.6683052434456929 0.33707865168539325 0.6577715355805244 0.3356741573033708 0.6549625468164794 0.3316362359550562 0.651685393258427 0.3226825842696629 0.653558052434457 0.31390449438202245 0.6570692883895131 0.3105688202247191 0.6612827715355806
0 0.26650280898876405 0.7092696629213483 0.26632724719101125 0.7176966292134831 0.2673806179775281 0.7237827715355806 0.26896067415730335 0.7268258426966292 0.272998595505618 0.7310393258426966 0.2758075842696629 0.7326779026217228 0.2789676966292135 0.7326779026217228 0.284936797752809 0.7308052434456929 0.2933637640449438 0.7237827715355806 0.296875 0.7176966292134831 0.2989817415730337 0.7064606741573034 0.2947682584269663 0.6970973782771536 0.2909058988764045 0.6919475655430711 0.29020365168539325 0.6891385767790262 0.2893258426966292 0.6891385767790262 0.28265449438202245 0.6921816479400749 0.27598314606741575 0.6931179775280899 0.272998595505618 0.6954588014981273 0.26896067415730335 0.7001404494382022
0 0.234375 0.7083333333333334 0.23472612359550563 0.7134831460674157 0.23683286516853932 0.7174625468164794 0.23771067415730338 0.7209737827715356 0.24104634831460675 0.7256554307116105 0.2443820224719101 0.7277621722846442 0.24754213483146068 0.7282303370786517 0.25509129213483145 0.7272940074906367 0.2593047752808989 0.7240168539325843 0.26106039325842695 0.7202715355805244 0.26070926966292135 0.7167602996254682 0.26228932584269665 0.7120786516853933 0.26281601123595505 0.7076310861423221 0.2633426966292135 0.7062265917602997 0.2654494382022472 0.7052902621722846 0.2658005617977528 0.701310861423221 0.2679073033707865 0.6959269662921348 0.2636938202247191 0.6910112359550562 0.26316713483146065 0.6891385767790262 0.25912921348314605 0.6870318352059925 0.25877808988764045 0.68562734082397 0.25052668539325845 0.68562734082397 0.24122191011235955 0.6921816479400749 0.23771067415730338 0.6968632958801498 0.2363061797752809 0.6996722846441947
0 0.38799157303370785 0.724250936329588 0.38764044943820225 0.7275280898876404 0.38974719101123595 0.7375936329588015 0.39308286516853935 0.7434456928838952 0.3946629213483146 0.74812734082397 0.39343398876404495 0.7514044943820225 0.39343398876404495 0.7549157303370787 0.39712078651685395 0.7572565543071161 0.40098314606741575 0.7574906367041199 0.40168539325842695 0.7511704119850188 0.40291432584269665 0.7488295880149812 0.4116924157303371 0.7446161048689138 0.41713483146067415 0.7378277153558053 0.41853932584269665 0.7343164794007491 0.4197682584269663 0.7249531835205992 0.42257724719101125 0.7172284644194756 0.4222261235955056 0.7099719101123596 0.4201193820224719 0.7057584269662921 0.4097612359550562 0.699438202247191 0.4060744382022472 0.6985018726591761 0.40133426966292135 0.6992041198501873 0.3904494382022472 0.7118445692883895
0 0.4202949438202247 0.7305711610486891 0.42047050561797755 0.7354868913857678 0.42327949438202245 0.7413389513108615 0.43047752808988765 0.75187265917603 0.4357443820224719 0.7553838951310862 0.4413623595505618 0.7558520599250936 0.44592696629213485 0.7546816479400749 0.44978932584269665 0.7521067415730337 0.45189606741573035 0.7490636704119851 0.4554073033707865 0.7464887640449438 0.45997191011235955 0.7502340823970037 0.46348314606741575 0.7464887640449438 0.46400983146067415 0.7446161048689138 0.4633075842696629 0.7406367041198502 0.456811797752809 0.7366573033707865 0.45628511235955055 0.7305711610486891 0.45365168539325845 0.7198033707865169 0.44820926966292135 0.711376404494382 0.44259129213483145 0.7069288389513109 0.4415379213483146 0.7078651685393258 0.441186797752809 0.7102059925093633 0.4359199438202247 0.7120786516853933 0.42450842696629215 0.7186329588014981 0.4215238764044944 0.7237827715355806
0 0.398876404494382 0.608380149812734 0.40098314606741575 0.6214887640449438 0.40747893258426965 0.6289794007490637 0.418188202247191 0.6282771535580525 0.4202949438202247 0.62687265917603 0.42643960674157305 0.6200842696629213 0.4313553370786517 0.6095505617977528 0.43293539325842695 0.5973782771535581 0.43293539325842695 0.5919943820224719 0.4313553370786517 0.5852059925093633 0.4278441011235955 0.5809925093632958 0.42521067415730335 0.5798220973782772 0.42134831460674155 0.5795880149812734 0.4180126404494382 0.5807584269662921 0.40765449438202245 0.587312734082397 0.4023876404494382 0.5931647940074907
0 0.367626404494382 0.5931647940074907 0.367626404494382 0.5997191011235955 0.3695575842696629 0.6090823970037453 0.37552668539325845 0.6170411985018727 0.38009129213483145 0.6196161048689138 0.38816713483146065 0.6182116104868914 0.3904494382022472 0.6170411985018727 0.3965941011235955 0.6093164794007491 0.39957865168539325 0.6020599250936329 0.40168539325842695 0.5812265917602997 0.4006320224719101 0.5777153558052435 0.3964185393258427 0.5730337078651685 0.394311797752809 0.5718632958801498 0.38816713483146065 0.572565543071161 0.3790379213483146 0.5765449438202247 0.3732443820224719 0.5802902621722846 0.3690308988764045 0.587312734082397
0 0.519311797752809 0.6582397003745318 0.5187851123595506 0.6610486891385767 0.5191362359550562 0.6652621722846442 0.5210674157303371 0.6722846441947565 0.5233497191011236 0.6757958801498127 0.5259831460674157 0.6776685393258427 0.5398525280898876 0.6795411985018727 0.5474016853932584 0.6772003745318352 0.551439606741573 0.673689138576779 0.5538974719101124 0.6692415730337079 0.5547752808988764 0.6605805243445693 0.5561797752808989 0.6561329588014981 0.557935393258427 0.6537921348314607 0.5621488764044944 0.6523876404494382 0.5637289325842697 0.6505149812734082 0.5623244382022472 0.6444288389513109 0.5605688202247191 0.6413857677902621 0.5540730337078652 0.6448970037453183 0.5489817415730337 0.639747191011236 0.5465238764044944 0.6383426966292135 0.5400280898876404 0.6360018726591761 0.5330056179775281 0.6367041198501873 0.5298455056179775 0.6385767790262172 0.5247542134831461 0.6446629213483146
0 0.5798806179775281 0.6963951310861424 0.5788272471910112 0.699438202247191 0.5798806179775281 0.7130149812734082 0.5763693820224719 0.7172284644194756 0.5711025280898876 0.7205056179775281 0.5746137640449438 0.7294007490636704 0.5779494382022472 0.7315074906367042 0.582689606741573 0.7272940074906367 0.5853230337078652 0.7270599250936329 0.5884831460674157 0.7294007490636704 0.5965589887640449 0.7308052434456929 0.6021769662921348 0.7296348314606742 0.604810393258427 0.7272940074906367 0.6090238764044944 0.7080992509363296 0.6090238764044944 0.699438202247191 0.6107794943820225 0.6961610486891385 0.6104283707865169 0.6942883895131086 0.608497191011236 0.6926498127340824 0.6079705056179775 0.6905430711610487 0.6030547752808989 0.6886704119850188 0.5951544943820225 0.6877340823970037 0.5918188202247191 0.6853932584269663 0.5851474719101124 0.6877340823970037 0.5823384831460674 0.6912453183520599
0 0.5802317415730337 0.7446161048689138 0.5798806179775281 0.7483614232209738 0.5811095505617978 0.7549157303370787 0.5844452247191011 0.7598314606741573 0.5862008426966292 0.7656835205992509 0.5883075842696629 0.7696629213483146 0.5909410112359551 0.7722378277153558 0.5984901685393258 0.7752808988764045 0.6025280898876404 0.7743445692883895 0.6070926966292135 0.7705992509363296 0.6099016853932584 0.7656835205992509 0.6097261235955056 0.7544475655430711 0.6086727528089888 0.7471910112359551 0.6072682584269663 0.7425093632958801 0.6051615168539326 0.7392322097378277 0.6042837078651685 0.7343164794007491 0.6032303370786517 0.733380149812734 0.5893609550561798 0.7331460674157303 0.5865519662921348 0.7359550561797753 0.585498595505618 0.7385299625468165 0.5816362359550562 0.7415730337078652
0 0.6079705056179775 0.721441947565543 0.6076193820224719 0.7263576779026217 0.6086727528089888 0.7305711610486891 0.6127106741573034 0.7364232209737828 0.6260533707865169 0.7382958801498127 0.6336025280898876 0.738061797752809 0.6379915730337079 0.7357209737827716 0.6408005617977528 0.7322097378277154 0.6437851123595506 0.7237827715355806 0.6436095505617978 0.7200374531835206 0.6446629213483146 0.7181647940074907 0.6511587078651685 0.7169943820224719 0.6518609550561798 0.716058052434457 0.6529143258426966 0.7134831460674157 0.652563202247191 0.7099719101123596 0.6509831460674157 0.7045880149812734 0.6472963483146067 0.7045880149812734 0.6432584269662921 0.7062265917602997 0.640625 0.7048220973782772 0.6378160112359551 0.7006086142322098 0.6343047752808989 0.697565543071161 0.6264044943820225 0.6940543071161048 0.6192064606741573 0.6924157303370787 0.617626404494382 0.6940543071161048
0 0.6106039325842697 0.7446161048689138 0.6113061797752809 0.7567883895131086 0.6107794943820225 0.7670880149812734 0.6091994382022472 0.7713014981273408 0.6041081460674157 0.775749063670412 0.6042837078651685 0.7790262172284644 0.6058637640449438 0.7834737827715356 0.609375 0.7837078651685393 0.6107794943820225 0.7811329588014981 0.6141151685393258 0.778558052434457 0.6227176966292135 0.7808988764044944 0.6288623595505618 0.7806647940074907 0.6320224719101124 0.7792602996254682 0.6374648876404494 0.7724719101123596 0.6446629213483146 0.7516385767790262 0.6448384831460674 0.7478932584269663 0.6439606741573034 0.7441479400749064 0.6404494382022472 0.7387640449438202 0.6372893258426966 0.7373595505617978 0.6318469101123596 0.7389981273408239 0.6160463483146067 0.738061797752809 0.6132373595505618 0.739934456928839
0 0.6142907303370787 0.6196161048689138 0.6135884831460674 0.62312734082397 0.6135884831460674 0.6301498127340824 0.6148174157303371 0.6392790262172284 0.6162219101123596 0.6441947565543071 0.6181530898876404 0.6477059925093633 0.6230688202247191 0.653558052434457 0.629564606741573 0.6570692883895131 0.6337780898876404 0.6573033707865169 0.6400983146067416 0.6544943820224719 0.6437851123595506 0.647003745318352 0.6455407303370787 0.6420880149812734 0.6460674157303371 0.637874531835206 0.645189606741573 0.6301498127340824 0.6418539325842697 0.6212546816479401 0.6353581460674157 0.6154026217228464 0.6237710674157303 0.612125468164794 0.6178019662921348 0.6144662921348315
0 0.6467696629213483 0.6233614232209738 0.6460674157303371 0.6301498127340824 0.6467696629213483 0.6329588014981273 0.6469452247191011 0.6444288389513109 0.6483497191011236 0.6477059925093633 0.6539676966292135 0.6547284644194756 0.6578300561797753 0.6575374531835206 0.6632724719101124 0.6591760299625468 0.670997191011236 0.6584737827715356 0.6746839887640449 0.6558988764044944 0.6781952247191011 0.6486423220973783 0.6803019662921348 0.6406835205992509 0.680126404494382 0.6259363295880149 0.6783707865168539 0.6233614232209738 0.6778441011235955 0.6198501872659176 0.6746839887640449 0.6179775280898876 0.6688904494382022 0.6163389513108615 0.6601123595505618 0.6154026217228464 0.6546699438202247 0.6168071161048689
0 0.6804775280898876 0.6301498127340824 0.6810042134831461 0.6324906367041199 0.6808286516853933 0.6413857677902621 0.6767907303370787 0.6542602996254682 0.6783707865168539 0.6605805243445693 0.6773174157303371 0.6645599250936329 0.6781952247191011 0.6715823970037453 0.6831109550561798 0.6753277153558053 0.6890800561797753 0.6762640449438202 0.7034761235955056 0.6612827715355806 0.7066362359550562 0.6542602996254682 0.7064606741573034 0.647003745318352 0.7038272471910112 0.636938202247191 0.6975070224719101 0.6285112359550562 0.6931179775280899 0.6261704119850188 0.6887289325842697 0.6271067415730337 0.6848665730337079 0.6261704119850188 0.6817064606741573 0.6278089887640449