0 0.4390800561797753 0.6425561797752809 0.44662921348314605 0.6479400749063671 0.4496137640449438 0.6612827715355806 0.4452247191011236 0.6818820224719101 0.4359199438202247 0.6889044943820225 0.4260884831460674 0.6865636704119851 0.421875 0.6823501872659176 0.41853932584269665 0.6683052434456929 0.42047050561797755 0.6575374531835206 0.42468398876404495 0.6491104868913857 0.4320575842696629 0.6427902621722846 0.43890449438202245 0.6425561797752809
0 0.6522120786516854 0.6224250936329588 0.6648525280898876 0.6247659176029963 0.6724016853932584 0.638810861423221 0.6720505617977528 0.6568352059925093 0.6653792134831461 0.6647940074906367 0.6648525280898876 0.6692415730337079 0.6469452247191011 0.6582397003745318 0.6446629213483146 0.6544943820224719 0.6446629213483146 0.6451310861423221 0.6404494382022472 0.6296816479400749 0.644311797752809 0.6247659176029963 0.6520365168539326 0.6224250936329588
0 0.6859199438202247 0.5849719101123596 0.7001404494382022 0.5903558052434457 0.7043539325842697 0.6018258426966292 0.7024227528089888 0.6161048689138576 0.6927668539325843 0.6273408239700374 0.6871488764044944 0.6266385767790262 0.6753862359550562 0.6196161048689138 0.6706460674157303 0.6125936329588015 0.670997191011236 0.6044007490636704 0.6752106741573034 0.5917602996254682 0.679248595505618 0.5866104868913857 0.6857443820224719 0.5849719101123596
0 0.7169943820224719 0.5887172284644194 0.729810393258427 0.5955056179775281 0.7324438202247191 0.6051029962546817 0.7313904494382022 0.6193820224719101 0.7245435393258427 0.6285112359550562 0.7066362359550562 0.6308520599250936 0.703125 0.6308520599250936 0.6999648876404494 0.6240636704119851 0.7050561797752809 0.6088483146067416 0.7029494382022472 0.5952715355805244 0.7057584269662921 0.5908239700374532 0.7168188202247191 0.5887172284644194
0 0.3323384831460674 0.6364700374531835 0.33462078651685395 0.6395131086142322 0.35252808988764045 0.638810861423221 0.3570926966292135 0.6453651685393258 0.35797050561797755 0.6643258426966292 0.3616573033707865 0.6818820224719101 0.35235252808988765 0.6905430711610487 0.33848314606741575 0.6837546816479401 0.3279494382022472 0.6718164794007491 0.3298806179775281 0.6446629213483146 0.33321629213483145 0.6404494382022472 0.33075842696629215 0.6376404494382022 0.3321629213483146 0.6364700374531835
0 0.2579002808988764 0.5419007490636704 0.2672050561797753 0.5479868913857678 0.26685393258426965 0.5737359550561798 0.2636938202247191 0.5786516853932584 0.253686797752809 0.5830992509363296 0.24455758426966293 0.5828651685393258 0.24139747191011235 0.5802902621722846 0.2363061797752809 0.5713951310861424 0.23507724719101122 0.5601591760299626 0.23788623595505617 0.5493913857677902 0.24087078651685392 0.5456460674157303 0.24754213483146068 0.5419007490636704 0.2577247191011236 0.5419007490636704
0 0.5540730337078652 0.6537921348314607 0.561622191011236 0.6551966292134831 0.5691713483146067 0.6619850187265918 0.5721558988764045 0.6781367041198502 0.5719803370786517 0.68937265917603 0.5682935393258427 0.6968632958801498 0.5575842696629213 0.7008426966292135 0.5465238764044944 0.6938202247191011 0.542310393258427 0.6839887640449438 0.5424859550561798 0.6666666666666666 0.5447682584269663 0.6580056179775281 0.5538974719101124 0.6537921348314607
0 0.6197331460674157 0.5774812734082397 0.6300912921348315 0.5807584269662921 0.6374648876404494 0.5884831460674157 0.6395716292134831 0.598314606741573 0.6379915730337079 0.6109550561797753 0.6302668539325843 0.6189138576779026 0.6195575842696629 0.6191479400749064 0.6123595505617978 0.6135299625468165 0.6097261235955056 0.6060393258426966 0.6083216292134831 0.5847378277153558 0.6127106741573034 0.5786516853932584 0.6195575842696629 0.5777153558052435
0 0.6576544943820225 0.5388576779026217 0.6671348314606742 0.5421348314606742 0.6732794943820225 0.5578183520599251 0.6729283707865169 0.5650749063670412 0.6699438202247191 0.5718632958801498 0.6652036516853933 0.5786516853932584 0.6604634831460674 0.5798220973782772 0.6508075842696629 0.5788857677902621 0.6427317415730337 0.5709269662921348 0.6430828651685393 0.5433052434456929 0.6474719101123596 0.5395599250936329 0.6574789325842697 0.5388576779026217
0 0.5428370786516854 0.48010299625468167 0.5466994382022472 0.4815074906367041 0.5510884831460674 0.48782771535580527 0.5512640449438202 0.5023408239700374 0.5440660112359551 0.5201310861423221 0.5330056179775281 0.5245786516853933 0.526685393258427 0.5229400749063671 0.5207162921348315 0.5154494382022472 0.5191362359550562 0.5098314606741573 0.5207162921348315 0.49180711610486894 0.5265098314606742 0.48408239700374533 0.5328300561797753 0.48080524344569286 0.5426615168539326 0.48010299625468167
0 0.657127808988764 0.5819288389513109 0.6695926966292135 0.5847378277153558 0.6729283707865169 0.588249063670412 0.6690660112359551 0.6058052434456929 0.6657303370786517 0.6161048689138576 0.6622191011235955 0.6203183520599251 0.6441362359550562 0.6233614232209738 0.6420294943820225 0.6221910112359551 0.6392205056179775 0.6132958801498127 0.6395716292134831 0.5880149812734082 0.6465941011235955 0.5826310861423221 0.6569522471910112 0.5819288389513109
0 0.616748595505618 0.658941947565543 0.6293890449438202 0.6650280898876404 0.6341292134831461 0.6757958801498127 0.6336025280898876 0.6924157303370787 0.6300912921348315 0.6987359550561798 0.6230688202247191 0.7034176029962547 0.6127106741573034 0.702247191011236 0.6041081460674157 0.6882022471910112 0.6046348314606742 0.6652621722846442 0.6116573033707865 0.6591760299625468 0.6165730337078652 0.658941947565543
0 0.5293188202247191 0.5650749063670412 0.5396769662921348 0.5688202247191011 0.5437148876404494 0.5777153558052435 0.5440660112359551 0.5955056179775281 0.5409058988764045 0.602996254681648 0.5359901685393258 0.6079119850187266 0.5252808988764045 0.6088483146067416 0.519311797752809 0.6062734082397003 0.5145716292134831 0.5990168539325843 0.5145716292134831 0.5779494382022472 0.5224719101123596 0.5669475655430711 0.5291432584269663 0.5653089887640449
0 0.5251053370786517 0.6088483146067416 0.5370435393258427 0.6116573033707865 0.5426615168539326 0.6196161048689138 0.5437148876404494 0.6306179775280899 0.5414325842696629 0.6406835205992509 0.5373946629213483 0.6453651685393258 0.519311797752809 0.6547284644194756 0.5149227528089888 0.6523876404494382 0.5112359550561798 0.6465355805243446 0.5143960674157303 0.6334269662921348 0.5135182584269663 0.6161048689138576 0.5182584269662921 0.610252808988764 0.5249297752808989 0.6088483146067416
0 0.3850070224719101 0.4716760299625468 0.3960674157303371 0.4768258426966292 0.39764747191011235 0.4955524344569288 0.3946629213483146 0.5053838951310862 0.38377808988764045 0.5112359550561798 0.37166432584269665 0.5070224719101124 0.36780196629213485 0.5014044943820225 0.366748595505618 0.49063670411985016 0.36797752808988765 0.4829119850187266 0.3730688202247191 0.47308052434456926 0.3848314606741573 0.4716760299625468
0 0.6285112359550562 0.6205524344569289 0.6392205056179775 0.6292134831460674 0.6439606741573034 0.6439606741573034 0.6418539325842697 0.6577715355805244 0.6304424157303371 0.6661985018726592 0.6134129213483146 0.6558988764044944 0.6100772471910112 0.6420880149812734 0.6106039325842697 0.6299157303370787 0.6148174157303371 0.62312734082397 0.6283356741573034 0.6205524344569289
0 0.30793539325842695 0.5868445692883895 0.3263693820224719 0.5917602996254682 0.3300561797752809 0.5987827715355806 0.32566713483146065 0.6289794007490637 0.31197331460674155 0.6317883895131086 0.30354634831460675 0.6254681647940075 0.29810393258426965 0.6093164794007491 0.2984550561797753 0.5917602996254682 0.30775983146067415 0.5868445692883895
0 0.6458918539325843 0.6605805243445693 0.6595856741573034 0.6661985018726592 0.6639747191011236 0.6760299625468165 0.6646769662921348 0.6891385767790262 0.6629213483146067 0.6961610486891385 0.6522120786516854 0.7036516853932584 0.6418539325842697 0.6999063670411985 0.6358848314606742 0.6884363295880149 0.6357092696629213 0.6692415730337079 0.640625 0.6624531835205992 0.6457162921348315 0.6605805243445693
0 0.7212078651685393 0.5472846441947565 0.7273525280898876 0.548689138576779 0.7327949438202247 0.5536048689138576 0.7368328651685393 0.5655430711610487 0.734375 0.5819288389513109 0.7226123595505618 0.5877808988764045 0.7097963483146067 0.5852059925093633 0.702247191011236 0.5777153558052435 0.7011938202247191 0.5720973782771536 0.703125 0.5608614232209738 0.7085674157303371 0.5489232209737828 0.7210323033707865 0.5472846441947565
0 0.4394311797752809 0.4716760299625468 0.4550561797752809 0.4798689138576779 0.4590941011235955 0.48525280898876405 0.45997191011235955 0.5011704119850188 0.45768960674157305 0.5098314606741573 0.449438202247191 0.5177902621722846 0.4452247191011236 0.5180243445692884 0.4373244382022472 0.516619850187266 0.42854634831460675 0.5016385767790262 0.42696629213483145 0.4803370786516854 0.4317064606741573 0.4737827715355805 0.4392556179775281 0.4716760299625468
0 0.3146067415730337 0.6315543071161048 0.32145365168539325 0.6324906367041199 0.32742275280898875 0.636938202247191 0.32952949438202245 0.6519194756554307 0.3246137640449438 0.6715823970037453 0.3179424157303371 0.6750936329588015 0.30951544943820225 0.6753277153558053 0.2972261235955056 0.6734550561797753 0.2926615168539326 0.6680711610486891 0.29231039325842695 0.6645599250936329 0.29775280898876405 0.6561329588014981 0.30389747191011235 0.6376404494382022 0.3107443820224719 0.6315543071161048 0.3144311797752809 0.6315543071161048
0 0.41485252808988765 0.4726123595505618 0.4220505617977528 0.4758895131086142 0.425561797752809 0.48103932584269665 0.4274929775280899 0.4936797752808989 0.4260884831460674 0.5058520599250936 0.4222261235955056 0.5110018726591761 0.4164325842696629 0.5135767790262172 0.4044943820224719 0.5117041198501873 0.39764747191011235 0.50187265917603 0.398876404494382 0.48431647940074907 0.4018609550561798 0.4772940074906367 0.41467696629213485 0.4726123595505618
0 0.49490870786516855 0.6481741573033708 0.5014044943820225 0.6495786516853933 0.5071980337078652 0.6554307116104869 0.5105337078651685 0.6713483146067416 0.5087780898876404 0.6818820224719101 0.4980688202247191 0.6907771535580525 0.4840238764044944 0.6860955056179775 0.4799859550561798 0.6683052434456929 0.48297050561797755 0.6551966292134831 0.49087078651685395 0.6486423220973783 0.49473314606741575 0.6481741573033708
0 0.5923455056179775 0.574438202247191 0.6053370786516854 0.5814606741573034 0.6088483146067416 0.5945692883895131 0.6074438202247191 0.6097846441947565 0.6023525280898876 0.6163389513108615 0.5960323033707865 0.6175093632958801 0.5849719101123596 0.6147003745318352 0.578125 0.6058052434456929 0.5765449438202247 0.5978464419475655 0.5791783707865169 0.5807584269662921 0.5837429775280899 0.576310861423221 0.5921699438202247 0.574438202247191
0 0.25912921348314605 0.45739700374531833 0.2710674157303371 0.46301498127340823 0.27633426966292135 0.47659176029962547 0.27598314606741575 0.4911048689138577 0.26088483146067415 0.4988295880149813 0.2478932584269663 0.4955524344569288 0.24157303370786518 0.48735955056179775 0.2399929775280899 0.48103932584269665 0.24122191011235955 0.47027153558052437 0.24508426966292135 0.46254681647940077 0.25087780898876405 0.4583333333333333 0.25895365168539325 0.45739700374531833
0 0.27808988764044945 0.5456460674157303 0.2949438202247191 0.5538389513108615 0.29810393258426965 0.5603932584269663 0.29810393258426965 0.5779494382022472 0.2933637640449438 0.5868445692883895 0.28651685393258425 0.5912921348314607 0.27247191011235955 0.5880149812734082 0.2673806179775281 0.5777153558052435 0.2677317415730337 0.5503277153558053 0.2719452247191011 0.5456460674157303 0.27791432584269665 0.5456460674157303
0 0.3202247191011236 0.5479868913857678 0.328125 0.5503277153558053 0.3298806179775281 0.5533707865168539 0.33075842696629215 0.5711610486891385 0.32759831460674155 0.5816947565543071 0.31776685393258425 0.5870786516853933 0.3028441011235955 0.5826310861423221 0.29950842696629215 0.5746722846441947 0.2991573033707865 0.5571161048689138 0.3103932584269663 0.5470505617977528 0.3200491573033708 0.5479868913857678
0 0.5080758426966292 0.47635767790262173 0.5158005617977528 0.4803370786516854 0.5207162921348315 0.49063670411985016 0.5180828651685393 0.511938202247191 0.5089536516853933 0.5196629213483146 0.4961376404494382 0.5163857677902621 0.4898174157303371 0.5088951310861424 0.48718398876404495 0.4988295880149813 0.4898174157303371 0.48314606741573035 0.4996488764044944 0.477059925093633 0.5079002808988764 0.47635767790262173
0 0.44399578651685395 0.5180243445692884 0.449438202247191 0.5205992509363296 0.45365168539325845 0.5276217228464419 0.4554073033707865 0.5411985018726592 0.45400280898876405 0.5507958801498127 0.4431179775280899 0.5592228464419475 0.4353932584269663 0.5585205992509363 0.43082865168539325 0.5550093632958801 0.42661516853932585 0.5500936329588015 0.42503511235955055 0.5430711610486891 0.42854634831460675 0.5262172284644194 0.4357443820224719 0.5191947565543071 0.4438202247191011 0.5180243445692884
0 0.6293890449438202 0.5365168539325843 0.6358848314606742 0.5395599250936329 0.6429073033707865 0.5538389513108615 0.640625 0.5713951310861424 0.6320224719101124 0.5786516853932584 0.6185042134831461 0.575374531835206 0.6135884831460674 0.5718632958801498 0.6114817415730337 0.5664794007490637 0.6125351123595506 0.5435393258426966 0.6195575842696629 0.537687265917603 0.6292134831460674 0.5365168539325843
0 0.3809691011235955 0.5566479400749064 0.3883426966292135 0.5641385767790262 0.3923806179775281 0.5814606741573034 0.38553370786516855 0.5931647940074907 0.3732443820224719 0.600187265917603 0.36639747191011235 0.5990168539325843 0.359375 0.5922284644194756 0.35814606741573035 0.5774812734082397 0.3628862359550562 0.5634363295880149 0.3734199438202247 0.5566479400749064 0.3807935393258427 0.5566479400749064
0 0.3160112359550562 0.5065543071161048 0.3265449438202247 0.5102996254681648 0.3339185393258427 0.5184925093632958 0.3316362359550562 0.5369850187265918 0.3265449438202247 0.5435393258426966 0.3188202247191011 0.545880149812734 0.30530196629213485 0.5433052434456929 0.3026685393258427 0.5397940074906367 0.3009129213483146 0.5294943820224719 0.30196629213483145 0.5187265917602997 0.305126404494382 0.5121722846441947 0.3082865168539326 0.5084269662921348 0.31583567415730335 0.5065543071161048
0 0.6042837078651685 0.49250936329588013 0.6118328651685393 0.49836142322097376 0.6134129213483146 0.5154494382022472 0.610252808988764 0.5255149812734082 0.6004213483146067 0.5313670411985019 0.5918188202247191 0.5306647940074907 0.5876053370786517 0.526685393258427 0.5833918539325843 0.5189606741573034 0.5828651685393258 0.5051498127340824 0.5902387640449438 0.49391385767790263 0.6041081460674157 0.49250936329588013
0 0.26843398876404495 0.5838014981273408 0.27054073033707865 0.5919943820224719 0.26457162921348315 0.6041666666666666 0.26316713483146065 0.6161048689138576 0.24561095505617977 0.6235955056179775 0.24122191011235955 0.6235955056179775 0.23402387640449437 0.613061797752809 0.2403441011235955 0.5849719101123596 0.25702247191011235 0.5830992509363296 0.2652738764044944 0.579119850187266 0.26825842696629215 0.5838014981273408
0 0.6918890449438202 0.5414325842696629 0.6982092696629213 0.5440074906367042 0.7010182584269663 0.5482209737827716 0.7027738764044944 0.5608614232209738 0.6973314606741573 0.5781835205992509 0.6862710674157303 0.5819288389513109 0.6743328651685393 0.5774812734082397 0.6716994382022472 0.5711610486891385 0.6736306179775281 0.5646067415730337 0.6734550561797753 0.5533707865168539 0.6752106741573034 0.5470505617977528 0.6822331460674157 0.5416666666666666 0.6917134831460674 0.5414325842696629
0 0.676439606741573 0.6657303370786517 0.6832865168539326 0.6680711610486891 0.6950491573033708 0.6786048689138576 0.6939957865168539 0.701310861423221 0.6897823033707865 0.7066947565543071 0.6825842696629213 0.7092696629213483 0.6743328651685393 0.7071629213483146 0.6666081460674157 0.699438202247191 0.6648525280898876 0.674625468164794 0.6708216292134831 0.6666666666666666 0.6762640449438202 0.6657303370786517
0 0.4808637640449438 0.5985486891385767 0.48577949438202245 0.6128277153558053 0.48525280898876405 0.6336610486891385 0.48121488764044945 0.6399812734082397 0.4706811797752809 0.6453651685393258 0.4631320224719101 0.6423220973782772 0.456811797752809 0.6322565543071161 0.45768960674157305 0.6128277153558053 0.4626053370786517 0.6036985018726592 0.480688202247191 0.5985486891385767
0 0.29827949438202245 0.4452247191011236 0.3024929775280899 0.449438202247191 0.3012640449438202 0.45692883895131087 0.3081109550561798 0.47027153558052437 0.3067064606741573 0.4875936329588015 0.2945926966292135 0.5053838951310862 0.29020365168539325 0.5072565543071161 0.28247893258426965 0.5063202247191011 0.27861657303370785 0.5025749063670412 0.2768609550561798 0.4705056179775281 0.28230337078651685 0.461376404494382 0.29231039325842695 0.45529026217228463 0.2933637640449438 0.44592696629213485 0.29810393258426965 0.4452247191011236
0 0.3493679775280899 0.5931647940074907 0.355688202247191 0.5950374531835206 0.36025280898876405 0.6022940074906367 0.35990168539325845 0.6058052434456929 0.35445926966292135 0.6266385767790262 0.34252106741573035 0.635065543071161 0.3377808988764045 0.6343632958801498 0.3283005617977528 0.6261704119850188 0.32742275280898875 0.6081460674157303 0.33497191011235955 0.5936329588014981 0.3491924157303371 0.5931647940074907
0 0.3811446629213483 0.5997191011235955 0.38746488764044945 0.6065074906367042 0.38764044943820225 0.6261704119850188 0.37991573033707865 0.6367041198501873 0.366748595505618 0.6404494382022472 0.35867275280898875 0.6345973782771536 0.35656601123595505 0.6266385767790262 0.3609550561797753 0.6055711610486891 0.36604634831460675 0.601123595505618 0.3809691011235955 0.5997191011235955
0 0.47173455056179775 0.5210674157303371 0.48121488764044945 0.5250468164794008 0.48542837078651685 0.5362827715355806 0.4847261235955056 0.5500936329588015 0.48139044943820225 0.5571161048689138 0.47770365168539325 0.5594569288389513 0.4566362359550562 0.5491573033707865 0.4590941011235955 0.526685393258427 0.465063202247191 0.5217696629213483 0.47155898876404495 0.5210674157303371
0 0.3516502808988764 0.5063202247191011 0.3577949438202247 0.5084269662921348 0.36429073033707865 0.5156835205992509 0.36604634831460675 0.5259831460674157 0.36411516853932585 0.537687265917603 0.3595505617977528 0.5435393258426966 0.33900983146067415 0.5442415730337079 0.33497191011235955 0.5442415730337079 0.3325140449438202 0.5400280898876404 0.33462078651685395 0.5196629213483146 0.3419943820224719 0.5072565543071161 0.3514747191011236 0.5063202247191011
0 0.269311797752809 0.6264044943820225 0.2758075842696629 0.6292134831460674 0.2933637640449438 0.6273408239700374 0.29775280898876405 0.6299157303370787 0.30021067415730335 0.6360018726591761 0.29933286516853935 0.6474719101123596 0.2914325842696629 0.6652621722846442 0.28388342696629215 0.6697097378277154 0.2754564606741573 0.6683052434456929 0.2672050561797753 0.6580056179775281 0.2633426966292135 0.6329588014981273 0.26474719101123595 0.6287453183520599 0.2691362359550562 0.6264044943820225
0 0.5294943820224719 0.6537921348314607 0.5363412921348315 0.6575374531835206 0.5403792134831461 0.6652621722846442 0.5412570224719101 0.6858614232209738 0.5363412921348315 0.6947565543071161 0.5273876404494382 0.6980337078651685 0.5210674157303371 0.6963951310861424 0.5149227528089888 0.6898408239700374 0.5115870786516854 0.6701779026217228 0.5142205056179775 0.6610486891385767 0.5180828651685393 0.6566011235955056 0.5293188202247191 0.6537921348314607
0 0.5647823033707865 0.6118913857677902 0.5747893258426966 0.6186797752808989 0.579002808988764 0.6273408239700374 0.5807584269662921 0.6540262172284644 0.5712780898876404 0.6624531835205992 0.5530196629213483 0.6530898876404494 0.5465238764044944 0.6399812734082397 0.5461727528089888 0.6289794007490637 0.5486306179775281 0.6205524344569289 0.5565308988764045 0.6132958801498127 0.5646067415730337 0.6118913857677902
0 0.3788623595505618 0.6385767790262172 0.38764044943820225 0.6453651685393258 0.38799157303370785 0.6629213483146067 0.3811446629213483 0.6764981273408239 0.3734199438202247 0.6804775280898876 0.36587078651685395 0.6797752808988764 0.36253511235955055 0.6769662921348315 0.3591994382022472 0.6676029962546817 0.3590238764044944 0.6519194756554307 0.36587078651685395 0.6404494382022472 0.378686797752809 0.6385767790262172
0 0.7205056179775281 0.6306179775280899 0.7312148876404494 0.6406835205992509 0.7341994382022472 0.6502808988764045 0.7341994382022472 0.6580056179775281 0.7317415730337079 0.6645599250936329 0.7206811797752809 0.6732209737827716 0.7075140449438202 0.6664325842696629 0.7036516853932584 0.6406835205992509 0.7047050561797753 0.6348314606741573 0.7097963483146067 0.6308520599250936 0.7203300561797753 0.6306179775280899
0 0.25456460674157305 0.499063670411985 0.265625 0.5014044943820225 0.27598314606741575 0.5086610486891385 0.26860955056179775 0.525749063670412 0.2673806179775281 0.5362827715355806 0.25860252808988765 0.540496254681648 0.2442064606741573 0.5374531835205992 0.23735955056179775 0.5259831460674157 0.23771067415730338 0.5152153558052435 0.24104634831460675 0.5046816479400749 0.2482443820224719 0.499063670411985 0.2543890449438202 0.499063670411985
0 0.49508426966292135 0.5685861423220974 0.507373595505618 0.5709269662921348 0.5133426966292135 0.5814606741573034 0.5124648876404494 0.5994850187265918 0.5077247191011236 0.6069756554307116 0.5017556179775281 0.6088483146067416 0.491748595505618 0.6074438202247191 0.48560393258426965 0.5985486891385767 0.4841994382022472 0.5894194756554307 0.48560393258426965 0.5779494382022472 0.4901685393258427 0.5706928838951311 0.49490870786516855 0.5685861423220974
0 0.3807935393258427 0.511938202247191 0.39185393258426965 0.516619850187266 0.3960674157303371 0.525749063670412 0.3925561797752809 0.5475187265917603 0.38974719101123595 0.5526685393258427 0.38377808988764045 0.5561797752808989 0.3732443820224719 0.5543071161048689 0.3649929775280899 0.5400280898876404 0.3688553370786517 0.5156835205992509 0.3806179775280899 0.511938202247191
0 0.41485252808988765 0.513810861423221 0.4238061797752809 0.5189606741573034 0.4260884831460674 0.5259831460674157 0.4257373595505618 0.5365168539325843 0.42310393258426965 0.5470505617977528 0.41941713483146065 0.5512640449438202 0.40923455056179775 0.5538389513108615 0.40115870786516855 0.552434456928839 0.3967696629213483 0.5468164794007491 0.39554073033707865 0.5264513108614233 0.40115870786516855 0.5170880149812734 0.41467696629213485 0.513810861423221
0 0.25 0.6242977528089888 0.2556179775280899 0.6259363295880149 0.26246488764044945 0.6324906367041199 0.265625 0.6577715355805244 0.25719803370786515 0.6647940074906367 0.24841994382022473 0.6673689138576779 0.23771067415730338 0.663623595505618 0.2341994382022472 0.6587078651685393 0.23139044943820225 0.6481741573033708 0.22384129213483145 0.6439606741573034 0.22384129213483145 0.6392790262172284 0.22717696629213482 0.6313202247191011 0.234375 0.6348314606741573 0.24332865168539325 0.6259363295880149 0.2498244382022472 0.6242977528089888
0 0.4750702247191011 0.47191011235955055 0.4841994382022472 0.4772940074906367 0.4885884831460674 0.48384831460674155 0.48700842696629215 0.49204119850187267 0.4882373595505618 0.5112359550561798 0.4863061797752809 0.5159176029962547 0.480688202247191 0.5191947565543071 0.4666432584269663 0.5156835205992509 0.4608497191011236 0.5023408239700374 0.45979634831460675 0.4859550561797753 0.461376404494382 0.4798689138576779 0.4668188202247191 0.47331460674157305 0.4748946629213483 0.47191011235955055
0 0.6016502808988764 0.5332397003745318 0.610252808988764 0.5400280898876404 0.613061797752809 0.5533707865168539 0.610252808988764 0.5669475655430711 0.6067415730337079 0.5720973782771536 0.6018258426966292 0.5739700374531835 0.589185393258427 0.5718632958801498 0.5825140449438202 0.5613295880149812 0.5840941011235955 0.5409644194756554 0.5909410112359551 0.5341760299625468 0.6014747191011236 0.5332397003745318
0 0.6748595505617978 0.6235955056179775 0.6924157303370787 0.6299157303370787 0.702247191011236 0.6374063670411985 0.7054073033707865 0.6502808988764045 0.7047050561797753 0.6647940074906367 0.7006671348314607 0.6699438202247191 0.6936446629213483 0.6729868913857678 0.6890800561797753 0.6722846441947565 0.6743328651685393 0.6612827715355806 0.6729283707865169 0.6430243445692884 0.6671348314606742 0.6245318352059925 0.668188202247191 0.6226591760299626 0.6746839887640449 0.6235955056179775
0 0.46541432584269665 0.5554775280898876 0.47542134831460675 0.5599250936329588 0.48156601123595505 0.5676498127340824 0.48384831460674155 0.5802902621722846 0.4808637640449438 0.5978464419475655 0.4669943820224719 0.6025280898876404 0.45997191011235955 0.6013576779026217 0.45593398876404495 0.5969101123595506 0.45224719101123595 0.5919943820224719 0.44978932584269665 0.5814606741573034 0.45259831460674155 0.5601591760299626 0.4566362359550562 0.5557116104868914 0.4652387640449438 0.5554775280898876
0 0.3493679775280899 0.5433052434456929 0.35832162921348315 0.5500936329588015 0.36218398876404495 0.5608614232209738 0.35639044943820225 0.5819288389513109 0.35252808988764045 0.5877808988764045 0.3453300561797753 0.5919943820224719 0.3335674157303371 0.5884831460674157 0.33146067415730335 0.5779494382022472 0.3319873595505618 0.5571161048689138 0.3339185393258427 0.5498595505617978 0.3381320224719101 0.545880149812734 0.3491924157303371 0.5433052434456929
0 0.45207162921348315 0.5948033707865169 0.45768960674157305 0.6022940074906367 0.4554073033707865 0.6058052434456929 0.45417837078651685 0.6273408239700374 0.4496137640449438 0.6336610486891385 0.43995786516853935 0.636938202247191 0.4334620786516854 0.6348314606741573 0.42696629213483145 0.6282771535580525 0.42450842696629215 0.6163389513108615 0.42485955056179775 0.6022940074906367 0.4318820224719101 0.5943352059925093 0.4496137640449438 0.591058052434457 0.45189606741573035 0.5948033707865169
0 0.3497191011235955 0.46652621722846443 0.36235955056179775 0.4705056179775281 0.3669241573033708 0.4798689138576779 0.3635884831460674 0.5011704119850188 0.35235252808988765 0.5070224719101124 0.34129213483146065 0.5037453183520599 0.3379564606741573 0.49812734082397003 0.3360252808988764 0.48782771535580527 0.34076544943820225 0.47027153558052437 0.3495435393258427 0.46652621722846443
0 0.28037219101123595 0.5917602996254682 0.296875 0.5952715355805244 0.2984550561797753 0.6163389513108615 0.293188202247191 0.6238295880149812 0.277563202247191 0.6289794007490637 0.26702949438202245 0.6247659176029963 0.26457162921348315 0.6168071161048689 0.26474719101123595 0.6072097378277154 0.2710674157303371 0.5938670411985019 0.28019662921348315 0.5917602996254682
0 0.40695224719101125 0.638810861423221 0.41485252808988765 0.6439606741573034 0.41889044943820225 0.6577715355805244 0.41520365168539325 0.6732209737827716 0.4097612359550562 0.6795411985018727 0.4039676966292135 0.6816479400749064 0.39378511235955055 0.6793071161048689 0.38939606741573035 0.6748595505617978 0.3885182584269663 0.6570692883895131 0.38939606741573035 0.6493445692883895 0.39360955056179775 0.6434925093632958 0.4004564606741573 0.6385767790262172 0.40677668539325845 0.638810861423221
0 0.4199438202247191 0.5543071161048689 0.4260884831460674 0.5601591760299626 0.4274929775280899 0.5697565543071161 0.42240168539325845 0.5884831460674157 0.41485252808988765 0.596441947565543 0.3999297752808989 0.5936329588014981 0.39360955056179775 0.5828651685393258 0.39308286516853935 0.5716292134831461 0.39554073033707865 0.56437265917603 0.40098314606741575 0.5575842696629213 0.4197682584269663 0.5543071161048689
0 0.5888342696629213 0.6577715355805244 0.5984901685393258 0.6647940074906367 0.6030547752808989 0.6814138576779026 0.6027036516853933 0.6903089887640449 0.6000702247191011 0.6966292134831461 0.5902387640449438 0.7020131086142322 0.5849719101123596 0.7015449438202247 0.5768960674157303 0.6935861423220974 0.5728581460674157 0.68562734082397 0.5721558988764045 0.6760299625468165 0.5733848314606742 0.6676029962546817 0.5779494382022472 0.6612827715355806 0.5816362359550562 0.6582397003745318 0.5886587078651685 0.6577715355805244
0 0.7126053370786517 0.6713483146067416 0.7273525280898876 0.6823501872659176 0.7308637640449438 0.6952247191011236 0.7282303370786517 0.7097378277153558 0.7236657303370787 0.7146535580524345 0.7169943820224719 0.7162921348314607 0.7062851123595506 0.7116104868913857 0.699438202247191 0.7029494382022472 0.6971558988764045 0.6963951310861424 0.6975070224719101 0.6786048689138576 0.7047050561797753 0.6715823970037453 0.7124297752808989 0.6713483146067416
0 0.40133426966292135 0.5952715355805244 0.414501404494382 0.5985486891385767 0.42240168539325845 0.6093164794007491 0.42257724719101125 0.6266385767790262 0.41485252808988765 0.6392790262172284 0.39922752808988765 0.637874531835206 0.394311797752809 0.6338951310861424 0.3902738764044944 0.6264044943820225 0.38974719101123595 0.6032303370786517 0.39325842696629215 0.5980805243445693 0.40115870786516855 0.5952715355805244
0 0.5398525280898876 0.5280898876404494 0.5466994382022472 0.5334737827715356 0.5507373595505618 0.5437734082397003 0.5479283707865169 0.5613295880149812 0.5393258426966292 0.5697565543071161 0.5259831460674157 0.5657771535580525 0.5205407303370787 0.5580524344569289 0.5194873595505618 0.5461142322097379 0.5224719101123596 0.5355805243445693 0.5268609550561798 0.5313670411985019 0.5396769662921348 0.5283239700374532
0 0.3205758426966292 0.4583333333333333 0.33110955056179775 0.46348314606741575 0.3376053370786517 0.4735486891385768 0.3358497191011236 0.48642322097378277 0.33690308988764045 0.5016385767790262 0.33497191011235955 0.5049157303370787 0.3260182584269663 0.5088951310861424 0.31495786516853935 0.5025749063670412 0.30951544943820225 0.4955524344569288 0.3070575842696629 0.48782771535580527 0.30758426966292135 0.47752808988764045 0.3121488764044944 0.46348314606741575 0.3105688202247191 0.45646067415730335 0.3142556179775281 0.45224719101123595 0.31759129213483145 0.45224719101123595 0.3204002808988764 0.4583333333333333
0 0.6573033707865169 0.49157303370786515 0.6716994382022472 0.5004681647940075 0.6760884831460674 0.511938202247191 0.6741573033707865 0.5316011235955056 0.6613412921348315 0.5383895131086143 0.6544943820224719 0.5374531835205992 0.6453651685393258 0.5294943820224719 0.6460674157303371 0.5145131086142322 0.6441362359550562 0.5049157303370787 0.6457162921348315 0.49812734082397003 0.6509831460674157 0.49250936329588013 0.657127808988764 0.49157303370786515
0 0.7285814606741573 0.5042134831460674 0.7340238764044944 0.5084269662921348 0.7377106741573034 0.5152153558052435 0.7391151685393258 0.5290262172284644 0.7341994382022472 0.5430711610486891 0.7250702247191011 0.5456460674157303 0.7161165730337079 0.5447097378277154 0.7083918539325843 0.538623595505618 0.7090941011235955 0.5107677902621723 0.7101474719101124 0.5074906367041199 0.7161165730337079 0.5039794007490637 0.7284058988764045 0.5042134831460674
0 0.5684691011235955 0.4892322097378277 0.5746137640449438 0.49040262172284643 0.5795294943820225 0.4948501872659176 0.5828651685393258 0.5053838951310862 0.5819873595505618 0.5191947565543071 0.5747893258426966 0.5283239700374532 0.5575842696629213 0.5299625468164794 0.5496839887640449 0.5191947565543071 0.5503862359550562 0.5074906367041199 0.5560042134831461 0.4911048689138577 0.5682935393258427 0.4892322097378277
0 0.5019311797752809 0.5259831460674157 0.5084269662921348 0.5278558052434457 0.5126404494382022 0.5320692883895131 0.516502808988764 0.5433052434456929 0.514747191011236 0.5594569288389513 0.5054424157303371 0.5685861423220974 0.49280196629213485 0.5657771535580525 0.4866573033707865 0.5538389513108615 0.48683286516853935 0.5414325842696629 0.4899929775280899 0.5320692883895131 0.4945575842696629 0.5278558052434457 0.5017556179775281 0.5259831460674157
0 0.2830056179775281 0.5072565543071161 0.2970505617977528 0.5107677902621723 0.30214185393258425 0.514747191011236 0.30179073033707865 0.5402621722846442 0.29037921348314605 0.5484550561797753 0.27598314606741575 0.5449438202247191 0.2717696629213483 0.5409644194756554 0.269311797752809 0.5313670411985019 0.2700140449438202 0.5222378277153558 0.2758075842696629 0.5102996254681648 0.2828300561797753 0.5074906367041199
0 0.5696980337078652 0.5294943820224719 0.5768960674157303 0.5320692883895131 0.5823384831460674 0.5419007490636704 0.5823384831460674 0.5608614232209738 0.5747893258426966 0.5704588014981273 0.5637289325842697 0.5732677902621723 0.5537219101123596 0.5709269662921348 0.5498595505617978 0.5639044943820225 0.5496839887640449 0.5571161048689138 0.5547752808988764 0.5362827715355806 0.5595154494382022 0.5311329588014981 0.5695224719101124 0.5294943820224719
0 0.6023525280898876 0.6182116104868914 0.6097261235955056 0.6301498127340824 0.6109550561797753 0.6523876404494382 0.6079705056179775 0.6582397003745318 0.6012991573033708 0.6631554307116105 0.5835674157303371 0.6544943820224719 0.5804073033707865 0.6399812734082397 0.5804073033707865 0.6294475655430711 0.5814606741573034 0.6247659176029963 0.5879564606741573 0.6210205992509363 0.6021769662921348 0.6182116104868914
0 0.4652387640449438 0.6467696629213483 0.4722612359550562 0.6509831460674157 0.47735252808988765 0.6580056179775281 0.47981039325842695 0.6760299625468165 0.4787570224719101 0.68562734082397 0.4671699438202247 0.6977996254681648 0.453125 0.6896067415730337 0.44856039325842695 0.6764981273408239 0.4527738764044944 0.6533239700374532 0.45646067415730335 0.6493445692883895 0.465063202247191 0.6467696629213483
0 0.6307935393258427 0.4943820224719101 0.636938202247191 0.49602059925093633 0.641502808988764 0.5009363295880149 0.645189606741573 0.5142790262172284 0.6430828651685393 0.5287921348314607 0.6337780898876404 0.5341760299625468 0.6188553370786517 0.5308988764044944 0.6134129213483146 0.5227059925093633 0.6135884831460674 0.5079588014981273 0.6162219101123596 0.499063670411985 0.6228932584269663 0.4943820224719101 0.6306179775280899 0.4943820224719101
0 0.5038623595505618 0.6095505617977528 0.5126404494382022 0.6161048689138576 0.5142205056179775 0.6334269662921348 0.5103581460674157 0.6441947565543071 0.5022823033707865 0.6493445692883895 0.49280196629213485 0.6479400749063671 0.48771067415730335 0.6432584269662921 0.48577949438202245 0.6374063670411985 0.4861306179775281 0.62312734082397 0.4906952247191011 0.6118913857677902 0.503686797752809 0.6095505617977528
0 0.6971558988764045 0.49976591760299627 0.7027738764044944 0.5014044943820225 0.7075140449438202 0.5065543071161048 0.7096207865168539 0.5231741573033708 0.7048806179775281 0.5365168539325843 0.6931179775280899 0.5407303370786517 0.6820575842696629 0.5374531835205992 0.6771418539325843 0.5327715355805244 0.675561797752809 0.5294943820224719 0.6766151685393258 0.5135767790262172 0.6846910112359551 0.5016385767790262 0.6969803370786517 0.49976591760299627
1 0.5594575140449438 0.5906671348314606 0.03160112359550562 0.042134831460674156
1 0.44241573033707865 0.575063202247191 0.03277212078651685 0.04057350187265918
2 0.23934919241573036 0.4556804775280899 0.7449671699438202 0.5032771535580525 0.7373595505617978 0.7186329588014981 0.22003739466292135 0.6679150280898877 0.23876404494382023 0.45490004681647944