0 0.46225421348314605 0.30430711610486894 0.4706811797752809 0.31086142322097376 0.4741924157303371 0.32092696629213485 0.47138342696629215 0.3345037453183521 0.46348314606741575 0.34012172284644193 0.45224719101123595 0.3368445692883895 0.44856039325842695 0.33052434456928836 0.4473314606741573 0.3211610486891386 0.4513693820224719 0.3073501872659176 0.46207865168539325 0.30430711610486894
0 0.6149929775280899 0.4562265917602996 0.6228932584269663 0.46441947565543074 0.6253511235955056 0.47097378277153557 0.6237710674157303 0.4812734082397004 0.6186797752808989 0.488061797752809 0.6134129213483146 0.49063670411985016 0.6014747191011236 0.4887640449438202 0.5976123595505618 0.48408239700374533 0.5956811797752809 0.47331460674157305 0.5981390449438202 0.46324906367041196 0.6016502808988764 0.45880149812734083 0.6148174157303371 0.4562265917602996
0 0.402563202247191 0.399812734082397 0.41151685393258425 0.4049625468164794 0.4159058988764045 0.41830524344569286 0.41520365168539325 0.4262640449438202 0.4102879213483146 0.436563670411985 0.4018609550561798 0.44030898876404495 0.39009831460674155 0.43609550561797755 0.3851825842696629 0.4286048689138577 0.3844803370786517 0.42181647940074907 0.3904494382022472 0.40379213483146065 0.4023876404494382 0.399812734082397
0 0.5890098314606742 0.32162921348314605 0.5958567415730337 0.3274812734082397 0.5993679775280899 0.3424625468164794 0.5933988764044944 0.3574438202247191 0.5860252808988764 0.36235955056179775 0.577247191011236 0.3604868913857678 0.5716292134831461 0.35580524344569286 0.5696980337078652 0.33801498127340823 0.5714536516853933 0.33146067415730335 0.5774227528089888 0.3237359550561798 0.5888342696629213 0.32162921348314605
0 0.5830407303370787 0.4110486891385768 0.5918188202247191 0.41853932584269665 0.5925210674157303 0.42930711610486894 0.5883075842696629 0.4410112359550562 0.5819873595505618 0.4431179775280899 0.573560393258427 0.4410112359550562 0.5691713483146067 0.43679775280898875 0.5668890449438202 0.42181647940074907 0.5711025280898876 0.4133895131086142 0.5828651685393258 0.4110486891385768
0 0.5575842696629213 0.32045880149812733 0.5651334269662921 0.3279494382022472 0.5668890449438202 0.34176029962546817 0.5646067415730337 0.34948501872659177 0.5574087078651685 0.3548689138576779 0.5500351123595506 0.3541666666666667 0.5454705056179775 0.3506554307116105 0.5417837078651685 0.3450374531835206 0.5409058988764045 0.3366104868913858 0.5421348314606742 0.3300561797752809 0.5466994382022472 0.3227996254681648 0.5503862359550562 0.31999063670411987 0.5574087078651685 0.32045880149812733
0 0.5853230337078652 0.6123595505617978 0.5930477528089888 0.6179775280898876 0.5955056179775281 0.6301498127340824 0.5925210674157303 0.6399812734082397 0.5816362359550562 0.647003745318352 0.5711025280898876 0.6441947565543071 0.5686446629213483 0.6348314606741573 0.5689957865168539 0.6233614232209738 0.5730337078651685 0.6156367041198502 0.5786516853932584 0.6123595505617978 0.5851474719101124 0.6123595505617978
0 0.5296699438202247 0.31320224719101125 0.5370435393258427 0.3202247191011236 0.5396769662921348 0.33824906367041196 0.5372191011235955 0.34597378277153557 0.5319522471910112 0.3529962546816479 0.519311797752809 0.35908239700374533 0.5117626404494382 0.35603932584269665 0.5064957865168539 0.3487827715355805 0.5086025280898876 0.3270131086142322 0.5177317415730337 0.31413857677902624 0.5294943820224719 0.31320224719101125
0 0.5484550561797753 0.658941947565543 0.5582865168539326 0.661750936329588 0.5621488764044944 0.6692415730337079 0.5632022471910112 0.677434456928839 0.5612710674157303 0.6891385767790262 0.5570575842696629 0.6938202247191011 0.5503862359550562 0.6961610486891385 0.5424859550561798 0.6931179775280899 0.5389747191011236 0.6877340823970037 0.5377457865168539 0.6800093632958801 0.5393258426966292 0.663623595505618 0.5433637640449438 0.6594101123595506 0.5482794943820225 0.658941947565543
0 0.5261587078651685 0.526685393258427 0.532127808988764 0.5292602996254682 0.5363412921348315 0.5351123595505618 0.5379213483146067 0.5484550561797753 0.5368679775280899 0.5564138576779026 0.5337078651685393 0.5620318352059925 0.5235252808988764 0.5667134831460674 0.5173806179775281 0.5653089887640449 0.5122893258426966 0.5608614232209738 0.5084269662921348 0.5538389513108615 0.5077247191011236 0.5465823970037453 0.5117626404494382 0.5313670411985019 0.5194873595505618 0.5269194756554307 0.5259831460674157 0.526685393258427
0 0.36622191011235955 0.31015917602996257 0.37359550561797755 0.31741573033707865 0.3751755617977528 0.3288857677902622 0.371313202247191 0.3403558052434457 0.363061797752809 0.3455056179775281 0.35691713483146065 0.3429307116104869 0.35235252808988765 0.33707865168539325 0.35042134831460675 0.32397003745318353 0.355688202247191 0.31320224719101125 0.36604634831460675 0.31015917602996257
0 0.5200140449438202 0.5905898876404494 0.5344101123595506 0.6048689138576779 0.5382724719101124 0.6139981273408239 0.5363412921348315 0.6320224719101124 0.5324789325842697 0.6385767790262172 0.5263342696629213 0.6430243445692884 0.5133426966292135 0.6376404494382022 0.5087780898876404 0.6299157303370787 0.507373595505618 0.6224250936329588 0.5077247191011236 0.5976123595505618 0.5150983146067416 0.5908239700374532 0.5198384831460674 0.5905898876404494
0 0.4295997191011236 0.3157771535580524 0.43644662921348315 0.32092696629213485 0.44013342696629215 0.3345037453183521 0.4378511235955056 0.34527153558052437 0.4317064606741573 0.3497191011235955 0.4197682584269663 0.34620786516853935 0.41678370786516855 0.34269662921348315 0.4137991573033708 0.33239700374531833 0.4141502808988764 0.3274812734082397 0.41853932584269665 0.3197565543071161 0.42292837078651685 0.31624531835205993 0.4294241573033708 0.3157771535580524
0 0.4705056179775281 0.40402621722846443 0.47717696629213485 0.4101123595505618 0.4808637640449438 0.42907303370786515 0.47752808988764045 0.43820224719101125 0.4685744382022472 0.4431179775280899 0.4552317415730337 0.43562734082397003 0.45259831460674155 0.42017790262172283 0.45646067415730335 0.40426029962546817 0.4703300561797753 0.40402621722846443
0 0.5017556179775281 0.3981741573033708 0.508251404494382 0.40262172284644193 0.5122893258426966 0.41151685393258425 0.5086025280898876 0.4288389513108614 0.5017556179775281 0.4342228464419476 0.48964185393258425 0.4297752808988764 0.48349719101123595 0.4147940074906367 0.4845505617977528 0.4075374531835206 0.48911516853932585 0.40074906367041196 0.5015800561797753 0.3981741573033708
0 0.3962429775280899 0.5320692883895131 0.4080056179775281 0.5334737827715356 0.4159058988764045 0.5433052434456929 0.41485252808988765 0.5575842696629213 0.4102879213483146 0.5655430711610487 0.4046699438202247 0.5685861423220974 0.3925561797752809 0.5634363295880149 0.3871137640449438 0.5561797752808989 0.38816713483146065 0.5397940074906367 0.39343398876404495 0.5323033707865169 0.3960674157303371 0.5320692883895131
0 0.586376404494382 0.648876404494382 0.5930477528089888 0.6537921348314607 0.5958567415730337 0.6666666666666666 0.5909410112359551 0.6795411985018727 0.5853230337078652 0.6832865168539326 0.578125 0.6818820224719101 0.570751404494382 0.675561797752809 0.5675912921348315 0.6711142322097379 0.567064606741573 0.6643258426966292 0.5675912921348315 0.6577715355805244 0.5721558988764045 0.6500468164794008 0.5862008426966292 0.648876404494382
0 0.616748595505618 0.5758426966292135 0.6260533707865169 0.5812265917602997 0.6302668539325843 0.5915262172284644 0.6278089887640449 0.6051029962546817 0.6244733146067416 0.610252808988764 0.6199087078651685 0.612125468164794 0.613061797752809 0.611189138576779 0.6053370786516854 0.6058052434456929 0.601123595505618 0.5957397003745318 0.6046348314606742 0.5814606741573034 0.6165730337078652 0.5758426966292135
0 0.5194873595505618 0.6566011235955056 0.527563202247191 0.6596441947565543 0.5335323033707865 0.6711142322097379 0.5316011235955056 0.6860955056179775 0.5214185393258427 0.6938202247191011 0.5121137640449438 0.6900749063670412 0.5075491573033708 0.6779026217228464 0.5096558988764045 0.663623595505618 0.519311797752809 0.6566011235955056
0 0.6170997191011236 0.36563670411985016 0.6265800561797753 0.37359550561797755 0.628686797752809 0.3836610486891386 0.6251755617977528 0.39489700374531833 0.6162219101123596 0.40191947565543074 0.6091994382022472 0.4002808988764045 0.6039325842696629 0.3951310861423221 0.6016502808988764 0.3899812734082397 0.6016502808988764 0.3761704119850187 0.6067415730337079 0.36914794007490637 0.6169241573033708 0.36563670411985016
0 0.36393960674157305 0.6020599250936329 0.37745786516853935 0.6125936329588015 0.37605337078651685 0.6177434456928839 0.37798455056179775 0.6271067415730337 0.37429775280898875 0.6374063670411985 0.36973314606741575 0.6413857677902621 0.3635884831460674 0.6425561797752809 0.3590238764044944 0.6420880149812734 0.35235252808988765 0.6367041198501873 0.3495435393258427 0.6214887640449438 0.3534058988764045 0.6109550561797753 0.36025280898876405 0.6022940074906367 0.3637640449438202 0.6020599250936329
0 0.3706109550561798 0.48220973782771537 0.3772823033707865 0.48478464419475653 0.38377808988764045 0.4911048689138577 0.3844803370786517 0.50187265917603 0.38149578651685395 0.5124063670411985 0.3767556179775281 0.5180243445692884 0.3651685393258427 0.516619850187266 0.3558637640449438 0.5194288389513109 0.3532303370786517 0.5187265917602997 0.35094803370786515 0.5058520599250936 0.3555126404494382 0.4911048689138577 0.36218398876404495 0.48384831460674155 0.37043539325842695 0.48220973782771537
0 0.5960323033707865 0.6427902621722846 0.5988412921348315 0.6437265917602997 0.5993679775280899 0.6474719101123596 0.5970856741573034 0.6566011235955056 0.5979634831460674 0.6720505617977528 0.5958567415730337 0.6790730337078652 0.5856741573033708 0.6896067415730337 0.5747893258426966 0.6952247191011236 0.5684691011235955 0.6926498127340824 0.5658356741573034 0.6860955056179775 0.5649578651685393 0.6748595505617978 0.5672401685393258 0.6563670411985019 0.5714536516853933 0.648876404494382 0.5851474719101124 0.6479400749063671 0.5958567415730337 0.6427902621722846
0 0.40291432584269665 0.44499063670411987 0.4116924157303371 0.449438202247191 0.41520365168539325 0.46465355805243447 0.4116924157303371 0.47752808988764045 0.40133426966292135 0.4833801498127341 0.3941362359550562 0.4798689138576779 0.38746488764044945 0.46512172284644193 0.3904494382022472 0.45131086142322097 0.39729634831460675 0.44499063670411987 0.4027387640449438 0.44499063670411987
0 0.526685393258427 0.313436329588015 0.5363412921348315 0.32162921348314605 0.5380969101123596 0.3345037453183521 0.530372191011236 0.34737827715355807 0.5224719101123596 0.35042134831460675 0.5105337078651685 0.3429307116104869 0.5089536516853933 0.3326310861423221 0.5107092696629213 0.32420411985018727 0.5149227528089888 0.3169475655430712 0.519311797752809 0.31390449438202245 0.5265098314606742 0.313436329588015
0 0.4945575842696629 0.3583801498127341 0.5022823033707865 0.3637640449438202 0.5049157303370787 0.375936329588015 0.5019311797752809 0.3892790262172285 0.49525983146067415 0.39279026217228463 0.48718398876404495 0.39185393258426965 0.4827949438202247 0.3883426966292135 0.4785814606741573 0.37663857677902624 0.47981039325842695 0.36914794007490637 0.48542837078651685 0.35978464419475653 0.4943820224719101 0.3583801498127341
0 0.45962078651685395 0.3548689138576779 0.4669943820224719 0.3583801498127341 0.47120786516853935 0.37008426966292135 0.4671699438202247 0.38436329588014984 0.45768960674157305 0.39068352059925093 0.45189606741573035 0.3890449438202247 0.444873595505618 0.3815543071161049 0.4436446629213483 0.3717228464419476 0.4487359550561798 0.35767790262172283 0.4594452247191011 0.3548689138576779
0 0.3772823033707865 0.5617977528089888 0.3829002808988764 0.5676498127340824 0.38395365168539325 0.5779494382022472 0.38026685393258425 0.5938670411985019 0.37640449438202245 0.5929307116104869 0.36973314606741575 0.5969101123595506 0.36253511235955055 0.5952715355805244 0.3595505617977528 0.5917602996254682 0.35481039325842695 0.5746722846441947 0.3555126404494382 0.5709269662921348 0.35832162921348315 0.56437265917603 0.36235955056179775 0.5617977528089888 0.3771067415730337 0.5617977528089888
0 0.5540730337078652 0.6135299625468165 0.5607443820224719 0.6161048689138576 0.5663623595505618 0.6320224719101124 0.5649578651685393 0.6444288389513109 0.5574087078651685 0.6521535580524345 0.5463483146067416 0.6505149812734082 0.5412570224719101 0.6444288389513109 0.5384480337078652 0.6343632958801498 0.5424859550561798 0.6175093632958801 0.5466994382022472 0.6137640449438202 0.5538974719101124 0.6135299625468165
0 0.5293188202247191 0.6034644194756554 0.5363412921348315 0.6104868913857678 0.5373946629213483 0.6240636704119851 0.5338834269662921 0.6336610486891385 0.5261587078651685 0.6383426966292135 0.5182584269662921 0.6371722846441947 0.5131671348314607 0.6331928838951311 0.511060393258427 0.6154026217228464 0.5159761235955056 0.6076779026217228 0.5291432584269663 0.6034644194756554
0 0.4566362359550562 0.4859550561797753 0.465063202247191 0.48946629213483145 0.46804775280898875 0.49391385767790263 0.46962780898876405 0.5032771535580525 0.4669943820224719 0.5161516853932584 0.456811797752809 0.5213014981273408 0.4468047752808989 0.5154494382022472 0.44399578651685395 0.5028089887640449 0.4468047752808989 0.49157303370786515 0.45646067415730335 0.4859550561797753
0 0.6158707865168539 0.324438202247191 0.6246488764044944 0.3312265917602996 0.6262289325842697 0.3424625468164794 0.6246488764044944 0.350187265917603 0.621313202247191 0.35463483146067415 0.6141151685393258 0.3583801498127341 0.604810393258427 0.3532303370786517 0.6004213483146067 0.34573970037453183 0.6004213483146067 0.34129213483146065 0.601123595505618 0.3345037453183521 0.605688202247191 0.3274812734082397 0.6156952247191011 0.324438202247191
0 0.40098314606741575 0.5716292134831461 0.41134129213483145 0.5779494382022472 0.4143258426966292 0.5816947565543071 0.4157303370786517 0.5889513108614233 0.41467696629213485 0.5952715355805244 0.4081811797752809 0.6022940074906367 0.40098314606741575 0.6093164794007491 0.3948384831460674 0.610252808988764 0.3867626404494382 0.6055711610486891 0.38377808988764045 0.5926966292134831 0.3844803370786517 0.5849719101123596 0.38939606741573035 0.5742041198501873 0.4008075842696629 0.5716292134831461
0 0.36780196629213485 0.35135767790262173 0.37447331460674155 0.35908239700374533 0.37587780898876405 0.37008426966292135 0.37377106741573035 0.3796816479400749 0.36657303370786515 0.386001872659176 0.35481039325842695 0.3822565543071161 0.35077247191011235 0.37640449438202245 0.34901685393258425 0.36587078651685395 0.3516502808988764 0.35580524344569286 0.3553370786516854 0.35159176029962547 0.367626404494382 0.35135767790262173
0 0.4262640449438202 0.35159176029962547 0.43609550561797755 0.3600187265917603 0.4373244382022472 0.3703183520599251 0.43293539325842695 0.3806179775280899 0.42240168539325845 0.3857677902621723 0.4139747191011236 0.38038389513108617 0.4120435393258427 0.3661048689138577 0.4159058988764045 0.35510299625468167 0.4260884831460674 0.35159176029962547
0 0.43662219101123595 0.4028558052434457 0.44276685393258425 0.4058988764044944 0.4471558988764045 0.41151685393258425 0.44978932584269665 0.42181647940074907 0.4454002808988764 0.43164794007490637 0.4357443820224719 0.43726591760299627 0.4273174157303371 0.4342228464419476 0.42310393258426965 0.42813670411985016 0.42099719101123595 0.4178370786516854 0.42521067415730335 0.4058988764044944 0.43644662921348315 0.4028558052434457
0 0.6172752808988764 0.5351123595505618 0.6269311797752809 0.5433052434456929 0.628686797752809 0.5547752808988764 0.6269311797752809 0.5634363295880149 0.6165730337078652 0.5723314606741573 0.6120084269662921 0.5718632958801498 0.6037570224719101 0.5657771535580525 0.6005969101123596 0.5599250936329588 0.6000702247191011 0.5503277153558053 0.602001404494382 0.5433052434456929 0.6060393258426966 0.538623595505618 0.6170997191011236 0.5351123595505618
0 0.3941362359550562 0.35252808988764045 0.40519662921348315 0.35931647940074907 0.40730337078651685 0.37312734082397003 0.4020365168539326 0.3822565543071161 0.39396067415730335 0.3862359550561798 0.38728932584269665 0.38506554307116103 0.38342696629213485 0.3815543071161049 0.38009129213483145 0.3705524344569288 0.3804424157303371 0.363061797752809 0.38395365168539325 0.35580524344569286 0.39396067415730335 0.35252808988764045
0 0.49525983146067415 0.31203183520599254 0.5021067415730337 0.3155430711610487 0.5066713483146067 0.32631086142322097 0.5061446629213483 0.3366104868913858 0.4984199438202247 0.34901685393258425 0.4859550561797753 0.3433988764044944 0.4827949438202247 0.3377808988764045 0.48384831460674155 0.3176498127340824 0.48771067415730335 0.3136704119850187 0.49508426966292135 0.31203183520599254
0 0.6193820224719101 0.6203183520599251 0.6234199438202247 0.6210205992509363 0.6285112359550562 0.6264044943820225 0.6307935393258427 0.6357677902621723 0.6297401685393258 0.647003745318352 0.6234199438202247 0.6551966292134831 0.6202598314606742 0.6558988764044944 0.6091994382022472 0.6519194756554307 0.6030547752808989 0.6409176029962547 0.6070926966292135 0.6278089887640449 0.6137640449438202 0.6207865168539326 0.6192064606741573 0.6203183520599251
0 0.49701544943820225 0.4824438202247191 0.5047401685393258 0.4913389513108614 0.5050912921348315 0.5049157303370787 0.5003511235955056 0.5154494382022472 0.49508426966292135 0.5177902621722846 0.4840238764044944 0.5156835205992509 0.47945926966292135 0.5081928838951311 0.4782303370786517 0.49859550561797755 0.47945926966292135 0.4901685393258427 0.4827949438202247 0.48525280898876405 0.4882373595505618 0.48220973782771537 0.49683988764044945 0.4824438202247191
0 0.3941362359550562 0.3125 0.4006320224719101 0.31390449438202245 0.40730337078651685 0.3211610486891386 0.4085323033707865 0.33146067415730335 0.40677668539325845 0.3389513108614232 0.40308988764044945 0.3433988764044944 0.39589185393258425 0.34620786516853935 0.38764044943820225 0.3433988764044944 0.38377808988764045 0.33848314606741575 0.38202247191011235 0.3291198501872659 0.3830758426966292 0.3211610486891386 0.3862359550561798 0.31624531835205993 0.39396067415730335 0.31273408239700373
0 0.36393960674157305 0.43773408239700373 0.37570224719101125 0.4431179775280899 0.37833567415730335 0.4583333333333333 0.3748244382022472 0.46722846441947563 0.3635884831460674 0.47284644194756553 0.35691713483146065 0.47120786516853935 0.352001404494382 0.4658239700374532 0.35024578651685395 0.4524812734082397 0.35410814606741575 0.44124531835205993 0.3637640449438202 0.43773408239700373
0 0.5819873595505618 0.3642322097378277 0.589185393258427 0.3682116104868914 0.5926966292134831 0.37312734082397003 0.5944522471910112 0.38342696629213485 0.5919943820224719 0.39419475655430714 0.5849719101123596 0.3977059925093633 0.5723314606741573 0.3958333333333333 0.5682935393258427 0.39091760299625467 0.5681179775280899 0.37663857677902624 0.5705758426966292 0.3693820224719101 0.581811797752809 0.3642322097378277
0 0.4220505617977528 0.5985486891385767 0.43047752808988765 0.6060393258426966 0.43240870786516855 0.6170411985018727 0.429248595505618 0.6317883895131086 0.41871488764044945 0.6395131086142322 0.4064255617977528 0.6299157303370787 0.40379213483146065 0.6125936329588015 0.4143258426966292 0.6018258426966292 0.421875 0.5985486891385767
0 0.616748595505618 0.41151685393258425 0.6239466292134831 0.4187734082397004 0.6251755617977528 0.4307116104868914 0.6211376404494382 0.44147940074906367 0.6162219101123596 0.44569288389513106 0.605688202247191 0.4452247191011236 0.601123595505618 0.4386704119850187 0.5991924157303371 0.42790262172284643 0.6023525280898876 0.4131554307116105 0.608497191011236 0.41034644194756553 0.6165730337078652 0.41151685393258425
0 0.6151685393258427 0.6556647940074907 0.6232443820224719 0.6577715355805244 0.6306179775280899 0.6683052434456929 0.6300912921348315 0.6889044943820225 0.625 0.6966292134831461 0.6183286516853933 0.6985018726591761 0.6127106741573034 0.6980337078651685 0.6060393258426966 0.6931179775280899 0.6004213483146067 0.6786048689138576 0.6009480337078652 0.6680711610486891 0.6039325842696629 0.6610486891385767 0.6088483146067416 0.6568352059925093 0.6149929775280899 0.6556647940074907
0 0.582689606741573 0.4091760299625468 0.5941011235955056 0.4147940074906367 0.5939255617977528 0.4342228464419476 0.590063202247191 0.4461610486891386 0.5726825842696629 0.45482209737827717 0.5674157303370787 0.45365168539325845 0.5605688202247191 0.44709737827715357 0.5584620786516854 0.4396067415730337 0.5593398876404494 0.4330524344569288 0.5704002808988764 0.4110486891385768 0.5825140449438202 0.4091760299625468
0 0.6132373595505618 0.49508426966292135 0.6214887640449438 0.49836142322097376 0.6251755617977528 0.5049157303370787 0.6257022471910112 0.5124063670411985 0.6239466292134831 0.5224719101123596 0.6200842696629213 0.5283239700374532 0.6104283707865169 0.5316011235955056 0.6023525280898876 0.5283239700374532 0.5997191011235955 0.5196629213483146 0.5986657303370787 0.5014044943820225 0.6049859550561798 0.4948501872659176 0.613061797752809 0.49508426966292135
0 0.5235252808988764 0.363998127340824 0.5308988764044944 0.3698501872659176 0.5319522471910112 0.38085205992509363 0.5298455056179775 0.3925561797752809 0.5205407303370787 0.398876404494382 0.508251404494382 0.39419475655430714 0.5059691011235955 0.37640449438202245 0.511060393258427 0.3661048689138577 0.5233497191011236 0.363998127340824
0 0.3628862359550562 0.39396067415730335 0.37833567415730335 0.40004681647940077 0.3830758426966292 0.40777153558052437 0.38377808988764045 0.4147940074906367 0.38149578651685395 0.425561797752809 0.37359550561797755 0.43375468164794007 0.36200842696629215 0.4332865168539326 0.3553370786516854 0.42485955056179775 0.35217696629213485 0.40098314606741575 0.3555126404494382 0.40051498127340823 0.3558637640449438 0.39747191011235955 0.359375 0.39864232209737827 0.35990168539325845 0.39419475655430714 0.36271067415730335 0.39396067415730335
0 0.5512640449438202 0.36587078651685395 0.5602176966292135 0.37359550561797755 0.5619733146067416 0.39091760299625467 0.5572331460674157 0.4012172284644195 0.5502106741573034 0.40472846441947563 0.543188202247191 0.40168539325842695 0.5387991573033708 0.39653558052434457 0.5359901685393258 0.38436329588014984 0.5365168539325843 0.3761704119850187 0.5398525280898876 0.36914794007490637 0.5435393258426966 0.36587078651685395 0.5510884831460674 0.36587078651685395
0 0.4612008426966292 0.5346441947565543 0.46734550561797755 0.5393258426966292 0.4708567415730337 0.5538389513108615 0.4669943820224719 0.5662453183520599 0.45997191011235955 0.5704588014981273 0.449438202247191 0.5650749063670412 0.44452247191011235 0.5533707865168539 0.44662921348314605 0.5379213483146067 0.4610252808988764 0.5346441947565543
0 0.375 0.5234082397003745 0.3806179775280899 0.528558052434457 0.38360252808988765 0.5402621722846442 0.38026685393258425 0.5545411985018727 0.3771067415730337 0.5587546816479401 0.37183988764044945 0.5601591760299626 0.36253511235955055 0.5585205992509363 0.3539325842696629 0.5503277153558053 0.3530547752808989 0.5463483146067416 0.3576193820224719 0.5325374531835206 0.3611306179775281 0.5280898876404494 0.36604634831460675 0.5243445692883895 0.3748244382022472 0.5234082397003745
0 0.4903441011235955 0.5264513108614233 0.4998244382022472 0.5299625468164794 0.503686797752809 0.5388576779026217 0.5026334269662921 0.5543071161048689 0.49929775280898875 0.5601591760299626 0.49508426966292135 0.5625 0.48771067415730335 0.5622659176029963 0.4801615168539326 0.5571161048689138 0.4764747191011236 0.5437734082397003 0.4808637640449438 0.5297284644194756 0.4901685393258427 0.5264513108614233
0 0.38781601123595505 0.6444288389513109 0.39360955056179775 0.6455992509363296 0.40168539325842695 0.6575374531835206 0.3999297752808989 0.6715823970037453 0.39554073033707865 0.6783707865168539 0.39150280898876405 0.6800093632958801 0.38009129213483145 0.6762640449438202 0.3751755617977528 0.6652621722846442 0.37763342696629215 0.6509831460674157 0.3811446629213483 0.6465355805243446 0.38764044943820225 0.6444288389513109
2 0.6361188553370787 0.31210978464419475 0.3487668539325843 0.3059529494382022 0.34121400983146066 0.6937404026217229 0.6312909058988764 0.699378979400749
1 0.5207917837078652 0.4241011235955056 0.02215238764044944 0.03515917602996255
1 0.5500193117977528 0.42506320224719096 0.023260182584269665 0.029279026217228464
1 0.5793328651685393 0.4654892322097378 0.022194522471910113 0.030540730337078652
1 0.5500333567415729 0.46452247191011237 0.022119030898876405 0.03328885767790262
1 0.5195821629213483 0.46314606741573033 0.020907654494382023 0.03365870786516854
1 0.4927405196629214 0.46382256554307116 0.02457162921348315 0.03188670411985019
1 0.4642801966292135 0.4635416666666667 0.019150280898876403 0.03132724719101124
1 0.43250175561797755 0.4616760299625468 0.02230688202247191 0.03071629213483146
1 0.4024385533707865 0.5010205992509363 0.020702247191011235 0.03294241573033708
1 0.4318908005617978 0.500250468164794 0.023423455056179772 0.03139981273408239
1 0.4323858848314607 0.5399204119850187 0.01973490168539326 0.02647237827715356
1 0.43124297752808993 0.5796535580524345 0.020960323033707866 0.027909644194756555
1 0.3975737359550562 0.6239466292134831 0.017995084269662922 0.02442415730337079
1 0.3706776685393259 0.6545997191011236 0.020380969101123594 0.02018258426966292
1 0.42711551966292133 0.6573010299625468 0.02792134831460674 0.028707865168539327
1 0.4582408707865168 0.6578955992509363 0.025797050561797753 0.02209503745318352
1 0.4873806179775281 0.6585346441947566 0.029067766853932583 0.02025046816479401
1 0.46124122191011235 0.6196278089887641 0.024777036516853933 0.02670880149812734
1 0.45994382022471914 0.5817766853932584 0.023353230337078652 0.02919007490636704
1 0.4898946629213483 0.5815262172284644 0.025902387640449435 0.026970973782771534
1 0.4899543539325843 0.6203534644194757 0.027194522471910114 0.02816011235955056
1 0.5196172752808988 0.5825327715355805 0.01980512640449438 0.030545411985018728
1 0.5486516853932584 0.5823993445692884 0.01935568820224719 0.030278558052434457
1 0.5484480337078652 0.5445505617977529 0.020619733146067416 0.029485018726591757
1 0.5183883426966291 0.5023876404494382 0.01968925561797753 0.032551498127340824
1 0.5482040028089888 0.5026568352059925 0.019627808988764043 0.036212546816479396
1 0.5796734550561798 0.5458426966292135 0.024046699438202247 0.03519194756554307
1 0.5798297050561798 0.5840168539325843 0.022020716292134833 0.03351123595505618
1 0.580658356741573 0.5050046816479401 0.02133426966292135 0.036228932584269666