0 0.4671699438202247 0.5798220973782772 0.47331460674157305 0.5852059925093633 0.47594803370786515 0.5971441947565543 0.47155898876404495 0.6093164794007491 0.46365870786516855 0.6135299625468165 0.45382724719101125 0.6093164794007491 0.44996488764044945 0.596441947565543 0.45365168539325845 0.5847378277153558 0.4669943820224719 0.5798220973782772
0 0.5240519662921348 0.40847378277153557 0.5293188202247191 0.4122191011235955 0.5323033707865169 0.41807116104868913 0.5317766853932584 0.43515917602996257 0.5252808988764045 0.4442883895131086 0.5196629213483146 0.44686329588014984 0.5154494382022472 0.44662921348314605 0.5080758426966292 0.4396067415730337 0.5047401685393258 0.4276685393258427 0.5101825842696629 0.4131554307116105 0.5154494382022472 0.40847378277153557 0.523876404494382 0.40847378277153557
0 0.5493328651685393 0.3586142322097378 0.5582865168539326 0.3651685393258427 0.5625 0.37429775280898875 0.5614466292134831 0.38717228464419473 0.5538974719101124 0.39442883895131087 0.5398525280898876 0.39185393258426965 0.5352879213483146 0.38202247191011235 0.5345856741573034 0.37312734082397003 0.5409058988764045 0.35931647940074907 0.5491573033707865 0.3586142322097378
0 0.36060393258426965 0.5603932584269663 0.3711376404494382 0.5636704119850188 0.37763342696629215 0.574438202247191 0.3734199438202247 0.5859082397003745 0.3632373595505618 0.5933988764044944 0.3574438202247191 0.5915262172284644 0.35094803370786515 0.5777153558052435 0.35042134831460675 0.5709269662921348 0.3537570224719101 0.5634363295880149 0.36042837078651685 0.5603932584269663
0 0.4919241573033708 0.35674157303370785 0.5001755617977528 0.36352996254681647 0.5029845505617978 0.3806179775280899 0.4998244382022472 0.3890449438202247 0.49139747191011235 0.39279026217228463 0.480688202247191 0.386938202247191 0.4780547752808989 0.3724250936329588 0.47928370786516855 0.3661048689138577 0.4847261235955056 0.35697565543071164 0.491748595505618 0.35674157303370785
0 0.530372191011236 0.45341760299625467 0.5387991573033708 0.45903558052434457 0.542310393258427 0.46980337078651685 0.5402036516853933 0.48010299625468167 0.5363412921348315 0.48618913857677903 0.5328300561797753 0.4875936329588015 0.5217696629213483 0.48478464419475653 0.5158005617977528 0.47425093632958804 0.5175561797752809 0.45997191011235955 0.5301966292134831 0.45341760299625467
0 0.49859550561797755 0.5316011235955056 0.5050912921348315 0.5397940074906367 0.5057935393258427 0.5536048689138576 0.5017556179775281 0.5629681647940075 0.49473314606741575 0.5664794007490637 0.4840238764044944 0.5610955056179775 0.4808637640449438 0.5529026217228464 0.4805126404494382 0.5430711610486891 0.48700842696629215 0.5320692883895131 0.4984199438202247 0.5316011235955056
0 0.36393960674157305 0.30969101123595505 0.37008426966292135 0.3125 0.37377106741573035 0.3176498127340824 0.375 0.32818352059925093 0.371313202247191 0.3389513108614232 0.363061797752809 0.3441011235955056 0.3576193820224719 0.34269662921348315 0.3532303370786517 0.33824906367041196 0.35042134831460675 0.324438202247191 0.3551615168539326 0.3136704119850187 0.3637640449438202 0.30969101123595505
0 0.4631320224719101 0.39864232209737827 0.4705056179775281 0.40262172284644193 0.47401685393258425 0.41970973782771537 0.4685744382022472 0.43258426966292135 0.4606741573033708 0.4349250936329588 0.45382724719101125 0.43211610486891383 0.4473314606741573 0.42181647940074907 0.4476825842696629 0.4147940074906367 0.45189606741573035 0.4049625468164794 0.4592696629213483 0.39864232209737827 0.4629564606741573 0.39864232209737827
0 0.40537219101123595 0.5292602996254682 0.41099016853932585 0.5320692883895131 0.4159058988764045 0.5433052434456929 0.4125702247191011 0.5575842696629213 0.40484550561797755 0.56437265917603 0.39747191011235955 0.5622659176029963 0.3927317415730337 0.5573501872659176 0.3909761235955056 0.5489232209737828 0.39378511235955055 0.5348782771535581 0.3981741573033708 0.5308988764044944 0.40519662921348315 0.5292602996254682
0 0.4906952247191011 0.4859550561797753 0.49929775280898875 0.48993445692883897 0.5029845505617978 0.5042134831460674 0.5003511235955056 0.5152153558052435 0.491748595505618 0.5203651685393258 0.4801615168539326 0.5163857677902621 0.4766502808988764 0.5023408239700374 0.480688202247191 0.4897003745318352 0.4905196629213483 0.4859550561797753
0 0.5265098314606742 0.49040262172284643 0.5344101123595506 0.4957865168539326 0.5373946629213483 0.511938202247191 0.5337078651685393 0.5224719101123596 0.5261587078651685 0.5264513108614233 0.5161516853932584 0.5227059925093633 0.5131671348314607 0.5187265917602997 0.5103581460674157 0.5070224719101124 0.5170294943820225 0.4936797752808989 0.5263342696629213 0.49040262172284643
0 0.516502808988764 0.351123595505618 0.5233497191011236 0.3539325842696629 0.5279143258426966 0.35931647940074907 0.5298455056179775 0.37008426966292135 0.5261587078651685 0.3815543071161049 0.5159761235955056 0.3862359550561798 0.508251404494382 0.3822565543071161 0.5042134831460674 0.374063670411985 0.5035112359550562 0.36587078651685395 0.5043890449438202 0.35931647940074907 0.5079002808988764 0.3548689138576779 0.5163272471910112 0.351123595505618
0 0.425561797752809 0.3150749063670412 0.43609550561797755 0.3192883895131086 0.44066011235955055 0.33169475655430714 0.44066011235955055 0.33824906367041196 0.4373244382022472 0.3455056179775281 0.42872191011235955 0.3497191011235955 0.42064606741573035 0.3464419475655431 0.4143258426966292 0.33497191011235955 0.414501404494382 0.3279494382022472 0.4176615168539326 0.32069288389513106 0.4253862359550562 0.3150749063670412
0 0.5509129213483146 0.4066011235955056 0.5612710674157303 0.41385767790262173 0.5647823033707865 0.4286048689138577 0.5607443820224719 0.4396067415730337 0.5512640449438202 0.4442883895131086 0.5396769662921348 0.43796816479400746 0.5377457865168539 0.42181647940074907 0.5405547752808989 0.4122191011235955 0.5507373595505618 0.4066011235955056
0 0.36973314606741575 0.6500468164794008 0.3771067415730337 0.6566011235955056 0.37816011235955055 0.6748595505617978 0.3732443820224719 0.6849250936329588 0.3628862359550562 0.6910112359550562 0.3551615168539326 0.6891385767790262 0.34884129213483145 0.6821161048689138 0.34673455056179775 0.6720505617977528 0.347436797752809 0.6647940074906367 0.3539325842696629 0.6526217228464419 0.3591994382022472 0.6500468164794008 0.3695575842696629 0.6500468164794008
0 0.37359550561797755 0.3972378277153558 0.38026685393258425 0.4044943820224719 0.3813202247191011 0.41502808988764045 0.37745786516853935 0.4276685393258427 0.36973314606741575 0.43258426966292135 0.3577949438202247 0.4276685393258427 0.35428370786516855 0.42181647940074907 0.35410814606741575 0.41151685393258425 0.3555126404494382 0.4044943820224719 0.36253511235955055 0.3967696629213483 0.3734199438202247 0.3972378277153558
0 0.43047752808988765 0.40472846441947563 0.4373244382022472 0.4122191011235955 0.43995786516853935 0.4232209737827715 0.4371488764044944 0.4330524344569288 0.4299508426966292 0.43820224719101125 0.41906601123595505 0.43679775280898875 0.414501404494382 0.42158239700374533 0.418188202247191 0.4089419475655431 0.42521067415730335 0.40426029962546817 0.43030196629213485 0.40472846441947563
0 0.3904494382022472 0.5706928838951311 0.39764747191011235 0.5756086142322098 0.40150983146067415 0.5814606741573034 0.40379213483146065 0.5952715355805244 0.4018609550561798 0.6032303370786517 0.3946629213483146 0.6093164794007491 0.38974719101123595 0.6100187265917603 0.382373595505618 0.6062734082397003 0.3790379213483146 0.6015917602996255 0.37956460674157305 0.5842696629213483 0.3902738764044944 0.5709269662921348
0 0.4964887640449438 0.4431179775280899 0.5050912921348315 0.44686329588014984 0.5101825842696629 0.45903558052434457 0.5066713483146067 0.4768258426966292 0.4984199438202247 0.48197565543071164 0.4863061797752809 0.47752808988764045 0.480688202247191 0.46418539325842695 0.48384831460674155 0.44967228464419473 0.48753511235955055 0.4452247191011236 0.496313202247191 0.4431179775280899
0 0.49280196629213485 0.39630149812734083 0.4996488764044944 0.4035580524344569 0.5017556179775281 0.4152621722846442 0.4980688202247191 0.4262640449438202 0.488061797752809 0.43164794007490637 0.48103932584269665 0.4288389513108614 0.4768258426966292 0.42158239700374533 0.4764747191011236 0.40472846441947563 0.4826193820224719 0.39747191011235955 0.492626404494382 0.39630149812734083
0 0.5265098314606742 0.30875468164794007 0.5328300561797753 0.31062734082397003 0.5380969101123596 0.32092696629213485 0.5363412921348315 0.34176029962546817 0.5268609550561798 0.3443352059925094 0.5166783707865169 0.3403558052434457 0.5114115168539326 0.32841760299625467 0.515625 0.31390449438202245 0.5263342696629213 0.30875468164794007
0 0.4610252808988764 0.313436329588015 0.4705056179775281 0.3176498127340824 0.47542134831460675 0.32865168539325845 0.4726123595505618 0.3445692883895131 0.4652387640449438 0.35042134831460675 0.45452949438202245 0.3487827715355805 0.44838483146067415 0.33848314606741575 0.44803370786516855 0.33075842696629215 0.45066713483146065 0.3213951310861423 0.4608497191011236 0.313436329588015
0 0.42889747191011235 0.4922752808988764 0.4390800561797753 0.49929775280898875 0.44048455056179775 0.5117041198501873 0.4359199438202247 0.5243445692883895 0.42889747191011235 0.5273876404494382 0.42047050561797755 0.5241104868913857 0.4139747191011236 0.5159176029962547 0.41485252808988765 0.499063670411985 0.4216994382022472 0.4932116104868914 0.42872191011235955 0.4922752808988764
0 0.42714185393258425 0.35252808988764045 0.43627106741573035 0.36142322097378277 0.43697331460674155 0.37312734082397003 0.4332865168539326 0.3815543071161049 0.425561797752809 0.3852996254681648 0.41853932584269665 0.3848314606741573 0.41502808988764045 0.3815543071161049 0.41134129213483145 0.3663389513108614 0.4174859550561798 0.3541666666666667 0.42696629213483145 0.35252808988764045
0 0.4020365168539326 0.39747191011235955 0.4078300561797753 0.4012172284644195 0.41151685393258425 0.4075374531835206 0.4118679775280899 0.41830524344569286 0.40870786516853935 0.4276685393258427 0.40150983146067415 0.4342228464419476 0.390625 0.4328183520599251 0.3864115168539326 0.42907303370786515 0.3830758426966292 0.42181647940074907 0.3825491573033708 0.4147940074906367 0.38412921348314605 0.40777153558052437 0.38992275280898875 0.39864232209737827 0.3965941011235955 0.39630149812734083 0.4018609550561798 0.39747191011235955
0 0.3753511235955056 0.6116573033707865 0.3809691011235955 0.6191479400749064 0.3825491573033708 0.6299157303370787 0.38026685393258425 0.639747191011236 0.3771067415730337 0.6439606741573034 0.37043539325842695 0.6463014981273408 0.359375 0.6423220973782772 0.3572682584269663 0.6224250936329588 0.36271067415730335 0.614934456928839 0.3751755617977528 0.6116573033707865
0 0.46365870786516855 0.5348782771535581 0.47155898876404495 0.5390917602996255 0.47559691011235955 0.5468164794007491 0.4745435393258427 0.5580524344569289 0.47155898876404495 0.5648408239700374 0.4671699438202247 0.5681179775280899 0.45646067415730335 0.5660112359550562 0.4513693820224719 0.5561797752808989 0.45224719101123595 0.5421348314606742 0.46348314606741575 0.5348782771535581
0 0.363061797752809 0.3487827715355805 0.37008426966292135 0.352059925093633 0.3753511235955056 0.36235955056179775 0.37429775280898875 0.37312734082397003 0.3714887640449438 0.3792134831460674 0.36393960674157305 0.3838951310861423 0.35603932584269665 0.3815543071161049 0.35217696629213485 0.3775749063670412 0.3491924157303371 0.36657303370786515 0.3537570224719101 0.3518258426966292 0.3628862359550562 0.3487827715355805
0 0.4669943820224719 0.44358614232209737 0.4750702247191011 0.45318352059925093 0.47559691011235955 0.4705056179775281 0.47155898876404495 0.47752808988764045 0.4610252808988764 0.4812734082397004 0.4527738764044944 0.4777621722846442 0.45014044943820225 0.4737827715355805 0.4476825842696629 0.4597378277153558 0.45242275280898875 0.44569288389513106 0.45979634831460675 0.4426498127340824 0.4668188202247191 0.44358614232209737
0 0.3944873595505618 0.35135767790262173 0.40484550561797755 0.35931647940074907 0.4058988764044944 0.36750936329588013 0.402563202247191 0.38038389513108617 0.394311797752809 0.38553370786516855 0.3871137640449438 0.38412921348314605 0.38342696629213485 0.38038389513108617 0.37991573033707865 0.3698501872659176 0.38342696629213485 0.3553370786516854 0.394311797752809 0.35135767790262173
0 0.46172752808988765 0.4859550561797753 0.46734550561797755 0.4897003745318352 0.47138342696629215 0.49859550561797755 0.4708567415730337 0.5112359550561798 0.46734550561797755 0.5184925093632958 0.4575140449438202 0.5213014981273408 0.45049157303370785 0.5196629213483146 0.44592696629213485 0.5145131086142322 0.44399578651685395 0.5016385767790262 0.44820926966292135 0.49087078651685395 0.45189606741573035 0.487125468164794 0.46155196629213485 0.4859550561797753
0 0.40537219101123595 0.44499063670411987 0.41151685393258425 0.450374531835206 0.4137991573033708 0.460440074906367 0.4097612359550562 0.47425093632958804 0.40168539325842695 0.4794007490636704 0.3909761235955056 0.47425093632958804 0.38728932584269665 0.46324906367041196 0.390625 0.45107677902621723 0.39922752808988765 0.44499063670411987 0.40519662921348315 0.44499063670411987
0 0.43662219101123595 0.5353464419475655 0.44259129213483145 0.5397940074906367 0.44452247191011235 0.5599250936329588 0.44048455056179775 0.5678838951310862 0.43240870786516855 0.5711610486891385 0.421875 0.5653089887640449 0.41906601123595505 0.5533707865168539 0.42064606741573035 0.5435393258426966 0.42521067415730335 0.537687265917603 0.43644662921348315 0.5353464419475655
0 0.398876404494382 0.31273408239700373 0.4060744382022472 0.3181179775280899 0.4083567415730337 0.3295880149812734 0.40554775280898875 0.3398876404494382 0.39764747191011235 0.3455056179775281 0.3871137640449438 0.34269662921348315 0.3829002808988764 0.33590823970037453 0.382373595505618 0.3267790262172285 0.3865870786516854 0.31624531835205993 0.3987008426966292 0.31273408239700373
0 0.37166432584269665 0.4829119850187266 0.3792134831460674 0.4897003745318352 0.38167134831460675 0.4974250936329588 0.3793890449438202 0.5117041198501873 0.3765800561797753 0.5163857677902621 0.3576193820224719 0.5110018726591761 0.35217696629213485 0.5051498127340824 0.3537570224719101 0.49508426966292135 0.35797050561797755 0.4868913857677903 0.3628862359550562 0.4829119850187266 0.3714887640449438 0.4829119850187266
0 0.43644662921348315 0.45365168539325845 0.4413623595505618 0.4592696629213483 0.4438202247191011 0.4737827715355805 0.43679775280898875 0.4850187265917603 0.42907303370786515 0.48735955056179775 0.4234550561797753 0.4854868913857678 0.4199438202247191 0.48080524344569286 0.41695926966292135 0.46558988764044945 0.41924157303370785 0.4585674157303371 0.42327949438202245 0.45552434456928836 0.43627106741573035 0.45365168539325845
0 0.5958567415730337 0.4112827715355805 0.6028792134831461 0.413623595505618 0.6076193820224719 0.42485955056179775 0.6030547752808989 0.44147940074906367 0.5962078651685393 0.4440543071161049 0.5870786516853933 0.43984082397003743 0.5830407303370787 0.4297752808988764 0.5835674157303371 0.42158239700374533 0.586376404494382 0.4157303370786517 0.5956811797752809 0.4112827715355805
0 0.5572331460674157 0.31530898876404495 0.5656601123595506 0.31835205992509363 0.5686446629213483 0.3232677902621723 0.569873595505618 0.33146067415730335 0.5689957865168539 0.33848314606741575 0.5637289325842697 0.3464419475655431 0.5556530898876404 0.34948501872659177 0.546875 0.34527153558052437 0.5430126404494382 0.3347378277153558 0.5463483146067416 0.3213951310861423 0.5503862359550562 0.3167134831460674 0.5570575842696629 0.31530898876404495
0 0.49490870786516855 0.31179775280898875 0.5035112359550562 0.3176498127340824 0.5063202247191011 0.33192883895131087 0.5017556179775281 0.3429307116104869 0.49473314606741575 0.34597378277153557 0.48332162921348315 0.3410580524344569 0.48103932584269665 0.32865168539325845 0.4840238764044944 0.3160112359550562 0.49473314606741575 0.31179775280898875
0 0.45382724719101125 0.35557116104868913 0.465063202247191 0.36118913857677903 0.46752106741573035 0.3698501872659176 0.4648876404494382 0.3801498127340824 0.4575140449438202 0.387874531835206 0.4533005617977528 0.3890449438202247 0.44399578651685395 0.38436329588014984 0.44083567415730335 0.3693820224719101 0.4454002808988764 0.3579119850187266 0.45365168539325845 0.35557116104868913
0 0.36429073033707865 0.43773408239700373 0.37412219101123595 0.4426498127340824 0.37570224719101125 0.45365168539325845 0.37412219101123595 0.4637172284644195 0.3635884831460674 0.4721441947565543 0.35656601123595505 0.4705056179775281 0.35217696629213485 0.4653558052434457 0.3498946629213483 0.45271535580524347 0.35428370786516855 0.44124531835205993 0.36411516853932585 0.43773408239700373
0 0.4199438202247191 0.5802902621722846 0.4295997191011236 0.5868445692883895 0.43486657303370785 0.5980805243445693 0.4318820224719101 0.6086142322097379 0.4220505617977528 0.6142322097378277 0.4137991573033708 0.6107209737827716 0.40747893258426965 0.599250936329588 0.41116573033707865 0.5870786516853933 0.4197682584269663 0.5802902621722846
0 0.3769311797752809 0.5231741573033708 0.38184691011235955 0.5290262172284644 0.38395365168539325 0.5416666666666666 0.3811446629213483 0.5519662921348315 0.37447331460674155 0.5587546816479401 0.363061797752809 0.5554775280898876 0.355688202247191 0.5503277153558053 0.3539325842696629 0.5463483146067416 0.35621488764044945 0.5365168539325843 0.36183286516853935 0.5273876404494382 0.3695575842696629 0.5231741573033708 0.3767556179775281 0.5231741573033708
0 0.3987008426966292 0.48946629213483145 0.4083567415730337 0.49812734082397003 0.4097612359550562 0.5091292134831461 0.40730337078651685 0.5187265917602997 0.3985252808988764 0.5241104868913857 0.39396067415730335 0.5241104868913857 0.3865870786516854 0.5194288389513109 0.38377808988764045 0.5091292134831461 0.38412921348314605 0.5011704119850188 0.386938202247191 0.49391385767790263 0.39185393258426965 0.4901685393258427 0.3985252808988764 0.48946629213483145
2 0.6367041783707865 0.31289021535580525 0.35096594101123596 0.3045327715355805 0.3411910112359551 0.6922223782771536 0.6337370084269663 0.7002415730337078
1 0.6029073033707865 0.3594662921348315 0.06349192415730337 0.09003277153558052
1 0.6190273876404494 0.5507818352059926 0.030187851123595504 0.2947612359550562
1 0.5840431882022472 0.5694147940074906 0.09364641853932584 0.25243679775280903
1 0.5689185393258427 0.6128230337078652 0.12308988764044944 0.16915496254681647
1 0.5522875702247191 0.6305922284644194 0.15302844101123594 0.12666432584269663
1 0.5060586376404494 0.6488272471910113 0.2501808286516854 0.08510767790262172