0 0.46014747191011235 0.3026685393258427 0.4691011235955056 0.30711610486891383 0.47401685393258425 0.31999063670411987 0.47120786516853935 0.3330992509363296 0.46348314606741575 0.33965355805243447 0.45066713483146065 0.33590823970037453 0.44083567415730335 0.31788389513108617 0.4415379213483146 0.31109550561797755 0.444873595505618 0.30711610486891383 0.45997191011235955 0.3026685393258427
0 0.45962078651685395 0.39489700374531833 0.4726123595505618 0.40051498127340823 0.4784058988764045 0.41409176029962547 0.47735252808988765 0.42837078651685395 0.4710323033707865 0.4363295880149813 0.46365870786516855 0.43773408239700373 0.45189606741573035 0.43211610486891383 0.44627808988764045 0.413623595505618 0.44785814606741575 0.40098314606741575 0.453125 0.3951310861423221 0.4594452247191011 0.39489700374531833
0 0.5898876404494382 0.32162921348314605 0.5962078651685393 0.3279494382022472 0.5988412921348315 0.34176029962546817 0.5930477528089888 0.35720973782771537 0.585498595505618 0.36142322097378277 0.5767205056179775 0.3604868913857678 0.5709269662921348 0.3553370786516854 0.5689957865168539 0.34995318352059923 0.5691713483146067 0.3387172284644195 0.5730337078651685 0.32771535580524347 0.5774227528089888 0.3232677902621723 0.5844452247191011 0.32045880149812733 0.5897120786516854 0.32162921348314605
0 0.6185042134831461 0.36563670411985016 0.6267556179775281 0.374063670411985 0.6285112359550562 0.38506554307116103 0.625877808988764 0.39442883895131087 0.6162219101123596 0.4023876404494382 0.609375 0.40098314606741575 0.6025280898876404 0.39536516853932585 0.6002457865168539 0.37663857677902624 0.6090238764044944 0.3682116104868914 0.6183286516853933 0.36563670411985016
0 0.5526685393258427 0.36118913857677903 0.5623244382022472 0.3698501872659176 0.5637289325842697 0.3761704119850187 0.5614466292134831 0.39068352059925093 0.5575842696629213 0.39419475655430714 0.5382724719101124 0.3904494382022472 0.5342345505617978 0.38319288389513106 0.5352879213483146 0.3717228464419476 0.5389747191011236 0.36446629213483145 0.5437148876404494 0.36142322097378277 0.5524929775280899 0.36118913857677903
0 0.5856741573033708 0.6116573033707865 0.5930477528089888 0.6163389513108615 0.5953300561797753 0.6303838951310862 0.5921699438202247 0.6406835205992509 0.581811797752809 0.6472378277153558 0.5712780898876404 0.6432584269662921 0.5681179775280899 0.6299157303370787 0.5723314606741573 0.6147003745318352 0.5779494382022472 0.6114232209737828 0.585498595505618 0.6116573033707865
0 0.5521418539325843 0.6568352059925093 0.5572331460674157 0.658941947565543 0.5610955056179775 0.6645599250936329 0.5635533707865169 0.6800093632958801 0.5612710674157303 0.6900749063670412 0.5570575842696629 0.6945224719101124 0.5503862359550562 0.6966292134831461 0.543188202247191 0.6940543071161048 0.5398525280898876 0.68937265917603 0.5380969101123596 0.6718164794007491 0.5428370786516854 0.6577715355805244 0.5519662921348315 0.6568352059925093
0 0.3651685393258427 0.3099250936329588 0.37377106741573035 0.3176498127340824 0.37570224719101125 0.32841760299625467 0.37236657303370785 0.34012172284644193 0.363061797752809 0.34597378277153557 0.35674157303370785 0.3429307116104869 0.35235252808988765 0.337312734082397 0.35024578651685395 0.32397003745318353 0.355688202247191 0.31296816479400746 0.3649929775280899 0.3099250936329588
0 0.5258075842696629 0.5264513108614233 0.5351123595505618 0.5323033707865169 0.5379213483146067 0.5475187265917603 0.5347612359550562 0.56062734082397 0.5242275280898876 0.5664794007490637 0.5180828651685393 0.5653089887640449 0.5117626404494382 0.5601591760299626 0.508251404494382 0.5533707865168539 0.5077247191011236 0.5421348314606742 0.5086025280898876 0.5362827715355806 0.5126404494382022 0.5306647940074907 0.5256320224719101 0.5264513108614233
0 0.49350421348314605 0.5269194756554307 0.5001755617977528 0.5294943820224719 0.5033356741573034 0.5472846441947565 0.4996488764044944 0.5592228464419475 0.49157303370786515 0.5641385767790262 0.4801615168539326 0.5603932584269663 0.476123595505618 0.5519662921348315 0.4750702247191011 0.5430711610486891 0.4764747191011236 0.5353464419475655 0.4805126404494382 0.5292602996254682 0.48771067415730335 0.5262172284644194 0.49332865168539325 0.5269194756554307
0 0.394311797752809 0.31226591760299627 0.40484550561797755 0.3171816479400749 0.4085323033707865 0.324438202247191 0.40765449438202245 0.33848314606741575 0.3981741573033708 0.34620786516853935 0.386938202247191 0.3433988764044944 0.383251404494382 0.33848314606741575 0.38184691011235955 0.33192883895131087 0.383251404494382 0.31952247191011235 0.3886938202247191 0.31390449438202245 0.3941362359550562 0.31226591760299627
0 0.49490870786516855 0.4028558052434457 0.5054424157303371 0.41151685393258425 0.5061446629213483 0.42368913857677903 0.5015800561797753 0.43562734082397003 0.49473314606741575 0.438436329588015 0.48367275280898875 0.43375468164794007 0.47963483146067415 0.41970973782771537 0.48332162921348315 0.4080056179775281 0.4884129213483146 0.40379213483146065 0.49473314606741575 0.4028558052434457
0 0.4120435393258427 0.5081928838951311 0.4195926966292135 0.5184925093632958 0.41502808988764045 0.545880149812734 0.4081811797752809 0.552434456928839 0.39518960674157305 0.5519662921348315 0.3904494382022472 0.5573501872659176 0.3871137640449438 0.5571161048689138 0.38606039325842695 0.5468164794007491 0.38588483146067415 0.5327715355805244 0.38922050561797755 0.5191947565543071 0.39747191011235955 0.511938202247191 0.4118679775280899 0.5081928838951311
0 0.5849719101123596 0.6479400749063671 0.5914676966292135 0.6486423220973783 0.5941011235955056 0.6528558052434457 0.5970856741573034 0.6676029962546817 0.5955056179775281 0.6786048689138576 0.5779494382022472 0.6931179775280899 0.5711025280898876 0.6928838951310862 0.5675912921348315 0.6882022471910112 0.5667134831460674 0.6718164794007491 0.5689957865168539 0.6540262172284644 0.5742626404494382 0.6486423220973783 0.5847963483146067 0.6481741573033708
0 0.5510884831460674 0.6118913857677902 0.5605688202247191 0.6154026217228464 0.5654845505617978 0.6299157303370787 0.5630266853932584 0.6441947565543071 0.5607443820224719 0.6484082397003745 0.5544241573033708 0.651685393258427 0.5482794943820225 0.6512172284644194 0.5433637640449438 0.6477059925093633 0.538623595505618 0.6409176029962547 0.5372191011235955 0.6345973782771536 0.5398525280898876 0.6135299625468165 0.543188202247191 0.611189138576779 0.5509129213483146 0.6118913857677902
0 0.6162219101123596 0.6189138576779026 0.6235955056179775 0.6203183520599251 0.6300912921348315 0.6285112359550562 0.6311446629213483 0.6430243445692884 0.6279845505617978 0.6500468164794008 0.6225421348314607 0.6547284644194756 0.6127106741573034 0.6540262172284644 0.6030547752808989 0.6439606741573034 0.6016502808988764 0.6367041198501873 0.6032303370786517 0.6282771535580525 0.6063904494382022 0.6266385767790262 0.6063904494382022 0.62312734082397 0.6160463483146067 0.6191479400749064
0 0.46172752808988765 0.3026685393258427 0.46945224719101125 0.30711610486891383 0.47401685393258425 0.3176498127340824 0.4745435393258427 0.32467228464419473 0.47173455056179775 0.33497191011235955 0.47717696629213485 0.3419943820224719 0.47401685393258425 0.352059925093633 0.4705056179775281 0.3541666666666667 0.46032303370786515 0.3522940074906367 0.45400280898876405 0.3464419475655431 0.4476825842696629 0.33965355805243447 0.4390800561797753 0.32397003745318353 0.4394311797752809 0.3146067415730337 0.44276685393258425 0.3080524344569288 0.46155196629213485 0.3026685393258427
0 0.5491573033707865 0.3937265917602996 0.5610955056179775 0.3960674157303371 0.5679424157303371 0.40426029962546817 0.5696980337078652 0.41081460674157305 0.5695224719101124 0.41807116104868913 0.5660112359550562 0.4288389513108614 0.5572331460674157 0.43679775280898875 0.5445926966292135 0.4332865168539326 0.5351123595505618 0.40777153558052437 0.5363412921348315 0.3967696629213483 0.5435393258426966 0.39302434456928836 0.5489817415730337 0.3937265917602996
0 0.6128862359550562 0.45552434456928836 0.6227176966292135 0.46301498127340823 0.625877808988764 0.4705056179775281 0.6239466292134831 0.48103932584269665 0.6179775280898876 0.48852996254681647 0.6132373595505618 0.49040262172284643 0.602001404494382 0.48852996254681647 0.5967345505617978 0.48103932584269665 0.5953300561797753 0.47401685393258425 0.5979634831460674 0.46301498127340823 0.6016502808988764 0.4583333333333333 0.6127106741573034 0.45552434456928836
0 0.36429073033707865 0.56062734082397 0.3767556179775281 0.5599250936329588 0.383251404494382 0.5674157303370787 0.386938202247191 0.5887172284644194 0.38009129213483145 0.600187265917603 0.3769311797752809 0.601123595505618 0.36025280898876405 0.5957397003745318 0.3551615168539326 0.5884831460674157 0.3534058988764045 0.5709269662921348 0.3577949438202247 0.5625 0.36411516853932585 0.56062734082397
0 0.36657303370786515 0.43796816479400746 0.3748244382022472 0.4426498127340824 0.3785112359550562 0.4580992509363296 0.3751755617977528 0.4679307116104869 0.363061797752809 0.4726123595505618 0.3535814606741573 0.4669943820224719 0.3497191011235955 0.45271535580524347 0.3514747191011236 0.4447565543071161 0.3558637640449438 0.43937265917602997 0.36639747191011235 0.43796816479400746
0 0.4534761235955056 0.3541666666666667 0.4669943820224719 0.3625936329588015 0.46541432584269665 0.3801498127340824 0.45365168539325845 0.3899812734082397 0.4487359550561798 0.3895131086142322 0.44399578651685395 0.3848314606741573 0.44083567415730335 0.3717228464419476 0.4415379213483146 0.36282771535580527 0.4436446629213483 0.35931647940074907 0.4489115168539326 0.35463483146067415 0.4533005617977528 0.3541666666666667
0 0.5540730337078652 0.31952247191011235 0.5612710674157303 0.3227996254681648 0.5647823033707865 0.32724719101123595 0.567064606741573 0.33824906367041196 0.5642556179775281 0.3508895131086142 0.5605688202247191 0.35557116104868913 0.5554775280898876 0.35697565543071164 0.5438904494382022 0.35135767790262173 0.5405547752808989 0.33941947565543074 0.542310393258427 0.32771535580524347 0.5484550561797753 0.32092696629213485 0.5538974719101124 0.31952247191011235
0 0.43223314606741575 0.45365168539325845 0.4392556179775281 0.45786516853932585 0.44206460674157305 0.4737827715355805 0.43679775280898875 0.48618913857677903 0.4260884831460674 0.48993445692883897 0.4160814606741573 0.4812734082397004 0.41485252808988765 0.46348314606741575 0.41871488764044945 0.4550561797752809 0.4320575842696629 0.45365168539325845
0 0.5198384831460674 0.36142322097378277 0.527563202247191 0.36750936329588013 0.5305477528089888 0.37336142322097376 0.5310744382022472 0.3813202247191011 0.5268609550561798 0.3920880149812734 0.5166783707865169 0.3972378277153558 0.5071980337078652 0.39279026217228463 0.5043890449438202 0.38670411985018727 0.5040379213483146 0.37874531835205993 0.5087780898876404 0.3642322097378277 0.5196629213483146 0.36142322097378277
0 0.5823384831460674 0.40941011235955055 0.5923455056179775 0.41807116104868913 0.592872191011236 0.42907303370786515 0.5902387640449438 0.4426498127340824 0.5819873595505618 0.45014044943820225 0.5718047752808989 0.45341760299625467 0.5637289325842697 0.45014044943820225 0.5600421348314607 0.43890449438202245 0.5654845505617978 0.43211610486891383 0.5704002808988764 0.41385767790262173 0.5821629213483146 0.40941011235955055
0 0.4878862359550562 0.3562734082397004 0.49929775280898875 0.3618913857677903 0.5029845505617978 0.37265917602996257 0.49894662921348315 0.3904494382022472 0.4878862359550562 0.39419475655430714 0.4803370786516854 0.38974719101123595 0.47735252808988765 0.37780898876404495 0.4787570224719101 0.3637640449438202 0.48771067415730335 0.3562734082397004
0 0.5259831460674157 0.31320224719101125 0.5366924157303371 0.3211610486891386 0.5393258426966292 0.33497191011235955 0.5363412921348315 0.34527153558052437 0.526685393258427 0.35580524344569286 0.5226474719101124 0.35720973782771537 0.5101825842696629 0.34597378277153557 0.5084269662921348 0.3333333333333333 0.5114115168539326 0.32209737827715357 0.5154494382022472 0.3160112359550562 0.5258075842696629 0.31320224719101125
0 0.39518960674157305 0.3522940074906367 0.40484550561797755 0.35931647940074907 0.40712780898876405 0.3738295880149813 0.4041432584269663 0.3836610486891386 0.3944873595505618 0.3883426966292135 0.3871137640449438 0.3857677902621723 0.382373595505618 0.38038389513108617 0.37956460674157305 0.36563670411985016 0.38360252808988765 0.3553370786516854 0.3950140449438202 0.3522940074906367
0 0.46383426966292135 0.43984082397003743 0.47401685393258425 0.44592696629213485 0.4764747191011236 0.4606741573033708 0.47524578651685395 0.4716760299625468 0.47120786516853935 0.476123595505618 0.46365870786516855 0.4782303370786517 0.4527738764044944 0.47448501872659177 0.4469803370786517 0.45997191011235955 0.4490870786516854 0.4473314606741573 0.453125 0.44147940074906367 0.46365870786516855 0.43984082397003743
0 0.6162219101123596 0.32420411985018727 0.6244733146067416 0.33146067415730335 0.6257022471910112 0.34176029962546817 0.6242977528089888 0.34995318352059923 0.6163974719101124 0.3583801498127341 0.6090238764044944 0.3574438202247191 0.6002457865168539 0.3455056179775281 0.601123595505618 0.3347378277153558 0.604810393258427 0.32841760299625467 0.6091994382022472 0.32467228464419473 0.6160463483146067 0.32420411985018727
0 0.4606741573033708 0.5346441947565543 0.46611657303370785 0.5397940074906367 0.46945224719101125 0.5538389513108615 0.4669943820224719 0.56437265917603 0.46014747191011235 0.5688202247191011 0.4533005617977528 0.5681179775280899 0.44803370786516855 0.5641385767790262 0.4452247191011236 0.5603932584269663 0.4431179775280899 0.5468164794007491 0.4489115168539326 0.5360486891385767 0.460498595505618 0.5346441947565543
0 0.3648174157303371 0.350187265917603 0.37254213483146065 0.35603932584269665 0.37552668539325845 0.3661048689138577 0.3746488764044944 0.3801498127340824 0.36657303370786515 0.386001872659176 0.3590238764044944 0.38506554307116103 0.35252808988764045 0.3801498127340824 0.34901685393258425 0.36657303370786515 0.35252808988764045 0.3541666666666667 0.35814606741573035 0.35042134831460675 0.36464185393258425 0.350187265917603
0 0.4257373595505618 0.35135767790262173 0.4353932584269663 0.3595505617977528 0.4373244382022472 0.3698501872659176 0.43258426966292135 0.38202247191011235 0.421875 0.386938202247191 0.4180126404494382 0.386001872659176 0.41344803370786515 0.3806179775280899 0.41081460674157305 0.3637640449438202 0.4162570224719101 0.3544007490636704 0.425561797752809 0.35135767790262173
0 0.43469101123595505 0.40379213483146065 0.4394311797752809 0.4058988764044944 0.4429424157303371 0.4110486891385768 0.44662921348314605 0.424625468164794 0.44610252808988765 0.43047752808988765 0.4357443820224719 0.44288389513108617 0.42889747191011235 0.44241573033707865 0.4239817415730337 0.4375 0.4199438202247191 0.43258426966292135 0.41871488764044945 0.42532771535580527 0.4215238764044944 0.4096441947565543 0.4273174157303371 0.4044943820224719 0.43451544943820225 0.40379213483146065
0 0.37183988764044945 0.5182584269662921 0.3806179775280899 0.5259831460674157 0.3848314606741573 0.5400280898876404 0.3809691011235955 0.5533707865168539 0.3767556179775281 0.5587546816479401 0.36973314606741575 0.5603932584269663 0.36271067415730335 0.5589887640449438 0.35428370786516855 0.550561797752809 0.35287921348314605 0.5423689138576779 0.355688202247191 0.5362827715355806 0.3558637640449438 0.5259831460674157 0.36271067415730335 0.5205992509363296 0.37166432584269665 0.5182584269662921
0 0.6170997191011236 0.5346441947565543 0.6274578651685393 0.5426029962546817 0.628686797752809 0.5575842696629213 0.6234199438202247 0.5681179775280899 0.6142907303370787 0.572565543071161 0.6077949438202247 0.5695224719101124 0.6014747191011236 0.5620318352059925 0.6000702247191011 0.5498595505617978 0.6012991573033708 0.5430711610486891 0.6042837078651685 0.5390917602996255 0.6169241573033708 0.5346441947565543
0 0.4959620786516854 0.31226591760299627 0.5035112359550562 0.3176498127340824 0.5070224719101124 0.33146067415730335 0.5021067415730337 0.3455056179775281 0.4980688202247191 0.34925093632958804 0.484375 0.34480337078651685 0.48139044943820225 0.3279494382022472 0.48367275280898875 0.3167134831460674 0.4957865168539326 0.31226591760299627
0 0.5261587078651685 0.40098314606741575 0.5331811797752809 0.40613295880149813 0.5410814606741573 0.42813670411985016 0.5402036516853933 0.43609550561797755 0.5363412921348315 0.4396067415730337 0.5272120786516854 0.4419475655430712 0.5152738764044944 0.438436329588015 0.5121137640449438 0.4342228464419476 0.5107092696629213 0.426498127340824 0.5142205056179775 0.40823970037453183 0.5259831460674157 0.40098314606741575
0 0.616748595505618 0.5746722846441947 0.6237710674157303 0.5779494382022472 0.6302668539325843 0.5884831460674157 0.6283356741573034 0.6041666666666666 0.625 0.6095505617977528 0.6202598314606742 0.6114232209737828 0.6125351123595506 0.6109550561797753 0.604810393258427 0.6060393258426966 0.5991924157303371 0.5955056179775281 0.6028792134831461 0.5812265917602997 0.6165730337078652 0.5746722846441947
0 0.5026334269662921 0.44499063670411987 0.5079002808988764 0.44897003745318353 0.5121137640449438 0.45646067415730335 0.515625 0.46676029962546817 0.5158005617977528 0.4737827715355805 0.5129915730337079 0.48080524344569286 0.49859550561797755 0.4845505617977528 0.48577949438202245 0.4772940074906367 0.48174157303370785 0.4597378277153558 0.48735955056179775 0.448501872659176 0.49473314606741575 0.4447565543071161 0.5024578651685393 0.44499063670411987
0 0.4022120786516854 0.39630149812734083 0.4118679775280899 0.40308988764044945 0.41520365168539325 0.41409176029962547 0.41485252808988765 0.4309456928838951 0.4078300561797753 0.4400749063670412 0.3904494382022472 0.43352059925093633 0.383251404494382 0.42181647940074907 0.3862359550561798 0.40426029962546817 0.39378511235955055 0.39653558052434457 0.4020365168539326 0.39630149812734083
0 0.45593398876404495 0.4824438202247191 0.4666432584269663 0.48735955056179775 0.4691011235955056 0.49929775280898875 0.4669943820224719 0.5133426966292135 0.46348314606741575 0.5173220973782772 0.4566362359550562 0.5194288389513109 0.44803370786516855 0.5161516853932584 0.44259129213483145 0.5016385767790262 0.44610252808988765 0.4868913857677903 0.45575842696629215 0.4824438202247191
0 0.3732443820224719 0.48197565543071164 0.37798455056179775 0.48408239700374533 0.3844803370786517 0.4927434456928839 0.38202247191011235 0.5121722846441947 0.3767556179775281 0.5177902621722846 0.36639747191011235 0.513810861423221 0.35445926966292135 0.5154494382022472 0.3535814606741573 0.511938202247191 0.3491924157303371 0.5091292134831461 0.35797050561797755 0.48735955056179775 0.3628862359550562 0.48314606741573035 0.3730688202247191 0.48197565543071164
0 0.4706811797752809 0.40308988764044945 0.47787921348314605 0.41409176029962547 0.4780547752808989 0.4243913857677903 0.4741924157303371 0.43258426966292135 0.46594101123595505 0.4375 0.45997191011235955 0.436563670411985 0.4547050561797753 0.43164794007490637 0.4515449438202247 0.42532771535580527 0.45049157303370785 0.4147940074906367 0.45646067415730335 0.4068352059925094 0.4631320224719101 0.4033239700374532 0.4705056179775281 0.40308988764044945
0 0.36990870786516855 0.3960674157303371 0.38026685393258425 0.40074906367041196 0.38342696629213485 0.4091760299625468 0.3813202247191011 0.424625468164794 0.3767556179775281 0.4311797752808989 0.3707865168539326 0.4339887640449438 0.36271067415730335 0.43375468164794007 0.35884831460674155 0.43047752808988765 0.3551615168539326 0.4250936329588015 0.3535814606741573 0.41502808988764045 0.3537570224719101 0.40777153558052437 0.35797050561797755 0.40074906367041196 0.36973314606741575 0.3960674157303371
0 0.5821629213483146 0.36446629213483145 0.5893609550561798 0.3686797752808989 0.5923455056179775 0.37359550561797755 0.5944522471910112 0.3899812734082397 0.5925210674157303 0.3981741573033708 0.5888342696629213 0.40262172284644193 0.5746137640449438 0.4066011235955056 0.5711025280898876 0.4056647940074906 0.5684691011235955 0.3977059925093633 0.5642556179775281 0.3958333333333333 0.5632022471910112 0.39279026217228463 0.5691713483146067 0.36961610486891383 0.5819873595505618 0.36446629213483145
0 0.522998595505618 0.6509831460674157 0.530372191011236 0.6575374531835206 0.5338834269662921 0.6795411985018727 0.5300210674157303 0.6891385767790262 0.5226474719101124 0.6938202247191011 0.5154494382022472 0.6931179775280899 0.5108848314606742 0.6884363295880149 0.5080758426966292 0.6821161048689138 0.507373595505618 0.6699438202247191 0.5135182584269663 0.6556647940074907 0.5228230337078652 0.6509831460674157
0 0.4295997191011236 0.3157771535580524 0.43627106741573035 0.32069288389513106 0.441186797752809 0.33848314606741575 0.4390800561797753 0.34737827715355807 0.43293539325842695 0.350187265917603 0.4202949438202247 0.34620786516853935 0.4139747191011236 0.3345037453183521 0.4141502808988764 0.3279494382022472 0.418188202247191 0.31952247191011235 0.4220505617977528 0.31647940074906367 0.4294241573033708 0.3157771535580524
0 0.6271067415730337 0.4897003745318352 0.6300912921348315 0.49157303370786515 0.6320224719101124 0.49929775280898875 0.6269311797752809 0.5058520599250936 0.624122191011236 0.5245786516853933 0.6181530898876404 0.5311329588014981 0.6025280898876404 0.5348782771535581 0.59375 0.5294943820224719 0.5898876404494382 0.5189606741573034 0.5988412921348315 0.4927434456928839 0.6079705056179775 0.4911048689138577 0.6199087078651685 0.49391385767790263 0.6269311797752809 0.4897003745318352
0 0.6132373595505618 0.40941011235955055 0.6197331460674157 0.41175093632958804 0.6237710674157303 0.4166666666666667 0.6251755617977528 0.4328183520599251 0.6227176966292135 0.4426498127340824 0.6162219101123596 0.44756554307116103 0.6069171348314607 0.4499063670411985 0.6041081460674157 0.449438202247191 0.5993679775280899 0.43609550561797755 0.5995435393258427 0.41807116104868913 0.6027036516853933 0.4112827715355805 0.613061797752809 0.40941011235955055
0 0.6209620786516854 0.6561329588014981 0.6274578651685393 0.6612827715355806 0.6302668539325843 0.6687734082397003 0.6311446629213483 0.6804775280898876 0.6285112359550562 0.6924157303370787 0.6197331460674157 0.6980337078651685 0.6123595505617978 0.697565543071161 0.605688202247191 0.6926498127340824 0.6018258426966292 0.6851591760299626 0.6004213483146067 0.6725187265917603 0.6014747191011236 0.6640917602996255 0.605688202247191 0.6582397003745318 0.6120084269662921 0.6554307116104869 0.6207865168539326 0.6561329588014981
0 0.6292134831460674 0.3192883895131086 0.6343047752808989 0.3279494382022472 0.6290379213483146 0.33146067415730335 0.6304424157303371 0.34925093632958804 0.6281601123595506 0.35674157303370785 0.6230688202247191 0.36446629213483145 0.613061797752809 0.3651685393258427 0.6058637640449438 0.3693820224719101 0.5960323033707865 0.3595505617977528 0.6021769662921348 0.33169475655430714 0.6091994382022472 0.32420411985018727 0.6214887640449438 0.3249063670411985 0.6262289325842697 0.3192883895131086 0.6290379213483146 0.3192883895131086
0 0.6151685393258427 0.49391385767790263 0.6214887640449438 0.49719101123595505 0.6251755617977528 0.5035112359550562 0.6255266853932584 0.5161516853932584 0.6207865168539326 0.5276217228464419 0.6163974719101124 0.5311329588014981 0.6095505617977528 0.5318352059925093 0.6021769662921348 0.5316011235955056 0.5962078651685393 0.5051498127340824 0.5986657303370787 0.4978932584269663 0.6025280898876404 0.49391385767790263 0.6149929775280899 0.49391385767790263
0 0.4592696629213483 0.5271535580524345 0.4703300561797753 0.5271535580524345 0.4722612359550562 0.5294943820224719 0.4710323033707865 0.56062734082397 0.4645365168539326 0.5711610486891385 0.4508426966292135 0.5788857677902621 0.444873595505618 0.5784176029962547 0.44083567415730335 0.5749063670411985 0.43837780898876405 0.5704588014981273 0.43820224719101125 0.5639044943820225 0.44592696629213485 0.5320692883895131 0.4529494382022472 0.5273876404494382 0.4590941011235955 0.5271535580524345
0 0.39132724719101125 0.43796816479400746 0.40572331460674155 0.4442883895131086 0.41151685393258425 0.45341760299625467 0.4104634831460674 0.47073970037453183 0.40554775280898875 0.47752808988764045 0.39940308988764045 0.4812734082397004 0.394311797752809 0.48080524344569286 0.3865870786516854 0.47401685393258425 0.3830758426966292 0.4602059925093633 0.38360252808988765 0.44241573033707865 0.3864115168539326 0.43890449438202245 0.39115168539325845 0.43796816479400746
0 0.4887640449438202 0.4859550561797753 0.4978932584269663 0.4892322097378277 0.5024578651685393 0.49929775280898875 0.5026334269662921 0.5124063670411985 0.4996488764044944 0.5168539325842697 0.4920997191011236 0.5208333333333334 0.47963483146067415 0.5170880149812734 0.4762991573033708 0.5072565543071161 0.4764747191011236 0.49765917602996257 0.4789325842696629 0.4913389513108614 0.4885884831460674 0.4859550561797753
0 0.4080056179775281 0.5142790262172284 0.41678370786516855 0.5245786516853933 0.4176615168539326 0.5301966292134831 0.41485252808988765 0.5447097378277154 0.41134129213483145 0.5500936329588015 0.4046699438202247 0.5533707865168539 0.3962429775280899 0.5498595505617978 0.38992275280898875 0.535814606741573 0.3946629213483146 0.5198970037453183 0.40133426966292135 0.5149812734082397 0.4078300561797753 0.5142790262172284
2 0.6372893258426966 0.3136704119850187 0.3486523876404494 0.3052427434456929 0.34172594803370787 0.6909545880149812 0.635748595505618 0.6997813670411985
1 0.520535463483146 0.4632350187265918 0.020472261235955056 0.03695692883895131
1 0.5489975421348315 0.4627387640449438 0.02355688202247191 0.03440308988764045
1 0.5791625702247191 0.46738295880149816 0.02185568820224719 0.031207865168539323
1 0.5799490870786517 0.503370786516854 0.022255969101123596 0.0329564606741573
1 0.5486674859550562 0.5027317415730337 0.022898525280898877 0.03480102996254681
1 0.5192801966292135 0.5020833333333333 0.02381320224719101 0.03506320224719101
1 0.4305196629213483 0.500809925093633 0.021853932584269663 0.029398408239700375
1 0.4029160814606742 0.5000655430711611 0.022824789325842695 0.032588951310861425
1 0.43277738764044943 0.5388576779026217 0.02753862359550562 0.033707865168539325
1 0.5495207162921348 0.5439442883895131 0.02343047752808989 0.03607911985018727
1 0.5815414325842697 0.5435323033707865 0.025442415730337075 0.03369147940074906
1 0.579936797752809 0.5847425093632959 0.029255617977528087 0.038087546816479405
1 0.5489922752808989 0.5835182584269663 0.022375351123595507 0.029398408239700375
1 0.5186130617977528 0.5817977528089888 0.024820926966292133 0.029077715355805243
1 0.5195101825842697 0.6226685393258427 0.027784410112359548 0.02966760299625468
1 0.49037745786516856 0.5807350187265918 0.024527738764044946 0.02851123595505618
1 0.4879529494382023 0.6205337078651686 0.029043188202247192 0.03008426966292135
1 0.48950491573033705 0.6592579588014981 0.027466643258426963 0.024822097378277154
1 0.4584181882022472 0.6580992509363296 0.026151685393258427 0.022502340823970037
1 0.4592363061797753 0.6213506554307116 0.023109199438202246 0.025475187265917604
1 0.46057408707865166 0.5837968164794007 0.022271769662921347 0.026835205992509364
1 0.4321471207865169 0.5803043071161048 0.020426615168539324 0.026090823970037452
1 0.428407654494382 0.6209222846441947 0.023481390449438203 0.021493445692883893
1 0.4290484550561798 0.660119382022472 0.023593749999999997 0.031226591760299627
1 0.398497191011236 0.6580102996254682 0.018670997191011236 0.030128745318352062
1 0.3983426966292135 0.6190987827715356 0.01953300561797753 0.028768726591760302
1 0.40019487359550565 0.5810042134831461 0.020895365168539324 0.03529260299625468
1 0.3700614466292135 0.6188014981273409 0.019150280898876403 0.032860486891385765
1 0.36908883426966294 0.6543422284644195 0.017203300561797752 0.02279260299625468