0 0.5445926966292135 0.5044475655430711 0.5517907303370787 0.5084269662921348 0.5614466292134831 0.5325374531835206 0.5610955056179775 0.5397940074906367 0.558813202247191 0.5433052434456929 0.5503862359550562 0.5479868913857678 0.5319522471910112 0.5414325842696629 0.5280898876404494 0.5299625468164794 0.5273876404494382 0.5180243445692884 0.5291432584269663 0.511938202247191 0.5356390449438202 0.5065543071161048 0.5444171348314607 0.5044475655430711
0 0.4355688202247191 0.5042134831460674 0.4534761235955056 0.5131086142322098 0.45821629213483145 0.5292602996254682 0.4534761235955056 0.545880149812734 0.4392556179775281 0.5498595505617978 0.4320575842696629 0.5437734082397003 0.42872191011235955 0.5374531835205992 0.4234550561797753 0.5177902621722846 0.4241573033707865 0.5121722846441947 0.42872191011235955 0.5063202247191011 0.4353932584269663 0.5042134831460674
0 0.42521067415730335 0.6725187265917603 0.4311797752808989 0.6898408239700374 0.4313553370786517 0.7024812734082397 0.4274929775280899 0.7104400749063671 0.40747893258426965 0.7186329588014981 0.40098314606741575 0.7139513108614233 0.3987008426966292 0.7076310861423221 0.4006320224719101 0.6912453183520599 0.40677668539325845 0.6783707865168539 0.42503511235955055 0.672752808988764
0 0.49525983146067415 0.4208801498127341 0.5063202247191011 0.426498127340824 0.5094803370786517 0.43211610486891383 0.5100070224719101 0.4400749063670412 0.5057935393258427 0.45271535580524347 0.49490870786516855 0.45692883895131087 0.48735955056179775 0.4541198501872659 0.48349719101123595 0.44803370786516855 0.48297050561797755 0.4417134831460674 0.48560393258426965 0.4267322097378277 0.49508426966292135 0.4208801498127341
0 0.5182584269662921 0.6395131086142322 0.5270365168539326 0.6477059925093633 0.5294943820224719 0.6647940074906367 0.5259831460674157 0.6793071161048689 0.5228230337078652 0.6835205992509363 0.5161516853932584 0.6858614232209738 0.5121137640449438 0.6846910112359551 0.5033356741573034 0.6753277153558053 0.4978932584269663 0.6631554307116105 0.49754213483146065 0.6540262172284644 0.5014044943820225 0.6446629213483146 0.5180828651685393 0.6395131086142322
0 0.44399578651685395 0.6781367041198502 0.453125 0.6790730337078652 0.4606741573033708 0.6867977528089888 0.46190308988764045 0.7059925093632958 0.45593398876404495 0.7155898876404494 0.43627106741573035 0.7202715355805244 0.4320575842696629 0.7193352059925093 0.4280196629213483 0.7134831460674157 0.4311797752808989 0.68937265917603 0.4353932584269663 0.6793071161048689 0.4438202247191011 0.6781367041198502
0 0.47735252808988765 0.4681647940074906 0.4845505617977528 0.4833801498127341 0.48577949438202245 0.49508426966292135 0.4840238764044944 0.50187265917603 0.4743679775280899 0.5093632958801498 0.4594452247191011 0.5030430711610487 0.45839185393258425 0.48174157303370785 0.46172752808988765 0.47237827715355807 0.47717696629213485 0.4681647940074906
0 0.5075491573033708 0.5468164794007491 0.5173806179775281 0.5500936329588015 0.5203651685393258 0.5536048689138576 0.5212429775280899 0.5603932584269663 0.5180828651685393 0.579119850187266 0.5145716292134831 0.5854400749063671 0.5087780898876404 0.5875468164794008 0.5022823033707865 0.5866104868913857 0.49701544943820225 0.5826310861423221 0.49350421348314605 0.5779494382022472 0.49157303370786515 0.5685861423220974 0.49736657303370785 0.5507958801498127 0.507373595505618 0.5468164794007491
0 0.42292837078651685 0.7174625468164794 0.43030196629213485 0.7237827715355806 0.4315308988764045 0.7450842696629213 0.42643960674157305 0.7544475655430711 0.41713483146067415 0.7602996254681648 0.40923455056179775 0.7591292134831461 0.40326544943820225 0.7530430711610487 0.4006320224719101 0.7469569288389513 0.4008075842696629 0.7343164794007491 0.40554775280898875 0.7228464419475655 0.4143258426966292 0.7181647940074907 0.42275280898876405 0.7174625468164794
0 0.41134129213483145 0.5093632958801498 0.41678370786516855 0.511938202247191 0.4222261235955056 0.5205992509363296 0.4238061797752809 0.5365168539325843 0.41941713483146065 0.5437734082397003 0.40888342696629215 0.5479868913857678 0.4043188202247191 0.5479868913857678 0.39729634831460675 0.5430711610486891 0.3950140449438202 0.5362827715355806 0.39518960674157305 0.525749063670412 0.39747191011235955 0.5163857677902621 0.40098314606741575 0.5121722846441947 0.41116573033707865 0.5093632958801498
0 0.44610252808988765 0.6352996254681648 0.45365168539325845 0.6404494382022472 0.45786516853932585 0.6570692883895131 0.456811797752809 0.6647940074906367 0.453125 0.6720505617977528 0.44610252808988765 0.6776685393258427 0.4339887640449438 0.6762640449438202 0.4297752808988764 0.6718164794007491 0.429248595505618 0.6678370786516854 0.4320575842696629 0.6423220973782772 0.43609550561797755 0.6371722846441947 0.44592696629213485 0.6352996254681648
0 0.6648525280898876 0.6245318352059925 0.671875 0.6264044943820225 0.6808286516853933 0.636938202247191 0.6827598314606742 0.6477059925093633 0.6797752808988764 0.6596441947565543 0.6725772471910112 0.6650280898876404 0.6648525280898876 0.6643258426966292 0.6580056179775281 0.6612827715355806 0.6537921348314607 0.6544943820224719 0.6502808988764045 0.6439606741573034 0.6520365168539326 0.6329588014981273 0.6569522471910112 0.6273408239700374 0.6646769662921348 0.6247659176029963
0 0.5128160112359551 0.5049157303370787 0.5242275280898876 0.5154494382022472 0.5270365168539326 0.5325374531835206 0.5247542134831461 0.5433052434456929 0.5191362359550562 0.5484550561797753 0.5015800561797753 0.5442415730337079 0.49754213483146065 0.540496254681648 0.4942064606741573 0.5318352059925093 0.4940308988764045 0.5196629213483146 0.49736657303370785 0.511938202247191 0.5017556179775281 0.5077247191011236 0.5126404494382022 0.5049157303370787
0 0.4496137640449438 0.5519662921348315 0.45435393258426965 0.5573501872659176 0.45786516853932585 0.5676498127340824 0.45821629213483145 0.5814606741573034 0.4533005617977528 0.5887172284644194 0.4431179775280899 0.5919943820224719 0.43890449438202245 0.5912921348314607 0.43047752808988765 0.5819288389513109 0.43030196629213485 0.5608614232209738 0.4317064606741573 0.5568820224719101 0.43609550561797755 0.5538389513108615 0.449438202247191 0.5519662921348315
0 0.5033356741573034 0.37874531835205993 0.5133426966292135 0.3822565543071161 0.5205407303370787 0.39419475655430714 0.5198384831460674 0.4089419475655431 0.5135182584269663 0.41830524344569286 0.5086025280898876 0.42064606741573035 0.5017556179775281 0.4199438202247191 0.4945575842696629 0.4152621722846442 0.48771067415730335 0.39864232209737827 0.48771067415730335 0.3916198501872659 0.49122191011235955 0.3817883895131086 0.5031601123595506 0.37874531835205993
0 0.5375702247191011 0.5465823970037453 0.550561797752809 0.5531367041198502 0.5517907303370787 0.5678838951310862 0.5474016853932584 0.5805243445692884 0.5373946629213483 0.5849719101123596 0.5314255617977528 0.5830992509363296 0.5259831460674157 0.576310861423221 0.5237008426966292 0.56062734082397 0.526685393258427 0.5512640449438202 0.5328300561797753 0.545880149812734 0.5373946629213483 0.5465823970037453
0 0.4046699438202247 0.45739700374531833 0.41134129213483145 0.4595037453183521 0.42327949438202245 0.47073970037453183 0.4238061797752809 0.4911048689138577 0.4216994382022472 0.49602059925093633 0.414501404494382 0.5023408239700374 0.40098314606741575 0.49953183520599254 0.39396067415730335 0.487125468164794 0.39378511235955055 0.46348314606741575 0.39782303370786515 0.45903558052434457 0.4044943820224719 0.45739700374531833
0 0.4083567415730337 0.41596441947565543 0.41678370786516855 0.42134831460674155 0.4199438202247191 0.43258426966292135 0.4180126404494382 0.4438202247191011 0.4081811797752809 0.45271535580524347 0.4001053370786517 0.4508426966292135 0.3960674157303371 0.44709737827715357 0.3925561797752809 0.43586142322097376 0.39325842696629215 0.4250936329588015 0.39589185393258425 0.4204119850187266 0.4008075842696629 0.4166666666666667 0.4081811797752809 0.41596441947565543
0 0.4375 0.4178370786516854 0.44592696629213485 0.4204119850187266 0.45172050561797755 0.43211610486891383 0.45207162921348315 0.44499063670411987 0.4487359550561798 0.4517790262172285 0.4429424157303371 0.45529026217228463 0.42907303370786515 0.45271535580524347 0.4236306179775281 0.4426498127340824 0.42485955056179775 0.424625468164794 0.42889747191011235 0.41970973782771537 0.4373244382022472 0.4178370786516854
0 0.41151685393258425 0.6275749063670412 0.42433286516853935 0.6336610486891385 0.42679073033707865 0.641619850187266 0.4276685393258427 0.653558052434457 0.4259129213483146 0.6629213483146067 0.42240168539325845 0.6701779026217228 0.4183637640449438 0.6725187265917603 0.40379213483146065 0.6650280898876404 0.39712078651685395 0.6512172284644194 0.39712078651685395 0.6404494382022472 0.40098314606741575 0.6315543071161048 0.4044943820224719 0.6278089887640449 0.41134129213483145 0.6275749063670412
0 0.515625 0.5952715355805244 0.5222963483146067 0.6004213483146067 0.5256320224719101 0.6128277153558053 0.5254564606741573 0.6214887640449438 0.5224719101123596 0.6301498127340824 0.5114115168539326 0.6374063670411985 0.5066713483146067 0.636938202247191 0.5017556179775281 0.6294475655430711 0.4980688202247191 0.6334269662921348 0.4978932584269663 0.6062734082397003 0.5029845505617978 0.5987827715355806 0.5154494382022472 0.5952715355805244
0 0.48490168539325845 0.5959737827715356 0.49508426966292135 0.6095505617977528 0.496313202247191 0.6203183520599251 0.49157303370786515 0.6334269662921348 0.4826193820224719 0.6381086142322098 0.46927668539325845 0.6301498127340824 0.46769662921348315 0.6154026217228464 0.4705056179775281 0.601123595505618 0.47717696629213485 0.5966760299625468 0.4847261235955056 0.5959737827715356
0 0.4845505617977528 0.511938202247191 0.48771067415730335 0.5154494382022472 0.491748595505618 0.5379213483146067 0.4840238764044944 0.5503277153558053 0.4782303370786517 0.552434456928839 0.4703300561797753 0.5512640449438202 0.4631320224719101 0.5426029962546817 0.4610252808988764 0.5346441947565543 0.46155196629213485 0.5224719101123596 0.46576544943820225 0.5163857677902621 0.484375 0.511938202247191
0 0.40519662921348315 0.3780430711610487 0.41309691011235955 0.3815543071161049 0.41906601123595505 0.39396067415730335 0.4164325842696629 0.4056647940074906 0.40905898876404495 0.4133895131086142 0.3969452247191011 0.41058052434456926 0.3929073033707865 0.40519662921348315 0.39150280898876405 0.39840823970037453 0.39202949438202245 0.3904494382022472 0.3950140449438202 0.38319288389513106 0.4002808988764045 0.3785112359550562 0.40502106741573035 0.3780430711610487
0 0.46734550561797755 0.41619850187265917 0.4780547752808989 0.42181647940074907 0.4820926966292135 0.4302434456928839 0.4799859550561798 0.449438202247191 0.47735252808988765 0.45365168539325845 0.47191011235955055 0.45529026217228463 0.4664676966292135 0.4550561797752809 0.4589185393258427 0.4487359550561798 0.45575842696629215 0.44335205992509363 0.45382724719101125 0.4328183520599251 0.4548806179775281 0.4250936329588015 0.45821629213483145 0.41924157303370785 0.4671699438202247 0.41619850187265917
0 0.4747191011235955 0.5529026217228464 0.4863061797752809 0.5561797752808989 0.48946629213483145 0.5636704119850188 0.49104634831460675 0.5779494382022472 0.4882373595505618 0.586376404494382 0.477001404494382 0.5943352059925093 0.46945224719101125 0.5922284644194756 0.46190308988764045 0.5816947565543071 0.4608497191011236 0.5749063670411985 0.4627808988764045 0.5599250936329588 0.4745435393258427 0.5529026217228464
0 0.456811797752809 0.5889513108614233 0.4627808988764045 0.5922284644194756 0.46752106741573035 0.5990168539325843 0.46418539325842695 0.6203183520599251 0.4569873595505618 0.6301498127340824 0.45207162921348315 0.6320224719101124 0.4452247191011236 0.6310861423220974 0.43627106741573035 0.6196161048689138 0.43679775280898875 0.6022940074906367 0.4390800561797753 0.5955056179775281 0.4566362359550562 0.5889513108614233
0 0.4390800561797753 0.37734082397003743 0.44592696629213485 0.3806179775280899 0.4511938202247191 0.3904494382022472 0.45031601123595505 0.4101123595505618 0.4475070224719101 0.414559925093633 0.4436446629213483 0.4152621722846442 0.42872191011235955 0.41385767790262173 0.42327949438202245 0.40074906367041196 0.4238061797752809 0.38974719101123595 0.42679073033707865 0.38319288389513106 0.43100421348314605 0.37897940074906367 0.43890449438202245 0.37734082397003743
0 0.4183637640449438 0.549625468164794 0.42521067415730335 0.5529026217228464 0.42679073033707865 0.5575842696629213 0.42837078651685395 0.5711610486891385 0.42450842696629215 0.5821629213483146 0.40923455056179775 0.5840355805243446 0.40098314606741575 0.5915262172284644 0.3967696629213483 0.5849719101123596 0.40361657303370785 0.5592228464419475 0.40941011235955055 0.5531367041198502 0.418188202247191 0.5498595505617978
0 0.44417134831460675 0.4616104868913858 0.4548806179775281 0.47027153558052437 0.4571629213483146 0.4913389513108614 0.4534761235955056 0.5028089887640449 0.44627808988764045 0.5074906367041199 0.4331109550561798 0.5016385767790262 0.42837078651685395 0.4964887640449438 0.42503511235955055 0.48829588014981273 0.4253862359550562 0.47635767790262173 0.4295997191011236 0.4660580524344569 0.4355688202247191 0.462312734082397 0.44399578651685395 0.4616104868913858
0 0.5366924157303371 0.46301498127340823 0.5484550561797753 0.47120786516853935 0.551439606741573 0.4833801498127341 0.5482794943820225 0.49625468164794007 0.5449438202247191 0.5002340823970037 0.5373946629213483 0.5030430711610487 0.5310744382022472 0.5021067415730337 0.5242275280898876 0.49461610486891383 0.5222963483146067 0.49087078651685395 0.5212429775280899 0.4772940074906367 0.5240519662921348 0.4695692883895131 0.5365168539325843 0.46301498127340823
0 0.4529494382022472 0.7167602996254682 0.45839185393258425 0.7200374531835206 0.46155196629213485 0.7270599250936329 0.461376404494382 0.7439138576779026 0.4585674157303371 0.7530430711610487 0.4529494382022472 0.7579588014981273 0.44241573033707865 0.7593632958801498 0.43504213483146065 0.7535112359550562 0.4320575842696629 0.7450842696629213 0.43416432584269665 0.7254213483146067 0.44259129213483145 0.7191011235955056 0.4527738764044944 0.7169943820224719
0 0.664501404494382 0.579119850187266 0.6741573033707865 0.5854400749063671 0.6783707865168539 0.5987827715355806 0.6762640449438202 0.6135299625468165 0.6659058988764045 0.6210205992509363 0.6536165730337079 0.6177434456928839 0.6450140449438202 0.6090823970037453 0.6423806179775281 0.598314606741573 0.6436095505617978 0.5880149812734082 0.6471207865168539 0.5830992509363296 0.6643258426966292 0.579119850187266
0 0.546875 0.587312734082397 0.5537219101123596 0.5971441947565543 0.5554775280898876 0.6093164794007491 0.551439606741573 0.6214887640449438 0.5438904494382022 0.6266385767790262 0.5398525280898876 0.6266385767790262 0.530372191011236 0.6193820224719101 0.5268609550561798 0.5985486891385767 0.5289676966292135 0.5912921348314607 0.5330056179775281 0.587312734082397 0.5466994382022472 0.587312734082397
0 0.5391502808988764 0.37687265917602997 0.545997191011236 0.3792134831460674 0.5510884831460674 0.386001872659176 0.5528441011235955 0.397940074906367 0.546875 0.4110486891385768 0.5375702247191011 0.4143258426966292 0.523876404494382 0.4080056179775281 0.5221207865168539 0.3937265917602996 0.5282654494382022 0.38085205992509363 0.5389747191011236 0.37687265917602997
0 0.472436797752809 0.37874531835205993 0.4789325842696629 0.38295880149812733 0.484375 0.39747191011235955 0.48156601123595505 0.4110486891385768 0.4745435393258427 0.4157303370786517 0.4592696629213483 0.41292134831460675 0.4566362359550562 0.40777153558052437 0.4554073033707865 0.39747191011235955 0.45593398876404495 0.39091760299625467 0.4594452247191011 0.38342696629213485 0.4666432584269663 0.37874531835205993 0.4722612359550562 0.37874531835205993
0 0.5015800561797753 0.4597378277153558 0.5114115168539326 0.46324906367041196 0.5175561797752809 0.47073970037453183 0.5196629213483146 0.48478464419475653 0.5172050561797753 0.4927434456928839 0.5101825842696629 0.5016385767790262 0.5010533707865169 0.5030430711610487 0.4942064606741573 0.4988295880149813 0.48911516853932585 0.4913389513108614 0.48507724719101125 0.4700374531835206 0.49087078651685395 0.4618445692883895 0.5014044943820225 0.45997191011235955
0 0.532127808988764 0.42392322097378277 0.5416081460674157 0.43352059925093633 0.5437148876404494 0.45271535580524347 0.5379213483146067 0.461376404494382 0.5226474719101124 0.46886704119850187 0.5186095505617978 0.4679307116104869 0.5131671348314607 0.4595037453183521 0.5143960674157303 0.43562734082397003 0.5187851123595506 0.42790262172284643 0.5319522471910112 0.42392322097378277
0 0.4160814606741573 0.584503745318352 0.4241573033707865 0.587312734082397 0.4295997191011236 0.5933988764044944 0.4334620786516854 0.6022940074906367 0.43223314606741575 0.6189138576779026 0.4260884831460674 0.6275749063670412 0.4222261235955056 0.6294475655430711 0.40712780898876405 0.6240636704119851 0.4022120786516854 0.6156367041198502 0.4022120786516854 0.5955056179775281 0.4043188202247191 0.5889513108614233 0.4080056179775281 0.5847378277153558 0.4159058988764045 0.584503745318352
0 0.4741924157303371 0.6399812734082397 0.48314606741573035 0.6448970037453183 0.48718398876404495 0.6502808988764045 0.48929073033707865 0.6652621722846442 0.4878862359550562 0.6715823970037453 0.484375 0.675561797752809 0.47138342696629215 0.6816479400749064 0.4608497191011236 0.672752808988764 0.4589185393258427 0.6612827715355806 0.4631320224719101 0.6451310861423221 0.4671699438202247 0.6409176029962547 0.47401685393258425 0.6399812734082397
2 0.6788390098314606 0.36360791198501874 0.38971523876404496 0.37379728464419476 0.39521980337078655 0.7632001404494382 0.6856329002808988 0.7540926966292134
1 0.609188904494382 0.4810252808988764 0.12170294943820226 0.18957865168539326
1 0.5979775280898876 0.557183988764045 0.09342696629213483 0.34501638576779026
1 0.5856864466292135 0.6784597378277154 0.11917134831460674 0.10067649812734082
1 0.6011797752808989 0.6021114232209738 0.08344452247191012 0.04161282771535581
1 0.5720558286516854 0.7029049625468164 0.21597612359550564 0.07622425093632959