2 0.2264747191011236 0.5024969569288389 0.7338483146067416 0.5071786048689139 0.7338483146067416 0.7209737827715356 0.22354863061797756 0.7170723314606742
0 0.6455407303370787 0.6690074906367042 0.651685393258427 0.6713483146067416 0.6583567415730337 0.6783707865168539 0.6620435393258427 0.6914794007490637 0.6602879213483146 0.7062265917602997 0.6509831460674157 0.7139513108614233 0.6439606741573034 0.713249063670412 0.636060393258427 0.7064606741573034 0.6325491573033708 0.699438202247191 0.6304424157303371 0.68562734082397 0.6318469101123596 0.6786048689138576 0.6364115168539326 0.6725187265917603 0.6453651685393258 0.6690074906367042
0 0.35235252808988765 0.6673689138576779 0.3591994382022472 0.6748595505617978 0.3558637640449438 0.6828183520599251 0.35481039325842695 0.6963951310861424 0.36042837078651685 0.7134831460674157 0.3555126404494382 0.7237827715355806 0.3493679775280899 0.7272940074906367 0.33146067415730335 0.7176966292134831 0.32549157303370785 0.7064606741573034 0.3283005617977528 0.68562734082397 0.33128511235955055 0.6811797752808989 0.35217696629213485 0.6673689138576779
0 0.6242977528089888 0.5067883895131086 0.6313202247191011 0.5121722846441947 0.6346558988764045 0.5330056179775281 0.6313202247191011 0.5414325842696629 0.6234199438202247 0.5465823970037453 0.609375 0.5449438202247191 0.6046348314606742 0.5395599250936329 0.6030547752808989 0.5187265917602997 0.6091994382022472 0.5084269662921348 0.624122191011236 0.5067883895131086
0 0.6165730337078652 0.5901217228464419 0.6269311797752809 0.5941011235955056 0.6337780898876404 0.6088483146067416 0.6320224719101124 0.6240636704119851 0.6200842696629213 0.6322565543071161 0.6127106741573034 0.6308520599250936 0.605688202247191 0.62312734082397 0.601123595505618 0.6018258426966292 0.6014747191011236 0.5955056179775281 0.6049859550561798 0.5912921348314607 0.6163974719101124 0.5901217228464419
0 0.6197331460674157 0.6331928838951311 0.6339536516853933 0.6418539325842697 0.6404494382022472 0.6577715355805244 0.6392205056179775 0.6661985018726592 0.6350070224719101 0.674625468164794 0.6271067415730337 0.6800093632958801 0.6109550561797753 0.6701779026217228 0.6053370786516854 0.6544943820224719 0.6055126404494382 0.6446629213483146 0.6074438202247191 0.6404494382022472 0.6121839887640449 0.6355337078651685 0.6195575842696629 0.6331928838951311
0 0.6128862359550562 0.6729868913857678 0.6272823033707865 0.6811797752808989 0.6309691011235955 0.6898408239700374 0.6302668539325843 0.7066947565543071 0.6200842696629213 0.7162921348314607 0.609375 0.7134831460674157 0.6012991573033708 0.7001404494382022 0.6016502808988764 0.6790730337078652 0.605688202247191 0.673689138576779 0.6127106741573034 0.6729868913857678
0 0.49315308988764045 0.6750936329588015 0.5017556179775281 0.6762640449438202 0.5050912921348315 0.6793071161048689 0.5091292134831461 0.6912453183520599 0.5063202247191011 0.7090355805243446 0.49490870786516855 0.7174625468164794 0.4841994382022472 0.7137172284644194 0.4803370786516854 0.7066947565543071 0.4785814606741573 0.6968632958801498 0.4803370786516854 0.6818820224719101 0.48735955056179775 0.6748595505617978 0.49297752808988765 0.6750936329588015
0 0.40133426966292135 0.5060861423220974 0.4080056179775281 0.5074906367041199 0.41327247191011235 0.511938202247191 0.4155547752808989 0.5311329588014981 0.41099016853932585 0.5433052434456929 0.40150983146067415 0.5463483146067416 0.3909761235955056 0.5437734082397003 0.38588483146067415 0.5362827715355806 0.38570926966292135 0.5323033707865169 0.38606039325842695 0.5187265917602997 0.3885182584269663 0.5121722846441947 0.39308286516853935 0.5079588014981273 0.40115870786516855 0.5060861423220974
0 0.5956811797752809 0.6334269662921348 0.6027036516853933 0.6409176029962547 0.6065660112359551 0.6638576779026217 0.6046348314606742 0.6715823970037453 0.5967345505617978 0.6769662921348315 0.5811095505617978 0.6704119850187266 0.5726825842696629 0.6544943820224719 0.574438202247191 0.6423220973782772 0.5774227528089888 0.6371722846441947 0.5816362359550562 0.6345973782771536 0.5955056179775281 0.6334269662921348
0 0.7129564606741573 0.5512640449438202 0.7236657303370787 0.5564138576779026 0.7273525280898876 0.5632022471910112 0.7282303370786517 0.5706928838951311 0.7275280898876404 0.5781835205992509 0.7241924157303371 0.5847378277153558 0.7192766853932584 0.5898876404494382 0.7138342696629213 0.5915262172284644 0.6982092696629213 0.5861423220973783 0.6946980337078652 0.5816947565543071 0.6941713483146067 0.5758426966292135 0.6950491573033708 0.5641385767790262 0.6989115168539326 0.5547752808988764 0.7036516853932584 0.5512640449438202 0.7127808988764045 0.5512640449438202
0 0.5015800561797753 0.635065543071161 0.507373595505618 0.6402153558052435 0.5100070224719101 0.6566011235955056 0.5066713483146067 0.6659644194756554 0.4982443820224719 0.6729868913857678 0.4899929775280899 0.6725187265917603 0.4845505617977528 0.6690074906367042 0.47981039325842695 0.6521535580524345 0.48103932584269665 0.6446629213483146 0.48577949438202245 0.638810861423221 0.5014044943820225 0.635065543071161
0 0.3200491573033708 0.6706460674157303 0.3242626404494382 0.6718164794007491 0.328125 0.68562734082397 0.32320926966292135 0.7071629213483146 0.3107443820224719 0.713249063670412 0.2972261235955056 0.7144194756554307 0.29037921348314605 0.7064606741573034 0.2933637640449438 0.6928838951310862 0.30389747191011235 0.6739232209737828 0.319873595505618 0.6706460674157303
0 0.6780196629213483 0.547752808988764 0.6927668539325843 0.5493913857677902 0.6961025280898876 0.5561797752808989 0.6901334269662921 0.5814606741573034 0.6867977528089888 0.5856741573033708 0.6788974719101124 0.5889513108614233 0.6706460674157303 0.5875468164794008 0.6652036516853933 0.5830992509363296 0.6632724719101124 0.5615636704119851 0.6639747191011236 0.5550093632958801 0.6678370786516854 0.5503277153558053 0.6778441011235955 0.547752808988764
0 0.28634129213483145 0.670880149812734 0.29582162921348315 0.6748595505617978 0.296875 0.6779026217228464 0.289501404494382 0.7064606741573034 0.28265449438202245 0.712312734082397 0.27247191011235955 0.7116104868913857 0.26457162921348315 0.7031835205992509 0.2575491573033708 0.6860955056179775 0.258251404494382 0.6786048689138576 0.261938202247191 0.6713483146067416 0.27247191011235955 0.6753277153558053 0.28616573033707865 0.6711142322097379
0 0.28072331460674155 0.5931647940074907 0.2893258426966292 0.5971441947565543 0.2933637640449438 0.6200842696629213 0.28388342696629215 0.6320224719101124 0.2777387640449438 0.6348314606741573 0.2691362359550562 0.6341292134831461 0.26457162921348315 0.6296816479400749 0.26035814606741575 0.6198501872659176 0.25842696629213485 0.6020599250936329 0.2654494382022472 0.5922284644194756 0.28054775280898875 0.5931647940074907
0 0.3125 0.5877808988764045 0.31899578651685395 0.5903558052434457 0.32759831460674155 0.5987827715355806 0.32917837078651685 0.6055711610486891 0.32566713483146065 0.6161048689138576 0.320751404494382 0.62312734082397 0.30758426966292135 0.6278089887640449 0.3003862359550562 0.6275749063670412 0.29634831460674155 0.6238295880149812 0.2930126404494382 0.6151685393258427 0.29231039325842695 0.6013576779026217 0.30021067415730335 0.5912921348314607 0.3123244382022472 0.5877808988764045
0 0.4278441011235955 0.5014044943820225 0.4434691011235955 0.5093632958801498 0.44838483146067415 0.5224719101123596 0.4476825842696629 0.5334737827715356 0.4438202247191011 0.540496254681648 0.42907303370786515 0.5468164794007491 0.4238061797752809 0.5449438202247191 0.4176615168539326 0.536750936329588 0.4143258426966292 0.5145131086142322 0.4183637640449438 0.5032771535580525 0.4276685393258427 0.5014044943820225
0 0.586376404494382 0.5084269662921348 0.5960323033707865 0.5112359550561798 0.6030547752808989 0.5222378277153558 0.6023525280898876 0.540496254681648 0.5986657303370787 0.5468164794007491 0.5923455056179775 0.5498595505617978 0.5816362359550562 0.5479868913857678 0.5732092696629213 0.5341760299625468 0.573560393258427 0.5154494382022472 0.5777738764044944 0.5112359550561798 0.5862008426966292 0.5084269662921348
0 0.46383426966292135 0.5465823970037453 0.4710323033707865 0.5498595505617978 0.47735252808988765 0.5603932584269663 0.47384129213483145 0.5814606741573034 0.4706811797752809 0.5861423220973783 0.46383426966292135 0.5894194756554307 0.4527738764044944 0.5856741573033708 0.4490870786516854 0.5798220973782772 0.4471558988764045 0.5709269662921348 0.44978932584269665 0.5536048689138576 0.45646067415730335 0.5470505617977528 0.46365870786516855 0.5465823970037453
0 0.6179775280898876 0.5479868913857678 0.6267556179775281 0.5510299625468165 0.633251404494382 0.5674157303370787 0.6321980337078652 0.5814606741573034 0.6232443820224719 0.5898876404494382 0.6128862359550562 0.5889513108614233 0.6060393258426966 0.5854400749063671 0.5993679775280899 0.5709269662921348 0.5990168539325843 0.5639044943820225 0.6023525280898876 0.5545411985018727 0.6097261235955056 0.5491573033707865 0.6178019662921348 0.5479868913857678
0 0.4041432584269663 0.5475187265917603 0.4083567415730337 0.5491573033707865 0.4137991573033708 0.5566479400749064 0.41537921348314605 0.5695224719101124 0.4122191011235955 0.5812265917602997 0.4080056179775281 0.586376404494382 0.40115870786516855 0.5889513108614233 0.390625 0.587312734082397 0.3867626404494382 0.5830992509363296 0.38342696629213485 0.5667134831460674 0.3848314606741573 0.5585205992509363 0.38816713483146065 0.5531367041198502 0.3941362359550562 0.548689138576779 0.4039676966292135 0.5475187265917603
0 0.30986657303370785 0.5482209737827716 0.3218047752808989 0.5510299625468165 0.32478932584269665 0.5536048689138576 0.32531601123595505 0.5578183520599251 0.32110252808988765 0.5849719101123596 0.3045997191011236 0.5877808988764045 0.29564606741573035 0.5861423220973783 0.2926615168539326 0.5821629213483146 0.2914325842696629 0.5603932584269663 0.29634831460674155 0.5519662921348315 0.30969101123595505 0.5482209737827716
0 0.6436095505617978 0.5915262172284644 0.6613412921348315 0.5950374531835206 0.664501404494382 0.6020599250936329 0.6595856741573034 0.6266385767790262 0.6509831460674157 0.6348314606741573 0.6388693820224719 0.6317883895131086 0.6336025280898876 0.6198501872659176 0.6339536516853933 0.6020599250936329 0.6321980337078652 0.5952715355805244 0.6383426966292135 0.5908239700374532 0.6434339887640449 0.5915262172284644
0 0.6862710674157303 0.591058052434457 0.6943469101123596 0.6008895131086143 0.6971558988764045 0.6135299625468165 0.6939957865168539 0.6247659176029963 0.6859199438202247 0.6306179775280899 0.6655547752808989 0.6275749063670412 0.6627457865168539 0.62312734082397 0.6650280898876404 0.6196161048689138 0.6646769662921348 0.6086142322097379 0.667310393258427 0.5976123595505618 0.6734550561797753 0.5919943820224719 0.6860955056179775 0.591058052434457
0 0.49929775280898875 0.5512640449438202 0.5031601123595506 0.5536048689138576 0.5061446629213483 0.56062734082397 0.5064957865168539 0.5788857677902621 0.5015800561797753 0.5887172284644194 0.4922752808988764 0.5912921348314607 0.484375 0.5908239700374532 0.47963483146067415 0.5849719101123596 0.47717696629213485 0.5758426966292135 0.47770365168539325 0.5648408239700374 0.4801615168539326 0.5571161048689138 0.4845505617977528 0.5531367041198502 0.49912219101123595 0.5512640449438202
0 0.4355688202247191 0.6678370786516854 0.4434691011235955 0.6750936329588015 0.445751404494382 0.6823501872659176 0.4468047752808989 0.6977996254681648 0.4434691011235955 0.713249063670412 0.4357443820224719 0.7181647940074907 0.4253862359550562 0.7179307116104869 0.4197682584269663 0.7134831460674157 0.41695926966292135 0.7057584269662921 0.41695926966292135 0.6926498127340824 0.4199438202247191 0.6821161048689138 0.42872191011235955 0.670880149812734 0.4353932584269663 0.6680711610486891
0 0.6683637640449438 0.6690074906367042 0.6776685393258427 0.6776685393258427 0.6890800561797753 0.6816479400749064 0.6925912921348315 0.6891385767790262 0.6924157303370787 0.7064606741573034 0.6875 0.7134831460674157 0.6824087078651685 0.7158239700374532 0.6713483146067416 0.7134831460674157 0.6634480337078652 0.7027153558052435 0.6597612359550562 0.675561797752809 0.664501404494382 0.6687734082397003 0.668188202247191 0.6690074906367042
0 0.36990870786516855 0.5912921348314607 0.3748244382022472 0.5941011235955056 0.3804424157303371 0.6018258426966292 0.3807935393258427 0.6154026217228464 0.3732443820224719 0.6273408239700374 0.36007724719101125 0.6338951310861424 0.35252808988764045 0.6322565543071161 0.3481390449438202 0.6271067415730337 0.3458567415730337 0.6095505617977528 0.3512991573033708 0.5976123595505618 0.36235955056179775 0.5905898876404494 0.36973314606741575 0.5912921348314607
0 0.5582865168539326 0.5070224719101124 0.5646067415730337 0.5098314606741573 0.5679424157303371 0.5149812734082397 0.5700491573033708 0.5301966292134831 0.5663623595505618 0.5421348314606742 0.555126404494382 0.5461142322097379 0.5498595505617978 0.5456460674157303 0.5445926966292135 0.5416666666666666 0.5403792134831461 0.5332397003745318 0.5403792134831461 0.5278558052434457 0.5433637640449438 0.5117041198501873 0.5502106741573034 0.5077247191011236 0.5581109550561798 0.5070224719101124
0 0.4669943820224719 0.6310861423220974 0.477001404494382 0.6343632958801498 0.4805126404494382 0.6395131086142322 0.4789325842696629 0.6645599250936329 0.47542134831460675 0.6711142322097379 0.46752106741573035 0.674625468164794 0.45768960674157305 0.672752808988764 0.4534761235955056 0.6699438202247191 0.4492626404494382 0.6615168539325843 0.4489115168539326 0.6505149812734082 0.45224719101123595 0.6402153558052435 0.4590941011235955 0.6334269662921348 0.4668188202247191 0.6313202247191011
0 0.2847612359550562 0.4868913857677903 0.29020365168539325 0.4911048689138577 0.28792134831460675 0.499063670411985 0.29371488764044945 0.5145131086142322 0.2949438202247191 0.5330056179775281 0.2830056179775281 0.5498595505617978 0.27598314606741575 0.5512640449438202 0.26808286516853935 0.5468164794007491 0.26474719101123595 0.5311329588014981 0.26439606741573035 0.5154494382022472 0.269311797752809 0.5051498127340824 0.2791432584269663 0.49812734082397003 0.2794943820224719 0.488061797752809 0.28458567415730335 0.4868913857677903
0 0.4534761235955056 0.588249063670412 0.4664676966292135 0.591058052434457 0.4727879213483146 0.5994850187265918 0.47191011235955055 0.6179775280898876 0.46804775280898875 0.62687265917603 0.46032303370786515 0.6301498127340824 0.45242275280898875 0.6301498127340824 0.4468047752808989 0.6266385767790262 0.43872893258426965 0.6051029962546817 0.4392556179775281 0.5952715355805244 0.44803370786516855 0.5884831460674157 0.4533005617977528 0.588249063670412
0 0.26702949438202245 0.6357677902621723 0.2830056179775281 0.636938202247191 0.28827247191011235 0.6411516853932584 0.2930126404494382 0.6512172284644194 0.2909058988764045 0.6643258426966292 0.27633426966292135 0.6739232209737828 0.2677317415730337 0.6722846441947565 0.26088483146067415 0.6645599250936329 0.2633426966292135 0.6371722846441947 0.26685393258426965 0.6357677902621723
0 0.37780898876404495 0.6306179775280899 0.3850070224719101 0.6402153558052435 0.38412921348314605 0.6544943820224719 0.37780898876404495 0.665496254681648 0.3628862359550562 0.6734550561797753 0.35235252808988765 0.6615168539325843 0.3534058988764045 0.6439606741573034 0.3591994382022472 0.6360018726591761 0.37025983146067415 0.6308520599250936 0.37763342696629215 0.6306179775280899
0 0.3672752808988764 0.5465823970037453 0.38026685393258425 0.5526685393258427 0.38360252808988765 0.5601591760299626 0.38184691011235955 0.5828651685393258 0.37763342696629215 0.5894194756554307 0.3732443820224719 0.5912921348314607 0.3609550561797753 0.589185393258427 0.3549859550561798 0.5821629213483146 0.35410814606741575 0.5779494382022472 0.35287921348314605 0.5538389513108615 0.359375 0.5470505617977528 0.3670997191011236 0.5465823970037453
0 0.5300210674157303 0.6729868913857678 0.5363412921348315 0.6821161048689138 0.5405547752808989 0.6996722846441947 0.5365168539325843 0.7139513108614233 0.526685393258427 0.7202715355805244 0.515625 0.7176966292134831 0.5114115168539326 0.7120786516853933 0.5096558988764045 0.6884363295880149 0.5154494382022472 0.6786048689138576 0.5259831460674157 0.672752808988764 0.5298455056179775 0.6729868913857678
0 0.34252106741573035 0.6329588014981273 0.3516502808988764 0.6371722846441947 0.35270365168539325 0.6441947565543071 0.3493679775280899 0.6643258426966292 0.3383075842696629 0.673689138576779 0.33146067415730335 0.6729868913857678 0.3240870786516854 0.6683052434456929 0.32110252808988765 0.653558052434457 0.32338483146067415 0.6434925093632958 0.32742275280898875 0.636938202247191 0.33497191011235955 0.6331928838951311 0.34234550561797755 0.6329588014981273
0 0.3772823033707865 0.6666666666666666 0.382373595505618 0.6685393258426966 0.3865870786516854 0.6776685393258427 0.3850070224719101 0.6963951310861424 0.3804424157303371 0.7071629213483146 0.37008426966292135 0.713249063670412 0.36271067415730335 0.7120786516853933 0.35884831460674155 0.7076310861423221 0.355688202247191 0.6963951310861424 0.3558637640449438 0.6879681647940075 0.3609550561797753 0.6769662921348315 0.3771067415730337 0.6666666666666666
0 0.7110252808988764 0.6334269662921348 0.7245435393258427 0.6404494382022472 0.7292837078651685 0.6512172284644194 0.729810393258427 0.6577715355805244 0.7271769662921348 0.6683052434456929 0.7173455056179775 0.6760299625468165 0.7066362359550562 0.6729868913857678 0.7018960674157303 0.6683052434456929 0.695751404494382 0.6479400749063671 0.6982092696629213 0.6392790262172284 0.7108497191011236 0.6334269662921348
0 0.24964887640449437 0.5039794007490637 0.258251404494382 0.5081928838951311 0.26281601123595505 0.5149812734082397 0.2636938202247191 0.5294943820224719 0.2593047752808989 0.538623595505618 0.24912219101123595 0.5442415730337079 0.238061797752809 0.5435393258426966 0.23086376404494383 0.5393258426966292 0.22735252808988765 0.5320692883895131 0.2266502808988764 0.5210674157303371 0.22963483146067415 0.5124063670411985 0.2341994382022472 0.5070224719101124 0.24069522471910113 0.5039794007490637 0.24947331460674158 0.5039794007490637
0 0.43416432584269665 0.548689138576779 0.4390800561797753 0.5510299625468165 0.4429424157303371 0.5568820224719101 0.44645365168539325 0.5746722846441947 0.44013342696629215 0.5859082397003745 0.42872191011235955 0.5908239700374532 0.42292837078651685 0.5896535580524345 0.4176615168539326 0.5847378277153558 0.41467696629213485 0.577247191011236 0.41485252808988765 0.5669475655430711 0.4164325842696629 0.5571161048689138 0.41924157303370785 0.5533707865168539 0.4339887640449438 0.548689138576779
0 0.25316011235955055 0.6271067415730337 0.2593047752808989 0.6308520599250936 0.26106039325842695 0.6357677902621723 0.2598314606741573 0.6610486891385767 0.24139747191011235 0.6704119850187266 0.23753511235955055 0.6694756554307116 0.230688202247191 0.6612827715355806 0.23349719101123595 0.6355337078651685 0.23753511235955055 0.6315543071161048 0.25298455056179775 0.6271067415730337
0 0.30389747191011235 0.49040262172284643 0.30916432584269665 0.5004681647940075 0.3188202247191011 0.5042134831460674 0.32478932584269665 0.511938202247191 0.3239115168539326 0.5273876404494382 0.3260182584269663 0.5400280898876404 0.31495786516853935 0.5475187265917603 0.3070575842696629 0.5451779026217228 0.29564606741573035 0.5311329588014981 0.29599719101123595 0.5126404494382022 0.29985955056179775 0.5053838951310862 0.296875 0.49812734082397003 0.29740168539325845 0.49461610486891383 0.30372191011235955 0.49040262172284643
0 0.49122191011235955 0.5025749063670412 0.49666432584269665 0.5049157303370787 0.5029845505617978 0.5135767790262172 0.503686797752809 0.5292602996254682 0.4984199438202247 0.5409644194756554 0.4884129213483146 0.5447097378277154 0.47366573033707865 0.5426029962546817 0.4705056179775281 0.5388576779026217 0.4689255617977528 0.5287921348314607 0.4768258426966292 0.5084269662921348 0.48121488764044945 0.5039794007490637 0.49104634831460675 0.5025749063670412
0 0.6683637640449438 0.6294475655430711 0.6867977528089888 0.6357677902621723 0.6929424157303371 0.6404494382022472 0.6975070224719101 0.6547284644194756 0.6978581460674157 0.6650280898876404 0.6943469101123596 0.6729868913857678 0.6892556179775281 0.6776685393258427 0.6736306179775281 0.6732209737827716 0.6578300561797753 0.6509831460674157 0.6574789325842697 0.6413857677902621 0.660814606741573 0.6331928838951311 0.668188202247191 0.6294475655430711
0 0.37377106741573035 0.5063202247191011 0.3848314606741573 0.5152153558052435 0.38570926966292135 0.5297284644194756 0.383251404494382 0.5393258426966292 0.3732443820224719 0.5470505617977528 0.36253511235955055 0.5451779026217228 0.35884831460674155 0.5419007490636704 0.3551615168539326 0.5362827715355806 0.35445926966292135 0.5255149812734082 0.359375 0.5093632958801498 0.37359550561797755 0.5063202247191011
0 0.3109199438202247 0.6280430711610487 0.31917134831460675 0.6296816479400749 0.32514044943820225 0.636938202247191 0.3225070224719101 0.6465355805243446 0.3218047752808989 0.6647940074906367 0.3167134831460674 0.6697097378277154 0.3109199438202247 0.6711142322097379 0.30372191011235955 0.6701779026217228 0.2988061797752809 0.6652621722846442 0.2951193820224719 0.6594101123595506 0.2924859550561798 0.6453651685393258 0.2972261235955056 0.6324906367041199 0.3107443820224719 0.6280430711610487
0 0.246313202247191 0.5875468164794008 0.2600070224719101 0.5919943820224719 0.2579002808988764 0.5980805243445693 0.25877808988764045 0.6170411985018727 0.2554424157303371 0.6242977528089888 0.24051966292134833 0.6299157303370787 0.23121488764044945 0.6266385767790262 0.22735252808988765 0.6203183520599251 0.2264747191011236 0.6025280898876404 0.23332162921348315 0.5922284644194756 0.2461376404494382 0.5875468164794008
0 0.6546699438202247 0.5503277153558053 0.6627457865168539 0.5561797752808989 0.6652036516853933 0.5713951310861424 0.6627457865168539 0.5828651685393258 0.6583567415730337 0.5875468164794008 0.6518609550561798 0.5894194756554307 0.6439606741573034 0.5884831460674157 0.6353581460674157 0.5814606741573034 0.6336025280898876 0.5641385767790262 0.6372893258426966 0.5531367041198502 0.6544943820224719 0.5503277153558053
0 0.4081811797752809 0.6640917602996255 0.4174859550561798 0.670880149812734 0.41871488764044945 0.6825842696629213 0.41309691011235955 0.7036516853932584 0.4080056179775281 0.7106741573033708 0.40133426966292135 0.714185393258427 0.39378511235955055 0.713249063670412 0.386938202247191 0.7062265917602997 0.38553370786516855 0.701310861423221 0.3867626404494382 0.6877340823970037 0.38974719101123595 0.6757958801498127 0.4001053370786517 0.6666666666666666 0.4080056179775281 0.6640917602996255
0 0.34375 0.5046816479400749 0.3535814606741573 0.5117041198501873 0.35410814606741575 0.5222378277153558 0.3500702247191011 0.5395599250936329 0.3453300561797753 0.5442415730337079 0.33848314606741575 0.5456460674157303 0.32724719101123595 0.5397940074906367 0.324438202247191 0.5320692883895131 0.324438202247191 0.5194288389513109 0.32900280898876405 0.5077247191011236 0.3360252808988764 0.5042134831460674 0.3435744382022472 0.5046816479400749
0 0.41099016853932585 0.5905898876404494 0.4159058988764045 0.5945692883895131 0.41924157303370785 0.6020599250936329 0.4160814606741573 0.6193820224719101 0.4097612359550562 0.62687265917603 0.3983497191011236 0.6324906367041199 0.38606039325842695 0.6266385767790262 0.3829002808988764 0.6147003745318352 0.383251404494382 0.6048689138576779 0.39150280898876405 0.5941011235955056 0.41081460674157305 0.5905898876404494
0 0.5860252808988764 0.6743913857677902 0.598314606741573 0.6821161048689138 0.6009480337078652 0.699438202247191 0.5969101123595506 0.7127808988764045 0.5895365168539326 0.7174625468164794 0.5770716292134831 0.7137172284644194 0.5740870786516854 0.7099719101123596 0.5700491573033708 0.6961610486891385 0.570751404494382 0.6823501872659176 0.5784761235955056 0.6748595505617978 0.5858497191011236 0.6743913857677902
0 0.7120786516853933 0.6760299625468165 0.722436797752809 0.6818820224719101 0.7278792134831461 0.6926498127340824 0.7273525280898876 0.7106741573033708 0.723314606741573 0.7167602996254682 0.7173455056179775 0.7202715355805244 0.710498595505618 0.7195692883895131 0.703125 0.7148876404494382 0.6945224719101124 0.699438202247191 0.6955758426966292 0.6804775280898876 0.7018960674157303 0.6753277153558053 0.7119030898876404 0.6760299625468165
0 0.522998595505618 0.5868445692883895 0.5331811797752809 0.588249063670412 0.5400280898876404 0.6060393258426966 0.5379213483146067 0.6226591760299626 0.5294943820224719 0.6287453183520599 0.515625 0.62687265917603 0.5103581460674157 0.6158707865168539 0.5098314606741573 0.6025280898876404 0.5121137640449438 0.5952715355805244 0.5166783707865169 0.5884831460674157 0.5228230337078652 0.5868445692883895
0 0.7138342696629213 0.5929307116104869 0.7241924157303371 0.6015917602996255 0.7257724719101124 0.6123595505617978 0.7240168539325843 0.6233614232209738 0.7185744382022472 0.6308520599250936 0.7140098314606742 0.6329588014981273 0.7062851123595506 0.6320224719101124 0.6962780898876404 0.62312734082397 0.6959269662921348 0.6025280898876404 0.7024227528089888 0.5929307116104869 0.7136587078651685 0.5929307116104869
0 0.7152387640449438 0.5088951310861424 0.7245435393258427 0.5156835205992509 0.7287570224719101 0.528558052434457 0.7275280898876404 0.5400280898876404 0.7217345505617978 0.5482209737827716 0.7169943820224719 0.550561797752809 0.703125 0.5479868913857678 0.6971558988764045 0.5397940074906367 0.699438202247191 0.5299625468164794 0.6983848314606742 0.5154494382022472 0.706811797752809 0.5093632958801498 0.715063202247191 0.5088951310861424
0 0.589185393258427 0.5905898876404494 0.5990168539325843 0.5990168539325843 0.6030547752808989 0.6118913857677902 0.6021769662921348 0.62312734082397 0.5958567415730337 0.6317883895131086 0.5898876404494382 0.6334269662921348 0.5812851123595506 0.6322565543071161 0.5742626404494382 0.6257022471910112 0.5702247191011236 0.6123595505617978 0.5709269662921348 0.601123595505618 0.5765449438202247 0.5917602996254682 0.5890098314606742 0.5905898876404494
0 0.5323033707865169 0.5004681647940075 0.5405547752808989 0.5084269662921348 0.5412570224719101 0.5194288389513109 0.5351123595505618 0.5369850187265918 0.5224719101123596 0.5444756554307116 0.514747191011236 0.5407303370786517 0.5071980337078652 0.5325374531835206 0.507373595505618 0.5168539325842697 0.5152738764044944 0.5037453183520599 0.532127808988764 0.5004681647940075
0 0.5330056179775281 0.5491573033707865 0.5398525280898876 0.5533707865168539 0.5424859550561798 0.5592228464419475 0.5403792134831461 0.5826310861423221 0.5330056179775281 0.5859082397003745 0.5189606741573034 0.5847378277153558 0.5136938202247191 0.5749063670411985 0.5136938202247191 0.5571161048689138 0.5219452247191011 0.5517322097378277 0.5328300561797753 0.5491573033707865
0 0.2830056179775281 0.5514981273408239 0.29178370786516855 0.5596910112359551 0.29231039325842695 0.5814606741573034 0.28809691011235955 0.5887172284644194 0.277563202247191 0.5922284644194756 0.26457162921348315 0.5889513108614233 0.2594803370786517 0.5777153558052435 0.2593047752808989 0.5718632958801498 0.261938202247191 0.5608614232209738 0.2652738764044944 0.5557116104868914 0.2715941011235955 0.5519662921348315 0.2828300561797753 0.5514981273408239
0 0.5649578651685393 0.5475187265917603 0.5730337078651685 0.5514981273408239 0.5756671348314607 0.5641385767790262 0.5746137640449438 0.5765449438202247 0.5732092696629213 0.5816947565543071 0.5684691011235955 0.5870786516853933 0.5547752808988764 0.5917602996254682 0.5500351123595506 0.5917602996254682 0.5424859550561798 0.5849719101123596 0.543188202247191 0.5639044943820225 0.5466994382022472 0.5540730337078652 0.5523174157303371 0.5491573033707865 0.5647823033707865 0.5475187265917603
0 0.46400983146067415 0.6750936329588015 0.47015449438202245 0.6783707865168539 0.47559691011235955 0.6858614232209738 0.4784058988764045 0.7027153558052435 0.47384129213483145 0.7153558052434457 0.46400983146067415 0.7212078651685393 0.453125 0.7167602996254682 0.44785814606741575 0.7064606741573034 0.44820926966292135 0.6924157303370787 0.45031601123595505 0.6858614232209738 0.45979634831460675 0.6753277153558053 0.46383426966292135 0.6750936329588015
0 0.6483497191011236 0.50187265917603 0.6597612359550562 0.5081928838951311 0.6627457865168539 0.5121722846441947 0.6639747191011236 0.5189606741573034 0.6616924157303371 0.5395599250936329 0.6580056179775281 0.5442415730337079 0.6511587078651685 0.5472846441947565 0.6408005617977528 0.5451779026217228 0.6357092696629213 0.5402621722846442 0.6355337078651685 0.5259831460674157 0.6330758426966292 0.5163857677902621 0.6365870786516854 0.5039794007490637 0.6409761235955056 0.5011704119850188 0.6481741573033708 0.50187265917603
0 0.3393609550561798 0.5507958801498127 0.3493679775280899 0.5585205992509363 0.35235252808988765 0.5749063670411985 0.3493679775280899 0.5856741573033708 0.33497191011235955 0.5962078651685393 0.3279494382022472 0.5955056179775281 0.3246137640449438 0.591058052434457 0.3226825842696629 0.5852059925093633 0.32356039325842695 0.5671816479400749 0.32900280898876405 0.5545411985018727 0.33918539325842695 0.5507958801498127
0 0.5610955056179775 0.6308520599250936 0.5649578651685393 0.6329588014981273 0.5696980337078652 0.6406835205992509 0.5711025280898876 0.650749063670412 0.569873595505618 0.658941947565543 0.5719803370786517 0.6650280898876404 0.5675912921348315 0.6657303370786517 0.5607443820224719 0.6725187265917603 0.5502106741573034 0.6704119850187266 0.5454705056179775 0.6645599250936329 0.542310393258427 0.653558052434457 0.5461727528089888 0.6371722846441947 0.5537219101123596 0.6303838951310862 0.5609199438202247 0.6308520599250936
0 0.5217696629213483 0.6289794007490637 0.535814606741573 0.6301498127340824 0.5400280898876404 0.6425561797752809 0.5400280898876404 0.6514513108614233 0.5370435393258427 0.6612827715355806 0.5333567415730337 0.6657303370786517 0.5158005617977528 0.6748595505617978 0.5121137640449438 0.6741573033707865 0.5077247191011236 0.6685393258426966 0.5105337078651685 0.6577715355805244 0.5087780898876404 0.6404494382022472 0.5152738764044944 0.6289794007490637 0.5215941011235955 0.6289794007490637
0 0.6824087078651685 0.5053838951310862 0.6894311797752809 0.5070224719101124 0.6954002808988764 0.5126404494382022 0.6996137640449438 0.528558052434457 0.6943469101123596 0.5419007490636704 0.6822331460674157 0.5465823970037453 0.671875 0.5442415730337079 0.6648525280898876 0.5334737827715356 0.6657303370786517 0.5121722846441947 0.6732794943820225 0.5072565543071161 0.6822331460674157 0.5053838951310862
1 0.2481267556179775 0.5672588951310861 0.038623595505617975 0.04525514981273408
1 0.24490870786516855 0.6940543071161048 0.03452773876404494 0.03667368913857678
1 0.4052545646067416 0.6406062734082397 0.03569698033707865 0.03901451310861423
1 0.34322331460674155 0.6109550561797753 0.03218574438202247 0.03745318352059925
1 0.43451544943820225 0.6054939138576779 0.03452773876404494 0.035891853932584275
1 0.4365642556179775 0.6417766853932585 0.03160112359550562 0.04759597378277154
1 0.4643609550561798 0.5262944756554307 0.031016502808988763 0.04135533707865168
1 0.5524350421348315 0.6090051498127341 0.030430126404494384 0.03823267790262173
1 0.5860832162921348 0.5680407303370787 0.029845505617977528 0.03745318352059925
1 0.6466520365168539 0.6487991573033708 0.026918890449438203 0.04291432584269663
1 0.5556530898876404 0.6944452247191012 0.03218574438202247 0.04057350187265918
0 0.48139044943820225 0.6027621722846442 0.4801615168539326 0.6097846441947565 0.4841994382022472 0.6266385767790262 0.48771067415730335 0.6315543071161048 0.49280196629213485 0.6334269662921348 0.49859550561797755 0.6336610486891385 0.5026334269662921 0.6313202247191011 0.5077247191011236 0.62312734082397 0.5087780898876404 0.6168071161048689 0.5080758426966292 0.6055711610486891 0.5054424157303371 0.5980805243445693 0.5017556179775281 0.5941011235955056 0.4977176966292135 0.5926966292134831 0.49122191011235955 0.5948033707865169 0.484375 0.5950374531835206 0.48314606741573035 0.600187265917603