0 0.4294241573033708 0.6977996254681648 0.43433988764044945 0.7010767790262172 0.4394311797752809 0.713249063670412 0.43837780898876405 0.7308052434456929 0.4371488764044944 0.7378277153558053 0.43223314606741575 0.7471910112359551 0.42240168539325845 0.7530430711610487 0.41678370786516855 0.7516385767790262 0.41134129213483145 0.7460205992509363 0.4078300561797753 0.7338483146067416 0.41274578651685395 0.7134831460674157 0.4220505617977528 0.6996722846441947 0.429248595505618 0.6977996254681648
0 0.3985252808988764 0.6226591760299626 0.40484550561797755 0.6308520599250936 0.40519662921348315 0.6437265917602997 0.39747191011235955 0.6615168539325843 0.38728932584269665 0.6673689138576779 0.38026685393258425 0.6666666666666666 0.37254213483146065 0.6596441947565543 0.37008426966292135 0.6437265917602997 0.3728932584269663 0.6352996254681648 0.37991573033707865 0.62687265917603 0.3902738764044944 0.6221910112359551 0.3983497191011236 0.6226591760299626
0 0.6060393258426966 0.5241104868913857 0.6127106741573034 0.5294943820224719 0.617626404494382 0.5489232209737828 0.6153441011235955 0.5571161048689138 0.6053370786516854 0.5653089887640449 0.5988412921348315 0.5650749063670412 0.5897120786516854 0.5571161048689138 0.5865519662921348 0.5360486891385767 0.5881320224719101 0.5308988764044944 0.59375 0.5252808988764045 0.6058637640449438 0.5241104868913857
0 0.6759129213483146 0.5601591760299626 0.6787219101123596 0.5608614232209738 0.6822331460674157 0.5676498127340824 0.6788974719101124 0.5908239700374532 0.6729283707865169 0.6008895131086143 0.6616924157303371 0.6027621722846442 0.6541432584269663 0.6013576779026217 0.6502808988764045 0.5976123595505618 0.6437851123595506 0.5814606741573034 0.6439606741573034 0.574438202247191 0.6464185393258427 0.5681179775280899 0.6522120786516854 0.5632022471910112 0.6757373595505618 0.5601591760299626
0 0.31179775280898875 0.7146535580524345 0.3186446629213483 0.7202715355805244 0.31776685393258425 0.7514044943820225 0.3107443820224719 0.7567883895131086 0.2933637640449438 0.7610018726591761 0.2866924157303371 0.7586610486891385 0.28370786516853935 0.7516385767790262 0.28599016853932585 0.7413389513108615 0.2889747191011236 0.7378277153558053 0.289501404494382 0.7272940074906367 0.29424157303370785 0.7193352059925093 0.31162219101123595 0.7146535580524345
0 0.5424859550561798 0.5308988764044944 0.5517907303370787 0.5393258426966292 0.555126404494382 0.5571161048689138 0.5507373595505618 0.5681179775280899 0.5403792134831461 0.5718632958801498 0.5331811797752809 0.5704588014981273 0.5280898876404494 0.5650749063670412 0.5245786516853933 0.5573501872659176 0.5247542134831461 0.5500936329588015 0.5284410112359551 0.5348782771535581 0.5351123595505618 0.5308988764044944 0.542310393258427 0.5308988764044944
0 0.26246488764044945 0.533941947565543 0.265625 0.5351123595505618 0.26667837078651685 0.5451779026217228 0.27422752808988765 0.5503277153558053 0.27808988764044945 0.5573501872659176 0.26667837078651685 0.574438202247191 0.26474719101123595 0.5809925093632958 0.26632724719101125 0.5952715355805244 0.26106039325842695 0.5978464419475655 0.2557935393258427 0.5952715355805244 0.2480688202247191 0.5777153558052435 0.24683988764044945 0.5662453183520599 0.25052668539325845 0.5533707865168539 0.2556179775280899 0.5468164794007491 0.25526685393258425 0.5365168539325843 0.26228932584269665 0.533941947565543
0 0.45646067415730335 0.7045880149812734 0.46348314606741575 0.7071629213483146 0.4669943820224719 0.7127808988764045 0.46997893258426965 0.7354868913857678 0.46418539325842695 0.7478932584269663 0.4652387640449438 0.7581928838951311 0.46014747191011235 0.7602996254681648 0.4575140449438202 0.7586610486891385 0.45593398876404495 0.7521067415730337 0.44259129213483145 0.7455524344569289 0.4396067415730337 0.7357209737827716 0.44224016853932585 0.7102059925093633 0.449438202247191 0.7045880149812734 0.45628511235955055 0.7045880149812734
0 0.5071980337078652 0.6147003745318352 0.5212429775280899 0.6200842696629213 0.5254564606741573 0.6331928838951311 0.5252808988764045 0.6444288389513109 0.5207162921348315 0.6540262172284644 0.5108848314606742 0.6568352059925093 0.5010533707865169 0.6561329588014981 0.4945575842696629 0.6409176029962547 0.49490870786516855 0.6306179775280899 0.4977176966292135 0.6228932584269663 0.5015800561797753 0.6170411985018727 0.5070224719101124 0.6147003745318352
0 0.48735955056179775 0.5786516853932584 0.4922752808988764 0.5868445692883895 0.4936797752808989 0.598314606741573 0.4924508426966292 0.6095505617977528 0.48771067415730335 0.6177434456928839 0.4780547752808989 0.6224250936329588 0.4703300561797753 0.6214887640449438 0.4664676966292135 0.6158707865168539 0.4627808988764045 0.6058052434456929 0.46383426966292135 0.5922284644194756 0.4664676966292135 0.5849719101123596 0.4706811797752809 0.5812265917602997 0.48718398876404495 0.5786516853932584
0 0.3476123595505618 0.660814606741573 0.352001404494382 0.6781367041198502 0.3495435393258427 0.68937265917603 0.3377808988764045 0.7102059925093633 0.324438202247191 0.7174625468164794 0.3144311797752809 0.7134831460674157 0.3121488764044944 0.709503745318352 0.31197331460674155 0.6926498127340824 0.3160112359550562 0.6783707865168539 0.3453300561797753 0.6601123595505618 0.347436797752809 0.660814606741573
0 0.6127106741573034 0.6718164794007491 0.6197331460674157 0.6706460674157303 0.6223665730337079 0.6748595505617978 0.6336025280898876 0.6786048689138576 0.6467696629213483 0.6884363295880149 0.6515098314606742 0.6992041198501873 0.6537921348314607 0.7167602996254682 0.6509831460674157 0.7240168539325843 0.6441362359550562 0.7286985018726592 0.6371137640449438 0.7286985018726592 0.6299157303370787 0.7244850187265918 0.6255266853932584 0.7176966292134831 0.6209620786516854 0.6996722846441947 0.6127106741573034 0.6823501872659176 0.6141151685393258 0.6788389513108615 0.6114817415730337 0.675561797752809 0.6127106741573034 0.6720505617977528
0 0.5112359550561798 0.6561329588014981 0.5189606741573034 0.6561329588014981 0.5240519662921348 0.6629213483146067 0.5263342696629213 0.6711142322097379 0.5259831460674157 0.6830524344569289 0.5196629213483146 0.6935861423220974 0.5050912921348315 0.7034176029962547 0.4980688202247191 0.7010767790262172 0.49508426966292135 0.6961610486891385 0.49754213483146065 0.6839887640449438 0.49701544943820225 0.665496254681648 0.5017556179775281 0.6556647940074907 0.511060393258427 0.6561329588014981
0 0.5749648876404494 0.6514513108614233 0.5881320224719101 0.6577715355805244 0.5955056179775281 0.6718164794007491 0.5969101123595506 0.6891385767790262 0.5886587078651685 0.7010767790262172 0.5746137640449438 0.6973314606741573 0.567064606741573 0.6910112359550562 0.5632022471910112 0.6844569288389513 0.5614466292134831 0.6718164794007491 0.5625 0.6638576779026217 0.5716292134831461 0.6523876404494382 0.5747893258426966 0.6514513108614233
0 0.6069171348314607 0.5685861423220974 0.616748595505618 0.5749063670411985 0.6186797752808989 0.5926966292134831 0.6169241573033708 0.6008895131086143 0.6127106741573034 0.6067415730337079 0.6027036516853933 0.608380149812734 0.5914676966292135 0.6048689138576779 0.5872542134831461 0.5990168539325843 0.5844452247191011 0.5880149812734082 0.586376404494382 0.576310861423221 0.5907654494382022 0.5704588014981273 0.5984901685393258 0.5671816479400749 0.6067415730337079 0.5685861423220974
0 0.49157303370786515 0.6992041198501873 0.4957865168539326 0.7029494382022472 0.49894662921348315 0.7104400749063671 0.49894662921348315 0.7270599250936329 0.4943820224719101 0.7385299625468165 0.4845505617977528 0.7441479400749064 0.47735252808988765 0.7427434456928839 0.47138342696629215 0.7378277153558053 0.4689255617977528 0.7116104868913857 0.47384129213483145 0.7024812734082397 0.49139747191011235 0.6992041198501873
0 0.5479283707865169 0.6495786516853933 0.5516151685393258 0.6509831460674157 0.558813202247191 0.6713483146067416 0.5582865168539326 0.68937265917603 0.5537219101123596 0.6973314606741573 0.5365168539325843 0.7078651685393258 0.5328300561797753 0.7076310861423221 0.5249297752808989 0.6961610486891385 0.5280898876404494 0.6652621722846442 0.5335323033707865 0.6544943820224719 0.5393258426966292 0.6505149812734082 0.547752808988764 0.6495786516853933
0 0.3089887640449438 0.6296816479400749 0.31934691011235955 0.6404494382022472 0.31969803370786515 0.6505149812734082 0.30723314606741575 0.6692415730337079 0.2926615168539326 0.675561797752809 0.28634129213483145 0.6748595505617978 0.28195224719101125 0.6713483146067416 0.2751053370786517 0.6542602996254682 0.27422752808988765 0.6439606741573034 0.2831811797752809 0.6367041198501873 0.308813202247191 0.6296816479400749
0 0.480688202247191 0.5292602996254682 0.49122191011235955 0.5414325842696629 0.4920997191011236 0.5540730337078652 0.48542837078651685 0.5704588014981273 0.480688202247191 0.5756086142322098 0.4743679775280899 0.5777153558052435 0.4669943820224719 0.5758426966292135 0.46541432584269665 0.5730337078651685 0.4664676966292135 0.5636704119850188 0.4624297752808989 0.5529026217228464 0.46207865168539325 0.5395599250936329 0.4669943820224719 0.5325374531835206 0.47349016853932585 0.5292602996254682 0.4805126404494382 0.5292602996254682
0 0.48103932584269665 0.5173220973782772 0.48577949438202245 0.5194288389513109 0.48384831460674155 0.5294943820224719 0.49122191011235955 0.5407303370786517 0.4920997191011236 0.5552434456928839 0.4845505617977528 0.5720973782771536 0.4748946629213483 0.5779494382022472 0.46594101123595505 0.5742041198501873 0.4669943820224719 0.5641385767790262 0.4626053370786517 0.5531367041198502 0.46207865168539325 0.5393258426966292 0.4664676966292135 0.5327715355805244 0.4766502808988764 0.5278558052434457 0.47752808988764045 0.5191947565543071 0.4808637640449438 0.5173220973782772
0 0.4120435393258427 0.5383895131086143 0.4262640449438202 0.5426029962546817 0.4295997191011236 0.5484550561797753 0.43258426966292135 0.5636704119850188 0.43047752808988765 0.5756086142322098 0.4276685393258427 0.5798220973782772 0.4157303370786517 0.5838014981273408 0.4102879213483146 0.5826310861423221 0.40344101123595505 0.5746722846441947 0.39940308988764045 0.5503277153558053 0.4039676966292135 0.5402621722846442 0.4118679775280899 0.5383895131086143
0 0.65625 0.6839887640449438 0.6664325842696629 0.6907771535580525 0.6783707865168539 0.6938202247191011 0.6810042134831461 0.6987359550561798 0.6846910112359551 0.7169943820224719 0.6794241573033708 0.7268258426966292 0.6722261235955056 0.7308052434456929 0.6623946629213483 0.7272940074906367 0.6541432584269663 0.7137172284644194 0.6502808988764045 0.6891385767790262 0.6522120786516854 0.6849250936329588 0.6560744382022472 0.6839887640449438
0 0.5970856741573034 0.6079119850187266 0.6128862359550562 0.6114232209737828 0.6192064606741573 0.62312734082397 0.6188553370786517 0.6402153558052435 0.6144662921348315 0.6479400749063671 0.609375 0.650749063670412 0.5986657303370787 0.6481741573033708 0.5914676966292135 0.6404494382022472 0.5883075842696629 0.6320224719101124 0.5879564606741573 0.6151685393258427 0.5918188202247191 0.6088483146067416 0.5969101123595506 0.6079119850187266
0 0.5739115168539326 0.5287921348314607 0.5797050561797753 0.5318352059925093 0.5858497191011236 0.5395599250936329 0.5872542134831461 0.5559456928838952 0.5816362359550562 0.5674157303370787 0.5725070224719101 0.5704588014981273 0.5675912921348315 0.5702247191011236 0.5595154494382022 0.5620318352059925 0.5567064606741573 0.5571161048689138 0.555126404494382 0.5463483146067416 0.5572331460674157 0.5369850187265918 0.5602176966292135 0.5327715355805244 0.5675912921348315 0.5287921348314607 0.5737359550561798 0.5287921348314607
0 0.32882724719101125 0.5479868913857678 0.340063202247191 0.5538389513108615 0.3381320224719101 0.5657771535580525 0.33883426966292135 0.5781835205992509 0.33479634831460675 0.5852059925093633 0.3221558988764045 0.5903558052434457 0.31302668539325845 0.5847378277153558 0.30969101123595505 0.5756086142322098 0.3089887640449438 0.5636704119850188 0.3125 0.5543071161048689 0.3165379213483146 0.550561797752809 0.32865168539325845 0.5479868913857678
0 0.6348314606741573 0.6013576779026217 0.641502808988764 0.6058052434456929 0.6483497191011236 0.6151685393258427 0.651685393258427 0.6228932584269663 0.6523876404494382 0.6324906367041199 0.6487008426966292 0.6453651685393258 0.6374648876404494 0.6523876404494382 0.625877808988764 0.6472378277153558 0.6209620786516854 0.6294475655430711 0.6218398876404494 0.6095505617977528 0.6300912921348315 0.6018258426966292 0.6346558988764045 0.6013576779026217
0 0.6704705056179775 0.6067415730337079 0.6794241573033708 0.6114232209737828 0.6839887640449438 0.6228932584269663 0.6832865168539326 0.6360018726591761 0.6752106741573034 0.6451310861423221 0.6595856741573034 0.6404494382022472 0.6544943820224719 0.6303838951310862 0.6560744382022472 0.6125936329588015 0.6646769662921348 0.6072097378277154 0.6702949438202247 0.6067415730337079
0 0.4510182584269663 0.579119850187266 0.45786516853932585 0.5826310861423221 0.4612008426966292 0.5877808988764045 0.4629564606741573 0.5952715355805244 0.46225421348314605 0.6062734082397003 0.45821629213483145 0.6170411985018727 0.4475070224719101 0.6221910112359551 0.43890449438202245 0.6203183520599251 0.43451544943820225 0.6161048689138576 0.43223314606741575 0.6097846441947565 0.4318820224719101 0.5952715355805244 0.441186797752809 0.5821629213483146 0.4508426966292135 0.579119850187266
0 0.516502808988764 0.5241104868913857 0.5235252808988764 0.5287921348314607 0.5263342696629213 0.5397940074906367 0.5231741573033708 0.5568820224719101 0.5203651685393258 0.5622659176029963 0.5089536516853933 0.5704588014981273 0.5028089887640449 0.5688202247191011 0.4942064606741573 0.56062734082397 0.492626404494382 0.5407303370786517 0.4945575842696629 0.5346441947565543 0.49947331460674155 0.5294943820224719 0.5163272471910112 0.5241104868913857
0 0.4575140449438202 0.6568352059925093 0.46558988764044945 0.6603464419475655 0.46945224719101125 0.6650280898876404 0.46787219101123595 0.6942883895131086 0.45979634831460675 0.7034176029962547 0.4452247191011236 0.7045880149812734 0.44259129213483145 0.7104400749063671 0.43837780898876405 0.7064606741573034 0.44013342696629215 0.7001404494382022 0.4373244382022472 0.68937265917603 0.4390800561797753 0.672752808988764 0.44276685393258425 0.6652621722846442 0.4496137640449438 0.658941947565543 0.4573384831460674 0.6568352059925093
0 0.25649578651685395 0.6392790262172284 0.2675561797752809 0.6402153558052435 0.273876404494382 0.6437265917602997 0.2777387640449438 0.6661985018726592 0.2810744382022472 0.6718164794007491 0.2808988764044944 0.6753277153558053 0.277563202247191 0.6788389513108615 0.26264044943820225 0.6823501872659176 0.2577247191011236 0.6821161048689138 0.2503511235955056 0.6750936329588015 0.24332865168539325 0.6540262172284644 0.24332865168539325 0.6474719101123596 0.2478932584269663 0.6404494382022472 0.2563202247191011 0.6392790262172284
0 0.3813202247191011 0.6889044943820225 0.3871137640449438 0.6940543071161048 0.3886938202247191 0.699438202247191 0.3788623595505618 0.7183988764044944 0.3772823033707865 0.7420411985018727 0.36973314606741575 0.7530430711610487 0.3613061797752809 0.7560861423220974 0.3553370786516854 0.7556179775280899 0.34884129213483145 0.7450842696629213 0.3491924157303371 0.7237827715355806 0.3551615168539326 0.712312734082397 0.3811446629213483 0.6889044943820225
0 0.36007724719101125 0.5461142322097379 0.3706109550561798 0.5538389513108615 0.3711376404494382 0.5746722846441947 0.36639747191011235 0.5823970037453183 0.35235252808988765 0.5884831460674157 0.3460323033707865 0.5859082397003745 0.34058988764044945 0.5795880149812734 0.33848314606741575 0.5641385767790262 0.34111657303370785 0.5550093632958801 0.3456811797752809 0.5498595505617978 0.352001404494382 0.5463483146067416 0.35990168539325845 0.5461142322097379
0 0.4496137640449438 0.5325374531835206 0.4606741573033708 0.5402621722846442 0.4668188202247191 0.5636704119850188 0.4645365168539326 0.5723314606741573 0.4566362359550562 0.5777153558052435 0.44066011235955055 0.5746722846441947 0.43469101123595505 0.5683520599250936 0.4320575842696629 0.56062734082397 0.4311797752808989 0.549625468164794 0.433813202247191 0.5409644194756554 0.43802668539325845 0.5360486891385767 0.449438202247191 0.5325374531835206
0 0.2772120786516854 0.714185393258427 0.2830056179775281 0.714185393258427 0.28844803370786515 0.7202715355805244 0.28774578651685395 0.737125468164794 0.28212780898876405 0.7551498127340824 0.2731741573033708 0.7591292134831461 0.265625 0.7586610486891385 0.25860252808988765 0.75187265917603 0.2517556179775281 0.7397003745318352 0.24894662921348315 0.7268258426966292 0.25105337078651685 0.7200374531835206 0.25526685393258425 0.7153558052434457 0.2770365168539326 0.714185393258427
0 0.550561797752809 0.7015449438202247 0.5625 0.7130149812734082 0.5654845505617978 0.7305711610486891 0.5617977528089888 0.7443820224719101 0.5575842696629213 0.7492977528089888 0.5512640449438202 0.75187265917603 0.5433637640449438 0.7504681647940075 0.5391502808988764 0.7462546816479401 0.5323033707865169 0.7277621722846442 0.5354634831460674 0.7099719101123596 0.5454705056179775 0.7024812734082397 0.5503862359550562 0.7015449438202247
0 0.519311797752809 0.6968632958801498 0.5259831460674157 0.7010767790262172 0.5293188202247191 0.7064606741573034 0.5319522471910112 0.7200374531835206 0.5305477528089888 0.7359550561797753 0.5259831460674157 0.7422752808988764 0.5196629213483146 0.7448501872659176 0.511938202247191 0.7434456928838952 0.5054424157303371 0.7378277153558053 0.5012289325842697 0.721441947565543 0.5047401685393258 0.7062265917602997 0.511938202247191 0.6987359550561798 0.5191362359550562 0.6968632958801498
0 0.7008426966292135 0.6432584269662921 0.7126053370786517 0.650749063670412 0.7173455056179775 0.6577715355805244 0.7185744382022472 0.6643258426966292 0.7180477528089888 0.6753277153558053 0.7155898876404494 0.6821161048689138 0.7066362359550562 0.6870318352059925 0.6924157303370787 0.6823501872659176 0.682935393258427 0.6568352059925093 0.6785463483146067 0.6519194756554307 0.6822331460674157 0.6437265917602997 0.6894311797752809 0.6463014981273408 0.7006671348314607 0.6432584269662921
0 0.6694171348314607 0.5191947565543071 0.6788974719101124 0.5252808988764045 0.6818820224719101 0.5421348314606742 0.6788974719101124 0.5547752808988764 0.6683637640449438 0.5603932584269663 0.6585323033707865 0.5589887640449438 0.6530898876404494 0.5545411985018727 0.6494030898876404 0.5484550561797753 0.6481741573033708 0.5362827715355806 0.6495786516853933 0.5292602996254682 0.6558988764044944 0.5210674157303371 0.6618679775280899 0.5184925093632958 0.6692415730337079 0.5191947565543071
0 0.4137991573033708 0.6919475655430711 0.4155547752808989 0.7029494382022472 0.4097612359550562 0.7188670411985019 0.40537219101123595 0.7413389513108615 0.39747191011235955 0.7485955056179775 0.39185393258426965 0.75 0.3865870786516854 0.7492977528089888 0.3788623595505618 0.7408707865168539 0.37974016853932585 0.7167602996254682 0.383251404494382 0.709503745318352 0.39396067415730335 0.6992041198501873 0.4044943820224719 0.6921816479400749 0.413623595505618 0.6919475655430711
0 0.38728932584269665 0.5419007490636704 0.3946629213483146 0.5449438202247191 0.3987008426966292 0.5500936329588015 0.3999297752808989 0.5711610486891385 0.39536516853932585 0.5795880149812734 0.3851825842696629 0.5833333333333334 0.3792134831460674 0.5826310861423221 0.37183988764044945 0.5751404494382022 0.3707865168539326 0.5592228464419475 0.37166432584269665 0.5533707865168539 0.37570224719101125 0.5468164794007491 0.3871137640449438 0.5419007490636704
0 0.24473314606741572 0.6713483146067416 0.2580758426966292 0.68562734082397 0.2580758426966292 0.6961610486891385 0.25140449438202245 0.7090355805243446 0.234375 0.7198033707865169 0.22717696629213482 0.7181647940074907 0.22208567415730338 0.7106741573033708 0.22384129213483145 0.6828183520599251 0.24455758426966293 0.6713483146067416
0 0.6604634831460674 0.6437265917602997 0.679248595505618 0.6533239700374532 0.6853932584269663 0.6647940074906367 0.6869733146067416 0.6713483146067416 0.6859199438202247 0.6818820224719101 0.6803019662921348 0.6903089887640449 0.6757373595505618 0.6924157303370787 0.6683637640449438 0.6917134831460674 0.6546699438202247 0.6807116104868914 0.6501053370786517 0.6683052434456929 0.6483497191011236 0.6509831460674157 0.6508075842696629 0.6441947565543071 0.6602879213483146 0.6437265917602997
0 0.3081109550561798 0.5538389513108615 0.30986657303370785 0.5568820224719101 0.3082865168539326 0.5812265917602997 0.3030196629213483 0.5852059925093633 0.293188202247191 0.5994850187265918 0.28651685393258425 0.6015917602996255 0.26843398876404495 0.5950374531835206 0.26509831460674155 0.588249063670412 0.265625 0.576310861423221 0.2731741573033708 0.5625 0.2793188202247191 0.5575842696629213 0.30793539325842695 0.5538389513108615
0 0.48542837078651685 0.6554307116104869 0.492626404494382 0.6610486891385767 0.4957865168539326 0.6687734082397003 0.49754213483146065 0.6828183520599251 0.49297752808988765 0.6970973782771536 0.4845505617977528 0.7015449438202247 0.47384129213483145 0.7015449438202247 0.4691011235955056 0.6938202247191011 0.46822331460674155 0.6828183520599251 0.4706811797752809 0.665496254681648 0.4731390449438202 0.6610486891385767 0.4808637640449438 0.6549625468164794 0.48525280898876405 0.6554307116104869
0 0.23946629213483145 0.6367041198501873 0.24841994382022473 0.6404494382022472 0.24245084269662923 0.6509831460674157 0.24578651685393257 0.6650280898876404 0.24350421348314608 0.6711142322097379 0.23893960674157302 0.675561797752809 0.22787921348314608 0.6797752808988764 0.22366573033707865 0.6790730337078652 0.21576544943820225 0.6683052434456929 0.2148876404494382 0.6601123595505618 0.2169943820224719 0.6491104868913857 0.22717696629213482 0.638810861423221 0.23929073033707865 0.6367041198501873
0 0.7161165730337079 0.5978464419475655 0.717872191011236 0.6025280898876404 0.7134831460674157 0.6088483146067416 0.7145365168539326 0.62312734082397 0.7117275280898876 0.6334269662921348 0.7064606741573034 0.641619850187266 0.6927668539325843 0.6451310861423221 0.6887289325842697 0.6448970037453183 0.6843398876404494 0.6406835205992509 0.683813202247191 0.6224250936329588 0.6795997191011236 0.6025280898876404 0.6820575842696629 0.5990168539325843 0.7064606741573034 0.600187265917603 0.7099719101123596 0.5936329588014981 0.7134831460674157 0.5938670411985019 0.7159410112359551 0.5978464419475655
0 0.5675912921348315 0.6924157303370787 0.5907654494382022 0.7066947565543071 0.5958567415730337 0.7268258426966292 0.5919943820224719 0.7411048689138576 0.5814606741573034 0.7474250936329588 0.5696980337078652 0.7446161048689138 0.5660112359550562 0.7347846441947565 0.5632022471910112 0.7174625468164794 0.5630266853932584 0.699438202247191 0.5642556179775281 0.6945224719101124 0.5674157303370787 0.6926498127340824
0 0.7011938202247191 0.6858614232209738 0.7106741573033708 0.6896067415730337 0.7171699438202247 0.6996722846441947 0.7194522471910112 0.7073970037453183 0.7175210674157303 0.7240168539325843 0.7134831460674157 0.7284644194756554 0.7066362359550562 0.7308052434456929 0.6961025280898876 0.7282303370786517 0.6899578651685393 0.7198033707865169 0.686622191011236 0.7134831460674157 0.682935393258427 0.6959269662921348 0.683813202247191 0.6924157303370787 0.691186797752809 0.6865636704119851 0.7010182584269663 0.6858614232209738
0 0.5607443820224719 0.5674157303370787 0.5626755617977528 0.5711610486891385 0.5595154494382022 0.574438202247191 0.5612710674157303 0.587312734082397 0.5595154494382022 0.6020599250936329 0.5502106741573034 0.613061797752809 0.5370435393258427 0.6170411985018727 0.5328300561797753 0.6163389513108615 0.5282654494382022 0.6093164794007491 0.5287921348314607 0.5870786516853933 0.5305477528089888 0.5809925093632958 0.5361657303370787 0.5737359550561798 0.546875 0.5702247191011236 0.5553019662921348 0.5720973782771536 0.5605688202247191 0.5674157303370787
0 0.6034058988764045 0.6846910112359551 0.6178019662921348 0.6945224719101124 0.6244733146067416 0.7127808988764045 0.6199087078651685 0.7291666666666666 0.6163974719101124 0.7329119850187266 0.609375 0.7347846441947565 0.5984901685393258 0.7303370786516854 0.5923455056179775 0.7099719101123596 0.5944522471910112 0.6961610486891385 0.5993679775280899 0.6860955056179775 0.6032303370786517 0.6846910112359551
0 0.5215941011235955 0.576310861423221 0.527563202247191 0.584503745318352 0.5284410112359551 0.5936329588014981 0.5282654494382022 0.6128277153558053 0.5214185393258427 0.6177434456928839 0.5033356741573034 0.6128277153558053 0.5001755617977528 0.6062734082397003 0.49894662921348315 0.5894194756554307 0.49929775280898875 0.5816947565543071 0.5021067415730337 0.5786516853932584 0.5154494382022472 0.5751404494382022 0.5214185393258427 0.576310861423221
0 0.2691362359550562 0.5969101123595506 0.2835323033707865 0.6022940074906367 0.2866924157303371 0.6123595505617978 0.2808988764044944 0.6315543071161048 0.2700140449438202 0.6395131086142322 0.2521067415730337 0.636938202247191 0.24912219101123595 0.6303838951310862 0.2478932584269663 0.6198501872659176 0.25087780898876405 0.608380149812734 0.25526685393258425 0.6018258426966292 0.26896067415730335 0.5969101123595506
0 0.6283356741573034 0.5149812734082397 0.6432584269662921 0.5222378277153558 0.6476474719101124 0.5362827715355806 0.6458918539325843 0.5540730337078652 0.6409761235955056 0.5589887640449438 0.6337780898876404 0.56062734082397 0.6244733146067416 0.5585205992509363 0.6199087078651685 0.5538389513108615 0.6142907303370787 0.5299625468164794 0.6186797752808989 0.5173220973782772 0.6281601123595506 0.5149812734082397
0 0.30740870786516855 0.6739232209737828 0.31390449438202245 0.6786048689138576 0.3146067415730337 0.6816479400749064 0.31162219101123595 0.6952247191011236 0.31109550561797755 0.7104400749063671 0.3003862359550562 0.7165262172284644 0.2930126404494382 0.7155898876404494 0.2854634831460674 0.7069288389513109 0.2793188202247191 0.68937265917603 0.2789676966292135 0.6818820224719101 0.2830056179775281 0.6757958801498127 0.3003862359550562 0.6762640449438202 0.30723314606741575 0.6739232209737828
0 0.33865870786516855 0.5849719101123596 0.34655898876404495 0.5955056179775281 0.34708567415730335 0.6161048689138576 0.3418188202247191 0.62687265917603 0.32496488764044945 0.6406835205992509 0.32127808988764045 0.639747191011236 0.3128511235955056 0.6301498127340824 0.31390449438202245 0.6060393258426966 0.3167134831460674 0.598314606741573 0.32110252808988765 0.5933988764044944 0.3339185393258427 0.5894194756554307 0.33848314606741575 0.5849719101123596
0 0.6997893258426966 0.514747191011236 0.7071629213483146 0.5205992509363296 0.711376404494382 0.5362827715355806 0.7082162921348315 0.5503277153558053 0.6968047752808989 0.5559456928838952 0.6885533707865169 0.5545411985018727 0.6825842696629213 0.5503277153558053 0.679248595505618 0.5259831460674157 0.6841643258426966 0.5173220973782772 0.6996137640449438 0.514747191011236
0 0.3453300561797753 0.7071629213483146 0.352001404494382 0.713249063670412 0.34708567415730335 0.7277621722846442 0.34708567415730335 0.7343164794007491 0.34831460674157305 0.7446161048689138 0.3530547752808989 0.7549157303370787 0.35235252808988765 0.7588951310861424 0.3418188202247191 0.7687265917602997 0.32110252808988765 0.7586610486891385 0.3182935393258427 0.7523408239700374 0.31759129213483145 0.7272940074906367 0.31969803370786515 0.7202715355805244 0.32882724719101125 0.7181647940074907 0.33848314606741575 0.7097378277153558 0.34515449438202245 0.7073970037453183
1 0.2336604634831461 0.5932865168539326 0.0295874297752809 0.08638810861423221
1 0.2371436095505618 0.7432045880149812 0.030700491573033707 0.047581928838951314
1 0.2703002106741573 0.6962710674157303 0.025617977528089884 0.03798455056179775
1 0.3004880617977528 0.6122916666666667 0.027475421348314606 0.03388342696629214
1 0.35007724719101124 0.6509667602996254 0.04589536516853933 0.020723314606741573
1 0.3651176264044944 0.6454892322097379 0.02798630617977528 0.1049625468164794
1 0.3908988764044944 0.6040028089887641 0.0842310393258427 0.029791666666666664
1 0.4210445926966292 0.6402411048689138 0.025143960674157303 0.10070692883895131
1 0.39347787921348315 0.6754798689138577 0.08587956460674158 0.03229634831460674
1 0.45155898876404493 0.6362804307116104 0.08616924157303371 0.03348548689138577
1 0.5574104634831462 0.6305266853932584 0.059109901685393255 0.03290262172284644
1 0.573497191011236 0.6116783707865169 0.026910112359550563 0.07323033707865167
1 0.6300351123595506 0.5805711610486891 0.02762816011235955 0.04066947565543071
1 0.6180301966292135 0.6629096441947565 0.051602879213483145 0.029005149812734082
1 0.6955705758426965 0.5761516853932585 0.029952598314606744 0.03494850187265918
2 0.21769662921348315 0.5512640449438202 0.7145365168539326 0.5173220973782772 0.722436797752809 0.7338483146067416 0.22296348314606743 0.7584269662921348