0 0.49122191011235955 0.6694756554307116 0.4964887640449438 0.6715823970037453 0.4996488764044944 0.6760299625468165 0.5021067415730337 0.6933520599250936 0.49877106741573035 0.7064606741573034 0.49490870786516855 0.7116104868913857 0.4884129213483146 0.7146535580524345 0.47717696629213485 0.7104400749063671 0.47208567415730335 0.7029494382022472 0.47208567415730335 0.6987359550561798 0.47331460674157305 0.6830524344569289 0.4762991573033708 0.6748595505617978 0.4824438202247191 0.6706460674157303 0.49104634831460675 0.6694756554307116
0 0.6172752808988764 0.5529026217228464 0.6267556179775281 0.5578183520599251 0.6320224719101124 0.5718632958801498 0.6302668539325843 0.5842696629213483 0.6199087078651685 0.5933988764044944 0.6125351123595506 0.5929307116104869 0.6049859550561798 0.5887172284644194 0.5988412921348315 0.5784176029962547 0.5977879213483146 0.5718632958801498 0.5986657303370787 0.5636704119850188 0.604810393258427 0.5547752808988764 0.6170997191011236 0.5529026217228464
0 0.29757724719101125 0.639747191011236 0.32092696629213485 0.649812734082397 0.3240870786516854 0.6547284644194756 0.32338483146067415 0.6711142322097379 0.31741573033707865 0.6821161048689138 0.32145365168539325 0.6926498127340824 0.3140800561797753 0.6992041198501873 0.308813202247191 0.6905430711610487 0.2926615168539326 0.6860955056179775 0.28985252808988765 0.6814138576779026 0.28844803370786515 0.6650280898876404 0.2852879213483146 0.6577715355805244 0.2912570224719101 0.6441947565543071 0.29740168539325845 0.639747191011236
0 0.5584620786516854 0.5079588014981273 0.5686446629213483 0.5124063670411985 0.5716292134831461 0.5187265917602997 0.5725070224719101 0.5294943820224719 0.5711025280898876 0.5397940074906367 0.5681179775280899 0.5444756554307116 0.5572331460674157 0.5491573033707865 0.5517907303370787 0.5475187265917603 0.5442415730337079 0.540496254681648 0.5410814606741573 0.5316011235955056 0.5421348314606742 0.5196629213483146 0.5452949438202247 0.5133426966292135 0.5502106741573034 0.5091292134831461 0.5582865168539326 0.5079588014981273
0 0.6165730337078652 0.5112359550561798 0.6274578651685393 0.5152153558052435 0.6318469101123596 0.5255149812734082 0.6288623595505618 0.5465823970037453 0.6207865168539326 0.5519662921348315 0.6116573033707865 0.5514981273408239 0.6055126404494382 0.5482209737827716 0.601123595505618 0.5430711610486891 0.5986657303370787 0.5332397003745318 0.6016502808988764 0.5208333333333334 0.605688202247191 0.5149812734082397 0.6163974719101124 0.5112359550561798
0 0.24894662921348315 0.48220973782771537 0.27615870786516855 0.48993445692883897 0.2791432584269663 0.49391385767790263 0.2793188202247191 0.49836142322097376 0.27282303370786515 0.5156835205992509 0.24841994382022473 0.5236423220973783 0.23700842696629212 0.5198970037453183 0.23086376404494383 0.510065543071161 0.22998595505617977 0.5046816479400749 0.23086376404494383 0.49461610486891383 0.234375 0.4887640449438202 0.24104634831460675 0.4833801498127341 0.24877106741573032 0.48220973782771537
0 0.5335323033707865 0.6324906367041199 0.5426615168539326 0.6376404494382022 0.547752808988764 0.636938202247191 0.550561797752809 0.6402153558052435 0.5510884831460674 0.647003745318352 0.5424859550561798 0.6523876404494382 0.5402036516853933 0.6645599250936329 0.5366924157303371 0.6694756554307116 0.5294943820224719 0.6725187265917603 0.5187851123595506 0.6720505617977528 0.5084269662921348 0.6680711610486891 0.504564606741573 0.6619850187265918 0.504564606741573 0.6514513108614233 0.5061446629213483 0.6439606741573034 0.515625 0.6345973782771536 0.5333567415730337 0.6324906367041199
0 0.3734199438202247 0.4943820224719101 0.3850070224719101 0.5014044943820225 0.3865870786516854 0.5191947565543071 0.3848314606741573 0.5259831460674157 0.3809691011235955 0.5304307116104869 0.37043539325842695 0.5351123595505618 0.36271067415730335 0.533941947565543 0.35867275280898875 0.5297284644194756 0.3553370786516854 0.5236423220973783 0.35410814606741575 0.5117041198501873 0.3555126404494382 0.5051498127340824 0.36077949438202245 0.49719101123595505 0.3732443820224719 0.4943820224719101
0 0.48929073033707865 0.5849719101123596 0.5052668539325843 0.5936329588014981 0.5068469101123596 0.6006554307116105 0.5059691011235955 0.6109550561797753 0.5031601123595506 0.6163389513108615 0.4959620786516854 0.6238295880149812 0.48964185393258425 0.6264044943820225 0.477001404494382 0.6238295880149812 0.4705056179775281 0.6135299625468165 0.46558988764044945 0.6125936329588015 0.46962780898876405 0.6097846441947565 0.46822331460674155 0.6058052434456929 0.4708567415730337 0.6034644194756554 0.47559691011235955 0.5905898876404494 0.4808637640449438 0.5861423220973783 0.48911516853932585 0.5849719101123596
0 0.641502808988764 0.6699438202247191 0.6441362359550562 0.6788389513108615 0.6523876404494382 0.6879681647940075 0.65625 0.6996722846441947 0.6551966292134831 0.716058052434457 0.651685393258427 0.724250936329588 0.6474719101123596 0.7303370786516854 0.641502808988764 0.7312734082397003 0.6367626404494382 0.7308052434456929 0.6265800561797753 0.7167602996254682 0.6225421348314607 0.6867977528089888 0.6235955056179775 0.6804775280898876 0.6313202247191011 0.6769662921348315 0.6371137640449438 0.6699438202247191 0.6413272471910112 0.6699438202247191
0 0.6107794943820225 0.6364700374531835 0.6199087078651685 0.6390449438202247 0.6300912921348315 0.6526217228464419 0.6300912921348315 0.6650280898876404 0.6262289325842697 0.674625468164794 0.6197331460674157 0.6795411985018727 0.605688202247191 0.6750936329588015 0.5995435393258427 0.6650280898876404 0.598314606741573 0.6467696629213483 0.5997191011235955 0.6413857677902621 0.6046348314606742 0.6362359550561798 0.6106039325842697 0.6364700374531835
0 0.7092696629213483 0.5194288389513109 0.7205056179775281 0.5243445692883895 0.7250702247191011 0.5388576779026217 0.722436797752809 0.5538389513108615 0.7169943820224719 0.5589887640449438 0.7103230337078652 0.5608614232209738 0.6955758426966292 0.5538389513108615 0.6910112359550562 0.5437734082397003 0.694873595505618 0.5259831460674157 0.702247191011236 0.5198970037453183 0.7090941011235955 0.5194288389513109
0 0.4006320224719101 0.49063670411985016 0.41485252808988765 0.5014044943820225 0.4199438202247191 0.5117041198501873 0.41871488764044945 0.525749063670412 0.41327247191011235 0.5362827715355806 0.4122191011235955 0.5428370786516854 0.4080056179775281 0.5465823970037453 0.40695224719101125 0.5426029962546817 0.39782303370786515 0.5397940074906367 0.3904494382022472 0.5341760299625468 0.3871137640449438 0.5229400749063671 0.3864115168539326 0.49812734082397003 0.39360955056179775 0.49063670411985016 0.4004564606741573 0.49063670411985016
0 0.6818820224719101 0.5564138576779026 0.6922401685393258 0.5629681647940075 0.6962780898876404 0.574438202247191 0.6943469101123596 0.588249063670412 0.6890800561797753 0.5966760299625468 0.6857443820224719 0.5973782771535581 0.6683637640449438 0.5936329588014981 0.657127808988764 0.5814606741573034 0.6557233146067416 0.5758426966292135 0.6569522471910112 0.5676498127340824 0.6613412921348315 0.5625 0.6715238764044944 0.5564138576779026 0.6817064606741573 0.5564138576779026
0 0.7090941011235955 0.6917134831460674 0.7164676966292135 0.6961610486891385 0.7205056179775281 0.7064606741573034 0.7199789325842697 0.7202715355805244 0.7168188202247191 0.725187265917603 0.711376404494382 0.727996254681648 0.7043539325842697 0.7272940074906367 0.7001404494382022 0.7240168539325843 0.6925912921348315 0.713249063670412 0.6915379213483146 0.7064606741573034 0.6922401685393258 0.699438202247191 0.6959269662921348 0.6935861423220974 0.7089185393258427 0.6917134831460674
0 0.6687148876404494 0.5044475655430711 0.6857443820224719 0.514747191011236 0.6915379213483146 0.5255149812734082 0.6917134831460674 0.5383895131086143 0.6894311797752809 0.5500936329588015 0.6769662921348315 0.5545411985018727 0.6699438202247191 0.5540730337078652 0.664501404494382 0.550561797752809 0.6569522471910112 0.5194288389513109 0.6620435393258427 0.5081928838951311 0.6685393258426966 0.5044475655430711
0 0.296875 0.6088483146067416 0.30021067415730335 0.6158707865168539 0.30003511235955055 0.62312734082397 0.2887991573033708 0.6477059925093633 0.2830056179775281 0.6537921348314607 0.26878511235955055 0.6528558052434457 0.2601825842696629 0.6479400749063671 0.25860252808988765 0.6406835205992509 0.2596558988764045 0.62312734082397 0.2640449438202247 0.6154026217228464 0.269311797752809 0.6116573033707865 0.2870435393258427 0.6142322097378277 0.2966994382022472 0.6088483146067416
0 0.6169241573033708 0.5945692883895131 0.6276334269662921 0.6015917602996255 0.632373595505618 0.6158707865168539 0.6300912921348315 0.6296816479400749 0.6202598314606742 0.6381086142322098 0.6127106741573034 0.6376404494382022 0.6046348314606742 0.6322565543071161 0.5988412921348315 0.6235955056179775 0.5976123595505618 0.6165730337078652 0.598314606741573 0.6055711610486891 0.6025280898876404 0.5987827715355806 0.6086727528089888 0.5945692883895131 0.616748595505618 0.5945692883895131
0 0.37377106741573035 0.6086142322097379 0.3769311797752809 0.6116573033707865 0.37763342696629215 0.6196161048689138 0.3843047752808989 0.6266385767790262 0.38535814606741575 0.6427902621722846 0.383251404494382 0.6509831460674157 0.3767556179775281 0.6612827715355806 0.371313202247191 0.6683052434456929 0.36639747191011235 0.6697097378277154 0.36025280898876405 0.6683052434456929 0.3558637640449438 0.6633895131086143 0.3518258426966292 0.6509831460674157 0.3516502808988764 0.6371722846441947 0.3558637640449438 0.6266385767790262 0.3670997191011236 0.6170411985018727 0.3688553370786517 0.6093164794007491 0.37359550561797755 0.6086142322097379
0 0.6685393258426966 0.5948033707865169 0.6857443820224719 0.5978464419475655 0.6925912921348315 0.6058052434456929 0.694873595505618 0.6161048689138576 0.6939957865168539 0.6331928838951311 0.6860955056179775 0.6376404494382022 0.6688904494382022 0.6322565543071161 0.6574789325842697 0.6139981273408239 0.657127808988764 0.6090823970037453 0.659936797752809 0.6022940074906367 0.6683637640449438 0.5948033707865169
0 0.4339887640449438 0.5400280898876404 0.4438202247191011 0.5463483146067416 0.4471558988764045 0.5538389513108615 0.4476825842696629 0.5639044943820225 0.44083567415730335 0.576310861423221 0.42907303370786515 0.5814606741573034 0.4216994382022472 0.5798220973782772 0.41695926966292135 0.5742041198501873 0.4139747191011236 0.5681179775280899 0.41292134831460675 0.5547752808988764 0.4216994382022472 0.5423689138576779 0.433813202247191 0.5400280898876404
0 0.6615168539325843 0.6772003745318352 0.679248595505618 0.6835205992509363 0.688377808988764 0.6961610486891385 0.6896067415730337 0.7073970037453183 0.6873244382022472 0.7181647940074907 0.6827598314606742 0.7244850187265918 0.676439606741573 0.7272940074906367 0.6641502808988764 0.721441947565543 0.6573033707865169 0.7099719101123596 0.6569522471910112 0.699438202247191 0.6530898876404494 0.6846910112359551 0.6613412921348315 0.6772003745318352
0 0.3455056179775281 0.5765449438202247 0.3558637640449438 0.584503745318352 0.3570926966292135 0.5990168539325843 0.3493679775280899 0.6142322097378277 0.3397120786516854 0.6207865168539326 0.33304073033707865 0.6200842696629213 0.32549157303370785 0.6128277153558053 0.3225070224719101 0.602996254681648 0.32285814606741575 0.5943352059925093 0.324438202247191 0.588249063670412 0.3302317415730337 0.5805243445692884 0.3377808988764045 0.5765449438202247 0.3453300561797753 0.5765449438202247
0 0.2621137640449438 0.6500468164794008 0.2828300561797753 0.6551966292134831 0.2856390449438202 0.6591760299625468 0.29002808988764045 0.6891385767790262 0.28651685393258425 0.6963951310861424 0.2794943820224719 0.7008426966292135 0.2654494382022472 0.6947565543071161 0.2579002808988764 0.6858614232209738 0.2577247191011236 0.6563670411985019 0.25860252808988765 0.6505149812734082 0.261938202247191 0.6500468164794008
0 0.40150983146067415 0.6577715355805244 0.4104634831460674 0.6676029962546817 0.4116924157303371 0.68562734082397 0.4046699438202247 0.7001404494382022 0.39518960674157305 0.7050561797752809 0.38764044943820225 0.7036516853932584 0.3830758426966292 0.6996722846441947 0.37974016853932585 0.6921816479400749 0.37974016853932585 0.6793071161048689 0.3871137640449438 0.6650280898876404 0.40133426966292135 0.6577715355805244
0 0.6997893258426966 0.6432584269662921 0.7136587078651685 0.6484082397003745 0.7215589887640449 0.6582397003745318 0.7238412921348315 0.6645599250936329 0.7210323033707865 0.6821161048689138 0.7175210674157303 0.6863295880149812 0.710498595505618 0.6891385767790262 0.6996137640449438 0.6867977528089888 0.691186797752809 0.6781367041198502 0.6890800561797753 0.648876404494382 0.6936446629213483 0.6439606741573034 0.6996137640449438 0.6432584269662921
0 0.33865870786516855 0.5287921348314607 0.34849016853932585 0.5320692883895131 0.35603932584269665 0.5306647940074907 0.359375 0.535814606741573 0.35656601123595505 0.5397940074906367 0.3590238764044944 0.5538389513108615 0.3558637640449438 0.5610955056179775 0.3458567415730337 0.5711610486891385 0.32865168539325845 0.575374531835206 0.3246137640449438 0.575374531835206 0.3204002808988764 0.5713951310861424 0.3168890449438202 0.56437265917603 0.3168890449438202 0.5575842696629213 0.3260182584269663 0.5360486891385767 0.33146067415730335 0.5308988764044944 0.33848314606741575 0.5287921348314607
0 0.25052668539325845 0.6512172284644194 0.25649578651685395 0.6610486891385767 0.2557935393258427 0.6790730337078652 0.2482443820224719 0.6896067415730337 0.2363061797752809 0.6954588014981273 0.22805477528089887 0.6933520599250936 0.22384129213483145 0.6886704119850188 0.22120786516853932 0.6786048689138576 0.222436797752809 0.6683052434456929 0.23086376404494383 0.6558988764044944 0.2503511235955056 0.6512172284644194
0 0.6687148876404494 0.6345973782771536 0.6827598314606742 0.6385767790262172 0.6871488764044944 0.6441947565543071 0.6896067415730337 0.6750936329588015 0.6787219101123596 0.6830524344569289 0.6697682584269663 0.6795411985018727 0.6539676966292135 0.6610486891385767 0.6550210674157303 0.636938202247191 0.6648525280898876 0.6371722846441947 0.6685393258426966 0.6345973782771536
0 0.28002106741573035 0.525749063670412 0.2893258426966292 0.5287921348314607 0.3026685393258427 0.5278558052434457 0.3065308988764045 0.5308988764044944 0.30740870786516855 0.5362827715355806 0.3026685393258427 0.5503277153558053 0.29371488764044945 0.5608614232209738 0.27615870786516855 0.5674157303370787 0.2640449438202247 0.5622659176029963 0.2596558988764045 0.5538389513108615 0.25877808988764045 0.5461142322097379 0.2638693820224719 0.5323033707865169 0.27984550561797755 0.525749063670412
0 0.5832162921348315 0.6306179775280899 0.5944522471910112 0.6374063670411985 0.5995435393258427 0.6537921348314607 0.5972612359550562 0.6687734082397003 0.5919943820224719 0.6741573033707865 0.5872542134831461 0.6753277153558053 0.5779494382022472 0.6729868913857678 0.573560393258427 0.6690074906367042 0.5677668539325843 0.6542602996254682 0.5711025280898876 0.6374063670411985 0.5763693820224719 0.6317883895131086 0.5830407303370787 0.6306179775280899
0 0.49508426966292135 0.48852996254681647 0.5087780898876404 0.5063202247191011 0.5121137640449438 0.5184925093632958 0.5064957865168539 0.5402621722846442 0.49894662921348315 0.5465823970037453 0.488061797752809 0.5435393258426966 0.47945926966292135 0.5250468164794008 0.4799859550561798 0.5105337078651685 0.4898174157303371 0.4967228464419476 0.49087078651685395 0.4901685393258427 0.49490870786516855 0.48852996254681647
0 0.49350421348314605 0.6285112359550562 0.4982443820224719 0.6334269662921348 0.5017556179775281 0.6505149812734082 0.49473314606741575 0.6652621722846442 0.48490168539325845 0.6685393258426966 0.47717696629213485 0.6673689138576779 0.46348314606741575 0.6584737827715356 0.46190308988764045 0.653558052434457 0.4624297752808989 0.6404494382022472 0.4768258426966292 0.6292134831460674 0.49332865168539325 0.6285112359550562
0 0.43697331460674155 0.5816947565543071 0.44276685393258425 0.5847378277153558 0.4468047752808989 0.5905898876404494 0.4527738764044944 0.6128277153558053 0.45049157303370785 0.6203183520599251 0.44276685393258425 0.6278089887640449 0.4239817415730337 0.6207865168539326 0.418188202247191 0.6125936329588015 0.41678370786516855 0.6062734082397003 0.4176615168539326 0.5943352059925093 0.42064606741573035 0.5877808988764045 0.425561797752809 0.5830992509363296 0.43679775280898875 0.5816947565543071
0 0.26053370786516855 0.6074438202247191 0.26422050561797755 0.6128277153558053 0.2596558988764045 0.6193820224719101 0.25702247191011235 0.6413857677902621 0.25122893258426965 0.6479400749063671 0.23507724719101122 0.6537921348314607 0.22735252808988765 0.651685393258427 0.22226123595505617 0.6404494382022472 0.22173455056179775 0.6299157303370787 0.22577247191011235 0.6196161048689138 0.23771067415730338 0.6104868913857678 0.25280898876404495 0.6114232209737828 0.25842696629213485 0.6055711610486891 0.26035814606741575 0.6074438202247191
0 0.4253862359550562 0.6224250936329588 0.44030898876404495 0.6287453183520599 0.44452247191011235 0.6434925093632958 0.4438202247191011 0.6526217228464419 0.44030898876404495 0.6591760299625468 0.42889747191011235 0.6669007490636704 0.4164325842696629 0.6652621722846442 0.4101123595505618 0.6512172284644194 0.4106390449438202 0.6390449438202247 0.4143258426966292 0.6308520599250936 0.42521067415730335 0.6224250936329588
0 0.5224719101123596 0.5905898876404494 0.5338834269662921 0.5959737827715356 0.5365168539325843 0.6020599250936329 0.5377457865168539 0.6144662921348315 0.5373946629213483 0.6196161048689138 0.5333567415730337 0.6275749063670412 0.5228230337078652 0.6327247191011236 0.5152738764044944 0.6310861423220974 0.507373595505618 0.6163389513108615 0.5117626404494382 0.5952715355805244 0.515625 0.591058052434457 0.5222963483146067 0.5905898876404494
0 0.5261587078651685 0.5063202247191011 0.5363412921348315 0.5091292134831461 0.5414325842696629 0.5184925093632958 0.5393258426966292 0.5365168539325843 0.5335323033707865 0.5428370786516854 0.527563202247191 0.5454119850187266 0.5177317415730337 0.5419007490636704 0.5122893258426966 0.5299625468164794 0.5140449438202247 0.5142790262172284 0.5194873595505618 0.5084269662921348 0.5259831460674157 0.5063202247191011
0 0.5370435393258427 0.5447097378277154 0.5398525280898876 0.545880149812734 0.5470505617977528 0.5571161048689138 0.5465238764044944 0.56437265917603 0.5402036516853933 0.5814606741573034 0.5314255617977528 0.5884831460674157 0.5189606741573034 0.5875468164794008 0.5121137640449438 0.5926966292134831 0.5087780898876404 0.5922284644194756 0.5066713483146067 0.588249063670412 0.5101825842696629 0.5784176029962547 0.5100070224719101 0.5653089887640449 0.5121137640449438 0.5564138576779026 0.5179073033707865 0.549625468164794 0.5368679775280899 0.5447097378277154
0 0.2866924157303371 0.5669475655430711 0.2966994382022472 0.5688202247191011 0.30372191011235955 0.5746722846441947 0.29617275280898875 0.5955056179775281 0.29547050561797755 0.6055711610486891 0.28967696629213485 0.610252808988764 0.26878511235955055 0.6074438202247191 0.2635182584269663 0.6020599250936329 0.2612359550561798 0.5922284644194756 0.26299157303370785 0.574438202247191 0.2710674157303371 0.5697565543071161 0.28651685393258425 0.5669475655430711
0 0.46207865168539325 0.6610486891385767 0.47138342696629215 0.6671348314606742 0.4731390449438202 0.6713483146067416 0.46927668539325845 0.6992041198501873 0.46348314606741575 0.7078651685393258 0.4496137640449438 0.7116104868913857 0.44610252808988765 0.7186329588014981 0.4394311797752809 0.7134831460674157 0.44259129213483145 0.7055243445692884 0.4392556179775281 0.6945224719101124 0.4392556179775281 0.6849250936329588 0.44592696629213485 0.6692415730337079 0.46190308988764045 0.6610486891385767
0 0.6441362359550562 0.5105337078651685 0.6453651685393258 0.5159176029962547 0.657127808988764 0.525749063670412 0.6616924157303371 0.5411985018726592 0.6604634831460674 0.5575842696629213 0.6536165730337079 0.5676498127340824 0.6474719101123596 0.5706928838951311 0.6395716292134831 0.5653089887640449 0.632373595505618 0.5517322097378277 0.6306179775280899 0.5440074906367042 0.6325491573033708 0.525749063670412 0.6439606741573034 0.5105337078651685
1 0.28019662921348315 0.5049157303370787 0.28019662921348315 0.5121722846441947 0.27844101123595505 0.5156835205992509 0.27984550561797755 0.5182584269662921 0.28230337078651685 0.5203651685393258 0.2828300561797753 0.5224719101123596 0.2868679775280899 0.522003745318352 0.2889747191011236 0.523876404494382 0.29213483146067415 0.5241104868913857 0.2933637640449438 0.5259831460674157 0.2952949438202247 0.5241104868913857 0.29810393258426965 0.5236423220973783 0.30021067415730335 0.5210674157303371 0.30354634831460675 0.5196629213483146 0.30723314606741575 0.5203651685393258 0.3102176966292135 0.5156835205992509 0.3086376404494382 0.5124063670411985 0.30775983146067415 0.5049157303370787 0.3067064606741573 0.5021067415730337 0.308813202247191 0.49180711610486894 0.30758426966292135 0.4901685393258427 0.30337078651685395 0.49087078651685395 0.2951193820224719 0.488998127340824 0.2907303370786517 0.48993445692883897 0.28634129213483145 0.4932116104868914 0.2828300561797753 0.49719101123595505
1 0.4260884831460674 0.511938202247191 0.4259129213483146 0.5196629213483146 0.42661516853932585 0.525749063670412 0.4280196629213483 0.5299625468164794 0.4315308988764045 0.5341760299625468 0.4352176966292135 0.535814606741573 0.44048455056179775 0.5353464419475655 0.4431179775280899 0.533941947565543 0.4473314606741573 0.5287921348314607 0.4490870786516854 0.5222378277153558 0.44996488764044945 0.5154494382022472 0.4475070224719101 0.5084269662921348 0.44469803370786515 0.5046816479400749 0.44048455056179775 0.5023408239700374 0.43486657303370785 0.5016385767790262 0.42854634831460675 0.5056179775280899
1 0.45452949438202245 0.5121722846441947 0.4534761235955056 0.5189606741573034 0.45417837078651685 0.5259831460674157 0.45558286516853935 0.5297284644194756 0.4592696629213483 0.5351123595505618 0.46348314606741575 0.5374531835205992 0.46927668539325845 0.5372191011235955 0.4743679775280899 0.5344101123595506 0.47770365168539325 0.5297284644194756 0.4785814606741573 0.5231741573033708 0.4780547752808989 0.514747191011236 0.47577247191011235 0.5093632958801498 0.4706811797752809 0.5039794007490637 0.46594101123595505 0.5032771535580525 0.4612008426966292 0.5046816479400749 0.45646067415730335 0.5084269662921348
1 0.5684691011235955 0.5641385767790262 0.5682935393258427 0.5718632958801498 0.5702247191011236 0.5786516853932584 0.5739115168539326 0.5833333333333334 0.579002808988764 0.5859082397003745 0.5823384831460674 0.586376404494382 0.5883075842696629 0.5833333333333334 0.5923455056179775 0.5777153558052435 0.5935744382022472 0.5746722846441947 0.5939255617977528 0.5674157303370787 0.5925210674157303 0.5608614232209738 0.5895365168539326 0.5559456928838952 0.5842696629213483 0.552434456928839 0.5814606741573034 0.5514981273408239 0.5730337078651685 0.5552434456928839 0.5704002808988764 0.5585205992509363
1 0.5433637640449438 0.5739700374531835 0.543188202247191 0.5779494382022472 0.5440660112359551 0.5800561797752809 0.5465238764044944 0.5828651685393258 0.5502106741573034 0.5847378277153558 0.5568820224719101 0.5828651685393258 0.5609199438202247 0.579119850187266 0.5647823033707865 0.5718632958801498 0.5649578651685393 0.5648408239700374 0.5635533707865169 0.5573501872659176 0.5607443820224719 0.5517322097378277 0.5535463483146067 0.5512640449438202 0.5488061797752809 0.5533707865168539 0.5493328651685393 0.5573501872659176 0.5479283707865169 0.56437265917603
1 0.4824438202247191 0.5538389513108615 0.48103932584269665 0.56062734082397 0.48156601123595505 0.5676498127340824 0.48314606741573035 0.5718632958801498 0.4866573033707865 0.5756086142322098 0.4920997191011236 0.5777153558052435 0.49736657303370785 0.5774812734082397 0.5 0.5760767790262172 0.5047401685393258 0.5709269662921348 0.5066713483146067 0.5646067415730337 0.5064957865168539 0.5568820224719101 0.5050912921348315 0.5526685393258427 0.5026334269662921 0.549625468164794 0.4978932584269663 0.5479868913857678 0.488061797752809 0.5475187265917603 0.4845505617977528 0.5498595505617978
1 0.4527738764044944 0.5533707865168539 0.453125 0.5582865168539326 0.45259831460674155 0.5608614232209738 0.4569873595505618 0.5709269662921348 0.4627808988764045 0.575374531835206 0.4669943820224719 0.5756086142322098 0.47155898876404495 0.5727996254681648 0.4731390449438202 0.5709269662921348 0.47401685393258425 0.5671816479400749 0.47559691011235955 0.56437265917603 0.476123595505618 0.5566479400749064 0.47524578651685395 0.550561797752809 0.4731390449438202 0.5468164794007491 0.4706811797752809 0.5444756554307116 0.46400983146067415 0.5426029962546817 0.45962078651685395 0.5440074906367042 0.4547050561797753 0.5489232209737828
1 0.39360955056179775 0.5500936329588015 0.39360955056179775 0.5608614232209738 0.39764747191011235 0.5692883895131086 0.4008075842696629 0.5720973782771536 0.40361657303370785 0.572565543071161 0.4101123595505618 0.5720973782771536 0.41309691011235955 0.5699906367041199 0.413623595505618 0.5634363295880149 0.4123946629213483 0.5564138576779026 0.4085323033707865 0.5531367041198502 0.40677668539325845 0.550561797752809 0.40537219101123595 0.5454119850187266 0.40308988764044945 0.5421348314606742 0.40098314606741575 0.5409644194756554 0.39712078651685395 0.5416666666666666 0.39571629213483145 0.5437734082397003
1 0.36411516853932585 0.5482209737827716 0.36393960674157305 0.5538389513108615 0.36604634831460675 0.5615636704119851 0.36973314606741575 0.5676498127340824 0.3728932584269663 0.5692883895131086 0.37816011235955055 0.5683520599250936 0.3843047752808989 0.5653089887640449 0.38816713483146065 0.5610955056179775 0.38974719101123595 0.5543071161048689 0.38957162921348315 0.5475187265917603 0.3871137640449438 0.538623595505618 0.38781601123595505 0.5360486891385767 0.38360252808988765 0.5320692883895131 0.3769311797752809 0.5372191011235955 0.3730688202247191 0.5362827715355806 0.36815308988764045 0.537687265917603 0.36604634831460675 0.5414325842696629
1 0.3297050561797753 0.5070224719101124 0.3298806179775281 0.5124063670411985 0.3344452247191011 0.5175561797752809 0.33514747191011235 0.5227059925093633 0.33707865168539325 0.5259831460674157 0.34901685393258425 0.5299625468164794 0.3537570224719101 0.5255149812734082 0.35428370786516855 0.5224719101123596 0.3532303370786517 0.5124063670411985 0.3539325842696629 0.5063202247191011 0.3576193820224719 0.4978932584269663 0.3558637640449438 0.4957865168539326 0.34884129213483145 0.49250936329588013 0.3418188202247191 0.49087078651685395 0.33479634831460675 0.49063670411985016 0.33304073033707865 0.49180711610486894 0.3325140449438202 0.49391385767790263 0.33304073033707865 0.5004681647940075 0.33146067415730335 0.5021067415730337
1 0.36446629213483145 0.5840355805243446 0.3628862359550562 0.5884831460674157 0.363061797752809 0.5957397003745318 0.3649929775280899 0.6025280898876404 0.3690308988764045 0.6067415730337079 0.37622893258426965 0.6079119850187266 0.38009129213483145 0.6074438202247191 0.38746488764044945 0.5994850187265918 0.3890449438202247 0.5962078651685393 0.38974719101123595 0.5926966292134831 0.3890449438202247 0.5835674157303371 0.3865870786516854 0.5798220973782772 0.38184691011235955 0.5765449438202247 0.3765800561797753 0.5746722846441947 0.37008426966292135 0.5758426966292135 0.36622191011235955 0.5802902621722846
1 0.39185393258426965 0.5884831460674157 0.39167837078651685 0.5980805243445693 0.3925561797752809 0.6025280898876404 0.39360955056179775 0.6055711610486891 0.39747191011235955 0.6100187265917603 0.40098314606741575 0.6109550561797753 0.4083567415730337 0.6095505617977528 0.4123946629213483 0.6074438202247191 0.4155547752808989 0.6022940074906367 0.4160814606741573 0.5990168539325843 0.4155547752808989 0.5917602996254682 0.41134129213483145 0.5849719101123596 0.4122191011235955 0.5814606741573034 0.40905898876404495 0.579119850187266 0.4044943820224719 0.5774812734082397 0.39764747191011235 0.5786516853932584 0.39360955056179775 0.5830992509363296
1 0.45224719101123595 0.5889513108614233 0.4510182584269663 0.5917602996254682 0.4510182584269663 0.5955056179775281 0.4529494382022472 0.6015917602996255 0.45435393258426965 0.6036985018726592 0.4566362359550562 0.612125468164794 0.46225421348314605 0.6128277153558053 0.4610252808988764 0.610252808988764 0.4612008426966292 0.6067415730337079 0.46190308988764045 0.6055711610486891 0.46611657303370785 0.6034644194756554 0.4703300561797753 0.6036985018726592 0.4708567415730337 0.602996254681648 0.47331460674157305 0.5912921348314607 0.4727879213483146 0.5884831460674157 0.46945224719101125 0.5840355805243446 0.4668188202247191 0.5823970037453183 0.460498595505618 0.5823970037453183 0.45628511235955055 0.584503745318352
1 0.5380969101123596 0.5985486891385767 0.5379213483146067 0.602996254681648 0.5403792134831461 0.6161048689138576 0.5430126404494382 0.6200842696629213 0.5461727528089888 0.6224250936329588 0.5495084269662921 0.6233614232209738 0.5540730337078652 0.6224250936329588 0.5598665730337079 0.6172752808988764 0.5617977528089888 0.6139981273408239 0.5635533707865169 0.6067415730337079 0.5630266853932584 0.5985486891385767 0.5607443820224719 0.5938670411985019 0.5540730337078652 0.588249063670412 0.5502106741573034 0.5877808988764045 0.5440660112359551 0.5901217228464419 0.5396769662921348 0.5936329588014981
1 0.5665379213483146 0.6022940074906367 0.5665379213483146 0.6093164794007491 0.5688202247191011 0.6168071161048689 0.5711025280898876 0.6207865168539326 0.5777738764044944 0.6252340823970037 0.5821629213483146 0.6259363295880149 0.5858497191011236 0.6247659176029963 0.589185393258427 0.6200842696629213 0.5926966292134831 0.6097846441947565 0.5921699438202247 0.6022940074906367 0.5904143258426966 0.5976123595505618 0.5851474719101124 0.5917602996254682 0.5814606741573034 0.5896535580524345 0.574438202247191 0.591058052434457 0.5711025280898876 0.5931647940074907 0.5672401685393258 0.5990168539325843
1 0.5409058988764045 0.6310861423220974 0.5398525280898876 0.6334269662921348 0.5405547752808989 0.6355337078651685 0.543188202247191 0.6390449438202247 0.545997191011236 0.6381086142322098 0.5491573033707865 0.6404494382022472 0.550561797752809 0.6474719101123596 0.546875 0.649812734082397 0.543188202247191 0.6502808988764045 0.5419592696629213 0.6577715355805244 0.5428370786516854 0.6610486891385767 0.5449438202247191 0.6631554307116105 0.5470505617977528 0.663623595505618 0.5577598314606742 0.6596441947565543 0.561622191011236 0.6544943820224719 0.5635533707865169 0.6509831460674157 0.5640800561797753 0.6481741573033708 0.5639044943820225 0.6439606741573034 0.5626755617977528 0.6402153558052435 0.5577598314606742 0.6301498127340824 0.5540730337078652 0.6261704119850188 0.5526685393258427 0.6259363295880149 0.5451193820224719 0.6278089887640449 0.5419592696629213 0.6294475655430711
1 0.44662921348314605 0.6313202247191011 0.4475070224719101 0.6409176029962547 0.4490870786516854 0.6467696629213483 0.45189606741573035 0.651685393258427 0.4571629213483146 0.6542602996254682 0.45997191011235955 0.6533239700374532 0.4608497191011236 0.6514513108614233 0.46207865168539325 0.6406835205992509 0.46611657303370785 0.6362359550561798 0.4708567415730337 0.6331928838951311 0.4731390449438202 0.6296816479400749 0.4726123595505618 0.6266385767790262 0.4691011235955056 0.6238295880149812 0.46541432584269665 0.6184456928838952 0.45962078651685395 0.6163389513108615 0.4529494382022472 0.6203183520599251 0.44803370786516855 0.62687265917603
1 0.6281601123595506 0.6385767790262172 0.6279845505617978 0.6439606741573034 0.6292134831460674 0.6458333333333334 0.6313202247191011 0.6537921348314607 0.6330758426966292 0.665496254681648 0.6336025280898876 0.6664325842696629 0.6362359550561798 0.6671348314606742 0.6416783707865169 0.6661985018726592 0.6458918539325843 0.6612827715355806 0.6483497191011236 0.6570692883895131 0.6494030898876404 0.6505149812734082 0.6478230337078652 0.6425561797752809 0.6434339887640449 0.6338951310861424 0.640625 0.6301498127340824 0.6336025280898876 0.6306179775280899 0.6302668539325843 0.6324906367041199
1 0.6265800561797753 0.5917602996254682 0.6237710674157303 0.5955056179775281 0.6276334269662921 0.5990168539325843 0.632373595505618 0.6125936329588015 0.6330758426966292 0.6207865168539326 0.6318469101123596 0.6301498127340824 0.6350070224719101 0.6310861423220974 0.636060393258427 0.6336610486891385 0.6372893258426966 0.6343632958801498 0.6478230337078652 0.6228932584269663 0.6502808988764045 0.6161048689138576 0.6506320224719101 0.612125468164794 0.647998595505618 0.6022940074906367 0.6469452247191011 0.5952715355805244 0.6439606741573034 0.591058052434457 0.6383426966292135 0.5889513108614233 0.636938202247191 0.587312734082397 0.6334269662921348 0.5877808988764045
1 0.3201808286516854 0.5091292134831461 0.022384129213483147 0.03160112359550562
1 0.2558813202247191 0.545997191011236 0.014922752808988764 0.030430711610486893
1 0.254125702247191 0.585498595505618 0.020189606741573034 0.033356741573033706
1 0.31513342696629215 0.5904728464419475 0.02457865168539326 0.03628277153558052
1 0.31776685393258425 0.546875 0.02282303370786517 0.03686797752808989
1 0.3144750702247191 0.6238295880149812 0.026773174157303372 0.03628277153558052
1 0.3421260533707865 0.6299742509363296 0.026773174157303372 0.029845505617977528
1 0.36824087078651685 0.6794241573033708 0.023700842696629212 0.029260299625468163
1 0.34124824438202245 0.6694756554307116 0.02326193820224719 0.040964419475655434
1 0.42639571629213485 0.6770833333333334 0.026773174157303372 0.028089887640449437
1 0.40291432584269665 0.6317298689138576 0.028089887640449437 0.031015917602996254
1 0.5157127808988764 0.6873244382022472 0.029845505617977528 0.031015917602996254
1 0.547533356741573 0.683813202247191 0.03379564606741573 0.03686797752808989
1 0.5771594101123596 0.6852762172284644 0.028967696629213485 0.040964419475655434
1 0.605907654494382 0.6896652621722846 0.027650983146067416 0.033356741573033706
1 0.6429950842696629 0.5773057116104869 0.027212078651685394 0.019311797752808987
1 0.5833040730337079 0.5301966292134831 0.025456460674157303 0.038623595505617975
1 0.703783356741573 0.579939138576779 0.019750702247191013 0.029260299625468163
1 0.704002808988764 0.6162219101123596 0.016678370786516853 0.03160112359550562
2 0.23086376404494383 0.47928370786516855 0.7184866573033708 0.5132256554307116 0.7176088483146067 0.7180477528089888 0.2225245786516854 0.6969803370786517