2 0.3522940660112359 0.2988452715355805 0.644311797752809 0.30820856741573033 0.6361188553370787 0.7053682116104869 0.3394194171348315 0.6913232677902622
1 0.4043188202247191 0.37453183520599254 0.03616573033707865 0.04400749063670412
1 0.43416432584269665 0.49625468164794007 0.03616573033707865 0.04400749063670412
1 0.5553019662921348 0.38108614232209737 0.03616573033707865 0.04400749063670412
1 0.5553019662921348 0.4602059925093633 0.03616573033707865 0.04400749063670412
1 0.5549508426966292 0.5032771535580525 0.03616573033707865 0.04400749063670412
1 0.4633075842696629 0.5383895131086143 0.03616573033707865 0.04400749063670412
1 0.46155196629213485 0.6203183520599251 0.03616573033707865 0.04400749063670412
1 0.5851474719101124 0.5852059925093633 0.03616573033707865 0.04400749063670412
0 0.35059691011235955 0.31320224719101125 0.35059691011235955 0.3211610486891386 0.352001404494382 0.32724719101123595 0.35410814606741575 0.33169475655430714 0.359375 0.336376404494382 0.36604634831460675 0.3398876404494382 0.36973314606741575 0.33918539325842695 0.3746488764044944 0.335440074906367 0.3785112359550562 0.32818352059925093 0.3804424157303371 0.32162921348314605 0.37429775280898875 0.3036048689138577 0.37201544943820225 0.30079588014981273 0.3688553370786517 0.29868913857677903 0.36253511235955055 0.2975187265917603 0.3558637640449438 0.29985955056179775 0.35235252808988765 0.30500936329588013
0 0.35270365168539325 0.35580524344569286 0.35217696629213485 0.36680711610486894 0.35428370786516855 0.3728932584269663 0.35797050561797755 0.3780430711610487 0.36271067415730335 0.3817883895131086 0.3706109550561798 0.38202247191011235 0.37570224719101125 0.3796816479400749 0.3792134831460674 0.375936329588015 0.37991573033707865 0.37219101123595505 0.38360252808988765 0.36891385767790263 0.3848314606741573 0.36657303370786515 0.3844803370786517 0.3651685393258427 0.3812324438202247 0.36154026217228463 0.37974016853932585 0.35580524344569286 0.3746488764044944 0.34784644194756553 0.37025983146067415 0.3443352059925094 0.3669241573033708 0.34363295880149813 0.363061797752809 0.3443352059925094 0.3553370786516854 0.350187265917603
0 0.3534058988764045 0.40168539325842695 0.3535814606741573 0.4089419475655431 0.3555126404494382 0.41502808988764045 0.35867275280898875 0.41970973782771537 0.36218398876404495 0.4225187265917603 0.3709620786516854 0.42392322097378277 0.3772823033707865 0.426498127340824 0.3804424157303371 0.426498127340824 0.38360252808988765 0.4241573033707865 0.3846558988764045 0.42158239700374533 0.3848314606741573 0.4178370786516854 0.38412921348314605 0.414559925093633 0.3851825842696629 0.40777153558052437 0.3829002808988764 0.40308988764044945 0.38377808988764045 0.40098314606741575 0.38360252808988765 0.3991104868913858 0.38184691011235955 0.39396067415730335 0.37745786516853935 0.39091760299625467 0.36639747191011235 0.3852996254681648 0.36271067415730335 0.386001872659176 0.3591994382022472 0.3892790262172285 0.3558637640449438 0.39396067415730335 0.35410814606741575 0.397940074906367
0 0.3516502808988764 0.43913857677902624 0.3514747191011236 0.4461610486891386 0.35270365168539325 0.4529494382022472 0.35410814606741575 0.45646067415730335 0.3590238764044944 0.45997191011235955 0.36253511235955055 0.46441947565543074 0.36973314606741575 0.46441947565543074 0.3769311797752809 0.4616104868913858 0.378686797752809 0.4597378277153558 0.383251404494382 0.44967228464419473 0.38219803370786515 0.44686329588014984 0.3825491573033708 0.4419475655430712 0.38167134831460675 0.43515917602996257 0.37798455056179775 0.4302434456928839 0.3734199438202247 0.42837078651685395 0.36815308988764045 0.424625468164794 0.36200842696629215 0.42392322097378277 0.359375 0.42485955056179775 0.35621488764044945 0.42743445692883897 0.3534058988764045 0.4323501872659176 0.35270365168539325 0.43703183520599254
0 0.35217696629213485 0.48852996254681647 0.3514747191011236 0.50187265917603 0.3537570224719101 0.5058520599250936 0.359375 0.5098314606741573 0.363061797752809 0.510065543071161 0.3693820224719101 0.5086610486891385 0.3769311797752809 0.5053838951310862 0.37956460674157305 0.5016385767790262 0.37956460674157305 0.49719101123595505 0.382373595505618 0.488061797752809 0.38377808988764045 0.477059925093633 0.3809691011235955 0.46980337078651685 0.37974016853932585 0.4683988764044944 0.3670997191011236 0.4653558052434457 0.36271067415730335 0.46558988764044945 0.35849719101123595 0.4693352059925094 0.3553370786516854 0.47401685393258425
0 0.3497191011235955 0.5337078651685393 0.3498946629213483 0.5435393258426966 0.3512991573033708 0.5482209737827716 0.3558637640449438 0.5543071161048689 0.3591994382022472 0.5564138576779026 0.36639747191011235 0.5568820224719101 0.37008426966292135 0.5554775280898876 0.3730688202247191 0.5519662921348315 0.375 0.5510299625468165 0.37833567415730335 0.5463483146067416 0.3792134831460674 0.5318352059925093 0.3785112359550562 0.5241104868913857 0.3767556179775281 0.5189606741573034 0.3730688202247191 0.5191947565543071 0.3670997191011236 0.5168539325842697 0.35691713483146065 0.5189606741573034 0.352001404494382 0.524812734082397
0 0.3476123595505618 0.5746722846441947 0.3476123595505618 0.5814606741573034 0.35059691011235955 0.5880149812734082 0.35252808988764045 0.5945692883895131 0.351123595505618 0.599250936329588 0.35252808988764045 0.5997191011235955 0.35603932584269665 0.5966760299625468 0.3634129213483146 0.596441947565543 0.36990870786516855 0.5994850187265918 0.3769311797752809 0.5952715355805244 0.3793890449438202 0.5849719101123596 0.3804424157303371 0.574438202247191 0.3804424157303371 0.5641385767790262 0.3695575842696629 0.5585205992509363 0.3590238764044944 0.5587546816479401 0.3549859550561798 0.5603932584269663 0.35094803370786515 0.5646067415730337 0.3491924157303371 0.5683520599250936
0 0.34041432584269665 0.62312734082397 0.340063202247191 0.6306179775280899 0.34252106741573035 0.636938202247191 0.34620786516853935 0.6423220973782772 0.3481390449438202 0.6437265917602997 0.35639044943820225 0.6425561797752809 0.36271067415730335 0.639747191011236 0.36639747191011235 0.6399812734082397 0.3690308988764045 0.6390449438202247 0.3706109550561798 0.6381086142322098 0.3734199438202247 0.6334269662921348 0.3732443820224719 0.6285112359550562 0.3753511235955056 0.613061797752809 0.3751755617977528 0.6093164794007491 0.37412219101123595 0.6058052434456929 0.3706109550561798 0.6015917602996255 0.366748595505618 0.599250936329588 0.35603932584269665 0.5969101123595506 0.35235252808988765 0.5976123595505618 0.34884129213483145 0.6022940074906367 0.34620786516853935 0.6086142322097379 0.3433988764044944 0.6128277153558053
0 0.34655898876404495 0.6612827715355806 0.3458567415730337 0.6676029962546817 0.34620786516853935 0.6743913857677902 0.3491924157303371 0.6842228464419475 0.35428370786516855 0.6863295880149812 0.35849719101123595 0.6863295880149812 0.36271067415730335 0.6853932584269663 0.36622191011235955 0.6832865168539326 0.3706109550561798 0.6783707865168539 0.37236657303370785 0.6748595505617978 0.37429775280898875 0.6575374531835206 0.37359550561797755 0.6544943820224719 0.3707865168539326 0.649812734082397 0.36622191011235955 0.6458333333333334 0.3616573033707865 0.6446629213483146 0.35235252808988765 0.647003745318352 0.3495435393258427 0.6519194756554307
0 0.37570224719101125 0.6676029962546817 0.37552668539325845 0.6816479400749064 0.3767556179775281 0.6875 0.38360252808988765 0.6933520599250936 0.3862359550561798 0.6926498127340824 0.38992275280898875 0.6900749063670412 0.3941362359550562 0.6891385767790262 0.39571629213483145 0.6867977528089888 0.40133426966292135 0.6823501872659176 0.40344101123595505 0.6753277153558053 0.40379213483146065 0.6612827715355806 0.40098314606741575 0.6481741573033708 0.39712078651685395 0.6441947565543071 0.3904494382022472 0.6451310861423221 0.38149578651685395 0.6505149812734082 0.378686797752809 0.6544943820224719
0 0.37552668539325845 0.6196161048689138 0.3751755617977528 0.6334269662921348 0.37605337078651685 0.6376404494382022 0.37412219101123595 0.6385767790262172 0.3730688202247191 0.6406835205992509 0.3765800561797753 0.6477059925093633 0.37956460674157305 0.6491104868913857 0.3848314606741573 0.6474719101123596 0.3883426966292135 0.6437265917602997 0.394311797752809 0.6406835205992509 0.3964185393258427 0.6371722846441947 0.3964185393258427 0.6334269662921348 0.4002808988764045 0.6317883895131086 0.4020365168539326 0.62687265917603 0.4006320224719101 0.62312734082397 0.4008075842696629 0.6179775280898876 0.39940308988764045 0.613061797752809 0.39940308988764045 0.6093164794007491 0.3967696629213483 0.6046348314606742 0.3948384831460674 0.6036985018726592 0.3867626404494382 0.6041666666666666 0.3827247191011236 0.6058052434456929 0.37833567415730335 0.6109550561797753
0 0.38395365168539325 0.5676498127340824 0.3851825842696629 0.5706928838951311 0.38588483146067415 0.5807584269662921 0.38360252808988765 0.5830992509363296 0.3813202247191011 0.5887172284644194 0.3883426966292135 0.599250936329588 0.3908005617977528 0.600187265917603 0.39571629213483145 0.5987827715355806 0.39940308988764045 0.5957397003745318 0.4046699438202247 0.5955056179775281 0.40765449438202245 0.5931647940074907 0.4102879213483146 0.5884831460674157 0.4122191011235955 0.5819288389513109 0.4122191011235955 0.5746722846441947 0.4106390449438202 0.5664794007490637 0.4106390449438202 0.56062734082397 0.4078300561797753 0.5573501872659176 0.3999297752808989 0.5554775280898876 0.3950140449438202 0.5571161048689138 0.3909761235955056 0.5601591760299626 0.3871137640449438 0.5601591760299626 0.38570926966292135 0.5622659176029963
0 0.383251404494382 0.525749063670412 0.3829002808988764 0.5330056179775281 0.38360252808988765 0.5365168539325843 0.3811446629213483 0.5468164794007491 0.38360252808988765 0.5512640449438202 0.3886938202247191 0.5552434456928839 0.3902738764044944 0.5559456928838952 0.39343398876404495 0.5554775280898876 0.40291432584269665 0.5522003745318352 0.40870786516853935 0.5461142322097379 0.4120435393258427 0.5400280898876404 0.41309691011235955 0.5332397003745318 0.41327247191011235 0.5252808988764045 0.41151685393258425 0.5189606741573034 0.4078300561797753 0.514747191011236 0.39764747191011235 0.5126404494382022 0.39396067415730335 0.5126404494382022 0.39132724719101125 0.513810861423221 0.38553370786516855 0.5189606741573034
0 0.3864115168539326 0.43679775280898875 0.3871137640449438 0.4421816479400749 0.38588483146067415 0.4461610486891386 0.38606039325842695 0.45646067415730335 0.3890449438202247 0.4639513108614232 0.39308286516853935 0.4681647940074906 0.39782303370786515 0.47027153558052437 0.40291432584269665 0.47120786516853935 0.41134129213483145 0.47073970037453183 0.41502808988764045 0.45997191011235955 0.41520365168539325 0.45271535580524347 0.4160814606741573 0.4482677902621723 0.4160814606741573 0.44569288389513106 0.4143258426966292 0.43937265917602997 0.4122191011235955 0.43586142322097376 0.40765449438202245 0.43164794007490637 0.40098314606741575 0.43000936329588013 0.39360955056179775 0.4241573033707865 0.39202949438202245 0.42532771535580527 0.39115168539325845 0.4328183520599251 0.38746488764044945 0.4342228464419476
0 0.39308286516853935 0.38717228464419473 0.39378511235955055 0.3916198501872659 0.3929073033707865 0.39279026217228463 0.390625 0.39232209737827717 0.38957162921348315 0.39396067415730335 0.39009831460674155 0.40777153558052437 0.39202949438202245 0.4187734082397004 0.39554073033707865 0.4229868913857678 0.40115870786516855 0.426498127340824 0.40537219101123595 0.42696629213483145 0.41134129213483145 0.4250936329588015 0.41695926966292135 0.4187734082397004 0.418188202247191 0.414559925093633 0.41871488764044945 0.41151685393258425 0.4183637640449438 0.40402621722846443 0.41924157303370785 0.40098314606741575 0.41731039325842695 0.3960674157303371 0.41485252808988765 0.39232209737827717 0.4081811797752809 0.38881086142322097 0.4008075842696629 0.3883426966292135 0.39764747191011235 0.386001872659176 0.39396067415730335 0.386001872659176
0 0.3827247191011236 0.3312265917602996 0.38202247191011235 0.3410580524344569 0.3809691011235955 0.34527153558052437 0.3827247191011236 0.3485486891385768 0.38360252808988765 0.3522940074906367 0.38553370786516855 0.3529962546816479 0.3883426966292135 0.35580524344569286 0.39747191011235955 0.3574438202247191 0.4078300561797753 0.3522940074906367 0.4116924157303371 0.3487827715355805 0.413623595505618 0.34386704119850187 0.41537921348314605 0.3419943820224719 0.41485252808988765 0.335440074906367 0.4137991573033708 0.3321629213483146 0.4141502808988764 0.3279494382022472 0.4123946629213483 0.32303370786516855 0.4101123595505618 0.3202247191011236 0.40098314606741575 0.3150749063670412 0.39360955056179775 0.3146067415730337 0.390625 0.3157771535580524 0.3871137640449438 0.32069288389513106
0 0.41889044943820225 0.3155430711610487 0.41889044943820225 0.32514044943820225 0.421875 0.33590823970037453 0.42854634831460675 0.3419943820224719 0.4357443820224719 0.34269662921348315 0.4392556179775281 0.33965355805243447 0.4429424157303371 0.33192883895131087 0.4436446629213483 0.3265449438202247 0.4432935393258427 0.31741573033707865 0.4417134831460674 0.31109550561797755 0.4396067415730337 0.30711610486891383 0.4355688202247191 0.3047752808988764 0.43293539325842695 0.30430711610486894 0.4276685393258427 0.3052434456928839 0.42240168539325845 0.30852059925093633
0 0.4178370786516854 0.3796816479400749 0.4176615168539326 0.3836610486891386 0.4236306179775281 0.3862359550561798 0.42521067415730335 0.38974719101123595 0.42714185393258425 0.3904494382022472 0.4297752808988764 0.3904494382022472 0.43100421348314605 0.38764044943820225 0.43223314606741575 0.38857677902621723 0.43872893258426965 0.3874063670411985 0.44048455056179775 0.3852996254681648 0.4452247191011236 0.3836610486891386 0.4490870786516854 0.37663857677902624 0.44838483146067415 0.375 0.4487359550561798 0.3625936329588015 0.44820926966292135 0.35931647940074907 0.43855337078651685 0.3506554307116105 0.43223314606741575 0.350187265917603 0.42661516853932585 0.35252808988764045 0.42327949438202245 0.35814606741573035
0 0.4216994382022472 0.41081460674157305 0.4197682584269663 0.42158239700374533 0.42099719101123595 0.426498127340824 0.4253862359550562 0.4328183520599251 0.43100421348314605 0.4363295880149813 0.4394311797752809 0.43609550561797755 0.44417134831460675 0.4323501872659176 0.45031601123595505 0.4250936329588015 0.45189606741573035 0.4190074906367041 0.45189606741573035 0.4075374531835206 0.45049157303370785 0.40051498127340823 0.4476825842696629 0.3967696629213483 0.4394311797752809 0.39232209737827717 0.4352176966292135 0.3920880149812734 0.4320575842696629 0.39302434456928836 0.4280196629213483 0.3960674157303371 0.42485955056179775 0.40051498127340823
0 0.4162570224719101 0.45880149812734083 0.4160814606741573 0.47401685393258425 0.41660814606741575 0.4772940074906367 0.4183637640449438 0.4803370786516854 0.4222261235955056 0.48103932584269665 0.4352176966292135 0.47846441947565543 0.4390800561797753 0.476123595505618 0.4431179775280899 0.47027153558052437 0.4438202247191011 0.46769662921348315 0.44417134831460675 0.4592696629213483 0.445751404494382 0.4529494382022472 0.4455758426966292 0.449438202247191 0.44417134831460675 0.44592696629213485 0.441186797752809 0.4440543071161049 0.43697331460674155 0.43913857677902624 0.42854634831460675 0.4375 0.4220505617977528 0.4400749063670412 0.418188202247191 0.4426498127340824
0 0.4155547752808989 0.5276217228464419 0.4155547752808989 0.5348782771535581 0.41731039325842695 0.5430711610486891 0.41924157303370785 0.5465823970037453 0.42240168539325845 0.548689138576779 0.4281952247191011 0.5514981273408239 0.4357443820224719 0.5514981273408239 0.4394311797752809 0.5484550561797753 0.4429424157303371 0.5433052434456929 0.44399578651685395 0.5369850187265918 0.4436446629213483 0.5290262172284644 0.441186797752809 0.5224719101123596 0.44083567415730335 0.5191947565543071 0.4394311797752809 0.5177902621722846 0.4294241573033708 0.513810861423221 0.42661516853932585 0.5142790262172284 0.42134831460674155 0.5173220973782772 0.41678370786516855 0.5222378277153558
0 0.4143258426966292 0.5629681647940075 0.4141502808988764 0.5676498127340824 0.41537921348314605 0.5704588014981273 0.4162570224719101 0.5849719101123596 0.4178370786516854 0.5887172284644194 0.4202949438202247 0.5919943820224719 0.42854634831460675 0.5959737827715356 0.43258426966292135 0.5959737827715356 0.43855337078651685 0.5941011235955056 0.4410112359550562 0.5912921348314607 0.4434691011235955 0.5849719101123596 0.44469803370786515 0.5784176029962547 0.444873595505618 0.5699906367041199 0.4432935393258427 0.5639044943820225 0.44083567415730335 0.5596910112359551 0.4355688202247191 0.5557116104868914 0.42837078651685395 0.5545411985018727 0.4259129213483146 0.5531367041198502 0.421875 0.5529026217228464 0.4195926966292135 0.5543071161048689
0 0.40625 0.6135299625468165 0.40625 0.6196161048689138 0.40747893258426965 0.6273408239700374 0.4101123595505618 0.6313202247191011 0.41502808988764045 0.6348314606741573 0.4215238764044944 0.6376404494382022 0.425561797752809 0.637874531835206 0.42854634831460675 0.6355337078651685 0.43223314606741575 0.6341292134831461 0.4359199438202247 0.6341292134831461 0.43890449438202245 0.6301498127340824 0.4378511235955056 0.6273408239700374 0.44030898876404495 0.62312734082397 0.43995786516853935 0.6191479400749064 0.44066011235955055 0.6158707865168539 0.4373244382022472 0.6093164794007491 0.43223314606741575 0.6020599250936329 0.425561797752809 0.5994850187265918 0.41467696629213485 0.600187265917603 0.41134129213483145 0.6020599250936329 0.40905898876404495 0.6053370786516854
0 0.4060744382022472 0.6683052434456929 0.4058988764044944 0.6783707865168539 0.4080056179775281 0.6823501872659176 0.4106390449438202 0.6835205992509363 0.41134129213483145 0.6849250936329588 0.41485252808988765 0.6846910112359551 0.4216994382022472 0.6821161048689138 0.4295997191011236 0.675561797752809 0.4334620786516854 0.6647940074906367 0.43416432584269665 0.6603464419475655 0.4331109550561798 0.650749063670412 0.4313553370786517 0.6439606741573034 0.42854634831460675 0.6411516853932584 0.4222261235955056 0.639747191011236 0.41485252808988765 0.6404494382022472 0.41116573033707865 0.6427902621722846 0.4081811797752809 0.6474719101123596 0.40695224719101125 0.6509831460674157 0.40695224719101125 0.6582397003745318 0.4080056179775281 0.6647940074906367
0 0.4371488764044944 0.650749063670412 0.4376755617977528 0.6563670411985019 0.43662219101123595 0.6683052434456929 0.4376755617977528 0.6718164794007491 0.4429424157303371 0.6776685393258427 0.4487359550561798 0.6790730337078652 0.45646067415730335 0.6788389513108615 0.45768960674157305 0.677434456928839 0.4589185393258427 0.6753277153558053 0.4590941011235955 0.6722846441947565 0.460498595505618 0.6701779026217228 0.465063202247191 0.6575374531835206 0.4664676966292135 0.6514513108614233 0.4648876404494382 0.6474719101123596 0.4608497191011236 0.6432584269662921 0.45189606741573035 0.6409176029962547 0.445751404494382 0.641619850187266 0.44399578651685395 0.6404494382022472 0.4438202247191011 0.6383426966292135 0.4429424157303371 0.6374063670411985 0.44066011235955055 0.6420880149812734 0.4376755617977528 0.6439606741573034 0.43872893258426965 0.6479400749063671 0.4375 0.6491104868913857
0 0.44785814606741575 0.5730337078651685 0.4476825842696629 0.5779494382022472 0.44856039325842695 0.5856741573033708 0.45031601123595505 0.5908239700374532 0.45365168539325845 0.5943352059925093 0.46400983146067415 0.5948033707865169 0.4669943820224719 0.5966760299625468 0.4708567415730337 0.5929307116104869 0.4745435393258427 0.5814606741573034 0.4750702247191011 0.5760767790262172 0.4747191011235955 0.5664794007490637 0.4727879213483146 0.5625 0.46980337078651685 0.5601591760299626 0.4624297752808989 0.5587546816479401 0.45628511235955055 0.5589887640449438 0.4534761235955056 0.56062734082397 0.4490870786516854 0.5650749063670412
0 0.44610252808988765 0.4964887640449438 0.44627808988764045 0.5016385767790262 0.44785814606741575 0.5088951310861424 0.45207162921348315 0.5135767790262172 0.45979634831460675 0.5156835205992509 0.46383426966292135 0.5149812734082397 0.46804775280898875 0.5133426966292135 0.47384129213483145 0.5091292134831461 0.4741924157303371 0.5049157303370787 0.4731390449438202 0.4911048689138577 0.47155898876404495 0.4854868913857678 0.46875 0.4824438202247191 0.45997191011235955 0.4803370786516854 0.45646067415730335 0.48057116104868913 0.45207162921348315 0.4833801498127341 0.4489115168539326 0.487125468164794 0.4468047752808989 0.4913389513108614
0 0.44838483146067415 0.45482209737827717 0.4490870786516854 0.4658239700374532 0.4511938202247191 0.47237827715355807 0.45382724719101125 0.47495318352059923 0.45962078651685395 0.47659176029962547 0.46594101123595505 0.4756554307116105 0.4708567415730337 0.4737827715355805 0.4747191011235955 0.46324906367041196 0.476123595505618 0.45669475655430714 0.4747191011235955 0.44803370786516855 0.4729634831460674 0.44545880149812733 0.46769662921348315 0.4426498127340824 0.45646067415730335 0.43937265917602997 0.453125 0.4419475655430712 0.45049157303370785 0.4461610486891386 0.45014044943820225 0.44967228464419473
0 0.4550561797752809 0.4169007490636704 0.45382724719101125 0.42181647940074907 0.4552317415730337 0.42743445692883897 0.45839185393258425 0.4339887640449438 0.45997191011235955 0.43609550561797755 0.4629564606741573 0.4375 0.4706811797752809 0.43890449438202245 0.4748946629213483 0.43703183520599254 0.47787921348314605 0.43375468164794007 0.47981039325842695 0.4288389513108614 0.48156601123595505 0.4147940074906367 0.4801615168539326 0.41081460674157305 0.477001404494382 0.4056647940074906 0.47384129213483145 0.40308988764044945 0.46980337078651685 0.4023876404494382 0.4668188202247191 0.40308988764044945 0.4627808988764045 0.4058988764044944 0.45786516853932585 0.41151685393258425
0 0.4533005617977528 0.37312734082397003 0.45207162921348315 0.3801498127340824 0.45242275280898875 0.38108614232209737 0.45768960674157305 0.39021535580524347 0.46155196629213485 0.3934925093632959 0.46629213483146065 0.3951310861423221 0.4741924157303371 0.39419475655430714 0.4784058988764045 0.39115168539325845 0.4801615168539326 0.38717228464419473 0.48174157303370785 0.3771067415730337 0.48139044943820225 0.36914794007490637 0.4782303370786517 0.362125468164794 0.47384129213483145 0.3579119850187266 0.4669943820224719 0.35697565543071164 0.46155196629213485 0.35931647940074907 0.45610955056179775 0.3663389513108614
0 0.4489115168539326 0.32818352059925093 0.44803370786516855 0.34012172284644193 0.44645365168539325 0.34597378277153557 0.4469803370786517 0.34925093632958804 0.4496137640449438 0.351123595505618 0.45049157303370785 0.3527621722846442 0.449438202247191 0.35580524344569286 0.45189606741573035 0.35603932584269665 0.45400280898876405 0.35767790262172283 0.45997191011235955 0.3583801498127341 0.4748946629213483 0.3506554307116105 0.47735252808988765 0.3485486891385768 0.47945926966292135 0.33824906367041196 0.4787570224719101 0.33590823970037453 0.4780547752808989 0.325374531835206 0.4762991573033708 0.31858614232209737 0.4747191011235955 0.31624531835205993 0.47015449438202245 0.31437265917602997 0.4608497191011236 0.31273408239700373 0.4566362359550562 0.3136704119850187 0.4513693820224719 0.31952247191011235
0 0.48507724719101125 0.32841760299625467 0.48490168539325845 0.33192883895131087 0.4878862359550562 0.34948501872659177 0.4901685393258427 0.3522940074906367 0.491748595505618 0.3529962546816479 0.49859550561797755 0.3529962546816479 0.5010533707865169 0.352059925093633 0.5040379213483146 0.34901685393258425 0.5068469101123596 0.3443352059925094 0.5103581460674157 0.33146067415730335 0.5103581460674157 0.32186329588014984 0.5086025280898876 0.3171816479400749 0.5057935393258427 0.31273408239700373 0.49859550561797755 0.30969101123595505 0.49508426966292135 0.31015917602996257 0.4899929775280899 0.31296816479400746 0.48700842696629215 0.3171816479400749
0 0.4847261235955056 0.3728932584269663 0.48367275280898875 0.3852996254681648 0.480688202247191 0.39419475655430714 0.4827949438202247 0.397940074906367 0.488061797752809 0.4033239700374532 0.49157303370786515 0.4044943820224719 0.4977176966292135 0.4012172284644195 0.5050912921348315 0.4002808988764045 0.508251404494382 0.39747191011235955 0.5117626404494382 0.39068352059925093 0.5112359550561798 0.3874063670411985 0.5128160112359551 0.38085205992509363 0.5121137640449438 0.37476591760299627 0.5105337078651685 0.37008426966292135 0.5050912921348315 0.36446629213483145 0.49877106741573035 0.3625936329588015 0.49139747191011235 0.363998127340824 0.4884129213483146 0.36587078651685395 0.48577949438202245 0.36961610486891383
0 0.4864817415730337 0.4166666666666667 0.4863061797752809 0.42532771535580527 0.48753511235955055 0.4318820224719101 0.49157303370786515 0.43703183520599254 0.4978932584269663 0.43913857677902624 0.5049157303370787 0.43796816479400746 0.5100070224719101 0.42954119850187267 0.5115870786516854 0.42181647940074907 0.5108848314606742 0.4152621722846442 0.5093047752808989 0.4110486891385768 0.5047401685393258 0.4049625468164794 0.4980688202247191 0.40402621722846443 0.49297752808988765 0.4058988764044944 0.48893960674157305 0.40987827715355807
0 0.4803370786516854 0.4562265917602996 0.4799859550561798 0.46348314606741575 0.48121488764044945 0.4660580524344569 0.48191713483146065 0.47027153558052437 0.4840238764044944 0.4737827715355805 0.48753511235955055 0.4758895131086142 0.49525983146067415 0.476123595505618 0.500877808988764 0.47448501872659177 0.5035112359550562 0.4714419475655431 0.5057935393258427 0.4639513108614232 0.5052668539325843 0.45318352059925093 0.5031601123595506 0.4477996254681648 0.5019311797752809 0.4461610486891386 0.4998244382022472 0.4452247191011236 0.49122191011235955 0.44335205992509363 0.48771067415730335 0.4438202247191011 0.48490168539325845 0.44592696629213485 0.4827949438202247 0.44897003745318353 0.4808637640449438 0.45318352059925093
0 0.47981039325842695 0.4974250936329588 0.47963483146067415 0.5058520599250936 0.48121488764044945 0.5121722846441947 0.4826193820224719 0.5156835205992509 0.48771067415730335 0.5198970037453183 0.4980688202247191 0.5198970037453183 0.5054424157303371 0.5177902621722846 0.5080758426966292 0.5154494382022472 0.5089536516853933 0.5126404494382022 0.508251404494382 0.5091292134831461 0.5091292134831461 0.5053838951310862 0.5084269662921348 0.4978932584269663 0.5052668539325843 0.4875936329588015 0.5017556179775281 0.48384831460674155 0.49122191011235955 0.4812734082397004 0.48490168539325845 0.4857209737827715 0.4808637640449438 0.4911048689138577
0 0.4785814606741573 0.5372191011235955 0.4785814606741573 0.5465823970037453 0.4803370786516854 0.5538389513108615 0.48314606741573035 0.5580524344569289 0.48771067415730335 0.5608614232209738 0.4982443820224719 0.5613295880149812 0.5017556179775281 0.5592228464419475 0.5054424157303371 0.5533707865168539 0.507373595505618 0.5465823970037453 0.5066713483146067 0.5327715355805244 0.5033356741573034 0.5255149812734082 0.49859550561797755 0.5224719101123596 0.49122191011235955 0.5213014981273408 0.4863061797752809 0.5227059925093633 0.4827949438202247 0.5259831460674157 0.48156601123595505 0.5294943820224719 0.47945926966292135 0.5323033707865169
0 0.4787570224719101 0.5779494382022472 0.47752808988764045 0.584503745318352 0.47752808988764045 0.5884831460674157 0.47928370786516855 0.5957397003745318 0.4820926966292135 0.601123595505618 0.48753511235955055 0.6041666666666666 0.49122191011235955 0.6046348314606742 0.49508426966292135 0.6036985018726592 0.5031601123595506 0.5987827715355806 0.5029845505617978 0.5952715355805244 0.5038623595505618 0.5922284644194756 0.5042134831460674 0.5849719101123596 0.5007022471910112 0.5716292134831461 0.5005266853932584 0.5676498127340824 0.49859550561797755 0.5657771535580525 0.4919241573033708 0.5639044943820225 0.484375 0.5655430711610487 0.48139044943820225 0.5676498127340824 0.4808637640449438 0.5718632958801498
0 0.4764747191011236 0.6205524344569289 0.476123595505618 0.6336610486891385 0.47752808988764045 0.6404494382022472 0.4799859550561798 0.6441947565543071 0.48753511235955055 0.6477059925093633 0.49157303370786515 0.6484082397003745 0.4964887640449438 0.6458333333333334 0.4998244382022472 0.6427902621722846 0.5035112359550562 0.636938202247191 0.5038623595505618 0.6259363295880149 0.5003511235955056 0.6142322097378277 0.5001755617977528 0.6093164794007491 0.4922752808988764 0.6074438202247191 0.4878862359550562 0.6076779026217228 0.48384831460674155 0.6093164794007491 0.4785814606741573 0.6154026217228464
0 0.4668188202247191 0.6577715355805244 0.4629564606741573 0.6683052434456929 0.46418539325842695 0.6713483146067416 0.4633075842696629 0.6753277153558053 0.46558988764044945 0.6793071161048689 0.4671699438202247 0.68562734082397 0.47349016853932585 0.6884363295880149 0.48771067415730335 0.6867977528089888 0.4922752808988764 0.6828183520599251 0.49490870786516855 0.6783707865168539 0.49736657303370785 0.6718164794007491 0.49754213483146065 0.6638576779026217 0.49701544943820225 0.661750936329588 0.49280196629213485 0.6512172284644194 0.4905196629213483 0.6495786516853933 0.480688202247191 0.6460674157303371 0.4762991573033708 0.6460674157303371 0.47384129213483145 0.6472378277153558
0 0.5050912921348315 0.6610486891385767 0.5054424157303371 0.6643258426966292 0.504564606741573 0.6680711610486891 0.504564606741573 0.6750936329588015 0.5056179775280899 0.6816479400749064 0.507373595505618 0.6853932584269663 0.511938202247191 0.6891385767790262 0.5150983146067416 0.6900749063670412 0.5212429775280899 0.6903089887640449 0.5245786516853933 0.6889044943820225 0.5282654494382022 0.6832865168539326 0.5294943820224719 0.6790730337078652 0.5296699438202247 0.6647940074906367 0.5259831460674157 0.6544943820224719 0.5224719101123596 0.6526217228464419 0.5189606741573034 0.6491104868913857 0.514747191011236 0.6500468164794008 0.5121137640449438 0.648876404494382 0.5101825842696629 0.6542602996254682 0.5086025280898876 0.6551966292134831
0 0.5079002808988764 0.614934456928839 0.5089536516853933 0.6203183520599251 0.5084269662921348 0.6233614232209738 0.5114115168539326 0.6278089887640449 0.511938202247191 0.6334269662921348 0.5143960674157303 0.6406835205992509 0.5221207865168539 0.6446629213483146 0.5296699438202247 0.6451310861423221 0.5342345505617978 0.6423220973782772 0.5379213483146067 0.6371722846441947 0.5402036516853933 0.62687265917603 0.5402036516853933 0.6196161048689138 0.5368679775280899 0.6104868913857678 0.5333567415730337 0.6060393258426966 0.5224719101123596 0.6013576779026217 0.5159761235955056 0.6022940074906367 0.5114115168539326 0.6062734082397003 0.5094803370786517 0.6093164794007491
0 0.5033356741573034 0.5641385767790262 0.5033356741573034 0.5718632958801498 0.5043890449438202 0.5781835205992509 0.5070224719101124 0.5842696629213483 0.5080758426966292 0.5889513108614233 0.5115870786516854 0.5938670411985019 0.515625 0.596441947565543 0.5219452247191011 0.5976123595505618 0.5259831460674157 0.5962078651685393 0.5317766853932584 0.5969101123595506 0.5354634831460674 0.5999531835205992 0.5363412921348315 0.6018258426966292 0.538623595505618 0.5950374531835206 0.5359901685393258 0.5901217228464419 0.534936797752809 0.5849719101123596 0.5363412921348315 0.5751404494382022 0.5356390449438202 0.5706928838951311 0.5359901685393258 0.5676498127340824 0.53125 0.56062734082397 0.5263342696629213 0.5582865168539326 0.515625 0.5585205992509363 0.511938202247191 0.5561797752808989 0.5068469101123596 0.5587546816479401
0 0.5114115168539326 0.5222378277153558 0.5105337078651685 0.5273876404494382 0.5128160112359551 0.5422127808988765 0.5128160112359551 0.5500936329588015 0.5150983146067416 0.5547752808988764 0.5186095505617978 0.5559456928838952 0.5258075842696629 0.5552434456928839 0.5331811797752809 0.5529026217228464 0.5351123595505618 0.5512640449438202 0.5393258426966292 0.5433052434456929 0.5410814606741573 0.5294943820224719 0.538623595505618 0.5187265917602997 0.5351123595505618 0.5159176029962547 0.5363412921348315 0.511938202247191 0.5328300561797753 0.5112359550561798 0.5300210674157303 0.5159176029962547 0.526685393258427 0.5142790262172284 0.5228230337078652 0.5152153558052435 0.5189606741573034 0.514747191011236
0 0.5121137640449438 0.48852996254681647 0.5117626404494382 0.4911048689138577 0.5126404494382022 0.49414794007490637 0.5135182584269663 0.5049157303370787 0.5145716292134831 0.5072565543071161 0.5172050561797753 0.510065543071161 0.5221207865168539 0.5124063670411985 0.5270365168539326 0.5121722846441947 0.530372191011236 0.510065543071161 0.5337078651685393 0.5093632958801498 0.5370435393258427 0.5051498127340824 0.5384480337078652 0.49812734082397003 0.5389747191011236 0.4875936329588015 0.5370435393258427 0.4812734082397004 0.5326544943820225 0.476123595505618 0.526685393258427 0.47401685393258425 0.5191362359550562 0.4756554307116105 0.5143960674157303 0.48080524344569286
0 0.5108848314606742 0.45014044943820225 0.511060393258427 0.4595037453183521 0.5128160112359551 0.4648876404494382 0.516502808988764 0.4691011235955056 0.5237008426966292 0.4716760299625468 0.5287921348314607 0.47120786516853935 0.5333567415730337 0.4679307116104869 0.5365168539325843 0.46348314606741575 0.5382724719101124 0.45646067415730335 0.5379213483146067 0.44592696629213485 0.5335323033707865 0.43586142322097376 0.5305477528089888 0.4339887640449438 0.5219452247191011 0.4339887640449438 0.5159761235955056 0.43773408239700373 0.5114115168539326 0.44545880149812733
0 0.5112359550561798 0.4035580524344569 0.5114115168539326 0.41081460674157305 0.5136938202247191 0.42134831460674155 0.5191362359550562 0.42790262172284643 0.522998595505618 0.4288389513108614 0.5294943820224719 0.42837078651685395 0.5331811797752809 0.4262640449438202 0.5359901685393258 0.42158239700374533 0.5375702247191011 0.40730337078651685 0.5354634831460674 0.3981741573033708 0.5337078651685393 0.3955992509363296 0.5261587078651685 0.39232209737827717 0.5212429775280899 0.39279026217228463 0.5136938202247191 0.398876404494382
0 0.5187851123595506 0.36797752808988765 0.5182584269662921 0.3698501872659176 0.5200140449438202 0.37312734082397003 0.5187851123595506 0.37663857677902624 0.5212429775280899 0.3815543071161049 0.5244030898876404 0.38553370786516855 0.5328300561797753 0.3899812734082397 0.5363412921348315 0.3890449438202247 0.5377457865168539 0.38647003745318353 0.5412570224719101 0.3836610486891386 0.5447682584269663 0.37336142322097376 0.5447682584269663 0.36914794007490637 0.5433637640449438 0.36235955056179775 0.5398525280898876 0.35720973782771537 0.5354634831460674 0.35369850187265917 0.5326544943820225 0.35346441947565543 0.5272120786516854 0.35510299625468167 0.5222963483146067 0.3586142322097378
0 0.5138693820224719 0.324438202247191 0.5136938202247191 0.32818352059925093 0.5126404494382022 0.33146067415730335 0.5140449438202247 0.335440074906367 0.5138693820224719 0.33918539325842695 0.5145716292134831 0.3419943820224719 0.5131671348314607 0.3450374531835206 0.5131671348314607 0.3487827715355805 0.5138693820224719 0.3522940074906367 0.5150983146067416 0.3539325842696629 0.5187851123595506 0.35603932584269665 0.522998595505618 0.35603932584269665 0.5286165730337079 0.35346441947565543 0.5398525280898876 0.3508895131086142 0.5414325842696629 0.34925093632958804 0.5421348314606742 0.3445692883895131 0.5440660112359551 0.3419943820224719 0.5438904494382022 0.32420411985018727 0.5419592696629213 0.3196395131086142 0.5421348314606742 0.3176498127340824 0.5398525280898876 0.31273408239700373 0.5300210674157303 0.3103932584269663 0.5259831460674157 0.31086142322097376 0.519311797752809 0.3146067415730337
0 0.5449438202247191 0.33239700374531833 0.5438904494382022 0.34901685393258425 0.546875 0.35580524344569286 0.5533707865168539 0.3579119850187266 0.5614466292134831 0.35697565543071164 0.5646067415730337 0.3553370786516854 0.5682935393258427 0.3487827715355805 0.5677668539325843 0.34527153558052437 0.5705758426966292 0.33848314606741575 0.5705758426966292 0.3330992509363296 0.5693469101123596 0.3279494382022472 0.5658356741573034 0.32092696629213485 0.5607443820224719 0.3181179775280899 0.5570575842696629 0.31788389513108617 0.5526685393258427 0.3192883895131086 0.5482794943820225 0.32397003745318353 0.5461727528089888 0.32771535580524347
0 0.5387991573033708 0.42485955056179775 0.5389747191011236 0.43211610486891383 0.5430126404494382 0.43913857677902624 0.5435393258426966 0.44241573033707865 0.5410814606741573 0.4461610486891386 0.5417837078651685 0.4499063670411985 0.5433637640449438 0.4524812734082397 0.5502106741573034 0.4506086142322097 0.5635533707865169 0.4438202247191011 0.5647823033707865 0.44241573033707865 0.5668890449438202 0.43562734082397003 0.5674157303370787 0.42134831460674155 0.5667134831460674 0.41385767790262173 0.5658356741573034 0.4122191011235955 0.5619733146067416 0.40987827715355807 0.5503862359550562 0.4075374531835206 0.5445926966292135 0.41034644194756553 0.5419592696629213 0.4133895131086142
0 0.5375702247191011 0.5507958801498127 0.5370435393258427 0.5538389513108615 0.5389747191011236 0.5599250936329588 0.5398525280898876 0.5655430711610487 0.5426615168539326 0.5720973782771536 0.5586376404494382 0.5699906367041199 0.5625 0.5671816479400749 0.5644311797752809 0.56062734082397 0.5654845505617978 0.5475187265917603 0.5646067415730337 0.5397940074906367 0.558813202247191 0.5311329588014981 0.5535463483146067 0.5280898876404494 0.5500351123595506 0.5276217228464419 0.5465238764044944 0.5294943820224719 0.542310393258427 0.5334737827715356 0.5398525280898876 0.5447097378277154
0 0.5451193820224719 0.5777153558052435 0.5437148876404494 0.5812265917602997 0.5445926966292135 0.5866104868913857 0.5449438202247191 0.598314606741573 0.5482794943820225 0.6044007490636704 0.5535463483146067 0.608380149812734 0.563377808988764 0.6100187265917603 0.5642556179775281 0.6100187265917603 0.5681179775280899 0.6058052434456929 0.5695224719101124 0.5987827715355806 0.5709269662921348 0.5955056179775281 0.5711025280898876 0.5880149812734082 0.5674157303370787 0.579119850187266 0.5654845505617978 0.576310861423221 0.5607443820224719 0.5730337078651685 0.5528441011235955 0.5723314606741573 0.5479283707865169 0.5739700374531835
0 0.5421348314606742 0.6196161048689138 0.5424859550561798 0.636938202247191 0.5461727528089888 0.6491104868913857 0.5482794943820225 0.6514513108614233 0.5547752808988764 0.6547284644194756 0.5603932584269663 0.6568352059925093 0.5640800561797753 0.6566011235955056 0.567064606741573 0.651685393258427 0.5696980337078652 0.6441947565543071 0.569873595505618 0.62312734082397 0.5689957865168539 0.6198501872659176 0.5640800561797753 0.6151685393258427 0.5474016853932584 0.6118913857677902 0.5430126404494382 0.6165730337078652
0 0.532127808988764 0.6612827715355806 0.5330056179775281 0.6643258426966292 0.5323033707865169 0.6680711610486891 0.5328300561797753 0.6793071161048689 0.5319522471910112 0.6821161048689138 0.5352879213483146 0.6877340823970037 0.5396769662921348 0.6924157303370787 0.5466994382022472 0.6940543071161048 0.554248595505618 0.6926498127340824 0.5582865168539326 0.6886704119850188 0.5614466292134831 0.6835205992509363 0.5642556179775281 0.6718164794007491 0.5619733146067416 0.6610486891385767 0.554248595505618 0.6542602996254682 0.5509129213483146 0.6530898876404494 0.543188202247191 0.6446629213483146 0.5403792134831461 0.6434925093632958 0.5389747191011236 0.6439606741573034 0.5398525280898876 0.6512172284644194 0.5387991573033708 0.651685393258427
0 0.5626755617977528 0.6821161048689138 0.5625 0.6858614232209738 0.5639044943820225 0.6879681647940075 0.5668890449438202 0.6903089887640449 0.5705758426966292 0.6912453183520599 0.5851474719101124 0.6896067415730337 0.589185393258427 0.6867977528089888 0.5926966292134831 0.6821161048689138 0.5951544943820225 0.674625468164794 0.5953300561797753 0.6683052434456929 0.59375 0.6594101123595506 0.5921699438202247 0.6547284644194756 0.5793539325842697 0.6491104868913857 0.5742626404494382 0.648876404494382 0.5716292134831461 0.650749063670412 0.5656601123595506 0.6603464419475655 0.5646067415730337 0.6647940074906367 0.5651334269662921 0.6673689138576779 0.5647823033707865 0.6720505617977528
0 0.5711025280898876 0.5400280898876404 0.570751404494382 0.5430711610486891 0.5688202247191011 0.5465823970037453 0.5688202247191011 0.550561797752809 0.5705758426966292 0.5601591760299626 0.5695224719101124 0.5641385767790262 0.570751404494382 0.5671816479400749 0.5740870786516854 0.5709269662921348 0.578125 0.5737359550561798 0.5853230337078652 0.5742041198501873 0.5911165730337079 0.5727996254681648 0.5933988764044944 0.5711610486891385 0.597436797752809 0.56437265917603 0.5990168539325843 0.5540730337078652 0.5986657303370787 0.549625468164794 0.5995435393258427 0.5470505617977528 0.5991924157303371 0.5400280898876404 0.5886587078651685 0.5327715355805244 0.579002808988764 0.5323033707865169 0.5758426966292135 0.5327715355805244
0 0.5691713483146067 0.5060861423220974 0.5689957865168539 0.5095973782771536 0.5705758426966292 0.5227059925093633 0.5733848314606742 0.5294943820224719 0.5746137640449438 0.5304307116104869 0.5783005617977528 0.5316011235955056 0.5890098314606742 0.5304307116104869 0.5923455056179775 0.5276217228464419 0.5953300561797753 0.5222378277153558 0.5967345505617978 0.5154494382022472 0.5967345505617978 0.5021067415730337 0.5932233146067416 0.49625468164794007 0.5883075842696629 0.4922752808988764 0.585498595505618 0.4913389513108614 0.5779494382022472 0.4913389513108614 0.5737359550561798 0.4934456928838951 0.5709269662921348 0.49812734082397003
0 0.5654845505617978 0.4602059925093633 0.5651334269662921 0.46348314606741575 0.5674157303370787 0.47659176029962547 0.5689957865168539 0.4791666666666667 0.570751404494382 0.4803370786516854 0.574438202247191 0.48782771535580527 0.5777738764044944 0.48946629213483145 0.5849719101123596 0.4892322097378277 0.5884831460674157 0.4875936329588015 0.592872191011236 0.4836142322097378 0.5949789325842697 0.477059925093633 0.5965589887640449 0.46863295880149813 0.5960323033707865 0.45997191011235955 0.5890098314606742 0.4508426966292135 0.5791783707865169 0.44756554307116103 0.574438202247191 0.4473314606741573 0.570751404494382 0.44897003745318353 0.5674157303370787 0.4529494382022472
0 0.5742626404494382 0.4112827715355805 0.5719803370786517 0.4147940074906367 0.5725070224719101 0.41596441947565543 0.5723314606741573 0.42579588014981273 0.5730337078651685 0.43258426966292135 0.5765449438202247 0.438436329588015 0.5798806179775281 0.44147940074906367 0.5846207865168539 0.4431179775280899 0.5869030898876404 0.44592696629213485 0.5888342696629213 0.44592696629213485 0.5963834269662921 0.43913857677902624 0.5979634831460674 0.43562734082397003 0.5977879213483146 0.42158239700374533 0.5970856741573034 0.41760299625468167 0.5942766853932584 0.41175093632958804 0.5909410112359551 0.4096441947565543 0.5833918539325843 0.40823970037453183 0.5793539325842697 0.40847378277153557
0 0.567064606741573 0.3883426966292135 0.5672401685393258 0.3967696629213483 0.5700491573033708 0.40168539325842695 0.574438202247191 0.4058988764044944 0.5828651685393258 0.4044943820224719 0.5951544943820225 0.39864232209737827 0.5997191011235955 0.3934925093632959 0.601123595505618 0.3904494382022472 0.6023525280898876 0.38412921348314605 0.6025280898876404 0.37640449438202245 0.6002457865168539 0.3698501872659176 0.5953300561797753 0.3637640449438202 0.5893609550561798 0.3616573033707865 0.5814606741573034 0.36329588014981273 0.577247191011236 0.36540262172284643 0.5740870786516854 0.36961610486891383 0.5718047752808989 0.3775749063670412 0.569873595505618 0.3801498127340824 0.5696980337078652 0.38249063670411987
0 0.5733848314606742 0.33754681647940077 0.5737359550561798 0.34925093632958804 0.5742626404494382 0.3522940074906367 0.5760182584269663 0.3553370786516854 0.581811797752809 0.36025280898876405 0.5879564606741573 0.36118913857677903 0.5919943820224719 0.3604868913857678 0.5970856741573034 0.35603932584269665 0.6009480337078652 0.34737827715355807 0.6021769662921348 0.34152621722846443 0.6025280898876404 0.3347378277153558 0.6005969101123596 0.32818352059925093 0.5970856741573034 0.32303370786516855 0.5923455056179775 0.3202247191011236 0.5876053370786517 0.3197565543071161 0.5823384831460674 0.32186329588014984 0.5768960674157303 0.3267790262172285 0.574438202247191 0.33169475655430714
0 0.598314606741573 0.35697565543071164 0.5981390449438202 0.3595505617977528 0.5988412921348315 0.3609550561797753 0.6021769662921348 0.3604868913857678 0.6051615168539326 0.3618913857677903 0.608497191011236 0.3663389513108614 0.6091994382022472 0.3686797752808989 0.610252808988764 0.36657303370786515 0.6192064606741573 0.3618913857677903 0.6235955056179775 0.3625936329588015 0.6267556179775281 0.3616573033707865 0.6307935393258427 0.35697565543071164 0.633251404494382 0.3522940074906367 0.6343047752808989 0.34597378277153557 0.6336025280898876 0.33848314606741575 0.6320224719101124 0.33497191011235955 0.6306179775280899 0.32841760299625467 0.6200842696629213 0.3232677902621723 0.6132373595505618 0.323501872659176 0.6091994382022472 0.32607677902621723 0.6046348314606742 0.33146067415730335 0.6035814606741573 0.3347378277153558 0.6027036516853933 0.34527153558052437
0 0.6058637640449438 0.3801498127340824 0.6055126404494382 0.38717228464419473 0.6065660112359551 0.3899812734082397 0.6067415730337079 0.39396067415730335 0.6106039325842697 0.3972378277153558 0.6149929775280899 0.398876404494382 0.6197331460674157 0.398876404494382 0.6235955056179775 0.3977059925093633 0.6300912921348315 0.3925561797752809 0.6316713483146067 0.39021535580524347 0.6325491573033708 0.38670411985018727 0.6329002808988764 0.3796816479400749 0.6313202247191011 0.3728932584269663 0.6292134831460674 0.36914794007490637 0.6234199438202247 0.36493445692883897 0.616748595505618 0.3647003745318352 0.609375 0.3686797752808989 0.6065660112359551 0.37312734082397003
0 0.6055126404494382 0.4147940074906367 0.6053370786516854 0.42228464419475653 0.6058637640449438 0.424625468164794 0.604810393258427 0.4286048689138577 0.6042837078651685 0.43562734082397003 0.6058637640449438 0.43773408239700373 0.6095505617977528 0.4386704119850187 0.6156952247191011 0.4419475655430712 0.624122191011236 0.44124531835205993 0.6267556179775281 0.4386704119850187 0.629564606741573 0.43773408239700373 0.6334269662921348 0.4288389513108614 0.6329002808988764 0.42392322097378277 0.6336025280898876 0.42134831460674155 0.632373595505618 0.4147940074906367 0.6307935393258427 0.41081460674157305 0.6285112359550562 0.4075374531835206 0.6234199438202247 0.40472846441947563 0.6195575842696629 0.40426029962546817 0.6141151685393258 0.40613295880149813 0.6081460674157303 0.41081460674157305
0 0.5998946629213483 0.46652621722846443 0.5997191011235955 0.4726123595505618 0.6007724719101124 0.4791666666666667 0.6027036516853933 0.48431647940074907 0.6027036516853933 0.48782771535580527 0.6044592696629213 0.49180711610486894 0.6060393258426966 0.49250936329588013 0.6234199438202247 0.488998127340824 0.6274578651685393 0.48431647940074907 0.6278089887640449 0.4803370786516854 0.6304424157303371 0.4772940074906367 0.6304424157303371 0.4735486891385768 0.6278089887640449 0.4602059925093633 0.6281601123595506 0.4550561797752809 0.6307935393258427 0.4529494382022472 0.6304424157303371 0.449438202247191 0.6300912921348315 0.448501872659176 0.6265800561797753 0.44756554307116103 0.6242977528089888 0.4508426966292135 0.6230688202247191 0.45131086142322097 0.6199087078651685 0.45014044943820225 0.6123595505617978 0.4499063670411985 0.6060393258426966 0.4515449438202247 0.6044592696629213 0.4538857677902622
0 0.597436797752809 0.5060861423220974 0.5976123595505618 0.5161516853932584 0.5960323033707865 0.5222378277153558 0.5958567415730337 0.5294943820224719 0.5969101123595506 0.5330056179775281 0.5988412921348315 0.5351123595505618 0.6025280898876404 0.5360486891385767 0.6200842696629213 0.5332397003745318 0.6242977528089888 0.5304307116104869 0.6271067415730337 0.5273876404494382 0.6281601123595506 0.5234082397003745 0.6299157303370787 0.5205992509363296 0.6300912921348315 0.5187265917602997 0.6285112359550562 0.512874531835206 0.6285112359550562 0.5044475655430711 0.6264044943820225 0.5002340823970037 0.6271067415730337 0.49812734082397003 0.6265800561797753 0.4967228464419476 0.6237710674157303 0.49461610486891383 0.6169241573033708 0.4927434456928839 0.6128862359550562 0.4927434456928839 0.6065660112359551 0.4943820224719101 0.6004213483146067 0.49976591760299627
0 0.6025280898876404 0.5547752808988764 0.6023525280898876 0.5573501872659176 0.6035814606741573 0.5627340823970037 0.6070926966292135 0.5692883895131086 0.609375 0.5718632958801498 0.6127106741573034 0.5727996254681648 0.6221910112359551 0.5730337078651685 0.6239466292134831 0.5723314606741573 0.6281601123595506 0.5657771535580525 0.6304424157303371 0.5575842696629213 0.6299157303370787 0.5510299625468165 0.6278089887640449 0.5449438202247191 0.6237710674157303 0.540496254681648 0.616748595505618 0.5360486891385767 0.6109550561797753 0.538623595505618 0.6083216292134831 0.5407303370786517 0.6074438202247191 0.5433052434456929 0.6046348314606742 0.5465823970037453
0 0.6004213483146067 0.584503745318352 0.5988412921348315 0.5884831460674157 0.6018258426966292 0.6055711610486891 0.610252808988764 0.6116573033707865 0.6127106741573034 0.6144662921348315 0.6230688202247191 0.6139981273408239 0.6272823033707865 0.6086142322097379 0.6307935393258427 0.6058052434456929 0.632373595505618 0.5962078651685393 0.6316713483146067 0.591058052434457 0.6278089887640449 0.5814606741573034 0.6234199438202247 0.5760767790262172 0.6199087078651685 0.5746722846441947 0.6116573033707865 0.574438202247191 0.6077949438202247 0.5760767790262172 0.6044592696629213 0.5788857677902621 0.6034058988764045 0.5814606741573034
0 0.6083216292134831 0.6198501872659176 0.6063904494382022 0.62312734082397 0.6065660112359551 0.6420880149812734 0.6079705056179775 0.6477059925093633 0.6107794943820225 0.653558052434457 0.6132373595505618 0.6551966292134831 0.6214887640449438 0.6558988764044944 0.625 0.6556647940074907 0.6288623595505618 0.6540262172284644 0.6316713483146067 0.6502808988764045 0.6320224719101124 0.6474719101123596 0.6337780898876404 0.6437265917602997 0.6348314606741573 0.6355337078651685 0.6339536516853933 0.6257022471910112 0.6235955056179775 0.6182116104868914 0.6197331460674157 0.6163389513108615 0.6127106741573034 0.6177434456928839
0 0.6023525280898876 0.6678370786516854 0.6025280898876404 0.6821161048689138 0.604810393258427 0.6882022471910112 0.6072682584269663 0.6924157303370787 0.6114817415730337 0.6961610486891385 0.6162219101123596 0.6977996254681648 0.6235955056179775 0.697565543071161 0.6293890449438202 0.6945224719101124 0.6320224719101124 0.6905430711610487 0.6339536516853933 0.6790730337078652 0.633251404494382 0.6725187265917603 0.6304424157303371 0.6631554307116105 0.6269311797752809 0.6591760299625468 0.6207865168539326 0.6570692883895131 0.6123595505617978 0.6566011235955056 0.609375 0.6573033707865169 0.6046348314606742 0.6615168539325843
0 0.38412921348314605 0.48431647940074907 0.38342696629213485 0.49157303370786515 0.38535814606741575 0.49929775280898875 0.3864115168539326 0.5023408239700374 0.390625 0.5084269662921348 0.3946629213483146 0.5086610486891385 0.4008075842696629 0.5074906367041199 0.4043188202247191 0.5058520599250936 0.4078300561797753 0.5016385767790262 0.4081811797752809 0.4978932584269663 0.4102879213483146 0.4911048689138577 0.4104634831460674 0.48408239700374533 0.40923455056179775 0.4798689138576779 0.4060744382022472 0.47495318352059923 0.4020365168539326 0.47308052434456926 0.39589185393258425 0.47237827715355807 0.3904494382022472 0.4705056179775281 0.3909761235955056 0.4737827715355805 0.3867626404494382 0.4768258426966292
0 0.5732092696629213 0.6198501872659176 0.5730337078651685 0.62687265917603 0.5746137640449438 0.6364700374531835 0.5737359550561798 0.6402153558052435 0.5742626404494382 0.641619850187266 0.5800561797752809 0.6472378277153558 0.5856741573033708 0.6502808988764045 0.592872191011236 0.6502808988764045 0.5963834269662921 0.6486423220973783 0.5988412921348315 0.6455992509363296 0.6027036516853933 0.6341292134831461 0.6021769662921348 0.6264044943820225 0.5998946629213483 0.6196161048689138 0.5953300561797753 0.613061797752809 0.5911165730337079 0.613061797752809 0.5884831460674157 0.6107209737827716 0.5847963483146067 0.6107209737827716 0.5814606741573034 0.6095505617977528 0.5791783707865169 0.6132958801498127 0.5760182584269663 0.6154026217228464