0 0.35077247191011235 0.31086142322097376 0.35042134831460675 0.31999063670411987 0.35217696629213485 0.3279494382022472 0.3549859550561798 0.33286516853932585 0.3595505617977528 0.3366104868913858 0.3695575842696629 0.33824906367041196 0.3748244382022472 0.335440074906367 0.3767556179775281 0.33286516853932585 0.3804424157303371 0.32186329588014984 0.3746488764044944 0.3038389513108614 0.37236657303370785 0.300561797752809 0.3695575842696629 0.29868913857677903 0.36235955056179775 0.2975187265917603 0.3558637640449438 0.29985955056179775 0.35235252808988765 0.30454119850187267
0 0.35235252808988765 0.35884831460674155 0.35270365168539325 0.36914794007490637 0.35410814606741575 0.37336142322097376 0.3572682584269663 0.3782771535580524 0.363061797752809 0.3815543071161049 0.37043539325842695 0.38295880149812733 0.3730688202247191 0.38506554307116103 0.375 0.38412921348314605 0.3772823033707865 0.37991573033707865 0.37974016853932585 0.37780898876404495 0.3813202247191011 0.3782771535580524 0.3829002808988764 0.3815543071161049 0.38395365168539325 0.3813202247191011 0.38606039325842695 0.37336142322097376 0.38606039325842695 0.36446629213483145 0.3850070224719101 0.3625936329588015 0.38167134831460675 0.36025280898876405 0.3807935393258427 0.35814606741573035 0.3807935393258427 0.35580524344569286 0.37394662921348315 0.3476123595505618 0.366748595505618 0.34386704119850187 0.3628862359550562 0.34480337078651685 0.3549859550561798 0.3508895131086142 0.35287921348314605 0.35557116104868913
0 0.3534058988764045 0.40074906367041196 0.3530547752808989 0.4049625468164794 0.3539325842696629 0.4110486891385768 0.35867275280898875 0.4204119850187266 0.36464185393258425 0.4234550561797753 0.37025983146067415 0.42485955056179775 0.37640449438202245 0.4286048689138577 0.383251404494382 0.42813670411985016 0.38553370786516855 0.425561797752809 0.38764044943820225 0.4187734082397004 0.38781601123595505 0.4147940074906367 0.3865870786516854 0.41058052434456926 0.3843047752808989 0.39442883895131087 0.3804424157303371 0.3904494382022472 0.37377106741573035 0.38881086142322097 0.36639747191011235 0.3852996254681648 0.3628862359550562 0.386001872659176 0.35884831460674155 0.3890449438202247 0.3553370786516854 0.39396067415730335
0 0.35287921348314605 0.43913857677902624 0.35270365168539325 0.4463951310861423 0.35428370786516855 0.4515449438202247 0.3574438202247191 0.45646067415730335 0.36271067415730335 0.460440074906367 0.3732443820224719 0.45786516853932585 0.3765800561797753 0.4583333333333333 0.38184691011235955 0.4431179775280899 0.3813202247191011 0.43562734082397003 0.37956460674157305 0.43211610486891383 0.37043539325842695 0.42579588014981273 0.3634129213483146 0.42392322097378277 0.36007724719101125 0.424625468164794 0.355688202247191 0.4288389513108614
0 0.35235252808988765 0.488061797752809 0.3514747191011236 0.5007022471910112 0.3539325842696629 0.5053838951310862 0.3590238764044944 0.5093632958801498 0.36464185393258425 0.5098314606741573 0.3686797752808989 0.5088951310861424 0.3767556179775281 0.5053838951310862 0.38026685393258425 0.5016385767790262 0.3793890449438202 0.49765917602996257 0.38360252808988765 0.4850187265917603 0.38395365168539325 0.477059925093633 0.38009129213483145 0.4695692883895131 0.37780898876404495 0.46769662921348315 0.3707865168539326 0.4658239700374532 0.36253511235955055 0.46558988764044945 0.359375 0.4681647940074906 0.3555126404494382 0.47425093632958804
0 0.3495435393258427 0.533941947565543 0.3495435393258427 0.5416666666666666 0.35217696629213485 0.5500936329588015 0.3551615168539326 0.5540730337078652 0.36007724719101125 0.5571161048689138 0.3672752808988764 0.5571161048689138 0.37412219101123595 0.552434456928839 0.37780898876404495 0.5465823970037453 0.37956460674157305 0.5369850187265918 0.3788623595505618 0.523876404494382 0.37833567415730335 0.5224719101123596 0.37605337078651685 0.5205992509363296 0.366748595505618 0.5175561797752809 0.359375 0.5187265917602997 0.35656601123595505 0.5203651685393258 0.3530547752808989 0.5243445692883895 0.3512991573033708 0.5276217228464419
0 0.34831460674157305 0.5751404494382022 0.34866573033707865 0.5816947565543071 0.352001404494382 0.5901217228464419 0.35445926966292135 0.5943352059925093 0.3576193820224719 0.5959737827715356 0.36973314606741575 0.5976123595505618 0.37201544943820225 0.5955056179775281 0.3751755617977528 0.5894194756554307 0.378686797752809 0.5849719101123596 0.3807935393258427 0.5711610486891385 0.37991573033707865 0.5671816479400749 0.378686797752809 0.5650749063670412 0.37008426966292135 0.5594569288389513 0.36271067415730335 0.5589887640449438 0.35621488764044945 0.56062734082397 0.352001404494382 0.5646067415730337 0.3493679775280899 0.5702247191011236
0 0.340063202247191 0.6252340823970037 0.3398876404494382 0.6301498127340824 0.3416432584269663 0.6348314606741573 0.3455056179775281 0.6418539325842697 0.34831460674157305 0.6432584269662921 0.35603932584269665 0.6425561797752809 0.36253511235955055 0.6395131086142322 0.36973314606741575 0.6376404494382022 0.3728932584269663 0.6334269662921348 0.3734199438202247 0.6271067415730337 0.3728932584269663 0.6224250936329588 0.3748244382022472 0.6093164794007491 0.37377106741573035 0.6060393258426966 0.3692064606741573 0.601123595505618 0.3656952247191011 0.599250936329588 0.3570926966292135 0.598314606741573 0.35094803370786515 0.6022940074906367 0.34884129213483145 0.6027621722846442 0.34638342696629215 0.6058052434456929 0.34304775280898875 0.613061797752809
0 0.34638342696629215 0.6622191011235955 0.3458567415730337 0.6676029962546817 0.34638342696629215 0.6748595505617978 0.3476123595505618 0.6797752808988764 0.3495435393258427 0.6837546816479401 0.3551615168539326 0.6860955056179775 0.35849719101123595 0.6858614232209738 0.36271067415730335 0.6849250936329588 0.36622191011235955 0.6828183520599251 0.37236657303370785 0.6750936329588015 0.3734199438202247 0.6715823970037453 0.3748244382022472 0.6577715355805244 0.37377106741573035 0.6542602996254682 0.3706109550561798 0.6495786516853933 0.36622191011235955 0.6458333333333334 0.36271067415730335 0.6444288389513109 0.35235252808988765 0.6474719101123596 0.34849016853932585 0.6554307116104869
0 0.37552668539325845 0.6680711610486891 0.3753511235955056 0.6816479400749064 0.37816011235955055 0.6891385767790262 0.3811446629213483 0.6921816479400749 0.38360252808988765 0.6933520599250936 0.3864115168539326 0.6928838951310862 0.39396067415730335 0.68937265917603 0.3981741573033708 0.6858614232209738 0.40150983146067415 0.6821161048689138 0.40361657303370785 0.6722846441947565 0.4039676966292135 0.6612827715355806 0.40098314606741575 0.6463014981273408 0.3969452247191011 0.6437265917602997 0.3948384831460674 0.6448970037453183 0.390625 0.6453651685393258 0.3811446629213483 0.650749063670412 0.3790379213483146 0.6533239700374532 0.37640449438202245 0.6610486891385767
0 0.375 0.6259363295880149 0.375 0.6404494382022472 0.3765800561797753 0.6439606741573034 0.37816011235955055 0.6455992509363296 0.3785112359550562 0.6474719101123596 0.37991573033707865 0.6484082397003745 0.38412921348314605 0.6474719101123596 0.38764044943820225 0.6437265917602997 0.3950140449438202 0.6406835205992509 0.39729634831460675 0.636938202247191 0.3965941011235955 0.6341292134831461 0.39712078651685395 0.6320224719101124 0.4006320224719101 0.6266385767790262 0.39957865168539325 0.6196161048689138 0.39747191011235955 0.6135299625468165 0.39905196629213485 0.6093164794007491 0.3985252808988764 0.6074438202247191 0.3960674157303371 0.6048689138576779 0.390625 0.6034644194756554 0.38342696629213485 0.6058052434456929 0.3785112359550562 0.6116573033707865 0.3769311797752809 0.614934456928839 0.37552668539325845 0.6193820224719101
0 0.3813202247191011 0.5830992509363296 0.3811446629213483 0.5889513108614233 0.38342696629213485 0.5941011235955056 0.39009831460674155 0.599250936329588 0.4060744382022472 0.5962078651685393 0.409936797752809 0.5931647940074907 0.41309691011235955 0.5884831460674157 0.4139747191011236 0.5849719101123596 0.4141502808988764 0.5737359550561798 0.41292134831460675 0.5678838951310862 0.409936797752809 0.5608614232209738 0.4078300561797753 0.5580524344569289 0.40115870786516855 0.5564138576779026 0.39378511235955055 0.5568820224719101 0.386938202247191 0.5608614232209738 0.38553370786516855 0.5627340823970037 0.38412921348314605 0.5676498127340824 0.3844803370786517 0.5711610486891385
0 0.38395365168539325 0.5255149812734082 0.3829002808988764 0.536750936329588 0.3807935393258427 0.5465823970037453 0.38377808988764045 0.5538389513108615 0.39009831460674155 0.5559456928838952 0.3927317415730337 0.5550093632958801 0.4039676966292135 0.5543071161048689 0.41151685393258425 0.5468164794007491 0.4125702247191011 0.5423689138576779 0.41309691011235955 0.5294943820224719 0.4116924157303371 0.5224719101123596 0.4080056179775281 0.5184925093632958 0.40098314606741575 0.5149812734082397 0.39360955056179775 0.5145131086142322 0.3864115168539326 0.5194288389513109 0.3850070224719101 0.5215355805243446
0 0.3850070224719101 0.4854868913857678 0.38377808988764045 0.49087078651685395 0.3844803370786517 0.49812734082397003 0.3862359550561798 0.5039794007490637 0.3890449438202247 0.5077247191011236 0.39378511235955055 0.510065543071161 0.4043188202247191 0.5110018726591761 0.4078300561797753 0.5086610486891385 0.4101123595505618 0.5051498127340824 0.41116573033707865 0.50187265917603 0.4104634831460674 0.48431647940074907 0.4085323033707865 0.4798689138576779 0.40519662921348315 0.47542134831460675 0.39957865168539325 0.47495318352059923 0.3909761235955056 0.47635767790262173 0.3862359550561798 0.48057116104868913
0 0.386938202247191 0.43796816479400746 0.38764044943820225 0.44241573033707865 0.386938202247191 0.4463951310861423 0.38764044943820225 0.44756554307116103 0.38974719101123595 0.46301498127340823 0.3927317415730337 0.4674625468164794 0.39747191011235955 0.47097378277153557 0.40150983146067415 0.4716760299625468 0.40941011235955055 0.4695692883895131 0.41292134831460675 0.4653558052434457 0.41485252808988765 0.45997191011235955 0.4159058988764045 0.45318352059925093 0.41537921348314605 0.44288389513108617 0.4141502808988764 0.43913857677902624 0.40765449438202245 0.43352059925093633 0.39957865168539325 0.43047752808988765 0.39782303370786515 0.42790262172284643 0.3941362359550562 0.426498127340824 0.38974719101123595 0.43141385767790263
0 0.39518960674157305 0.40402621722846443 0.3948384831460674 0.41175093632958804 0.39589185393258425 0.4154962546816479 0.39922752808988765 0.41947565543071164 0.40291432584269665 0.42134831460674155 0.4044943820224719 0.42368913857677903 0.40765449438202245 0.42485955056179775 0.41327247191011235 0.42275280898876405 0.41502808988764045 0.4211142322097378 0.41731039325842695 0.41502808988764045 0.4176615168539326 0.4028558052434457 0.4162570224719101 0.3967696629213483 0.41344803370786515 0.39325842696629215 0.4083567415730337 0.39115168539325845 0.4041432584269663 0.3916198501872659 0.3969452247191011 0.3977059925093633 0.39554073033707865 0.40074906367041196
0 0.3825491573033708 0.3309925093632959 0.382373595505618 0.3389513108614232 0.38395365168539325 0.34152621722846443 0.38377808988764045 0.3455056179775281 0.38535814606741575 0.34995318352059923 0.39115168539325845 0.3553370786516854 0.39396067415730335 0.35674157303370785 0.397998595505618 0.3562734082397004 0.4080056179775281 0.35159176029962547 0.4106390449438202 0.3487827715355805 0.41344803370786515 0.3398876404494382 0.41274578651685395 0.3312265917602996 0.41116573033707865 0.3279494382022472 0.4106390449438202 0.32397003745318353 0.4081811797752809 0.3211610486891386 0.39905196629213485 0.31624531835205993 0.39325842696629215 0.3155430711610487 0.38939606741573035 0.31741573033707865 0.3848314606741573 0.32467228464419473
0 0.41889044943820225 0.3155430711610487 0.41853932584269665 0.32092696629213485 0.41941713483146065 0.32865168539325845 0.4216994382022472 0.335440074906367 0.42503511235955055 0.3387172284644195 0.42854634831460675 0.34058988764044945 0.4357443820224719 0.3410580524344569 0.43890449438202245 0.33918539325842695 0.44206460674157305 0.33497191011235955 0.4429424157303371 0.33192883895131087 0.4432935393258427 0.3171816479400749 0.44066011235955055 0.3082865168539326 0.4390800561797753 0.3061797752808989 0.43258426966292135 0.30337078651685395 0.4274929775280899 0.30454119850187267 0.4220505617977528 0.3089887640449438
0 0.4197682584269663 0.3693820224719101 0.41889044943820225 0.3801498127340824 0.4197682584269663 0.3862359550561798 0.42521067415730335 0.39396067415730335 0.43240870786516855 0.3951310861423221 0.4359199438202247 0.39325842696629215 0.44610252808988765 0.3904494382022472 0.4468047752808989 0.3874063670411985 0.4510182584269663 0.37897940074906367 0.45242275280898875 0.37336142322097376 0.45259831460674155 0.3661048689138577 0.45049157303370785 0.35931647940074907 0.4452247191011236 0.3548689138576779 0.44241573033707865 0.3508895131086142 0.4352176966292135 0.3497191011235955 0.4315308988764045 0.3508895131086142 0.42696629213483145 0.3544007490636704 0.4238061797752809 0.3600187265917603 0.42117275280898875 0.36282771535580527
0 0.44469803370786515 0.34176029962546817 0.44434691011235955 0.34901685393258425 0.4487359550561798 0.35603932584269665 0.4527738764044944 0.35884831460674155 0.4573384831460674 0.3586142322097378 0.4633075842696629 0.35463483146067415 0.4689255617977528 0.35346441947565543 0.4750702247191011 0.35042134831460675 0.4764747191011236 0.34901685393258425 0.4762991573033708 0.3450374531835206 0.47752808988764045 0.34176029962546817 0.47787921348314605 0.3356741573033708 0.4750702247191011 0.32467228464419473 0.47524578651685395 0.32092696629213485 0.47138342696629215 0.3160112359550562 0.46734550561797755 0.313436329588015 0.45962078651685395 0.31273408239700373 0.45558286516853935 0.3136704119850187 0.45189606741573035 0.31647940074906367 0.44978932584269665 0.32045880149812733 0.4476825842696629 0.32771535580524347 0.44803370786516855 0.3312265917602996 0.4471558988764045 0.336376404494382
0 0.45417837078651685 0.37429775280898875 0.45365168539325845 0.3801498127340824 0.45575842696629215 0.38506554307116103 0.45997191011235955 0.39091760299625467 0.4666432584269663 0.3937265917602996 0.47401685393258425 0.39396067415730335 0.47752808988764045 0.39185393258426965 0.4785814606741573 0.39021535580524347 0.48121488764044945 0.3796816479400749 0.48139044943820225 0.3693820224719101 0.47910814606741575 0.36235955056179775 0.4750702247191011 0.35767790262172283 0.4703300561797753 0.35580524344569286 0.46348314606741575 0.3565074906367041 0.4594452247191011 0.35931647940074907 0.4552317415730337 0.3663389513108614
0 0.42310393258426965 0.4143258426966292 0.4238061797752809 0.4187734082397004 0.42240168539325845 0.42532771535580527 0.42327949438202245 0.4318820224719101 0.42872191011235955 0.43913857677902624 0.4357443820224719 0.43937265917602997 0.44645365168539325 0.4332865168539326 0.4513693820224719 0.42743445692883897 0.453125 0.42181647940074907 0.45224719101123595 0.40847378277153557 0.45049157303370785 0.40308988764044945 0.4471558988764045 0.3977059925093633 0.44241573033707865 0.39489700374531833 0.4390800561797753 0.39442883895131087 0.4336376404494382 0.3960674157303371 0.4278441011235955 0.399812734082397 0.4241573033707865 0.40777153558052437
0 0.41678370786516855 0.4700374531835206 0.41713483146067415 0.47448501872659177 0.41660814606741575 0.47752808988764045 0.4178370786516854 0.48197565543071164 0.4195926966292135 0.4836142322097378 0.42485955056179775 0.4859550561797753 0.4318820224719101 0.4845505617977528 0.4413623595505618 0.4794007490636704 0.444873595505618 0.47401685393258425 0.4455758426966292 0.47027153558052437 0.44417134831460675 0.4679307116104869 0.4450491573033708 0.46418539325842695 0.44610252808988765 0.46348314606741575 0.44592696629213485 0.45786516853932585 0.44785814606741575 0.45271535580524347 0.44803370786516855 0.4499063670411985 0.44996488764044945 0.44592696629213485 0.44838483146067415 0.44545880149812733 0.44259129213483145 0.4487359550561798 0.44013342696629215 0.44662921348314605 0.4396067415730337 0.44241573033707865 0.4317064606741573 0.44241573033707865 0.429248595505618 0.44335205992509363 0.42503511235955055 0.4426498127340824 0.41924157303370785 0.45014044943820225 0.4176615168539326 0.45669475655430714
0 0.41485252808988765 0.524812734082397 0.41485252808988765 0.5330056179775281 0.41660814606741575 0.5433052434456929 0.4183637640449438 0.5470505617977528 0.4220505617977528 0.5491573033707865 0.4281952247191011 0.5512640449438202 0.4355688202247191 0.550561797752809 0.4397823033707865 0.5468164794007491 0.4434691011235955 0.5395599250936329 0.44452247191011235 0.528558052434457 0.4431179775280899 0.5227059925093633 0.44048455056179775 0.5177902621722846 0.43609550561797755 0.514747191011236 0.42907303370786515 0.512874531835206 0.4220505617977528 0.5142790262172284 0.41678370786516855 0.5194288389513109 0.41520365168539325 0.5224719101123596
0 0.41695926966292135 0.56062734082397 0.4160814606741573 0.5639044943820225 0.4176615168539326 0.5713951310861424 0.41695926966292135 0.5737359550561798 0.41678370786516855 0.5838014981273408 0.4180126404494382 0.5884831460674157 0.42117275280898875 0.5924625468164794 0.4274929775280899 0.5962078651685393 0.4339887640449438 0.598314606741573 0.4392556179775281 0.5969101123595506 0.44030898876404495 0.5952715355805244 0.44399578651685395 0.5805243445692884 0.44434691011235955 0.5671816479400749 0.4432935393258427 0.5641385767790262 0.43609550561797755 0.5568820224719101 0.43240870786516855 0.5554775280898876 0.42521067415730335 0.5550093632958801 0.4216994382022472 0.5559456928838952
0 0.4066011235955056 0.6125936329588015 0.40677668539325845 0.62687265917603 0.4097612359550562 0.6315543071161048 0.41467696629213485 0.635065543071161 0.4257373595505618 0.6374063670411985 0.43223314606741575 0.6343632958801498 0.4378511235955056 0.6331928838951311 0.44048455056179775 0.6303838951310862 0.4397823033707865 0.6261704119850188 0.4415379213483146 0.6193820224719101 0.44066011235955055 0.6093164794007491 0.4371488764044944 0.6041666666666666 0.43223314606741575 0.6008895131086143 0.4216994382022472 0.5978464419475655 0.4120435393258427 0.6015917602996255 0.4104634831460674 0.6034644194756554
0 0.4058988764044944 0.650749063670412 0.40625 0.6650280898876404 0.40537219101123595 0.6680711610486891 0.40519662921348315 0.6786048689138576 0.40765449438202245 0.6825842696629213 0.4123946629213483 0.6853932584269663 0.4178370786516854 0.6846910112359551 0.4220505617977528 0.6825842696629213 0.43030196629213485 0.6750936329588015 0.4313553370786517 0.6685393258426966 0.4334620786516854 0.6615168539325843 0.43293539325842695 0.6544943820224719 0.4311797752808989 0.6465355805243446 0.42714185393258425 0.6418539325842697 0.4222261235955056 0.639747191011236 0.41467696629213485 0.6404494382022472 0.4106390449438202 0.6425561797752809
0 0.43486657303370785 0.6467696629213483 0.4359199438202247 0.6530898876404494 0.4352176966292135 0.6619850187265918 0.43609550561797755 0.6683052434456929 0.4373244382022472 0.6718164794007491 0.44241573033707865 0.6776685393258427 0.445751404494382 0.6795411985018727 0.44978932584269665 0.6800093632958801 0.4554073033707865 0.6786048689138576 0.4571629213483146 0.675561797752809 0.45804073033707865 0.670880149812734 0.46225421348314605 0.6643258426966292 0.4645365168539326 0.6577715355805244 0.46400983146067415 0.6509831460674157 0.4624297752808989 0.6477059925093633 0.4590941011235955 0.6439606741573034 0.45031601123595505 0.6371722846441947 0.44610252808988765 0.6355337078651685 0.44224016853932585 0.6357677902621723 0.44048455056179775 0.636938202247191 0.4397823033707865 0.6411516853932584 0.4373244382022472 0.6425561797752809
0 0.4645365168539326 0.6683052434456929 0.4631320224719101 0.6823501872659176 0.46629213483146065 0.6835205992509363 0.46734550561797755 0.68562734082397 0.47384129213483145 0.6884363295880149 0.48771067415730335 0.6875 0.49139747191011235 0.6851591760299626 0.49543539325842695 0.6788389513108615 0.4978932584269663 0.6720505617977528 0.49736657303370785 0.6612827715355806 0.49315308988764045 0.6526217228464419 0.4905196629213483 0.6502808988764045 0.4808637640449438 0.6460674157303371 0.477001404494382 0.6463014981273408 0.47349016853932585 0.6491104868913857 0.4705056179775281 0.6580056179775281
0 0.4762991573033708 0.62312734082397 0.4762991573033708 0.6404494382022472 0.4803370786516854 0.6448970037453183 0.49104634831460675 0.6500468164794008 0.49473314606741575 0.649812734082397 0.49894662921348315 0.6458333333333334 0.5031601123595506 0.6437265917602997 0.5057935393258427 0.6404494382022472 0.5052668539325843 0.6226591760299626 0.5021067415730337 0.6144662921348315 0.5015800561797753 0.6109550561797753 0.5003511235955056 0.6100187265917603 0.491748595505618 0.608380149812734 0.48735955056179775 0.608380149812734 0.4845505617977528 0.6095505617977528 0.4785814606741573 0.6158707865168539
0 0.4768258426966292 0.5767790262172284 0.4764747191011236 0.5870786516853933 0.477001404494382 0.596441947565543 0.4784058988764045 0.5997191011235955 0.48753511235955055 0.6051029962546817 0.492626404494382 0.6051029962546817 0.4956109550561798 0.6044007490636704 0.5035112359550562 0.5987827715355806 0.503686797752809 0.5950374531835206 0.5049157303370787 0.5919943820224719 0.5047401685393258 0.588249063670412 0.5054424157303371 0.5849719101123596 0.5028089887640449 0.5779494382022472 0.5 0.5732677902621723 0.4936797752808989 0.5667134831460674 0.48735955056179775 0.5639044943820225 0.48174157303370785 0.5674157303370787
0 0.47928370786516855 0.5426029962546817 0.47928370786516855 0.5489232209737828 0.48156601123595505 0.5573501872659176 0.4861306179775281 0.5615636704119851 0.49122191011235955 0.5639044943820225 0.49508426966292135 0.56437265917603 0.5026334269662921 0.5610955056179775 0.5050912921348315 0.5589887640449438 0.5080758426966292 0.5538389513108615 0.5087780898876404 0.5463483146067416 0.5071980337078652 0.5346441947565543 0.5026334269662921 0.525749063670412 0.5010533707865169 0.5245786516853933 0.49087078651685395 0.5236423220973783 0.48367275280898875 0.525749063670412 0.4827949438202247 0.5299625468164794 0.4808637640449438 0.5327715355805244
0 0.4789325842696629 0.5009363295880149 0.4787570224719101 0.5067883895131086 0.47981039325842695 0.5135767790262172 0.48191713483146065 0.516619850187266 0.48753511235955055 0.5194288389513109 0.49490870786516855 0.5191947565543071 0.5024578651685393 0.5173220973782772 0.504564606741573 0.5154494382022472 0.5043890449438202 0.5117041198501873 0.5066713483146067 0.5053838951310862 0.5057935393258427 0.49461610486891383 0.5038623595505618 0.48946629213483145 0.5026334269662921 0.488061797752809 0.5015800561797753 0.48408239700374533 0.4984199438202247 0.4859550561797753 0.49157303370786515 0.48431647940074907 0.484375 0.4859550561797753 0.480688202247191 0.4911048689138577
0 0.480688202247191 0.4506086142322097 0.4799859550561798 0.45646067415730335 0.4787570224719101 0.45997191011235955 0.4789325842696629 0.46348314606741575 0.48103932584269665 0.47073970037453183 0.48332162921348315 0.47448501872659177 0.48753511235955055 0.47635767790262173 0.49473314606741575 0.47659176029962547 0.5015800561797753 0.47542134831460675 0.503686797752809 0.4737827715355805 0.5059691011235955 0.46348314606741575 0.5059691011235955 0.45552434456928836 0.5042134831460674 0.448501872659176 0.5028089887640449 0.4461610486891386 0.49473314606741575 0.4419475655430712 0.49104634831460675 0.44147940074906367 0.48349719101123595 0.44592696629213485
0 0.45786516853932585 0.41924157303370785 0.4571629213483146 0.42532771535580527 0.4585674157303371 0.43211610486891383 0.4624297752808989 0.43586142322097376 0.4705056179775281 0.43890449438202245 0.4743679775280899 0.43796816479400746 0.47787921348314605 0.4349250936329588 0.4805126404494382 0.4286048689138577 0.4826193820224719 0.414559925093633 0.4805126404494382 0.4080056179775281 0.4766502808988764 0.4012172284644195 0.4703300561797753 0.39840823970037453 0.46611657303370785 0.40074906367041196 0.46576544943820225 0.40426029962546817 0.46225421348314605 0.4070692883895131 0.45962078651685395 0.41081460674157305
0 0.4496137640449438 0.4550561797752809 0.449438202247191 0.4597378277153558 0.45066713483146065 0.4660580524344569 0.45207162921348315 0.4705056179775281 0.4552317415730337 0.47401685393258425 0.460498595505618 0.47659176029962547 0.4664676966292135 0.476123595505618 0.47155898876404495 0.4737827715355805 0.4708567415730337 0.47191011235955055 0.47401685393258425 0.46348314606741575 0.4747191011235955 0.4559925093632959 0.4726123595505618 0.44920411985018727 0.4703300561797753 0.44545880149812733 0.4643609550561798 0.4431179775280899 0.4592696629213483 0.4426498127340824 0.453125 0.4463951310861423
0 0.44803370786516855 0.49250936329588013 0.44785814606741575 0.50187265917603 0.4492626404494382 0.5067883895131086 0.45417837078651685 0.5121722846441947 0.45979634831460675 0.5142790262172284 0.46348314606741575 0.5142790262172284 0.46875 0.5102996254681648 0.4710323033707865 0.5070224719101124 0.4741924157303371 0.49836142322097376 0.47384129213483145 0.4901685393258427 0.46927668539325845 0.4829119850187266 0.46383426966292135 0.47963483146067415 0.4566362359550562 0.4794007490636704 0.45224719101123595 0.48220973782771537 0.4492626404494382 0.48735955056179775
0 0.4455758426966292 0.5337078651685393 0.4455758426966292 0.540496254681648 0.4487359550561798 0.5503277153558053 0.4489115168539326 0.5571161048689138 0.449438202247191 0.5575842696629213 0.46032303370786515 0.5578183520599251 0.46752106741573035 0.5543071161048689 0.46997893258426965 0.5500936329588015 0.4722612359550562 0.5423689138576779 0.47384129213483145 0.5402621722846442 0.47349016853932585 0.5327715355805244 0.4708567415730337 0.5259831460674157 0.4689255617977528 0.5234082397003745 0.46541432584269665 0.5208333333333334 0.46014747191011235 0.5189606741573034 0.453125 0.5196629213483146 0.4496137640449438 0.5229400749063671 0.4471558988764045 0.5262172284644194
0 0.4475070224719101 0.5798220973782772 0.4473314606741573 0.5887172284644194 0.4487359550561798 0.5990168539325843 0.4515449438202247 0.6027621722846442 0.4569873595505618 0.6055711610486891 0.4631320224719101 0.6060393258426966 0.4691011235955056 0.6041666666666666 0.472436797752809 0.6008895131086143 0.4741924157303371 0.5931647940074907 0.4747191011235955 0.5777153558052435 0.47384129213483145 0.574438202247191 0.4703300561797753 0.5709269662921348 0.46769662921348315 0.5667134831460674 0.46383426966292135 0.5653089887640449 0.45979634831460675 0.5650749063670412 0.4534761235955056 0.5674157303370787 0.45242275280898875 0.5713951310861424 0.45014044943820225 0.5732677902621723
0 0.48771067415730335 0.41175093632958804 0.48700842696629215 0.414559925093633 0.48753511235955055 0.42532771535580527 0.48893960674157305 0.43211610486891383 0.4906952247191011 0.4344569288389513 0.49280196629213485 0.436563670411985 0.4978932584269663 0.43937265917602997 0.5015800561797753 0.4396067415730337 0.5056179775280899 0.438436329588015 0.5096558988764045 0.43375468164794007 0.5122893258426966 0.42485955056179775 0.5122893258426966 0.41807116104868913 0.5107092696629213 0.41034644194756553 0.5050912921348315 0.40308988764044945 0.5017556179775281 0.40262172284644193 0.4936797752808989 0.4049625468164794 0.4899929775280899 0.4075374531835206
0 0.4824438202247191 0.3682116104868914 0.47928370786516855 0.386938202247191 0.47928370786516855 0.39068352059925093 0.47981039325842695 0.39396067415730335 0.48771067415730335 0.4054307116104869 0.5052668539325843 0.4002808988764045 0.5093047752808989 0.39536516853932585 0.5115870786516854 0.3904494382022472 0.5122893258426966 0.3827247191011236 0.5101825842696629 0.37102059925093633 0.5050912921348315 0.36235955056179775 0.5021067415730337 0.36142322097378277 0.5001755617977528 0.3595505617977528 0.49473314606741575 0.35884831460674155 0.49104634831460675 0.36282771535580527 0.48507724719101125 0.3651685393258427 0.48314606741573035 0.36657303370786515
0 0.48349719101123595 0.3232677902621723 0.48332162921348315 0.33239700374531833 0.484375 0.3387172284644195 0.4840238764044944 0.3424625468164794 0.48490168539325845 0.3487827715355805 0.4861306179775281 0.35042134831460675 0.4905196629213483 0.35369850187265917 0.49473314606741575 0.3544007490636704 0.5028089887640449 0.3532303370786517 0.5054424157303371 0.35042134831460675 0.5070224719101124 0.3419943820224719 0.5089536516853933 0.3366104868913858 0.5096558988764045 0.33029026217228463 0.5089536516853933 0.3211610486891386 0.5075491573033708 0.3167134831460674 0.5059691011235955 0.31437265917602997 0.49859550561797755 0.31062734082397003 0.4943820224719101 0.31062734082397003 0.4882373595505618 0.31437265917602997 0.48384831460674155 0.32092696629213485
0 0.5135182584269663 0.3279494382022472 0.5131671348314607 0.3321629213483146 0.5145716292134831 0.33754681647940077 0.5149227528089888 0.34386704119850187 0.5143960674157303 0.3487827715355805 0.515625 0.35042134831460675 0.5184339887640449 0.3522940074906367 0.5228230337078652 0.3527621722846442 0.5337078651685393 0.3508895131086142 0.5365168539325843 0.34948501872659177 0.5366924157303371 0.34176029962546817 0.539501404494382 0.33169475655430714 0.5389747191011236 0.31741573033707865 0.5366924157303371 0.3136704119850187 0.5296699438202247 0.3103932584269663 0.5258075842696629 0.3103932584269663 0.5194873595505618 0.31296816479400746 0.5159761235955056 0.31788389513108617
0 0.5143960674157303 0.36797752808988765 0.5145716292134831 0.3801498127340824 0.5179073033707865 0.38553370786516855 0.5224719101123596 0.39021535580524347 0.5330056179775281 0.39068352059925093 0.5398525280898876 0.3852996254681648 0.5409058988764045 0.38342696629213485 0.5412570224719101 0.374063670411985 0.5421348314606742 0.37008426966292135 0.5414325842696629 0.36587078651685395 0.5402036516853933 0.3618913857677903 0.5335323033707865 0.3548689138576779 0.5251053370786517 0.35463483146067415 0.519311797752809 0.35674157303370785 0.5163272471910112 0.35978464419475653
0 0.5124648876404494 0.4014513108614232 0.511938202247191 0.40823970037453183 0.5136938202247191 0.42158239700374533 0.5163272471910112 0.42790262172284643 0.5166783707865169 0.43211610486891383 0.5189606741573034 0.4328183520599251 0.5335323033707865 0.4323501872659176 0.5368679775280899 0.4288389513108614 0.5387991573033708 0.42368913857677903 0.5402036516853933 0.4147940074906367 0.5417837078651685 0.41151685393258425 0.5417837078651685 0.4075374531835206 0.5405547752808989 0.4028558052434457 0.5356390449438202 0.39630149812734083 0.5330056179775281 0.3946629213483146 0.5222963483146067 0.3934925093632959 0.5170294943820225 0.3960674157303371 0.5135182584269663 0.3993445692883895
0 0.5112359550561798 0.44686329588014984 0.511060393258427 0.4529494382022472 0.5131671348314607 0.46254681647940077 0.5145716292134831 0.4660580524344569 0.5175561797752809 0.46886704119850187 0.5254564606741573 0.4716760299625468 0.5287921348314607 0.4714419475655431 0.5340589887640449 0.4683988764044944 0.5380969101123596 0.46324906367041196 0.5398525280898876 0.45341760299625467 0.5391502808988764 0.4461610486891386 0.5361657303370787 0.43913857677902624 0.5330056179775281 0.43469101123595505 0.5263342696629213 0.4339887640449438 0.5208918539325843 0.4349250936329588 0.5150983146067416 0.438436329588015
0 0.5079002808988764 0.48525280898876405 0.5080758426966292 0.49157303370786515 0.511060393258427 0.5042134831460674 0.5154494382022472 0.5105337078651685 0.5259831460674157 0.5105337078651685 0.53125 0.5063202247191011 0.5344101123595506 0.5016385767790262 0.535814606741573 0.4913389513108614 0.5351123595505618 0.48408239700374533 0.5335323033707865 0.4798689138576779 0.5296699438202247 0.4758895131086142 0.5228230337078652 0.47401685393258425 0.5187851123595506 0.47425093632958804 0.514747191011236 0.476123595505618 0.5107092696629213 0.4794007490636704
0 0.5121137640449438 0.5234082397003745 0.5115870786516854 0.5262172284644194 0.5133426966292135 0.5294943820224719 0.5126404494382022 0.5332397003745318 0.5145716292134831 0.538623595505618 0.5133426966292135 0.548689138576779 0.5143960674157303 0.5531367041198502 0.5154494382022472 0.5545411985018727 0.5205407303370787 0.5557116104868914 0.5291432584269663 0.5547752808988764 0.5370435393258427 0.5479868913857678 0.5402036516853933 0.5430711610486891 0.5416081460674157 0.5330056179775281 0.5414325842696629 0.5287921348314607 0.5398525280898876 0.5224719101123596 0.5365168539325843 0.5170880149812734 0.5330056179775281 0.5149812734082397 0.5261587078651685 0.513810861423221 0.5191362359550562 0.5145131086142322 0.5149227528089888 0.5180243445692884
0 0.5103581460674157 0.5781835205992509 0.5101825842696629 0.5814606741573034 0.5115870786516854 0.5884831460674157 0.5158005617977528 0.5952715355805244 0.5224719101123596 0.5973782771535581 0.5280898876404494 0.5966760299625468 0.5294943820224719 0.596441947565543 0.5331811797752809 0.5933988764044944 0.5366924157303371 0.5894194756554307 0.5380969101123596 0.5847378277153558 0.5389747191011236 0.574438202247191 0.5366924157303371 0.5653089887640449 0.5328300561797753 0.5601591760299626 0.5279143258426966 0.5585205992509363 0.5228230337078652 0.5601591760299626 0.5143960674157303 0.5657771535580525 0.511938202247191 0.5711610486891385 0.5124648876404494 0.5737359550561798 0.5107092696629213 0.5760767790262172
0 0.508251404494382 0.614934456928839 0.5087780898876404 0.62312734082397 0.5103581460674157 0.6257022471910112 0.5145716292134831 0.6404494382022472 0.5186095505617978 0.6418539325842697 0.5222963483146067 0.6418539325842697 0.526685393258427 0.6446629213483146 0.5298455056179775 0.6453651685393258 0.5363412921348315 0.6404494382022472 0.5373946629213483 0.6385767790262172 0.5402036516853933 0.6292134831460674 0.5405547752808989 0.6193820224719101 0.5375702247191011 0.6109550561797753 0.5331811797752809 0.6041666666666666 0.5291432584269663 0.6018258426966292 0.5228230337078652 0.6006554307116105 0.5187851123595506 0.6006554307116105 0.5152738764044944 0.6018258426966292 0.5114115168539326 0.6055711610486891 0.5094803370786517 0.6095505617977528
0 0.5049157303370787 0.660814606741573 0.5047401685393258 0.6760299625468165 0.5059691011235955 0.6816479400749064 0.5080758426966292 0.6860955056179775 0.5126404494382022 0.68937265917603 0.5207162921348315 0.6900749063670412 0.5242275280898876 0.6886704119850188 0.5282654494382022 0.6830524344569289 0.5294943820224719 0.6790730337078652 0.5294943820224719 0.6647940074906367 0.5259831460674157 0.6558988764044944 0.522998595505618 0.6540262172284644 0.5228230337078652 0.650749063670412 0.5191362359550562 0.6491104868913857 0.5145716292134831 0.6493445692883895 0.5121137640449438 0.6484082397003745
0 0.5338834269662921 0.6678370786516854 0.5330056179775281 0.6779026217228464 0.5333567415730337 0.6823501872659176 0.5356390449438202 0.6865636704119851 0.5396769662921348 0.6903089887640449 0.5461727528089888 0.6926498127340824 0.5535463483146067 0.6910112359550562 0.5577598314606742 0.6863295880149812 0.5602176966292135 0.6816479400749064 0.5614466292134831 0.6722846441947565 0.5609199438202247 0.6645599250936329 0.5574087078651685 0.6580056179775281 0.5540730337078652 0.6558988764044944 0.546875 0.653558052434457 0.5402036516853933 0.6558988764044944 0.5356390449438202 0.6603464419475655
0 0.542310393258427 0.6189138576779026 0.5414325842696629 0.6338951310861424 0.5451193820224719 0.6472378277153558 0.5445926966292135 0.650749063670412 0.554248595505618 0.6537921348314607 0.5603932584269663 0.6568352059925093 0.5640800561797753 0.6563670411985019 0.5716292134831461 0.6439606741573034 0.5716292134831461 0.6404494382022472 0.5705758426966292 0.637874531835206 0.5702247191011236 0.6228932584269663 0.5689957865168539 0.6191479400749064 0.5653089887640449 0.6151685393258427 0.5610955056179775 0.6132958801498127 0.5568820224719101 0.6135299625468165 0.5496839887640449 0.6116573033707865 0.5456460674157303 0.6123595505617978 0.5433637640449438 0.6154026217228464
0 0.5426615168539326 0.5805243445692884 0.5424859550561798 0.5821629213483146 0.5438904494382022 0.5866104868913857 0.5438904494382022 0.5924625468164794 0.5449438202247191 0.5990168539325843 0.5481039325842697 0.6046348314606742 0.5533707865168539 0.6086142322097379 0.5637289325842697 0.6095505617977528 0.5682935393258427 0.6046348314606742 0.5716292134831461 0.5955056179775281 0.5718047752808989 0.5894194756554307 0.570751404494382 0.5849719101123596 0.5681179775280899 0.5788857677902621 0.5663623595505618 0.5765449438202247 0.5607443820224719 0.5727996254681648 0.5537219101123596 0.5718632958801498 0.5500351123595506 0.5723314606741573 0.5458216292134831 0.574438202247191
0 0.5387991573033708 0.5517322097378277 0.5391502808988764 0.5592228464419475 0.538623595505618 0.56062734082397 0.5398525280898876 0.5650749063670412 0.5414325842696629 0.5664794007490637 0.5433637640449438 0.5716292134831461 0.5516151685393258 0.5699906367041199 0.557935393258427 0.5706928838951311 0.5612710674157303 0.5695224719101124 0.5642556179775281 0.5671816479400749 0.5663623595505618 0.5608614232209738 0.5665379213483146 0.538623595505618 0.5617977528089888 0.5327715355805244 0.5540730337078652 0.5287921348314607 0.5502106741573034 0.5280898876404494 0.5466994382022472 0.5292602996254682 0.5444171348314607 0.5316011235955056 0.542310393258427 0.5360486891385767 0.5410814606741573 0.5454899344569288
0 0.5417837078651685 0.4845505617977528 0.5410814606741573 0.49836142322097376 0.543188202247191 0.5067883895131086 0.5463483146067416 0.5114700374531835 0.5489817415730337 0.513810861423221 0.5570575842696629 0.516619850187266 0.5596910112359551 0.5154494382022472 0.5651334269662921 0.5063202247191011 0.5672401685393258 0.5004681647940075 0.5672401685393258 0.4911048689138577 0.5653089887640449 0.4824438202247191 0.5614466292134831 0.4782303370786517 0.5535463483146067 0.47495318352059923 0.5495084269662921 0.476123595505618 0.5447682584269663 0.4794007490636704
0 0.5416081460674157 0.4307116104868914 0.5414325842696629 0.43586142322097376 0.542310393258427 0.43913857677902624 0.5470505617977528 0.4461610486891386 0.5502106741573034 0.44920411985018727 0.5653089887640449 0.4426498127340824 0.5677668539325843 0.43890449438202245 0.569873595505618 0.42930711610486894 0.569873595505618 0.41502808988764045 0.5686446629213483 0.4112827715355805 0.5647823033707865 0.40730337078651685 0.5605688202247191 0.4044943820224719 0.5535463483146067 0.40379213483146065 0.5479283707865169 0.40636704119850187 0.5445926966292135 0.41034644194756553 0.5435393258426966 0.4133895131086142 0.543188202247191 0.4225187265917603 0.5419592696629213 0.42532771535580527
0 0.5426615168539326 0.37336142322097376 0.5419592696629213 0.37991573033707865 0.542310393258427 0.38342696629213485 0.5444171348314607 0.3920880149812734 0.5465238764044944 0.3958333333333333 0.5535463483146067 0.3993445692883895 0.5605688202247191 0.399812734082397 0.5630266853932584 0.398876404494382 0.5653089887640449 0.3960674157303371 0.5693469101123596 0.38436329588014984 0.5704002808988764 0.37312734082397003 0.5696980337078652 0.3693820224719101 0.5623244382022472 0.3607209737827715 0.5609199438202247 0.35978464419475653 0.5565308988764045 0.3595505617977528 0.5498595505617978 0.35978464419475653 0.5472261235955056 0.36118913857677903 0.5445926966292135 0.36493445692883897
0 0.5445926966292135 0.3347378277153558 0.5442415730337079 0.34527153558052437 0.5447682584269663 0.34831460674157305 0.545997191011236 0.35252808988764045 0.5484550561797753 0.35557116104868913 0.5531952247191011 0.35720973782771537 0.5609199438202247 0.35720973782771537 0.5658356741573034 0.35557116104868913 0.5689957865168539 0.350187265917603 0.5712780898876404 0.3342696629213483 0.5677668539325843 0.3232677902621723 0.5639044943820225 0.31858614232209737 0.5609199438202247 0.31741573033707865 0.5565308988764045 0.3171816479400749 0.5512640449438202 0.31952247191011235 0.5484550561797753 0.3223314606741573 0.545997191011236 0.3270131086142322
0 0.5733848314606742 0.33824906367041196 0.5737359550561798 0.34925093632958804 0.5746137640449438 0.3527621722846442 0.5765449438202247 0.35603932584269665 0.5814606741573034 0.3595505617977528 0.5904143258426966 0.36025280898876405 0.5919943820224719 0.3600187265917603 0.5960323033707865 0.35697565543071164 0.6005969101123596 0.34925093632958804 0.6027036516853933 0.3419943820224719 0.6028792134831461 0.3345037453183521 0.6009480337078652 0.3279494382022472 0.5962078651685393 0.32186329588014984 0.5923455056179775 0.31999063670411987 0.5874297752808989 0.3197565543071161 0.581811797752809 0.32186329588014984 0.578125 0.3256086142322097 0.5747893258426966 0.33146067415730335
0 0.5672401685393258 0.3955992509363296 0.567064606741573 0.39747191011235955 0.5691713483146067 0.40051498127340823 0.5700491573033708 0.40472846441947563 0.5711025280898876 0.40613295880149813 0.574438202247191 0.40777153558052437 0.5783005617977528 0.40777153558052437 0.5926966292134831 0.40191947565543074 0.5972612359550562 0.39747191011235955 0.6004213483146067 0.39068352059925093 0.6002457865168539 0.3775749063670412 0.5979634831460674 0.3698501872659176 0.5942766853932584 0.36540262172284643 0.5884831460674157 0.36235955056179775 0.5816362359550562 0.3625936329588015 0.5774227528089888 0.36446629213483145 0.5730337078651685 0.37008426966292135 0.5725070224719101 0.374063670411985 0.573560393258427 0.3801498127340824 0.5705758426966292 0.3836610486891386 0.5679424157303371 0.3904494382022472
0 0.6042837078651685 0.335440074906367 0.6034058988764045 0.34573970037453183 0.6004213483146067 0.35580524344569286 0.6041081460674157 0.36025280898876405 0.6058637640449438 0.363998127340824 0.608497191011236 0.36563670411985016 0.6127106741573034 0.36563670411985016 0.6151685393258427 0.3637640449438202 0.6188553370786517 0.36282771535580527 0.6235955056179775 0.36329588014981273 0.6279845505617978 0.3604868913857678 0.6309691011235955 0.35674157303370785 0.633251404494382 0.352059925093633 0.6343047752808989 0.3441011235955056 0.6339536516853933 0.33824906367041196 0.6325491573033708 0.33286516853932585 0.6350070224719101 0.32771535580524347 0.6357092696629213 0.32420411985018727 0.6336025280898876 0.3192883895131086 0.6300912921348315 0.3197565543071161 0.6279845505617978 0.3237359550561798 0.6255266853932584 0.32514044943820225 0.6230688202247191 0.3249063670411985 0.6200842696629213 0.32303370786516855 0.613061797752809 0.3237359550561798 0.608497191011236 0.3267790262172285 0.6055126404494382 0.33146067415730335
0 0.6049859550561798 0.3862359550561798 0.6046348314606742 0.39419475655430714 0.6091994382022472 0.398876404494382 0.6144662921348315 0.4002808988764045 0.6230688202247191 0.39957865168539325 0.6293890449438202 0.3951310861423221 0.632373595505618 0.39068352059925093 0.6334269662921348 0.386938202247191 0.633251404494382 0.3794475655430712 0.6302668539325843 0.3703183520599251 0.6267556179775281 0.36657303370786515 0.6232443820224719 0.3647003745318352 0.6160463483146067 0.36446629213483145 0.6077949438202247 0.3698501872659176 0.6063904494382022 0.37359550561797755
0 0.6070926966292135 0.4147940074906367 0.6067415730337079 0.4243913857677903 0.6051615168539326 0.4311797752808989 0.6051615168539326 0.43562734082397003 0.605688202247191 0.4363295880149813 0.6097261235955056 0.43890449438202245 0.6158707865168539 0.44124531835205993 0.6232443820224719 0.44124531835205993 0.628686797752809 0.4375 0.6311446629213483 0.43352059925093633 0.6325491573033708 0.4288389513108614 0.6321980337078652 0.42392322097378277 0.6327247191011236 0.42158239700374533 0.6302668539325843 0.41081460674157305 0.6271067415730337 0.40730337078651685 0.6207865168539326 0.4056647940074906 0.6163974719101124 0.40636704119850187 0.6091994382022472 0.4110486891385768
0 0.570751404494382 0.41807116104868913 0.5719803370786517 0.42228464419475653 0.5705758426966292 0.42532771535580527 0.5721558988764045 0.4288389513108614 0.5679424157303371 0.43913857677902624 0.5696980337078652 0.44335205992509363 0.5783005617977528 0.4447565543071161 0.5847963483146067 0.4477996254681648 0.5919943820224719 0.4482677902621723 0.5953300561797753 0.44592696629213485 0.5986657303370787 0.44545880149812733 0.6007724719101124 0.44288389513108617 0.6030547752808989 0.43164794007490637 0.6032303370786517 0.4112827715355805 0.5995435393258427 0.40987827715355807 0.5986657303370787 0.40823970037453183 0.5923455056179775 0.40472846441947563 0.5856741573033708 0.4058988764044944 0.5770716292134831 0.40987827715355807 0.5719803370786517 0.4147940074906367
0 0.5653089887640449 0.45739700374531833 0.5651334269662921 0.4637172284644195 0.5663623595505618 0.4705056179775281 0.5716292134831461 0.4779962546816479 0.5753160112359551 0.487125468164794 0.578125 0.4875936329588015 0.5805828651685393 0.4866573033707865 0.5881320224719101 0.48618913857677903 0.5918188202247191 0.4833801498127341 0.5944522471910112 0.4779962546816479 0.5962078651685393 0.4705056179775281 0.5956811797752809 0.45997191011235955 0.5941011235955056 0.4550561797752809 0.5912921348314607 0.4517790262172285 0.5802317415730337 0.44686329588014984 0.573560393258427 0.44569288389513106 0.5711025280898876 0.4463951310861423 0.5686446629213483 0.448501872659176
0 0.5998946629213483 0.4679307116104869 0.5997191011235955 0.4726123595505618 0.6009480337078652 0.4794007490636704 0.6035814606741573 0.48782771535580527 0.6055126404494382 0.4913389513108614 0.6239466292134831 0.4887640449438202 0.6272823033707865 0.48525280898876405 0.6304424157303371 0.4772940074906367 0.6299157303370787 0.4669943820224719 0.628686797752809 0.46348314606741575 0.6279845505617978 0.4576310861423221 0.6292134831460674 0.45482209737827717 0.6311446629213483 0.45318352059925093 0.6309691011235955 0.44967228464419473 0.6300912921348315 0.44803370786516855 0.6265800561797753 0.4477996254681648 0.6234199438202247 0.450374531835206 0.6121839887640449 0.449438202247191 0.6058637640449438 0.4508426966292135
0 0.5967345505617978 0.5196629213483146 0.5970856741573034 0.5259831460674157 0.5988412921348315 0.5304307116104869 0.5997191011235955 0.5308988764044944 0.6062148876404494 0.5327715355805244 0.6114817415730337 0.5313670411985019 0.6188553370786517 0.5313670411985019 0.624122191011236 0.5294943820224719 0.6272823033707865 0.5259831460674157 0.6264044943820225 0.5224719101123596 0.6285112359550562 0.5191947565543071 0.6292134831460674 0.5051498127340824 0.6276334269662921 0.5002340823970037 0.6274578651685393 0.4969569288389513 0.6251755617977528 0.4943820224719101 0.6169241573033708 0.4913389513108614 0.6123595505617978 0.49157303370786515 0.6041081460674157 0.4948501872659176 0.5991924157303371 0.5016385767790262 0.5984901685393258 0.5044475655430711 0.5979634831460674 0.5159176029962547
0 0.5675912921348315 0.5065543071161048 0.5672401685393258 0.5121722846441947 0.5696980337078652 0.5203651685393258 0.5726825842696629 0.5250468164794008 0.5768960674157303 0.5273876404494382 0.5846207865168539 0.5292602996254682 0.5884831460674157 0.5287921348314607 0.5923455056179775 0.5255149812734082 0.5949789325842697 0.5205992509363296 0.5963834269662921 0.5156835205992509 0.5962078651685393 0.5011704119850188 0.5949789325842697 0.49765917602996257 0.592872191011236 0.49414794007490637 0.5895365168539326 0.49087078651685395 0.5853230337078652 0.488998127340824 0.5783005617977528 0.4892322097378277 0.5737359550561798 0.4913389513108614 0.5711025280898876 0.49461610486891383
0 0.5684691011235955 0.5362827715355806 0.5681179775280899 0.5503277153558053 0.5714536516853933 0.5573501872659176 0.5723314606741573 0.5641385767790262 0.5777738764044944 0.5697565543071161 0.5811095505617978 0.5718632958801498 0.5898876404494382 0.5718632958801498 0.5939255617977528 0.5695224719101124 0.5988412921348315 0.5634363295880149 0.6002457865168539 0.5552434456928839 0.6002457865168539 0.5433052434456929 0.5993679775280899 0.5400280898876404 0.5953300561797753 0.5346441947565543 0.5881320224719101 0.5308988764044944 0.574438202247191 0.5290262172284644 0.570751404494382 0.5318352059925093
0 0.6037570224719101 0.5465823970037453 0.6035814606741573 0.5543071161048689 0.604810393258427 0.5620318352059925 0.6072682584269663 0.5664794007490637 0.613939606741573 0.5711610486891385 0.6230688202247191 0.5711610486891385 0.6297401685393258 0.5639044943820225 0.6320224719101124 0.5587546816479401 0.6329002808988764 0.5543071161048689 0.6316713483146067 0.5470505617977528 0.6297401685393258 0.5433052434456929 0.6235955056179775 0.535814606741573 0.6199087078651685 0.5334737827715356 0.6151685393258427 0.5332397003745318 0.6088483146067416 0.5344101123595506 0.605688202247191 0.5397940074906367 0.605688202247191 0.5435393258426966
0 0.6005969101123596 0.5849719101123596 0.5998946629213483 0.5924625468164794 0.6018258426966292 0.6004213483146067 0.6039325842696629 0.6046348314606742 0.6160463483146067 0.6125936329588015 0.6202598314606742 0.612125468164794 0.6230688202247191 0.6132958801498127 0.6264044943820225 0.613061797752809 0.628686797752809 0.6161048689138576 0.6336025280898876 0.6158707865168539 0.6343047752808989 0.6116573033707865 0.6334269662921348 0.6067415730337079 0.6353581460674157 0.6022940074906367 0.6350070224719101 0.5912921348314607 0.6343047752808989 0.5880149812734082 0.629564606741573 0.5779494382022472 0.6199087078651685 0.5727996254681648 0.6127106741573034 0.5723314606741573 0.6091994382022472 0.574438202247191 0.605688202247191 0.5786516853932584 0.6042837078651685 0.5821629213483146
0 0.6049859550561798 0.62312734082397 0.6058637640449438 0.6261704119850188 0.604810393258427 0.6294475655430711 0.6055126404494382 0.6331928838951311 0.6041081460674157 0.6385767790262172 0.6027036516853933 0.6404494382022472 0.6028792134831461 0.6439606741573034 0.6065660112359551 0.6481741573033708 0.610252808988764 0.6542602996254682 0.6120084269662921 0.6551966292134831 0.6260533707865169 0.6554307116104869 0.6293890449438202 0.6542602996254682 0.6309691011235955 0.651685393258427 0.6327247191011236 0.650749063670412 0.6325491573033708 0.647003745318352 0.6337780898876404 0.6441947565543071 0.6348314606741573 0.6352996254681648 0.6344803370786517 0.62687265917603 0.6336025280898876 0.6247659176029963 0.6242977528089888 0.6172752808988764 0.6199087078651685 0.614934456928839 0.6109550561797753 0.6158707865168539 0.6083216292134831 0.6175093632958801
0 0.602001404494382 0.6715823970037453 0.6018258426966292 0.6790730337078652 0.6041081460674157 0.6865636704119851 0.6076193820224719 0.6926498127340824 0.6125351123595506 0.6966292134831461 0.6183286516853933 0.6977996254681648 0.6246488764044944 0.6970973782771536 0.6290379213483146 0.6942883895131086 0.6316713483146067 0.6907771535580525 0.6336025280898876 0.6858614232209738 0.6339536516853933 0.6781367041198502 0.6334269662921348 0.6718164794007491 0.6302668539325843 0.661750936329588 0.6267556179775281 0.6584737827715356 0.6199087078651685 0.6568352059925093 0.6125351123595506 0.6566011235955056 0.6090238764044944 0.6575374531835206 0.6042837078651685 0.661750936329588
0 0.5639044943820225 0.6645599250936329 0.563377808988764 0.6760299625468165 0.5621488764044944 0.6814138576779026 0.5619733146067416 0.6858614232209738 0.5635533707865169 0.6884363295880149 0.567064606741573 0.6912453183520599 0.5719803370786517 0.6919475655430711 0.5851474719101124 0.6905430711610487 0.590063202247191 0.6872659176029963 0.5935744382022472 0.6823501872659176 0.5949789325842697 0.6722846441947565 0.5942766853932584 0.6645599250936329 0.5918188202247191 0.6573033707865169 0.5860252808988764 0.6521535580524345 0.5783005617977528 0.6491104868913857 0.5746137640449438 0.648876404494382 0.5723314606741573 0.649812734082397 0.5709269662921348 0.650749063670412 0.5693469101123596 0.6540262172284644 0.5660112359550562 0.6580056179775281 0.5654845505617978 0.6612827715355806
0 0.5728581460674157 0.6184456928838952 0.5723314606741573 0.6235955056179775 0.5737359550561798 0.6280430711610487 0.573560393258427 0.6406835205992509 0.5807584269662921 0.6493445692883895 0.5884831460674157 0.6537921348314607 0.5926966292134831 0.653558052434457 0.5988412921348315 0.6551966292134831 0.5997191011235955 0.6544943820224719 0.5997191011235955 0.6474719101123596 0.6032303370786517 0.6352996254681648 0.6032303370786517 0.6264044943820225 0.6002457865168539 0.6196161048689138 0.5958567415730337 0.613061797752809 0.5951544943820225 0.6125936329588015 0.5932233146067416 0.6135299625468165 0.5809339887640449 0.6100187265917603 0.5760182584269663 0.6135299625468165
2 0.6437266502808988 0.31054939138576776 0.35158760533707867 0.298250936329588 0.3435296699438202 0.6898602528089888 0.6364366221910113 0.69981484082397
1 0.4043697331460674 0.37285346441947564 0.025733848314606744 0.029414794007490638
1 0.43294592696629214 0.49945458801498127 0.024366221910112357 0.025124063670411985
1 0.4630442415730337 0.6200257490636704 0.024871839887640447 0.03374765917602996
1 0.5835059691011236 0.5877574906367041 0.02000702247191011 0.030074906367041195
1 0.5533549859550562 0.46538389513108613 0.020567064606741573 0.020966760299625468