1 0.375874297752809 0.33300327715355804 0.024920997191011235 0.03398408239700375
1 0.4067538623595505 0.33548455056179777 0.021137640449438205 0.03426498127340824
1 0.4034111657303371 0.3725117041198502 0.02381495786516854 0.02404728464419476
1 0.3725596910112359 0.5381015917602996 0.02414501404494382 0.03219569288389513
1 0.3710059691011236 0.6198033707865169 0.0210375702247191 0.02237827715355805
1 0.46178897471910113 0.6226076779026217 0.025870786516853934 0.03422752808988764
1 0.46514922752808985 0.5385580524344569 0.019719101123595505 0.03779260299625468
1 0.4353335674157303 0.49938436329588015 0.022119030898876405 0.029665262172284646
1 0.46589009831460676 0.5000421348314606 0.022370084269662922 0.029421816479400748
1 0.4663869382022472 0.46024578651685394 0.022194522471910113 0.030978464419475656
1 0.553460323033708 0.5041362359550562 0.020777738764044942 0.028244382022471908
1 0.5514624297752809 0.4664021535580524 0.0214624297752809 0.027687265917602996
1 0.5218609550561798 0.5824157303370786 0.02429248595505618 0.03343398876404495
1 0.583656952247191 0.5867088014981273 0.02733321629213483 0.03421582397003745
1 0.5829880617977528 0.6249063670411985 0.02248244382022472 0.02790496254681648
1 0.55234375 0.6648127340823969 0.0232250702247191 0.03125
2 0.3493679775280899 0.3004056647940075 0.6450890098314607 0.3131125936329588 0.6345393258426966 0.7038321629213483 0.3397693117977528 0.6873061797752809
0 0.4139747191011236 0.32631086142322097 0.41344803370786515 0.33286516853932585 0.4141502808988764 0.33801498127340823 0.4159058988764045 0.3433988764044944 0.41906601123595505 0.34901685393258425 0.42134831460674155 0.35042134831460675 0.4317064606741573 0.35252808988764045 0.43679775280898875 0.3508895131086142 0.43855337078651685 0.34925093632958804 0.4394311797752809 0.34597378277153557 0.4392556179775281 0.34152621722846443 0.44083567415730335 0.33146067415730335 0.4390800561797753 0.32467228464419473 0.43644662921348315 0.3202247191011236 0.43258426966292135 0.3171816479400749 0.42872191011235955 0.3157771535580524 0.4238061797752809 0.3160112359550562 0.4176615168539326 0.31999063670411987
0 0.35428370786516855 0.3553370786516854 0.35463483146067415 0.36704119850187267 0.35884831460674155 0.3761704119850187 0.363061797752809 0.3813202247191011 0.3730688202247191 0.38459737827715357 0.38009129213483145 0.38506554307116103 0.38360252808988765 0.3822565543071161 0.386938202247191 0.37663857677902624 0.3862359550561798 0.3738295880149813 0.38728932584269665 0.3703183520599251 0.3871137640449438 0.3682116104868914 0.38395365168539325 0.3609550561797753 0.38219803370786515 0.35369850187265917 0.3793890449438202 0.351123595505618 0.37447331460674155 0.3443352059925094 0.36990870786516855 0.3410580524344569 0.3634129213483146 0.34129213483146065 0.36007724719101125 0.3429307116104869 0.35797050561797755 0.3455056179775281
0 0.35287921348314605 0.40379213483146065 0.35270365168539325 0.41175093632958804 0.3534058988764045 0.414559925093633 0.3577949438202247 0.4211142322097378 0.3634129213483146 0.42696629213483145 0.3728932584269663 0.43000936329588013 0.37622893258426965 0.43000936329588013 0.38360252808988765 0.4232209737827715 0.38588483146067415 0.41830524344569286 0.3864115168539326 0.4147940074906367 0.3851825842696629 0.4056647940074906 0.38535814606741575 0.40098314606741575 0.383251404494382 0.3972378277153558 0.3827247191011236 0.39419475655430714 0.36622191011235955 0.38647003745318353 0.3591994382022472 0.3904494382022472 0.35603932584269665 0.3937265917602996 0.3539325842696629 0.397940074906367
0 0.352001404494382 0.44592696629213485 0.3518258426966292 0.45341760299625467 0.3551615168539326 0.46348314606741575 0.3595505617977528 0.4681647940074906 0.36271067415730335 0.4700374531835206 0.3693820224719101 0.4691011235955056 0.3772823033707865 0.46465355805243447 0.37974016853932585 0.46441947565543074 0.383251404494382 0.45669475655430714 0.3830758426966292 0.449438202247191 0.3806179775280899 0.44241573033707865 0.38026685393258425 0.4386704119850187 0.3767556179775281 0.43375468164794007 0.37166432584269665 0.4307116104868914 0.36973314606741575 0.4286048689138577 0.36622191011235955 0.4276685393258427 0.363061797752809 0.4286048689138577 0.3555126404494382 0.43515917602996257 0.3534058988764045 0.4396067415730337
0 0.35445926966292135 0.5021067415730337 0.3539325842696629 0.5053838951310862 0.355688202247191 0.5105337078651685 0.3590238764044944 0.5140449438202247 0.36271067415730335 0.5163857677902621 0.36604634831460675 0.5170880149812734 0.36815308988764045 0.5163857677902621 0.3804424157303371 0.5095973782771536 0.3843047752808989 0.5053838951310862 0.38588483146067415 0.5009363295880149 0.3862359550561798 0.4803370786516854 0.3851825842696629 0.47635767790262173 0.38342696629213485 0.4737827715355805 0.38009129213483145 0.47120786516853935 0.36990870786516855 0.47120786516853935 0.36464185393258425 0.47284644194756553 0.36077949438202245 0.477059925093633 0.359375 0.48057116104868913
0 0.3477879213483146 0.5816947565543071 0.347436797752809 0.589185393258427 0.34866573033707865 0.5950374531835206 0.35428370786516855 0.6027621722846442 0.3611306179775281 0.6044007490636704 0.36657303370786515 0.6041666666666666 0.36973314606741575 0.6027621722846442 0.37377106741573035 0.5978464419475655 0.37833567415730335 0.5959737827715356 0.3813202247191011 0.5884831460674157 0.3804424157303371 0.5739700374531835 0.3813202247191011 0.5709269662921348 0.38009129213483145 0.5653089887640449 0.3788623595505618 0.5641385767790262 0.371313202247191 0.5627340823970037 0.36622191011235955 0.5625 0.36077949438202245 0.5641385767790262 0.35094803370786515 0.5716292134831461 0.34849016853932585 0.5777153558052435
0 0.34638342696629215 0.6612827715355806 0.34638342696629215 0.6715823970037453 0.347436797752809 0.6772003745318352 0.3491924157303371 0.6804775280898876 0.35235252808988765 0.6832865168539326 0.3558637640449438 0.6844569288389513 0.36253511235955055 0.6835205992509363 0.3672752808988764 0.6800093632958801 0.36990870786516855 0.6748595505617978 0.37183988764044945 0.6647940074906367 0.3711376404494382 0.6568352059925093 0.36990870786516855 0.6512172284644194 0.36639747191011235 0.647003745318352 0.3590238764044944 0.6465355805243446 0.3532303370786517 0.6505149812734082 0.3495435393258427 0.6542602996254682
0 0.3751755617977528 0.677434456928839 0.375 0.6924157303370787 0.3767556179775281 0.6954588014981273 0.38009129213483145 0.6980337078651685 0.38342696629213485 0.6996722846441947 0.3871137640449438 0.6999063670411985 0.3941362359550562 0.6931179775280899 0.3950140449438202 0.6907771535580525 0.40168539325842695 0.6823501872659176 0.4020365168539326 0.6750936329588015 0.40133426966292135 0.6725187265917603 0.40098314606741575 0.663623595505618 0.3981741573033708 0.6612827715355806 0.39747191011235955 0.6577715355805244 0.39378511235955055 0.6556647940074907 0.386938202247191 0.6544943820224719 0.3827247191011236 0.6563670411985019 0.37798455056179775 0.6615168539325843
0 0.37359550561797755 0.6266385767790262 0.37254213483146065 0.6327247191011236 0.3730688202247191 0.6392790262172284 0.37622893258426965 0.647003745318352 0.3792134831460674 0.6484082397003745 0.38377808988764045 0.6477059925093633 0.390625 0.6509831460674157 0.39132724719101125 0.6477059925093633 0.39589185393258425 0.6425561797752809 0.3981741573033708 0.6371722846441947 0.4004564606741573 0.6238295880149812 0.4004564606741573 0.6196161048689138 0.3950140449438202 0.6118913857677902 0.3888693820224719 0.6093164794007491 0.3871137640449438 0.6058052434456929 0.3864115168539326 0.6074438202247191 0.38342696629213485 0.608380149812734 0.37587780898876405 0.6161048689138576
0 0.40554775280898875 0.650749063670412 0.4041432584269663 0.6603464419475655 0.40484550561797755 0.6640917602996255 0.4044943820224719 0.6729868913857678 0.40537219101123595 0.6786048689138576 0.4078300561797753 0.6825842696629213 0.41134129213483145 0.6846910112359551 0.41502808988764045 0.6851591760299626 0.4201193820224719 0.6830524344569289 0.4317064606741573 0.6748595505617978 0.43275983146067415 0.6720505617977528 0.43275983146067415 0.6678370786516854 0.43504213483146065 0.6612827715355806 0.43486657303370785 0.6542602996254682 0.4317064606741573 0.6463014981273408 0.4274929775280899 0.6418539325842697 0.421875 0.6392790262172284 0.41485252808988765 0.6395131086142322 0.409936797752809 0.6425561797752809 0.40695224719101125 0.647003745318352
0 0.40519662921348315 0.613061797752809 0.40484550561797755 0.6175093632958801 0.4066011235955056 0.6273408239700374 0.409936797752809 0.6317883895131086 0.4143258426966292 0.6355337078651685 0.41871488764044945 0.637874531835206 0.42854634831460675 0.639747191011236 0.43223314606741575 0.6392790262172284 0.4397823033707865 0.6301498127340824 0.43837780898876405 0.6271067415730337 0.4392556179775281 0.6233614232209738 0.43802668539325845 0.6200842696629213 0.43872893258426965 0.6163389513108615 0.4376755617977528 0.6137640449438202 0.43662219101123595 0.6062734082397003 0.43258426966292135 0.6020599250936329 0.42257724719101125 0.5990168539325843 0.41134129213483145 0.601123595505618 0.40905898876404495 0.6044007490636704
0 0.3862359550561798 0.5702247191011236 0.38588483146067415 0.5784176029962547 0.3864115168539326 0.5809925093632958 0.38939606741573035 0.5877808988764045 0.3909761235955056 0.5889513108614233 0.4006320224719101 0.5915262172284644 0.4078300561797753 0.591058052434457 0.41327247191011235 0.5868445692883895 0.41485252808988765 0.5847378277153558 0.4157303370786517 0.5814606741573034 0.41660814606741575 0.5727996254681648 0.4159058988764045 0.5641385767790262 0.41344803370786515 0.5585205992509363 0.4081811797752809 0.5529026217228464 0.40098314606741575 0.5517322097378277 0.39747191011235955 0.5531367041198502 0.39360955056179775 0.5561797752808989 0.38799157303370785 0.5641385767790262
0 0.37974016853932585 0.5327715355805244 0.37974016853932585 0.5369850187265918 0.38377808988764045 0.5468164794007491 0.3902738764044944 0.549625468164794 0.397998595505618 0.5491573033707865 0.40519662921348315 0.5470505617977528 0.40923455056179775 0.5449438202247191 0.4106390449438202 0.5433052434456929 0.4123946629213483 0.5400280898876404 0.41502808988764045 0.5294943820224719 0.41502808988764045 0.5243445692883895 0.41274578651685395 0.5175561797752809 0.41099016853932585 0.5159176029962547 0.40923455056179775 0.511938202247191 0.4008075842696629 0.5088951310861424 0.39360955056179775 0.5084269662921348 0.390625 0.5105337078651685 0.3865870786516854 0.5159176029962547
0 0.4160814606741573 0.5327715355805244 0.41660814606741575 0.5435393258426966 0.4201193820224719 0.5489232209737828 0.4238061797752809 0.5514981273408239 0.42872191011235955 0.5529026217228464 0.4315308988764045 0.552434456928839 0.43644662921348315 0.5503277153558053 0.4392556179775281 0.5468164794007491 0.44030898876404495 0.5400280898876404 0.44030898876404495 0.5290262172284644 0.4394311797752809 0.5259831460674157 0.4357443820224719 0.5208333333333334 0.4294241573033708 0.5182584269662921 0.4253862359550562 0.5184925093632958 0.42099719101123595 0.5208333333333334 0.4176615168539326 0.5252808988764045
0 0.38799157303370785 0.48080524344569286 0.38781601123595505 0.48525280898876405 0.3886938202247191 0.4913389513108614 0.39396067415730335 0.5016385767790262 0.3987008426966292 0.5035112359550562 0.4039676966292135 0.5030430711610487 0.40712780898876405 0.5009363295880149 0.4102879213483146 0.4955524344569288 0.41151685393258425 0.49180711610486894 0.4120435393258427 0.488061797752809 0.4116924157303371 0.47963483146067415 0.40888342696629215 0.4721441947565543 0.40519662921348315 0.4691011235955056 0.39957865168539325 0.4679307116104869 0.39378511235955055 0.46980337078651685 0.3890449438202247 0.47635767790262173
0 0.38799157303370785 0.43796816479400746 0.3871137640449438 0.43937265917602997 0.3883426966292135 0.4524812734082397 0.3902738764044944 0.45529026217228463 0.3927317415730337 0.461376404494382 0.39729634831460675 0.46418539325842695 0.4046699438202247 0.46348314606741575 0.4083567415730337 0.4616104868913858 0.41344803370786515 0.45224719101123595 0.4143258426966292 0.44545880149812733 0.41327247191011235 0.43984082397003743 0.41134129213483145 0.4344569288389513 0.4080056179775281 0.4307116104868914 0.3965941011235955 0.42837078651685395 0.39396067415730335 0.43047752808988765 0.39343398876404495 0.43211610486891383
0 0.3886938202247191 0.3951310861423221 0.3890449438202247 0.40777153558052437 0.39009831460674155 0.41409176029962547 0.39115168539325845 0.41807116104868913 0.39343398876404495 0.42064606741573035 0.4008075842696629 0.4250936329588015 0.4081811797752809 0.425561797752809 0.41134129213483145 0.4243913857677903 0.41678370786516855 0.41947565543071164 0.42047050561797755 0.40426029962546817 0.4180126404494382 0.3970037453183521 0.41485252808988765 0.3920880149812734 0.40115870786516855 0.3817883895131086 0.39747191011235955 0.3817883895131086 0.39396067415730335 0.38295880149812733 0.390625 0.38717228464419473
0 0.4575140449438202 0.673689138576779 0.4569873595505618 0.675561797752809 0.4590941011235955 0.6828183520599251 0.45997191011235955 0.6846910112359551 0.4631320224719101 0.6865636704119851 0.4666432584269663 0.6865636704119851 0.47384129213483145 0.6884363295880149 0.4878862359550562 0.6867977528089888 0.4924508426966292 0.6828183520599251 0.49754213483146065 0.6718164794007491 0.496313202247191 0.6577715355805244 0.49473314606741575 0.6563670411985019 0.49297752808988765 0.6509831460674157 0.49122191011235955 0.6481741573033708 0.48753511235955055 0.6486423220973783 0.48507724719101125 0.647003745318352 0.47910814606741575 0.6458333333333334 0.4748946629213483 0.6463014981273408 0.47331460674157305 0.6472378277153558 0.4706811797752809 0.6514513108614233 0.46611657303370785 0.6551966292134831 0.4648876404494382 0.6591760299625468 0.4631320224719101 0.6610486891385767
0 0.43469101123595505 0.6439606741573034 0.4339887640449438 0.6477059925093633 0.43679775280898875 0.6573033707865169 0.4355688202247191 0.6610486891385767 0.4355688202247191 0.6652621722846442 0.4375 0.6725187265917603 0.4431179775280899 0.6783707865168539 0.4454002808988764 0.6790730337078652 0.45435393258426965 0.6786048689138576 0.46190308988764045 0.6612827715355806 0.46190308988764045 0.6587078651685393 0.4643609550561798 0.651685393258427 0.4627808988764045 0.6474719101123596 0.46032303370786515 0.6439606741573034 0.4548806179775281 0.6411516853932584 0.45014044943820225 0.6367041198501873 0.4429424157303371 0.6345973782771536 0.43872893258426965 0.6367041198501873 0.43802668539325845 0.6395131086142322 0.43609550561797755 0.6411516853932584
0 0.45435393258426965 0.5788857677902621 0.4534761235955056 0.5814606741573034 0.45365168539325845 0.5901217228464419 0.45593398876404495 0.5999531835205992 0.4573384831460674 0.6025280898876404 0.4624297752808989 0.6053370786516854 0.46594101123595505 0.6055711610486891 0.46997893258426965 0.6051029962546817 0.47401685393258425 0.6020599250936329 0.47577247191011235 0.5985486891385767 0.47770365168539325 0.5912921348314607 0.4780547752808989 0.5847378277153558 0.477001404494382 0.5784176029962547 0.47331460674157305 0.5718632958801498 0.4669943820224719 0.5671816479400749 0.46418539325842695 0.5697565543071161 0.45804073033707865 0.5730337078651685
0 0.4202949438202247 0.5641385767790262 0.4195926966292135 0.5671816479400749 0.4197682584269663 0.5849719101123596 0.4215238764044944 0.5898876404494382 0.42503511235955055 0.5950374531835206 0.43047752808988765 0.599250936329588 0.43855337078651685 0.6013576779026217 0.4410112359550562 0.600187265917603 0.44610252808988765 0.5955056179775281 0.44978932584269665 0.5852059925093633 0.4511938202247191 0.5784176029962547 0.4510182584269663 0.5749063670411985 0.4489115168539326 0.5674157303370787 0.4468047752808989 0.5634363295880149 0.43995786516853935 0.5592228464419475 0.43504213483146065 0.5575842696629213 0.42872191011235955 0.5571161048689138 0.42292837078651685 0.5596910112359551
0 0.47384129213483145 0.6252340823970037 0.47366573033707865 0.6301498127340824 0.4747191011235955 0.6343632958801498 0.4747191011235955 0.637874531835206 0.47384129213483145 0.6404494382022472 0.4840238764044944 0.6451310861423221 0.4878862359550562 0.6448970037453183 0.49719101123595505 0.6413857677902621 0.49859550561797755 0.6392790262172284 0.5014044943820225 0.6301498127340824 0.5 0.6214887640449438 0.49719101123595505 0.6147003745318352 0.49473314606741575 0.6118913857677902 0.4938553370786517 0.6095505617977528 0.491748595505618 0.6088483146067416 0.48384831460674155 0.610252808988764 0.4782303370786517 0.614934456928839 0.47542134831460675 0.6189138576779026
0 0.511060393258427 0.6680711610486891 0.511060393258427 0.6788389513108615 0.515625 0.6886704119850188 0.5217696629213483 0.6914794007490637 0.526685393258427 0.6917134831460674 0.5326544943820225 0.6898408239700374 0.5359901685393258 0.6858614232209738 0.5379213483146067 0.6786048689138576 0.5380969101123596 0.6680711610486891 0.5366924157303371 0.663623595505618 0.5319522471910112 0.6570692883895131 0.5261587078651685 0.6544943820224719 0.5219452247191011 0.6554307116104869 0.5145716292134831 0.6601123595505618
0 0.5049157303370787 0.6058052434456929 0.5054424157303371 0.6095505617977528 0.504564606741573 0.62687265917603 0.5091292134831461 0.6336610486891385 0.511938202247191 0.6357677902621723 0.5191362359550562 0.6374063670411985 0.5259831460674157 0.6345973782771536 0.5293188202247191 0.6303838951310862 0.53125 0.6247659176029963 0.532127808988764 0.6170411985018727 0.5307233146067416 0.6090823970037453 0.5282654494382022 0.6053370786516854 0.5222963483146067 0.601123595505618 0.5180828651685393 0.5999531835205992 0.5138693820224719 0.6006554307116105 0.5124648876404494 0.6025280898876404 0.5086025280898876 0.6020599250936329 0.507373595505618 0.6046348314606742
0 0.4803370786516854 0.5798220973782772 0.4805126404494382 0.5955056179775281 0.48174157303370785 0.5990168539325843 0.48314606741573035 0.6004213483146067 0.49332865168539325 0.6036985018726592 0.4982443820224719 0.6041666666666666 0.5015800561797753 0.6027621722846442 0.5054424157303371 0.5994850187265918 0.507373595505618 0.5955056179775281 0.5089536516853933 0.5849719101123596 0.5080758426966292 0.5749063670411985 0.5047401685393258 0.5676498127340824 0.4982443820224719 0.5632022471910112 0.4861306179775281 0.5669475655430711 0.48156601123595505 0.5746722846441947
0 0.47542134831460675 0.5397940074906367 0.47559691011235955 0.5491573033707865 0.477001404494382 0.5571161048689138 0.4805126404494382 0.56062734082397 0.48718398876404495 0.5641385767790262 0.49122191011235955 0.56437265917603 0.49701544943820225 0.5615636704119851 0.5026334269662921 0.5564138576779026 0.5038623595505618 0.5470505617977528 0.5031601123595506 0.536750936329588 0.49947331460674155 0.5299625468164794 0.49508426966292135 0.525749063670412 0.49157303370786515 0.5245786516853933 0.48771067415730335 0.5245786516853933 0.4841994382022472 0.5262172284644194 0.4780547752808989 0.5325374531835206
0 0.4789325842696629 0.4957865168539326 0.47945926966292135 0.5065543071161048 0.48139044943820225 0.5124063670411985 0.48349719101123595 0.5161516853932584 0.48771067415730335 0.5180243445692884 0.4998244382022472 0.5177902621722846 0.5021067415730337 0.5173220973782772 0.504564606741573 0.5154494382022472 0.5043890449438202 0.5117041198501873 0.5071980337078652 0.5051498127340824 0.5064957865168539 0.4967228464419476 0.5043890449438202 0.4892322097378277 0.5017556179775281 0.48431647940074907 0.4982443820224719 0.48197565543071164 0.491748595505618 0.4803370786516854 0.488061797752809 0.48080524344569286 0.48139044943820225 0.4868913857677903 0.47981039325842695 0.4901685393258427
0 0.480688202247191 0.44967228464419473 0.4805126404494382 0.45646067415730335 0.48139044943820225 0.4592696629213483 0.48156601123595505 0.46348314606741575 0.48507724719101125 0.4683988764044944 0.48964185393258425 0.47191011235955055 0.49525983146067415 0.4721441947565543 0.5015800561797753 0.4705056179775281 0.5066713483146067 0.45997191011235955 0.5066713483146067 0.4520131086142322 0.5052668539325843 0.44499063670411987 0.5031601123595506 0.44147940074906367 0.4982443820224719 0.4386704119850187 0.49473314606741575 0.4375 0.4906952247191011 0.43773408239700373 0.4859550561797753 0.4396067415730337 0.48332162921348315 0.44241573033707865
0 0.4511938202247191 0.4080056179775281 0.45259831460674155 0.41198501872659177 0.4508426966292135 0.414559925093633 0.45189606741573035 0.4190074906367041 0.4511938202247191 0.42181647940074907 0.45242275280898875 0.4241573033707865 0.4529494382022472 0.4286048689138577 0.45804073033707865 0.4375 0.46032303370786515 0.43937265917602997 0.4671699438202247 0.4407771535580524 0.4726123595505618 0.4396067415730337 0.477001404494382 0.43562734082397003 0.47945926966292135 0.4286048689138577 0.47945926966292135 0.41807116104868913 0.4801615168539326 0.414559925093633 0.47910814606741575 0.41058052434456926 0.4762991573033708 0.4058988764044944 0.46611657303370785 0.40098314606741575 0.4566362359550562 0.4091760299625468 0.4547050561797753 0.40870786516853935 0.453125 0.4068352059925094
0 0.42275280898876405 0.45341760299625467 0.4220505617977528 0.4669943820224719 0.42047050561797755 0.4735486891385768 0.42082162921348315 0.4803370786516854 0.42450842696629215 0.4854868913857678 0.42872191011235955 0.48852996254681647 0.43223314606741575 0.4897003745318352 0.4336376404494382 0.4892322097378277 0.44645365168539325 0.48220973782771537 0.45031601123595505 0.4772940074906367 0.45365168539325845 0.4700374531835206 0.4547050561797753 0.46348314606741575 0.45365168539325845 0.45997191011235955 0.45207162921348315 0.44452247191011235 0.4529494382022472 0.4419475655430712 0.45242275280898875 0.43913857677902624 0.449438202247191 0.436563670411985 0.44592696629213485 0.43703183520599254 0.44224016853932585 0.4405430711610487 0.4334620786516854 0.4447565543071161 0.42872191011235955 0.44569288389513106 0.42433286516853935 0.44897003745318353
0 0.42082162921348315 0.4112827715355805 0.42047050561797755 0.4190074906367041 0.4197682584269663 0.42134831460674155 0.42082162921348315 0.4250936329588015 0.42082162921348315 0.4339887640449438 0.42117275280898875 0.43562734082397003 0.42450842696629215 0.4405430711610487 0.42872191011235955 0.4431179775280899 0.43258426966292135 0.44358614232209737 0.4394311797752809 0.4400749063670412 0.4438202247191011 0.43586142322097376 0.4473314606741573 0.4309456928838951 0.4487359550561798 0.42532771535580527 0.44785814606741575 0.4070692883895131 0.4473314606741573 0.40402621722846443 0.44469803370786515 0.40051498127340823 0.4378511235955056 0.3960674157303371 0.42889747191011235 0.39653558052434457 0.42485955056179775 0.40074906367041196
0 0.40379213483146065 0.3663389513108614 0.40308988764044945 0.36914794007490637 0.40326544943820225 0.3801498127340824 0.41081460674157305 0.386938202247191 0.41485252808988765 0.38881086142322097 0.418188202247191 0.39536516853932585 0.421875 0.3977059925093633 0.42521067415730335 0.3970037453183521 0.43030196629213485 0.39396067415730335 0.43644662921348315 0.3920880149812734 0.43837780898876405 0.3904494382022472 0.43802668539325845 0.3881086142322097 0.4392556179775281 0.3827247191011236 0.4410112359550562 0.38038389513108617 0.43995786516853935 0.3728932584269663 0.43872893258426965 0.37008426966292135 0.44030898876404495 0.3661048689138577 0.4376755617977528 0.36352996254681647 0.43416432584269665 0.35697565543071164 0.42240168539325845 0.35346441947565543 0.41889044943820225 0.35369850187265917 0.41485252808988765 0.3553370786516854 0.40730337078651685 0.36118913857677903
0 0.44452247191011235 0.3312265917602996 0.44452247191011235 0.34058988764044945 0.44206460674157305 0.34831460674157305 0.44224016853932585 0.3548689138576779 0.445751404494382 0.35978464419475653 0.44996488764044945 0.363061797752809 0.4533005617977528 0.363998127340824 0.45979634831460675 0.3616573033707865 0.46190308988764045 0.35931647940074907 0.47366573033707865 0.3522940074906367 0.47559691011235955 0.34808052434456926 0.4766502808988764 0.3419943820224719 0.4764747191011236 0.33754681647940077 0.47735252808988765 0.33497191011235955 0.4722612359550562 0.32514044943820225 0.46927668539325845 0.32256554307116103 0.4668188202247191 0.3176498127340824 0.4633075842696629 0.31858614232209737 0.46014747191011235 0.3169475655430712 0.45646067415730335 0.31647940074906367 0.44803370786516855 0.32303370786516855 0.4455758426966292 0.32724719101123595
0 0.45400280898876405 0.37359550561797755 0.4529494382022472 0.3806179775280899 0.45417837078651685 0.386938202247191 0.4552317415730337 0.39068352059925093 0.4585674157303371 0.39396067415730335 0.46629213483146065 0.39630149812734083 0.46997893258426965 0.39630149812734083 0.47577247191011235 0.39489700374531833 0.4789325842696629 0.3913857677902622 0.48121488764044945 0.38108614232209737 0.48139044943820225 0.3761704119850187 0.4803370786516854 0.3698501872659176 0.4768258426966292 0.3625936329588015 0.47120786516853935 0.3600187265917603 0.4633075842696629 0.3604868913857678 0.456811797752809 0.3663389513108614
0 0.48525280898876405 0.40098314606741575 0.48384831460674155 0.40870786516853935 0.48577949438202245 0.4220505617977528 0.48683286516853935 0.4241573033707865 0.4899929775280899 0.42790262172284643 0.4945575842696629 0.4309456928838951 0.4982443820224719 0.43258426966292135 0.5031601123595506 0.43141385767790263 0.5091292134831461 0.42228464419475653 0.5103581460674157 0.4173689138576779 0.5107092696629213 0.41034644194756553 0.5101825842696629 0.4044943820224719 0.5064957865168539 0.3970037453183521 0.5049157303370787 0.39536516853932585 0.5003511235955056 0.39325842696629215 0.4943820224719101 0.39302434456928836 0.48771067415730335 0.3960674157303371
0 0.48560393258426965 0.37312734082397003 0.48525280898876405 0.37897940074906367 0.4861306179775281 0.38319288389513106 0.48753511235955055 0.38717228464419473 0.4903441011235955 0.39068352059925093 0.5066713483146067 0.39302434456928836 0.5126404494382022 0.3904494382022472 0.5135182584269663 0.3874063670411985 0.5154494382022472 0.3848314606741573 0.5180828651685393 0.37663857677902624 0.5184339887640449 0.36563670411985016 0.5161516853932584 0.36025280898876405 0.5121137640449438 0.35463483146067415 0.5075491573033708 0.3522940074906367 0.5015800561797753 0.35159176029962547 0.49473314606741575 0.35463483146067415 0.4919241573033708 0.35720973782771537 0.48964185393258425 0.36142322097378277
0 0.48560393258426965 0.3211610486891386 0.484375 0.3279494382022472 0.48560393258426965 0.3345037453183521 0.48490168539325845 0.3419943820224719 0.48753511235955055 0.351123595505618 0.4884129213483146 0.3522940074906367 0.49157303370786515 0.35346441947565543 0.5001755617977528 0.34995318352059923 0.5059691011235955 0.3487827715355805 0.5094803370786517 0.33824906367041196 0.5107092696629213 0.32935393258426965 0.5108848314606742 0.32162921348314605 0.5079002808988764 0.31413857677902624 0.5063202247191011 0.3125 0.5014044943820225 0.3103932584269663 0.4945575842696629 0.31015917602996257 0.4898174157303371 0.313436329588015
0 0.5124648876404494 0.32865168539325845 0.5121137640449438 0.3333333333333333 0.5131671348314607 0.33801498127340823 0.5124648876404494 0.3497191011235955 0.5128160112359551 0.3522940074906367 0.515625 0.35580524344569286 0.5189606741573034 0.35720973782771537 0.5252808988764045 0.35674157303370785 0.530372191011236 0.35369850187265917 0.5342345505617978 0.35252808988764045 0.5380969101123596 0.3487827715355805 0.5409058988764045 0.33403558052434457 0.5384480337078652 0.32162921348314605 0.534936797752809 0.3157771535580524 0.5279143258426966 0.313436329588015 0.5198384831460674 0.31530898876404495 0.5138693820224719 0.32397003745318353
0 0.522998595505618 0.3728932584269663 0.5224719101123596 0.3801498127340824 0.523876404494382 0.38108614232209737 0.5258075842696629 0.3848314606741573 0.5300210674157303 0.38670411985018727 0.5328300561797753 0.39091760299625467 0.5400280898876404 0.3899812734082397 0.543188202247191 0.3881086142322097 0.5475772471910112 0.38038389513108617 0.5486306179775281 0.37453183520599254 0.5475772471910112 0.3661048689138577 0.5437148876404494 0.35908239700374533 0.5338834269662921 0.35557116104868913 0.5326544943820225 0.35557116104868913 0.5265098314606742 0.3604868913857678 0.5240519662921348 0.3661048689138577 0.523876404494382 0.3707865168539326
0 0.5121137640449438 0.40730337078651685 0.511938202247191 0.41151685393258425 0.5133426966292135 0.4220505617977528 0.5149227528089888 0.4267322097378277 0.516502808988764 0.4286048689138577 0.515625 0.4323501872659176 0.5231741573033708 0.4332865168539326 0.5291432584269663 0.43211610486891383 0.53125 0.42907303370786515 0.5338834269662921 0.4272003745318352 0.5370435393258427 0.4220505617977528 0.5379213483146067 0.41409176029962547 0.5379213483146067 0.4044943820224719 0.5354634831460674 0.3972378277153558 0.5340589887640449 0.3958333333333333 0.5261587078651685 0.39232209737827717 0.5207162921348315 0.39302434456928836 0.5154494382022472 0.3972378277153558 0.5122893258426966 0.40426029962546817
0 0.5138693820224719 0.44967228464419473 0.5136938202247191 0.45669475655430714 0.5166783707865169 0.4658239700374532 0.5191362359550562 0.4683988764044944 0.5261587078651685 0.47191011235955055 0.5298455056179775 0.4721441947565543 0.5345856741573034 0.4691011235955056 0.5379213483146067 0.46418539325842695 0.5402036516853933 0.45435393258426965 0.5391502808988764 0.44592696629213485 0.5377457865168539 0.44147940074906367 0.5338834269662921 0.43726591760299627 0.5298455056179775 0.43609550561797755 0.5231741573033708 0.43703183520599254 0.5180828651685393 0.43913857677902624 0.5158005617977528 0.44241573033707865 0.5154494382022472 0.44592696629213485
0 0.5122893258426966 0.4850187265917603 0.5121137640449438 0.4955524344569288 0.5129915730337079 0.50187265917603 0.5142205056179775 0.5065543071161048 0.5159761235955056 0.5093632958801498 0.5222963483146067 0.5117041198501873 0.527563202247191 0.5110018726591761 0.5359901685393258 0.5042134831460674 0.5375702247191011 0.4967228464419476 0.5373946629213483 0.4875936329588015 0.5342345505617978 0.48057116104868913 0.5301966292134831 0.47659176029962547 0.5265098314606742 0.475187265917603 0.519311797752809 0.476123595505618 0.5142205056179775 0.48010299625468167
0 0.5071980337078652 0.5325374531835206 0.5068469101123596 0.5400280898876404 0.5086025280898876 0.5451779026217228 0.5079002808988764 0.5498595505617978 0.5086025280898876 0.5552434456928839 0.5101825842696629 0.5580524344569289 0.5145716292134831 0.5599250936329588 0.5191362359550562 0.5594569288389513 0.5242275280898876 0.5575842696629213 0.5330056179775281 0.5514981273408239 0.5356390449438202 0.5470505617977528 0.5382724719101124 0.5353464419475655 0.5380969101123596 0.5308988764044944 0.5365168539325843 0.5250468164794008 0.5335323033707865 0.5203651685393258 0.5258075842696629 0.5168539325842697 0.5191362359550562 0.5152153558052435 0.5140449438202247 0.5177902621722846 0.5100070224719101 0.5217696629213483 0.508251404494382 0.5255149812734082
0 0.5582865168539326 0.6760299625468165 0.557935393258427 0.6788389513108615 0.5603932584269663 0.6858614232209738 0.5646067415730337 0.6907771535580525 0.5711025280898876 0.6914794007490637 0.5814606741573034 0.6898408239700374 0.5847963483146067 0.6889044943820225 0.5879564606741573 0.6865636704119851 0.5926966292134831 0.6788389513108615 0.5949789325842697 0.6720505617977528 0.5925210674157303 0.6580056179775281 0.5904143258426966 0.6533239700374532 0.5902387640449438 0.6512172284644194 0.5814606741573034 0.6477059925093633 0.573560393258427 0.6477059925093633 0.5705758426966292 0.6486423220973783 0.5674157303370787 0.6533239700374532 0.5642556179775281 0.6612827715355806 0.5607443820224719 0.6676029962546817
0 0.6021769662921348 0.6690074906367042 0.6014747191011236 0.6748595505617978 0.6021769662921348 0.6823501872659176 0.6076193820224719 0.6924157303370787 0.6114817415730337 0.6959269662921348 0.6174508426966292 0.6977996254681648 0.6237710674157303 0.6973314606741573 0.6279845505617978 0.6947565543071161 0.6309691011235955 0.6900749063670412 0.6336025280898876 0.6788389513108615 0.6339536516853933 0.6713483146067416 0.6300912921348315 0.6622191011235955 0.6267556179775281 0.658941947565543 0.6197331460674157 0.6568352059925093 0.6100772471910112 0.6573033707865169 0.6060393258426966 0.6598782771535581 0.6044592696629213 0.6619850187265918
0 0.6005969101123596 0.6266385767790262 0.5993679775280899 0.6404494382022472 0.6002457865168539 0.6451310861423221 0.602001404494382 0.6486423220973783 0.6055126404494382 0.650749063670412 0.6086727528089888 0.6544943820224719 0.6123595505617978 0.6556647940074907 0.6239466292134831 0.6556647940074907 0.6281601123595506 0.6540262172284644 0.6309691011235955 0.6495786516853933 0.6336025280898876 0.6371722846441947 0.6327247191011236 0.6306179775280899 0.628686797752809 0.6221910112359551 0.6246488764044944 0.6182116104868914 0.6195575842696629 0.6156367041198502 0.6151685393258427 0.6154026217228464 0.609375 0.6135299625468165 0.604810393258427 0.6147003745318352 0.6016502808988764 0.6196161048689138 0.6018258426966292 0.62312734082397
0 0.6000702247191011 0.5894194756554307 0.5998946629213483 0.5919943820224719 0.6009480337078652 0.5978464419475655 0.6035814606741573 0.6046348314606742 0.6162219101123596 0.6125936329588015 0.6230688202247191 0.612125468164794 0.6306179775280899 0.6058052434456929 0.6318469101123596 0.6022940074906367 0.6325491573033708 0.5948033707865169 0.629564606741573 0.5835674157303371 0.6281601123595506 0.5805243445692884 0.6232443820224719 0.5758426966292135 0.6165730337078652 0.5742041198501873 0.6125351123595506 0.5742041198501873 0.6088483146067416 0.5758426966292135 0.6069171348314607 0.577247191011236 0.6014747191011236 0.584503745318352
0 0.6035814606741573 0.550561797752809 0.6030547752808989 0.5578183520599251 0.6039325842696629 0.5617977528089888 0.6074438202247191 0.5685861423220974 0.6106039325842697 0.5716292134831461 0.6232443820224719 0.5723314606741573 0.6318469101123596 0.56062734082397 0.6302668539325843 0.550561797752809 0.6281601123595506 0.5444756554307116 0.6228932584269663 0.5390917602996255 0.6174508426966292 0.535814606741573 0.6158707865168539 0.5355805243445693 0.6095505617977528 0.5381554307116105 0.6046348314606742 0.5465823970037453
0 0.5691713483146067 0.536750936329588 0.5688202247191011 0.5400280898876404 0.5696980337078652 0.5456460674157303 0.5700491573033708 0.5573501872659176 0.5726825842696629 0.5674157303370787 0.5753160112359551 0.5711610486891385 0.5797050561797753 0.5735018726591761 0.5877808988764045 0.5732677902621723 0.5925210674157303 0.5718632958801498 0.5963834269662921 0.5632022471910112 0.597436797752809 0.5582865168539326 0.5967345505617978 0.5437734082397003 0.5948033707865169 0.5395599250936329 0.5886587078651685 0.5332397003745318 0.5746137640449438 0.5297284644194756 0.5714536516853933 0.5318352059925093
0 0.5986657303370787 0.5056179775280899 0.5979634831460674 0.5161516853932584 0.5960323033707865 0.5231741573033708 0.5960323033707865 0.5292602996254682 0.5984901685393258 0.5327715355805244 0.6030547752808989 0.5344101123595506 0.6063904494382022 0.5344101123595506 0.6193820224719101 0.5325374531835206 0.6239466292134831 0.5292602996254682 0.6276334269662921 0.5191947565543071 0.6281601123595506 0.5032771535580525 0.6272823033707865 0.5 0.6237710674157303 0.4955524344569288 0.6195575842696629 0.4948501872659176 0.6163974719101124 0.49297752808988765 0.6091994382022472 0.4936797752808989 0.604810393258427 0.4953183520599251 0.6027036516853933 0.4964887640449438 0.6005969101123596 0.49953183520599254
0 0.5691713483146067 0.5053838951310862 0.5695224719101124 0.5154494382022472 0.5704002808988764 0.5184925093632958 0.5739115168539326 0.5264513108614233 0.5779494382022472 0.5292602996254682 0.5849719101123596 0.5304307116104869 0.5890098314606742 0.5294943820224719 0.5930477528089888 0.5245786516853933 0.5963834269662921 0.5154494382022472 0.5963834269662921 0.5044475655430711 0.5956811797752809 0.5016385767790262 0.5925210674157303 0.4957865168539326 0.5869030898876404 0.4911048689138577 0.5783005617977528 0.49063670411985016 0.573560393258427 0.4936797752808989 0.5711025280898876 0.49719101123595505
0 0.5998946629213483 0.4669943820224719 0.5997191011235955 0.47308052434456926 0.6009480337078652 0.4798689138576779 0.6034058988764045 0.4859550561797753 0.6063904494382022 0.49063670411985016 0.6197331460674157 0.48993445692883897 0.6230688202247191 0.48782771535580527 0.6255266853932584 0.48431647940074907 0.6253511235955056 0.48174157303370785 0.6276334269662921 0.4772940074906367 0.6269311797752809 0.475187265917603 0.6290379213483146 0.4705056179775281 0.6267556179775281 0.45739700374531833 0.6232443820224719 0.4524812734082397 0.617626404494382 0.4508426966292135 0.6120084269662921 0.4506086142322097 0.6060393258426966 0.45271535580524347 0.6042837078651685 0.45529026217228463
0 0.5660112359550562 0.4585674157303371 0.5660112359550562 0.46722846441947563 0.5675912921348315 0.475187265917603 0.5714536516853933 0.48103932584269665 0.574438202247191 0.48782771535580527 0.5777738764044944 0.48946629213483145 0.5870786516853933 0.48852996254681647 0.5888342696629213 0.48782771535580527 0.5923455056179775 0.48408239700374533 0.594627808988764 0.47659176029962547 0.5949789325842697 0.4674625468164794 0.5939255617977528 0.4597378277153558 0.5926966292134831 0.45646067415730335 0.5886587078651685 0.45131086142322097 0.5851474719101124 0.44920411985018727 0.5788272471910112 0.4477996254681648 0.574438202247191 0.44803370786516855 0.5711025280898876 0.44967228464419473 0.5682935393258427 0.4529494382022472
0 0.5728581460674157 0.4152621722846442 0.5723314606741573 0.4211142322097378 0.5728581460674157 0.43258426966292135 0.5779494382022472 0.44124531835205993 0.5805828651685393 0.4440543071161049 0.5811095505617978 0.44592696629213485 0.5846207865168539 0.44686329588014984 0.5916432584269663 0.44662921348314605 0.5972612359550562 0.44358614232209737 0.5990168539325843 0.44147940074906367 0.6000702247191011 0.43726591760299627 0.5997191011235955 0.4211142322097378 0.6002457865168539 0.41830524344569286 0.5991924157303371 0.41385767790262173 0.6027036516853933 0.41151685393258425 0.6021769662921348 0.4049625468164794 0.5976123595505618 0.4056647940074906 0.5960323033707865 0.4075374531835206 0.5960323033707865 0.40941011235955055 0.594627808988764 0.41034644194756553 0.5907654494382022 0.40870786516853935 0.5821629213483146 0.4075374531835206 0.5800561797752809 0.4080056179775281 0.5753160112359551 0.41081460674157305
0 0.5668890449438202 0.3848314606741573 0.566186797752809 0.386938202247191 0.5667134831460674 0.39747191011235955 0.5721558988764045 0.4054307116104869 0.5742626404494382 0.4068352059925094 0.5765449438202247 0.4068352059925094 0.5914676966292135 0.40168539325842695 0.5963834269662921 0.39840823970037453 0.6000702247191011 0.3937265917602996 0.6016502808988764 0.3904494382022472 0.6027036516853933 0.38342696629213485 0.6021769662921348 0.37663857677902624 0.6002457865168539 0.3705524344569288 0.5958567415730337 0.3647003745318352 0.5919943820224719 0.36235955056179775 0.5883075842696629 0.3616573033707865 0.5814606741573034 0.3625936329588015 0.5761938202247191 0.36563670411985016 0.5732092696629213 0.37008426966292135 0.5711025280898876 0.37663857677902624
0 0.5733848314606742 0.3366104868913858 0.5732092696629213 0.3455056179775281 0.574438202247191 0.3527621722846442 0.5777738764044944 0.35767790262172283 0.5807584269662921 0.35978464419475653 0.5839185393258427 0.3604868913857678 0.5916432584269663 0.3600187265917603 0.5963834269662921 0.3562734082397004 0.6005969101123596 0.3485486891385768 0.6023525280898876 0.33848314606741575 0.6016502808988764 0.33169475655430714 0.6002457865168539 0.32771535580524347 0.5956811797752809 0.3223314606741573 0.5907654494382022 0.3202247191011236 0.5853230337078652 0.32045880149812733 0.5805828651685393 0.3227996254681648 0.5758426966292135 0.32818352059925093 0.574438202247191 0.3309925093632959
0 0.6041081460674157 0.33497191011235955 0.6030547752808989 0.3450374531835206 0.5995435393258427 0.35580524344569286 0.5998946629213483 0.35697565543071164 0.6113061797752809 0.36446629213483145 0.6127106741573034 0.3647003745318352 0.6192064606741573 0.362125468164794 0.6232443820224719 0.363061797752809 0.6279845505617978 0.3604868913857678 0.6306179775280899 0.35720973782771537 0.6330758426966292 0.3522940074906367 0.6341292134831461 0.3450374531835206 0.6318469101123596 0.33169475655430714 0.6343047752808989 0.32771535580524347 0.6348314606741573 0.32303370786516855 0.6336025280898876 0.31999063670411987 0.6300912921348315 0.31999063670411987 0.6285112359550562 0.32303370786516855 0.6258339185393258 0.3249063670411985 0.6230688202247191 0.3249063670411985 0.6188553370786517 0.3227996254681648 0.6127106741573034 0.3237359550561798 0.608497191011236 0.3267790262172285 0.6051615168539326 0.33146067415730335
0 0.6049859550561798 0.37523408239700373 0.6042837078651685 0.39419475655430714 0.6083216292134831 0.39840823970037453 0.6125351123595506 0.40051498127340823 0.6193820224719101 0.40004681647940077 0.6265800561797753 0.39630149812734083 0.6314957865168539 0.3913857677902622 0.6330758426966292 0.3874063670411985 0.633251404494382 0.37991573033707865 0.6318469101123596 0.37265917602996257 0.6302668539325843 0.36914794007490637 0.625 0.36493445692883897 0.6186797752808989 0.3637640449438202 0.6128862359550562 0.36540262172284643 0.6077949438202247 0.36914794007490637 0.6051615168539326 0.3728932584269663
0 0.605688202247191 0.42134831460674155 0.6055126404494382 0.4286048689138577 0.6067415730337079 0.43515917602996257 0.6163974719101124 0.4400749063670412 0.6232443820224719 0.4400749063670412 0.6279845505617978 0.43703183520599254 0.6311446629213483 0.4330524344569288 0.6325491573033708 0.4286048689138577 0.632373595505618 0.41830524344569286 0.6302668539325843 0.41151685393258425 0.6269311797752809 0.4075374531835206 0.6232443820224719 0.4058988764044944 0.6193820224719101 0.4054307116104869 0.6151685393258427 0.40636704119850187 0.6077949438202247 0.4112827715355805 0.6060393258426966 0.414559925093633 0.6063904494382022 0.4187734082397004
0 0.5445926966292135 0.33146067415730335 0.543188202247191 0.34573970037453183 0.5466994382022472 0.35580524344569286 0.5533707865168539 0.35884831460674155 0.5575842696629213 0.35908239700374533 0.5651334269662921 0.35580524344569286 0.5686446629213483 0.350187265917603 0.5705758426966292 0.33754681647940077 0.5704002808988764 0.33146067415730335 0.567064606741573 0.32209737827715357 0.5644311797752809 0.3192883895131086 0.5574087078651685 0.31741573033707865 0.5521418539325843 0.3192883895131086 0.5486306179775281 0.32256554307116103 0.5461727528089888 0.32631086142322097
1 0.554657654494382 0.37950374531835207 0.020832162921348315 0.038036048689138575