2 0.3534643609550562 0.29260299625468167 0.6460674157303371 0.3097689606741573 0.6355337078651685 0.7045880149812734 0.3376637991573034 0.6874220505617977
1 0.4064255617977528 0.326935861423221 0.029845505617977528 0.04525514981273408
1 0.4061323735955056 0.3698501872659176 0.030430126404494384 0.035891853932584275
1 0.37072858146067417 0.40613295880149813 0.03452773876404494 0.04291432584269663
1 0.36107268258426967 0.5340987827715356 0.026918890449438203 0.03823267790262173
1 0.3622419241573034 0.6175866104868913 0.026918890449438203 0.039794007490636704
1 0.3967696629213483 0.662062265917603 0.02574964887640449 0.04291432584269663
1 0.43100421348314605 0.5770131086142322 0.026334269662921347 0.03823267790262173
1 0.43275983146067415 0.5305875468164795 0.029845505617977528 0.03901451310861423
1 0.43158883426966294 0.4931343632958802 0.02165203651685393 0.035891853932584275
1 0.43597787921348313 0.41081460674157305 0.019896418539325843 0.039794007490636704
1 0.43802668539325845 0.37102059925093633 0.028674508426966294 0.039794007490636704
1 0.4690431882022472 0.37219101123595505 0.026334269662921347 0.03901451310861423
1 0.4672875702247191 0.4572401685393258 0.026334269662921347 0.04057350187265918
1 0.49654669943820223 0.45646067415730335 0.026334269662921347 0.04057350187265918
1 0.5553599016853933 0.46114232209737827 0.02457865168539326 0.035891853932584275
1 0.5606267556179775 0.3749227528089888 0.026918890449438203 0.025749063670411985
1 0.6214887640449438 0.4244686329588015 0.03160112359550562 0.035891853932584275
1 0.5550684691011236 0.5021067415730337 0.029845505617977528 0.04135533707865168
1 0.46318995786516853 0.5372191011235955 0.026334269662921347 0.0351123595505618
1 0.49332865168539325 0.5368281835205992 0.030430126404494384 0.03745318352059925
1 0.523467345505618 0.5391690074906367 0.026334269662921347 0.035891853932584275
1 0.5211253511235955 0.5762336142322098 0.02282303370786517 0.025749063670411985
1 0.5503862359550562 0.5852059925093633 0.028674508426966294 0.03901451310861423
1 0.5808163623595506 0.5805243445692884 0.023994030898876403 0.04057350187265918
1 0.6144662921348315 0.5832560861423222 0.030430126404494384 0.03199204119850187
1 0.5799385533707865 0.6222682584269663 0.026918890449438203 0.039794007490636704
1 0.6141731039325843 0.62812031835206 0.031016502808988763 0.04057350187265918
1 0.5471681882022472 0.6608918539325842 0.029260884831460672 0.034332865168539325
0 0.35481039325842695 0.3522940074906367 0.3555126404494382 0.3663389513108614 0.3569755969101124 0.3685236423220974 0.35797050561797755 0.37312734082397003 0.35990168539325845 0.37663857677902624 0.3690308988764045 0.3813202247191011 0.3730688202247191 0.3827247191011236 0.3771067415730337 0.38249063670411987 0.3793890449438202 0.3836610486891386 0.3804424157303371 0.3836610486891386 0.38167134831460675 0.3815543071161049 0.38412921348314605 0.38038389513108617 0.3862359550561798 0.37663857677902624 0.3871137640449438 0.37663857677902624 0.38799157303370785 0.3693820224719101 0.38728932584269665 0.36704119850187267 0.38746488764044945 0.3625936329588015 0.38606039325842695 0.35908239700374533 0.38553370786516855 0.3553370786516854 0.38360252808988765 0.35135767790262173 0.3809691011235955 0.350187265917603 0.37780898876404495 0.34527153558052437 0.3732443820224719 0.34176029962546817 0.3672752808988764 0.3398876404494382 0.36253511235955055 0.3398876404494382 0.3595505617977528 0.34129213483146065 0.3570926966292135 0.34573970037453183
0 0.35270365168539325 0.49859550561797755 0.3518258426966292 0.5191947565543071 0.35481039325842695 0.5224719101123596 0.3595505617977528 0.525749063670412 0.36218398876404495 0.5264513108614233 0.3688553370786517 0.5234082397003745 0.3751755617977528 0.5187265917602997 0.3788623595505618 0.5140449438202247 0.3829002808988764 0.5051498127340824 0.382373595505618 0.5014044943820225 0.3792134831460674 0.49180711610486894 0.38009129213483145 0.488061797752809 0.3790379213483146 0.4850187265917603 0.3792134831460674 0.48080524344569286 0.36973314606741575 0.47752808988764045 0.35832162921348315 0.48431647940074907 0.35481039325842695 0.4897003745318352 0.3530547752808989 0.4948501872659176
0 0.34691011235955055 0.5737359550561798 0.3456811797752809 0.5781835205992509 0.3456811797752809 0.5852059925093633 0.3479634831460674 0.5915262172284644 0.35252808988764045 0.5966760299625468 0.35674157303370785 0.5990168539325843 0.3614817415730337 0.599250936329588 0.37025983146067415 0.5959737827715356 0.37254213483146065 0.5917602996254682 0.37833567415730335 0.5894194756554307 0.38026685393258425 0.5859082397003745 0.38026685393258425 0.5842696629213483 0.378686797752809 0.5809925093632958 0.38009129213483145 0.5784176029962547 0.3793890449438202 0.5751404494382022 0.38026685393258425 0.5702247191011236 0.378686797752809 0.5692883895131086 0.375 0.5636704119850188 0.36973314606741575 0.5601591760299626 0.36271067415730335 0.5592228464419475 0.355688202247191 0.5622659176029963 0.35094803370786515 0.5655430711610487
0 0.3675679424157303 0.5360486891385767 0.3672168188202247 0.5397940074906367 0.3691479985955056 0.5468164794007491 0.3737126053370786 0.5512640449438202 0.3809106390449438 0.5531367041198502 0.3830173806179775 0.5547752808988764 0.3946044592696629 0.5484550561797753 0.3989935042134831 0.5470505617977528 0.4030314255617977 0.5433052434456929 0.4044359199438202 0.5397940074906367 0.40373367275280897 0.535814606741573 0.40794715589887637 0.524812734082397 0.4102294592696629 0.5224719101123596 0.40742047050561797 0.5145131086142322 0.4042603581460674 0.5152153558052435 0.4032069873595506 0.5170880149812734 0.40022243679775277 0.5184925093632958 0.39969575140449437 0.5168539325842697 0.3982912570224719 0.5156835205992509 0.3830173806179775 0.5121722846441947 0.3795061446629213 0.5145131086142322 0.37248367275280897 0.5224719101123596 0.3716058637640449 0.5262172284644194 0.3698502457865168 0.5278558052434457 0.36827018960674157 0.5316011235955056
0 0.3843047752808989 0.5608614232209738 0.383251404494382 0.5669475655430711 0.38342696629213485 0.5884831460674157 0.38939606741573035 0.5959737827715356 0.39360955056179775 0.5971441947565543 0.397998595505618 0.5971441947565543 0.40098314606741575 0.5950374531835206 0.4044943820224719 0.5957397003745318 0.4058988764044944 0.5915262172284644 0.40870786516853935 0.5896535580524345 0.41327247191011235 0.5838014981273408 0.41502808988764045 0.5749063670411985 0.41502808988764045 0.5683520599250936 0.41309691011235955 0.5589887640449438 0.40923455056179775 0.5538389513108615 0.4085323033707865 0.5489232209737828 0.40730337078651685 0.5470505617977528 0.40888342696629215 0.5433052434456929 0.4064255617977528 0.5433052434456929 0.40098314606741575 0.5491573033707865 0.3941362359550562 0.5503277153558053 0.3890449438202247 0.5538389513108615 0.3862359550561798 0.5564138576779026
0 0.37347840589887643 0.6177434456928839 0.37382952949438203 0.62312734082397 0.37786745084269663 0.6322565543071161 0.384889922752809 0.6404494382022472 0.39121014747191013 0.6446629213483146 0.3941946980337079 0.6453651685393258 0.3982326193820225 0.6441947565543071 0.40104160814606743 0.6402153558052435 0.40525509129213483 0.6308520599250936 0.4056062148876405 0.6280430711610487 0.4082396418539326 0.6212546816479401 0.4098196980337079 0.6196161048689138 0.40911745084269663 0.6128277153558053 0.39911042837078653 0.601123595505618 0.3945458216292135 0.5990168539325843 0.38769891151685393 0.598314606741573 0.37909638342696633 0.6039325842696629 0.37716520365168543 0.6062734082397003 0.3743562148876405 0.6125936329588015
0 0.3439255617977528 0.6587078651685393 0.34445224719101125 0.6680711610486891 0.34655898876404495 0.6750936329588015 0.3514747191011236 0.6795411985018727 0.3572682584269663 0.6800093632958801 0.36218398876404495 0.6788389513108615 0.36850421348314605 0.6750936329588015 0.36990870786516855 0.6715823970037453 0.3727176966292135 0.6678370786516854 0.3767556179775281 0.6577715355805244 0.3748244382022472 0.6561329588014981 0.37166432584269665 0.6484082397003745 0.36832865168539325 0.6439606741573034 0.3628862359550562 0.6409176029962547 0.3591994382022472 0.6402153558052435 0.34884129213483145 0.647003745318352
0 0.38570926966292135 0.438436329588015 0.38553370786516855 0.44358614232209737 0.38816713483146065 0.45997191011235955 0.39185393258426965 0.4669943820224719 0.39729634831460675 0.47237827715355807 0.4008075842696629 0.47425093632958804 0.4083567415730337 0.47401685393258425 0.4139747191011236 0.4721441947565543 0.41731039325842695 0.4669943820224719 0.4164325842696629 0.4426498127340824 0.414501404494382 0.4386704119850187 0.4106390449438202 0.43515917602996257 0.4080056179775281 0.4332865168539326 0.39957865168539325 0.4311797752808989 0.39343398876404495 0.42837078651685395 0.3908005617977528 0.42954119850187267 0.3871137640449438 0.4349250936329588
0 0.3829002808988764 0.48408239700374533 0.3825491573033708 0.49180711610486894 0.38342696629213485 0.49836142322097376 0.38570926966292135 0.5044475655430711 0.38816713483146065 0.5072565543071161 0.39396067415730335 0.510065543071161 0.4006320224719101 0.5098314606741573 0.40537219101123595 0.5072565543071161 0.4085323033707865 0.5016385767790262 0.4083567415730337 0.4969569288389513 0.4101123595505618 0.4911048689138577 0.40941011235955055 0.48431647940074907 0.4083567415730337 0.4803370786516854 0.40537219101123595 0.4772940074906367 0.39764747191011235 0.475187265917603 0.39396067415730335 0.47495318352059923 0.3904494382022472 0.4758895131086142 0.38535814606741575 0.4794007490636704
0 0.3535814606741573 0.43913857677902624 0.3534058988764045 0.44592696629213485 0.35481039325842695 0.4529494382022472 0.35797050561797755 0.4580992509363296 0.36218398876404495 0.4616104868913858 0.37025983146067415 0.462312734082397 0.37447331460674155 0.461376404494382 0.3769311797752809 0.4592696629213483 0.378686797752809 0.45482209737827717 0.3806179775280899 0.4529494382022472 0.38184691011235955 0.44288389513108617 0.3811446629213483 0.43703183520599254 0.37780898876404495 0.4307116104868914 0.3730688202247191 0.426498127340824 0.36973314606741575 0.42532771535580527 0.3628862359550562 0.4262640449438202 0.35674157303370785 0.43164794007490637
0 0.3941362359550562 0.39747191011235955 0.3925561797752809 0.41830524344569286 0.3967696629213483 0.4250936329588015 0.40115870786516855 0.42837078651685395 0.4043188202247191 0.42930711610486894 0.41134129213483145 0.42813670411985016 0.41485252808988765 0.42532771535580527 0.4183637640449438 0.4164325842696629 0.41906601123595505 0.412687265917603 0.41906601123595505 0.40519662921348315 0.41660814606741575 0.39747191011235955 0.41134129213483145 0.39279026217228463 0.4044943820224719 0.39091760299625467 0.40098314606741575 0.39115168539325845
0 0.42468398876404495 0.4562265917602996 0.42450842696629215 0.46629213483146065 0.4260884831460674 0.4735486891385768 0.42872191011235955 0.4782303370786517 0.43433988764044945 0.48057116104868913 0.44066011235955055 0.47963483146067415 0.4450491573033708 0.47635767790262173 0.4471558988764045 0.4726123595505618 0.4487359550561798 0.4639513108614232 0.4489115168539326 0.4529494382022472 0.4455758426966292 0.45014044943820225 0.4392556179775281 0.44662921348314605 0.4311797752808989 0.44756554307116103 0.42696629213483145 0.450374531835206 0.4259129213483146 0.4517790262172285
0 0.4195926966292135 0.31858614232209737 0.41889044943820225 0.32467228464419473 0.42064606741573035 0.335440074906367 0.4220505617977528 0.33965355805243447 0.4253862359550562 0.34527153558052437 0.4295997191011236 0.3455056179775281 0.4320575842696629 0.3466760299625468 0.4392556179775281 0.34620786516853935 0.44276685393258425 0.3419943820224719 0.4450491573033708 0.32771535580524347 0.44417134831460675 0.3192883895131086 0.44066011235955055 0.3089887640449438 0.4353932584269663 0.3068820224719101 0.42521067415730335 0.3094569288389513 0.42117275280898875 0.31413857677902624
0 0.44259129213483145 0.4936797752808989 0.44224016853932585 0.5088951310861424 0.44434691011235955 0.5152153558052435 0.45014044943820225 0.5213014981273408 0.4529494382022472 0.5222378277153558 0.456811797752809 0.522003745318352 0.46014747191011235 0.5203651685393258 0.4648876404494382 0.5168539325842697 0.4689255617977528 0.511938202247191 0.46980337078651685 0.5095973782771536 0.47384129213483145 0.5081928838951311 0.4741924157303371 0.5067883895131086 0.47384129213483145 0.5007022471910112 0.4743679775280899 0.4978932584269663 0.4731390449438202 0.49157303370786515 0.4689255617977528 0.4812734082397004 0.4668188202247191 0.4794007490636704 0.45962078651685395 0.47869850187265917 0.4573384831460674 0.47963483146067415 0.4496137640449438 0.48010299625468167 0.4471558988764045 0.48431647940074907 0.445751404494382 0.488998127340824 0.4434691011235955 0.4911048689138577
0 0.441186797752809 0.41245318352059923 0.44066011235955055 0.41502808988764045 0.4410112359550562 0.4250936329588015 0.4417134831460674 0.42790262172284643 0.44399578651685395 0.4323501872659176 0.45014044943820225 0.4353932584269663 0.4529494382022472 0.43820224719101125 0.45646067415730335 0.43913857677902624 0.4631320224719101 0.4339887640449438 0.47384129213483145 0.4309456928838951 0.47524578651685395 0.4288389513108614 0.4768258426966292 0.41830524344569286 0.47542134831460675 0.41502808988764045 0.47384129213483145 0.4066011235955056 0.4606741573033708 0.39185393258426965 0.456811797752809 0.3904494382022472 0.4527738764044944 0.39068352059925093 0.44996488764044945 0.3916198501872659 0.44785814606741575 0.3934925093632959 0.44610252808988765 0.3960674157303371 0.44417134831460675 0.4012172284644195 0.4434691011235955 0.40636704119850187
0 0.44662921348314605 0.34527153558052437 0.44645365168539325 0.3487827715355805 0.4489115168539326 0.352059925093633 0.4496137640449438 0.35580524344569286 0.4589185393258427 0.35884831460674155 0.4669943820224719 0.3562734082397004 0.47366573033707865 0.35159176029962547 0.47594803370786515 0.3485486891385768 0.47735252808988765 0.3433988764044944 0.4780547752808989 0.3352059925093633 0.4750702247191011 0.3213951310861423 0.47015449438202245 0.3169475655430712 0.46348314606741575 0.3155430711610487 0.45646067415730335 0.3155430711610487 0.4513693820224719 0.32092696629213485 0.4489115168539326 0.3265449438202247 0.44803370786516855 0.3312265917602996 0.44856039325842695 0.3387172284644195
0 0.445751404494382 0.5809925093632958 0.4455758426966292 0.5919943820224719 0.4476825842696629 0.5990168539325843 0.4489115168539326 0.600187265917603 0.4527738764044944 0.6027621722846442 0.460498595505618 0.6034644194756554 0.4703300561797753 0.5987827715355806 0.47120786516853935 0.584503745318352 0.47015449438202245 0.5767790262172284 0.4705056179775281 0.5732677902621723 0.47155898876404495 0.5711610486891385 0.4703300561797753 0.5641385767790262 0.4643609550561798 0.5617977528089888 0.4612008426966292 0.5617977528089888 0.45593398876404495 0.5632022471910112 0.4508426966292135 0.5662453183520599 0.44856039325842695 0.5695224719101124 0.44662921348314605 0.574438202247191 0.4468047752808989 0.5779494382022472
0 0.41344803370786515 0.6036985018726592 0.41309691011235955 0.6163389513108615 0.41467696629213485 0.6207865168539326 0.418188202247191 0.62687265917603 0.4260884831460674 0.6327247191011236 0.43223314606741575 0.6385767790262172 0.4390800561797753 0.635065543071161 0.44276685393258425 0.6313202247191011 0.44469803370786515 0.6273408239700374 0.44469803370786515 0.6238295880149812 0.4432935393258427 0.6200842696629213 0.4429424157303371 0.6165730337078652 0.4434691011235955 0.6132958801498127 0.4429424157303371 0.6055711610486891 0.44048455056179775 0.5990168539325843 0.4357443820224719 0.5941011235955056 0.42872191011235955 0.5905898876404494 0.42275280898876405 0.5917602996254682 0.41485252808988765 0.5990168539325843
0 0.3999297752808989 0.6612827715355806 0.39922752808988765 0.6659644194756554 0.40098314606741575 0.6750936329588015 0.40308988764044945 0.6764981273408239 0.4044943820224719 0.6788389513108615 0.40765449438202245 0.6804775280898876 0.41151685393258425 0.6797752808988764 0.421875 0.6750936329588015 0.4259129213483146 0.6720505617977528 0.43047752808988765 0.6647940074906367 0.4297752808988764 0.6622191011235955 0.4295997191011236 0.6509831460674157 0.42696629213483145 0.6432584269662921 0.4220505617977528 0.638810861423221 0.4176615168539326 0.637874531835206 0.41134129213483145 0.637874531835206 0.40677668539325845 0.6425561797752809 0.4046699438202247 0.6465355805243446 0.40308988764044945 0.6530898876404494 0.40098314606741575 0.6566011235955056
0 0.43293539325842695 0.6505149812734082 0.43275983146067415 0.6577715355805244 0.4355688202247191 0.6683052434456929 0.43890449438202245 0.6732209737827716 0.44259129213483145 0.6760299625468165 0.44645365168539325 0.6767322097378277 0.45049157303370785 0.6767322097378277 0.4552317415730337 0.6748595505617978 0.4631320224719101 0.6512172284644194 0.461376404494382 0.6444288389513109 0.46032303370786515 0.6427902621722846 0.449438202247191 0.6334269662921348 0.4454002808988764 0.6336610486891385 0.4394311797752809 0.6381086142322098 0.43469101123595505 0.6404494382022472
0 0.4766502808988764 0.5784176029962547 0.4764747191011236 0.5856741573033708 0.47770365168539325 0.5915262172284644 0.47945926966292135 0.5971441947565543 0.48156601123595505 0.5994850187265918 0.48911516853932585 0.601123595505618 0.4980688202247191 0.599250936329588 0.5015800561797753 0.5924625468164794 0.5028089887640449 0.5842696629213483 0.5015800561797753 0.574438202247191 0.4945575842696629 0.5662453183520599 0.49087078651685395 0.5646067415730337 0.484375 0.5657771535580525 0.48121488764044945 0.5676498127340824 0.4784058988764045 0.5727996254681648
0 0.4743679775280899 0.6224250936329588 0.4743679775280899 0.6303838951310862 0.4766502808988764 0.6385767790262172 0.4787570224719101 0.6404494382022472 0.48314606741573035 0.6418539325842697 0.491748595505618 0.6425561797752809 0.49666432584269665 0.6402153558052435 0.49912219101123595 0.6376404494382022 0.5019311797752809 0.6301498127340824 0.500877808988764 0.6198501872659176 0.4980688202247191 0.610252808988764 0.49683988764044945 0.608380149812734 0.491748595505618 0.6053370786516854 0.4882373595505618 0.6062734082397003 0.4840238764044944 0.6053370786516854 0.47928370786516855 0.6081460674157303 0.4768258426966292 0.6128277153558053
0 0.45997191011235955 0.6673689138576779 0.45997191011235955 0.6722846441947565 0.4608497191011236 0.6760299625468165 0.45979634831460675 0.6790730337078652 0.45997191011235955 0.6797752808988764 0.46172752808988765 0.6793071161048689 0.46365870786516855 0.6807116104868914 0.4633075842696629 0.6821161048689138 0.4706811797752809 0.6849250936329588 0.47384129213483145 0.6851591760299626 0.48121488764044945 0.6844569288389513 0.48525280898876405 0.6830524344569289 0.49122191011235955 0.6779026217228464 0.49280196629213485 0.675561797752809 0.4943820224719101 0.6715823970037453 0.4977176966292135 0.6577715355805244 0.49719101123595505 0.6500468164794008 0.4996488764044944 0.6474719101123596 0.4980688202247191 0.6455992509363296 0.4943820224719101 0.6467696629213483 0.49315308988764045 0.6444288389513109 0.4919241573033708 0.6439606741573034 0.4840238764044944 0.6432584269662921 0.47735252808988765 0.6413857677902621 0.47331460674157305 0.6423220973782772 0.46980337078651685 0.6458333333333334 0.4664676966292135 0.6530898876404494 0.46348314606741575 0.6575374531835206
0 0.4824438202247191 0.4943820224719101 0.4822682584269663 0.49812734082397003 0.48507724719101125 0.5067883895131086 0.48771067415730335 0.5110018726591761 0.49332865168539325 0.513810861423221 0.49859550561797755 0.5145131086142322 0.5021067415730337 0.5135767790262172 0.5056179775280899 0.5088951310861424 0.508251404494382 0.49859550561797755 0.5080758426966292 0.49087078651685395 0.5061446629213483 0.4845505617977528 0.5015800561797753 0.48057116104868913 0.4978932584269663 0.4791666666666667 0.49087078651685395 0.4794007490636704 0.48771067415730335 0.4812734082397004 0.48367275280898875 0.48782771535580527
0 0.4847261235955056 0.40777153558052437 0.4841994382022472 0.4122191011235955 0.48490168539325845 0.41853932584269665 0.4863061797752809 0.4225187265917603 0.4903441011235955 0.42696629213483145 0.4943820224719101 0.42790262172284643 0.5017556179775281 0.42790262172284643 0.5050912921348315 0.42579588014981273 0.5084269662921348 0.42158239700374533 0.5096558988764045 0.41760299625468167 0.5096558988764045 0.4035580524344569 0.507373595505618 0.3981741573033708 0.5052668539325843 0.3958333333333333 0.49859550561797755 0.3934925093632959 0.4942064606741573 0.3937265917602996 0.48964185393258425 0.39653558052434457 0.4863061797752809 0.40074906367041196
0 0.4866573033707865 0.37476591760299627 0.4866573033707865 0.3806179775280899 0.4882373595505618 0.38436329588014984 0.4906952247191011 0.38764044943820225 0.4961376404494382 0.39091760299625467 0.5056179775280899 0.3916198501872659 0.5086025280898876 0.3904494382022472 0.511060393258427 0.38670411985018727 0.5142205056179775 0.38506554307116103 0.5159761235955056 0.38295880149812733 0.519311797752809 0.37476591760299627 0.5194873595505618 0.36657303370786515 0.5168539325842697 0.3574438202247191 0.511938202247191 0.35159176029962547 0.5056179775280899 0.3487827715355805 0.5021067415730337 0.34901685393258425 0.4982443820224719 0.35159176029962547 0.49473314606741575 0.3522940074906367 0.4898174157303371 0.3618913857677903
0 0.4864817415730337 0.32069288389513106 0.4864817415730337 0.34176029962546817 0.48911516853932585 0.34901685393258425 0.49122191011235955 0.350187265917603 0.49490870786516855 0.34995318352059923 0.4984199438202247 0.34901685393258425 0.5086025280898876 0.34386704119850187 0.5101825842696629 0.33848314606741575 0.511938202247191 0.32092696629213485 0.5101825842696629 0.3146067415730337 0.5075491573033708 0.31062734082397003 0.5015800561797753 0.30758426966292135 0.49754213483146065 0.30758426966292135 0.4936797752808989 0.30875468164794007 0.48911516853932585 0.31296816479400746 0.48700842696629215 0.31741573033707865
0 0.5138693820224719 0.32420411985018727 0.5136938202247191 0.3356741573033708 0.5149227528089888 0.34176029962546817 0.5158005617977528 0.3431647940074906 0.5205407303370787 0.3450374531835206 0.5200140449438202 0.3471441947565543 0.5182584269662921 0.34901685393258425 0.5222963483146067 0.35369850187265917 0.5247542134831461 0.3508895131086142 0.5301966292134831 0.34808052434456926 0.53125 0.3455056179775281 0.5328300561797753 0.3441011235955056 0.5363412921348315 0.34573970037453183 0.539501404494382 0.3356741573033708 0.5405547752808989 0.33497191011235955 0.5410814606741573 0.3309925093632959 0.5426615168539326 0.32841760299625467 0.5412570224719101 0.3211610486891386 0.5347612359550562 0.31320224719101125 0.5301966292134831 0.311563670411985 0.5259831460674157 0.3113295880149813 0.5189606741573034 0.31390449438202245 0.5163272471910112 0.3176498127340824
0 0.5247542134831461 0.3618913857677903 0.5245786516853933 0.3719569288389513 0.5235252808988764 0.3801498127340824 0.5259831460674157 0.38412921348314605 0.5294943820224719 0.38506554307116103 0.5338834269662921 0.3883426966292135 0.5366924157303371 0.38857677902621723 0.5398525280898876 0.38764044943820225 0.5475772471910112 0.37991573033707865 0.5495084269662921 0.37312734082397003 0.5493328651685393 0.36563670411985016 0.547752808988764 0.35931647940074907 0.543188202247191 0.3541666666666667 0.539501404494382 0.352059925093633 0.5361657303370787 0.35159176029962547 0.5273876404494382 0.35580524344569286 0.5252808988764045 0.35908239700374533
0 0.5115870786516854 0.4033239700374532 0.5112359550561798 0.41198501872659177 0.5117626404494382 0.4187734082397004 0.5131671348314607 0.42532771535580527 0.515625 0.4311797752808989 0.5221207865168539 0.43352059925093633 0.5277387640449438 0.4332865168539326 0.5351123595505618 0.42813670411985016 0.5375702247191011 0.42368913857677903 0.539501404494382 0.41830524344569286 0.539501404494382 0.4147940074906367 0.5382724719101124 0.41198501872659177 0.5380969101123596 0.40402621722846443 0.5363412921348315 0.39747191011235955 0.5351123595505618 0.3960674157303371 0.5258075842696629 0.39185393258426965 0.5224719101123596 0.3913857677902622 0.5196629213483146 0.3920880149812734 0.5152738764044944 0.39630149812734083
0 0.5128160112359551 0.4529494382022472 0.5122893258426966 0.45997191011235955 0.5140449438202247 0.46652621722846443 0.5180828651685393 0.4705056179775281 0.5172050561797753 0.4737827715355805 0.5251053370786517 0.47542134831460675 0.5326544943820225 0.47448501872659177 0.5335323033707865 0.4737827715355805 0.535814606741573 0.46652621722846443 0.5379213483146067 0.4637172284644195 0.5384480337078652 0.4562265917602996 0.5373946629213483 0.44920411985018727 0.5333567415730337 0.44147940074906367 0.5308988764044944 0.43984082397003743 0.526685393258427 0.4386704119850187 0.5189606741573034 0.43984082397003743 0.516502808988764 0.4426498127340824
0 0.5168539325842697 0.4953183520599251 0.516502808988764 0.5084269662921348 0.5186095505617978 0.512874531835206 0.5226474719101124 0.5168539325842697 0.5333567415730337 0.5175561797752809 0.5359901685393258 0.516619850187266 0.5384480337078652 0.5131086142322098 0.5402036516853933 0.5086610486891385 0.5412570224719101 0.5016385767790262 0.5403792134831461 0.4948501872659176 0.5379213483146067 0.4892322097378277 0.5328300561797753 0.4833801498127341 0.5252808988764045 0.4824438202247191 0.5203651685393258 0.48408239700374533 0.5198384831460674 0.48852996254681647
0 0.5080758426966292 0.601123595505618 0.5087780898876404 0.6060393258426966 0.5079002808988764 0.6100187265917603 0.5077247191011236 0.6168071161048689 0.5086025280898876 0.6221910112359551 0.5114115168539326 0.6294475655430711 0.5149227528089888 0.6338951310861424 0.5226474719101124 0.6376404494382022 0.5259831460674157 0.637874531835206 0.5300210674157303 0.6352996254681648 0.5351123595505618 0.6289794007490637 0.5373946629213483 0.6238295880149812 0.5382724719101124 0.6191479400749064 0.5384480337078652 0.6144662921348315 0.5377457865168539 0.6100187265917603 0.5363412921348315 0.6051029962546817 0.5344101123595506 0.6015917602996255 0.5254564606741573 0.5884831460674157 0.5224719101123596 0.5866104868913857 0.5200140449438202 0.586376404494382 0.5131671348314607 0.5884831460674157 0.5101825842696629 0.5915262172284644
0 0.5079002808988764 0.6509831460674157 0.5091292134831461 0.6544943820224719 0.5071980337078652 0.6577715355805244 0.5066713483146067 0.6612827715355806 0.5068469101123596 0.6722846441947565 0.511060393258427 0.6825842696629213 0.5152738764044944 0.6877340823970037 0.5210674157303371 0.6896067415730337 0.5263342696629213 0.68937265917603 0.532127808988764 0.6865636704119851 0.5340589887640449 0.6832865168539326 0.5359901685393258 0.6718164794007491 0.5330056179775281 0.6533239700374532 0.530372191011236 0.6509831460674157 0.5245786516853933 0.6484082397003745 0.5150983146067416 0.6467696629213483 0.5121137640449438 0.6448970037453183
0 0.5403792134831461 0.6135299625468165 0.5384480337078652 0.6238295880149812 0.5361657303370787 0.6303838951310862 0.5370435393258427 0.636938202247191 0.5400280898876404 0.6399812734082397 0.5438904494382022 0.6484082397003745 0.5470505617977528 0.6514513108614233 0.5509129213483146 0.6526217228464419 0.5582865168539326 0.6530898876404494 0.5605688202247191 0.6523876404494382 0.5628511235955056 0.6502808988764045 0.5663623595505618 0.6441947565543071 0.5681179775280899 0.6306179775280899 0.567064606741573 0.6228932584269663 0.5644311797752809 0.6154026217228464 0.5612710674157303 0.6109550561797753 0.5537219101123596 0.6067415730337079 0.5424859550561798 0.6088483146067416
0 0.5572331460674157 0.6757958801498127 0.5570575842696629 0.6786048689138576 0.5595154494382022 0.6849250936329588 0.5637289325842697 0.6889044943820225 0.567064606741573 0.6903089887640449 0.5711025280898876 0.6900749063670412 0.5783005617977528 0.6865636704119851 0.5858497191011236 0.6802434456928839 0.5909410112359551 0.6722846441947565 0.5923455056179775 0.6647940074906367 0.590063202247191 0.6512172284644194 0.5909410112359551 0.6479400749063671 0.5930477528089888 0.6441947565543071 0.5930477528089888 0.6404494382022472 0.5918188202247191 0.6381086142322098 0.5883075842696629 0.6362359550561798 0.5874297752808989 0.6371722846441947 0.5856741573033708 0.6427902621722846 0.5814606741573034 0.6446629213483146 0.578125 0.6423220973782772 0.5742626404494382 0.641619850187266 0.5705758426966292 0.6430243445692884 0.566186797752809 0.6472378277153558 0.5623244382022472 0.6547284644194756 0.5605688202247191 0.6645599250936329
0 0.5740870786516854 0.5498595505617978 0.5737359550561798 0.5573501872659176 0.5754915730337079 0.56062734082397 0.5765449438202247 0.5676498127340824 0.5835674157303371 0.5718632958801498 0.5890098314606742 0.5720973782771536 0.5941011235955056 0.5709269662921348 0.5988412921348315 0.5678838951310862 0.6014747191011236 0.5641385767790262 0.6028792134831461 0.56062734082397 0.6049859550561798 0.5536048689138576 0.6060393258426966 0.5470505617977528 0.6058637640449438 0.5365168539325843 0.6023525280898876 0.5294943820224719 0.5988412921348315 0.526685393258427 0.5956811797752809 0.5259831460674157 0.5853230337078652 0.5313670411985019 0.5784761235955056 0.5330056179775281 0.5767205056179775 0.5365168539325843
0 0.542310393258427 0.5332397003745318 0.5402036516853933 0.5433052434456929 0.543188202247191 0.5491573033707865 0.5437148876404494 0.5533707865168539 0.5454705056179775 0.5573501872659176 0.550561797752809 0.5608614232209738 0.5567064606741573 0.5627340823970037 0.5607443820224719 0.5629681647940075 0.5644311797752809 0.5613295880149812 0.5682935393258427 0.5566479400749064 0.5700491573033708 0.5512640449438202 0.5711025280898876 0.5397940074906367 0.5675912921348315 0.5316011235955056 0.5619733146067416 0.525749063670412 0.5538974719101124 0.5241104868913857 0.5498595505617978 0.5250468164794008 0.5466994382022472 0.5276217228464419
0 0.5428370786516854 0.39840823970037453 0.5428370786516854 0.41853932584269665 0.5458216292134831 0.43000936329588013 0.5502106741573034 0.4353932584269663 0.5560042134831461 0.4363295880149813 0.5595154494382022 0.4353932584269663 0.5644311797752809 0.42930711610486894 0.567064606741573 0.42134831460674155 0.570751404494382 0.414559925093633 0.5714536516853933 0.41151685393258425 0.5716292134831461 0.4075374531835206 0.5674157303370787 0.39747191011235955 0.5642556179775281 0.39279026217228463 0.5623244382022472 0.3913857677902622 0.5537219101123596 0.3890449438202247 0.5470505617977528 0.39185393258426965
0 0.5452949438202247 0.33380149812734083 0.5451193820224719 0.33848314606741575 0.5470505617977528 0.34597378277153557 0.5461727528089888 0.34901685393258425 0.5496839887640449 0.3529962546816479 0.5556530898876404 0.35580524344569286 0.5609199438202247 0.35580524344569286 0.5646067415730337 0.35369850187265917 0.5677668539325843 0.34901685393258425 0.5712780898876404 0.33590823970037453 0.5709269662921348 0.33169475655430714 0.5668890449438202 0.32186329588014984 0.5640800561797753 0.3190543071161049 0.5589887640449438 0.3171816479400749 0.5561797752808989 0.31741573033707865 0.5516151685393258 0.31999063670411987 0.5466994382022472 0.3279494382022472
0 0.5742626404494382 0.33590823970037453 0.574438202247191 0.3487827715355805 0.5765449438202247 0.35346441947565543 0.5784761235955056 0.35603932584269665 0.581811797752809 0.3583801498127341 0.5846207865168539 0.3595505617977528 0.5886587078651685 0.35978464419475653 0.5958567415730337 0.35674157303370785 0.5991924157303371 0.3522940074906367 0.6027036516853933 0.3424625468164794 0.6034058988764045 0.33403558052434457 0.6012991573033708 0.3279494382022472 0.5979634831460674 0.32303370786516855 0.5944522471910112 0.32045880149812733 0.5879564606741573 0.31952247191011235 0.5837429775280899 0.32092696629213485 0.5783005617977528 0.3258426966292135 0.5756671348314607 0.33075842696629215
0 0.5742626404494382 0.375936329588015 0.5746137640449438 0.3796816479400749 0.573560393258427 0.3836610486891386 0.5765449438202247 0.3874063670411985 0.5775983146067416 0.39068352059925093 0.577247191011236 0.39419475655430714 0.5779494382022472 0.39536516853932585 0.5858497191011236 0.39747191011235955 0.5865519662921348 0.3991104868913858 0.5884831460674157 0.399812734082397 0.5941011235955056 0.39747191011235955 0.5949789325842697 0.3937265917602996 0.5997191011235955 0.39396067415730335 0.6027036516853933 0.39021535580524347 0.6035814606741573 0.38038389513108617 0.6032303370786517 0.36961610486891383 0.598314606741573 0.3647003745318352 0.594627808988764 0.36235955056179775 0.5879564606741573 0.36118913857677903 0.5828651685393258 0.3625936329588015 0.5779494382022472 0.36540262172284643 0.5746137640449438 0.37312734082397003
0 0.5730337078651685 0.4147940074906367 0.5721558988764045 0.4243913857677903 0.5725070224719101 0.42813670411985016 0.5714536516853933 0.4342228464419476 0.5705758426966292 0.4363295880149813 0.5668890449438202 0.43796816479400746 0.5665379213483146 0.43937265917602997 0.5695224719101124 0.43984082397003743 0.573560393258427 0.4431179775280899 0.5795294943820225 0.44358614232209737 0.5842696629213483 0.4461610486891386 0.5867275280898876 0.4461610486891386 0.5921699438202247 0.44358614232209737 0.5963834269662921 0.4400749063670412 0.5993679775280899 0.43586142322097376 0.5981390449438202 0.4328183520599251 0.5995435393258427 0.42907303370786515 0.5988412921348315 0.4241573033707865 0.6002457865168539 0.4204119850187266 0.6027036516853933 0.4178370786516854 0.5953300561797753 0.4112827715355805 0.5918188202247191 0.40847378277153557 0.5851474719101124 0.4075374531835206 0.5811095505617978 0.4080056179775281 0.578125 0.4091760299625468
0 0.5704002808988764 0.4658239700374532 0.5705758426966292 0.4737827715355805 0.5725070224719101 0.47869850187265917 0.578125 0.4866573033707865 0.581811797752809 0.487125468164794 0.5869030898876404 0.48618913857677903 0.5907654494382022 0.4833801498127341 0.59375 0.4777621722846442 0.594627808988764 0.4716760299625468 0.59375 0.45997191011235955 0.5921699438202247 0.45646067415730335 0.5884831460674157 0.45224719101123595 0.5849719101123596 0.4508426966292135 0.5804073033707865 0.45224719101123595 0.5725070224719101 0.4595037453183521
0 0.5689957865168539 0.5058520599250936 0.5686446629213483 0.5093632958801498 0.5695224719101124 0.5154494382022472 0.5749648876404494 0.5290262172284644 0.5775983146067416 0.5304307116104869 0.5847963483146067 0.5299625468164794 0.5909410112359551 0.5264513108614233 0.5953300561797753 0.5222378277153558 0.597436797752809 0.5161516853932584 0.5962078651685393 0.5014044943820225 0.5930477528089888 0.4967228464419476 0.5888342696629213 0.4927434456928839 0.5860252808988764 0.4913389513108614 0.5775983146067416 0.49087078651685395 0.5733848314606742 0.4932116104868914 0.5705758426966292 0.4978932584269663
0 0.6002457865168539 0.5004681647940075 0.5990168539325843 0.5049157303370787 0.5991924157303371 0.5121722846441947 0.6002457865168539 0.5156835205992509 0.6025280898876404 0.5191947565543071 0.609375 0.524812734082397 0.6125351123595506 0.525749063670412 0.6142907303370787 0.528558052434457 0.6186797752808989 0.5294943820224719 0.6234199438202247 0.5290262172284644 0.6309691011235955 0.5236423220973783 0.6337780898876404 0.5187265917602997 0.6351825842696629 0.511938202247191 0.6353581460674157 0.5014044943820225 0.6341292134831461 0.49765917602996257 0.6314957865168539 0.4932116104868914 0.6265800561797753 0.48829588014981273 0.6192064606741573 0.487125468164794 0.6107794943820225 0.48993445692883897 0.6025280898876404 0.49625468164794007
0 0.5997191011235955 0.4705056179775281 0.5995435393258427 0.4737827715355805 0.6005969101123596 0.48103932584269665 0.6030547752808989 0.4887640449438202 0.604810393258427 0.49157303370786515 0.6067415730337079 0.49157303370786515 0.6155196629213483 0.4868913857677903 0.6264044943820225 0.4854868913857678 0.6278089887640449 0.48080524344569286 0.6304424157303371 0.47659176029962547 0.6302668539325843 0.46652621722846443 0.6292134831460674 0.4637172284644195 0.6288623595505618 0.4595037453183521 0.6297401685393258 0.4559925093632959 0.6329002808988764 0.4529494382022472 0.6327247191011236 0.449438202247191 0.6304424157303371 0.44592696629213485 0.6293890449438202 0.44569288389513106 0.6265800561797753 0.44662921348314605 0.6232443820224719 0.44967228464419473 0.6202598314606742 0.4487359550561798 0.6123595505617978 0.449438202247191 0.6060393258426966 0.4517790262172285 0.6023525280898876 0.4592696629213483 0.6000702247191011 0.4669943820224719
0 0.6074438202247191 0.5428370786516854 0.6072682584269663 0.5571161048689138 0.6111306179775281 0.5629681647940075 0.6146418539325843 0.5662453183520599 0.6179775280898876 0.5681179775280899 0.6209620786516854 0.5683520599250936 0.6300912921348315 0.5646067415730337 0.6337780898876404 0.56062734082397 0.6339536516853933 0.5433052434456929 0.6306179775280899 0.5395599250936329 0.6276334269662921 0.5330056179775281 0.6246488764044944 0.5292602996254682 0.6156952247191011 0.5278558052434457 0.6127106741573034 0.5301966292134831 0.6095505617977528 0.5306647940074907 0.6083216292134831 0.5348782771535581
0 0.6009480337078652 0.6697097378277154 0.6005969101123596 0.6790730337078652 0.6023525280898876 0.6851591760299626 0.6067415730337079 0.6926498127340824 0.6120084269662921 0.6963951310861424 0.6158707865168539 0.697565543071161 0.6230688202247191 0.6966292134831461 0.6274578651685393 0.6926498127340824 0.6297401685393258 0.68937265917603 0.6316713483146067 0.6786048689138576 0.6304424157303371 0.6683052434456929 0.6267556179775281 0.660814606741573 0.6234199438202247 0.6573033707865169 0.6162219101123596 0.6540262172284644 0.6097261235955056 0.6551966292134831 0.6053370786516854 0.6573033707865169 0.602001404494382 0.6612827715355806
0 0.6062148876404494 0.38670411985018727 0.6062148876404494 0.3916198501872659 0.6055126404494382 0.39396067415730335 0.6091994382022472 0.398876404494382 0.613939606741573 0.4002808988764045 0.625877808988764 0.40051498127340823 0.6272823033707865 0.3972378277153558 0.6327247191011236 0.3904494382022472 0.6343047752808989 0.38319288389513106 0.6341292134831461 0.37687265917602997 0.6313202247191011 0.37008426966292135 0.6265800561797753 0.3651685393258427 0.6206109550561798 0.363061797752809 0.6162219101123596 0.36352996254681647 0.6127106741573034 0.36540262172284643 0.6088483146067416 0.3698501872659176 0.6076193820224719 0.37312734082397003
0 0.6069171348314607 0.3321629213483146 0.6049859550561798 0.34597378277153557 0.6027036516853933 0.3518258426966292 0.6034058988764045 0.3539325842696629 0.6125351123595506 0.36025280898876405 0.6120084269662921 0.3625936329588015 0.6127106741573034 0.36329588014981273 0.6178019662921348 0.3609550561797753 0.6223665730337079 0.3618913857677903 0.625877808988764 0.36142322097378277 0.6302668539325843 0.35814606741573035 0.6337780898876404 0.35252808988764045 0.6344803370786517 0.3455056179775281 0.6341292134831461 0.3326310861423221 0.6393960674157303 0.324438202247191 0.6385182584269663 0.32092696629213485 0.636938202247191 0.3188202247191011 0.6336025280898876 0.31788389513108617 0.6283356741573034 0.32397003745318353 0.6264044943820225 0.32514044943820225 0.6228932584269663 0.3227996254681648 0.6162219101123596 0.3223314606741573 0.6091994382022472 0.32724719101123595
0 0.3555126404494382 0.3171816479400749 0.3553370786516854 0.3249063670411985 0.35656601123595505 0.3295880149812734 0.3591994382022472 0.3352059925093633 0.36271067415730335 0.33824906367041196 0.3711376404494382 0.3398876404494382 0.3765800561797753 0.34269662921348315 0.3806179775280899 0.3431647940074906 0.38606039325842695 0.3403558052434457 0.3890449438202247 0.33497191011235955 0.38816713483146065 0.3249063670411985 0.38395365168539325 0.31062734082397003 0.3813202247191011 0.30641385767790263 0.37359550561797755 0.30102996254681647 0.36622191011235955 0.300561797752809 0.3590238764044944 0.30547752808988765 0.35674157303370785 0.3103932584269663
1 0.4611429073033708 0.6203183520599251 0.029260884831460672 0.03745318352059925