2 0.3844803370786517 0.37687265917602997 0.6794241573033708 0.36282771535580527 0.6905430126404495 0.7599875936329588 0.39150280898876405 0.7755929307116105
0 0.6095505617977528 0.7172284644194756 0.6127106741573034 0.7186329588014981 0.6162219101123596 0.7256554307116105 0.6186797752808989 0.7413389513108615 0.6144662921348315 0.7516385767790262 0.6081460674157303 0.7553838951310862 0.5986657303370787 0.7530430711610487 0.5935744382022472 0.7446161048689138 0.5914676966292135 0.7340823970037453 0.5981390449438202 0.7223782771535581 0.609375 0.7172284644194756
0 0.6513342696629213 0.49063670411985016 0.6648525280898876 0.49250936329588013 0.6720505617977528 0.5091292134831461 0.6736306179775281 0.5189606741573034 0.6722261235955056 0.5259831460674157 0.6652036516853933 0.5334737827715356 0.6618679775280899 0.533941947565543 0.6469452247191011 0.5273876404494382 0.6402738764044944 0.5187265917602997 0.6404494382022472 0.5002340823970037 0.645189606741573 0.49297752808988765 0.6511587078651685 0.49063670411985016
0 0.46611657303370785 0.7176966292134831 0.47384129213483145 0.7272940074906367 0.47401685393258425 0.7345505617977528 0.4643609550561798 0.7553838951310862 0.4533005617977528 0.7612359550561798 0.44627808988764045 0.7593632958801498 0.44083567415730335 0.7525749063670412 0.43820224719101125 0.7237827715355806 0.456811797752809 0.7176966292134831 0.46594101123595505 0.7176966292134831
0 0.6300912921348315 0.3703183520599251 0.6372893258426966 0.3728932584269663 0.6425561797752809 0.37991573033707865 0.6434339887640449 0.3890449438202247 0.640625 0.40098314606741575 0.6290379213483146 0.4075374531835206 0.6218398876404494 0.4056647940074906 0.617626404494382 0.4002808988764045 0.6156952247191011 0.3874063670411985 0.616748595505618 0.3801498127340824 0.6223665730337079 0.37312734082397003 0.6299157303370787 0.3705524344569288
0 0.6302668539325843 0.45435393258426965 0.6343047752808989 0.4616104868913858 0.6383426966292135 0.48080524344569286 0.6374648876404494 0.48735955056179775 0.6300912921348315 0.49508426966292135 0.6158707865168539 0.5004681647940075 0.6097261235955056 0.49812734082397003 0.605688202247191 0.4913389513108614 0.6104283707865169 0.46348314606741575 0.6179775280898876 0.45529026217228463 0.6300912921348315 0.45435393258426965
0 0.5640800561797753 0.3761704119850187 0.5718047752808989 0.38202247191011235 0.5784761235955056 0.39068352059925093 0.5802317415730337 0.3970037453183521 0.5779494382022472 0.414559925093633 0.5675912921348315 0.4241573033707865 0.5572331460674157 0.4220505617977528 0.5519662921348315 0.41596441947565543 0.5493328651685393 0.40847378277153557 0.550561797752809 0.38717228464419473 0.5558286516853933 0.3792134831460674 0.5639044943820225 0.3761704119850187
0 0.5658356741573034 0.7008426966292135 0.5795294943820225 0.7055243445692884 0.586376404494382 0.7205056179775281 0.5851474719101124 0.7394662921348315 0.5725070224719101 0.7462546816479401 0.5654845505617978 0.7448501872659176 0.5591643258426966 0.7387640449438202 0.554248595505618 0.7198033707865169 0.5538974719101124 0.713249063670412 0.5567064606741573 0.7031835205992509 0.5656601123595506 0.7008426966292135
0 0.40625 0.38249063670411987 0.413623595505618 0.3881086142322097 0.41695926966292135 0.4012172284644195 0.4160814606741573 0.4147940074906367 0.40519662921348315 0.42017790262172283 0.39308286516853935 0.4147940074906367 0.38957162921348315 0.40777153558052437 0.38922050561797755 0.39840823970037453 0.390625 0.39068352059925093 0.3941362359550562 0.38647003745318353 0.39975421348314605 0.38249063670411987 0.4060744382022472 0.38249063670411987
0 0.5400280898876404 0.6296816479400749 0.5481039325842697 0.635065543071161 0.5509129213483146 0.6404494382022472 0.5519662921348315 0.649812734082397 0.5512640449438202 0.6624531835205992 0.5402036516853933 0.6713483146067416 0.5326544943820225 0.6701779026217228 0.5263342696629213 0.6659644194756554 0.5231741573033708 0.660814606741573 0.5221207865168539 0.6528558052434457 0.5224719101123596 0.6434925093632958 0.5280898876404494 0.6320224719101124 0.5398525280898876 0.6296816479400749
0 0.5094803370786517 0.7106741573033708 0.5154494382022472 0.7137172284644194 0.5203651685393258 0.7265917602996255 0.5212429775280899 0.7418071161048689 0.516502808988764 0.7546816479400749 0.5079002808988764 0.7586610486891385 0.5014044943820225 0.7577247191011236 0.4940308988764045 0.7514044943820225 0.49122191011235955 0.7329119850187266 0.49473314606741575 0.7200374531835206 0.49859550561797755 0.7139513108614233 0.5017556179775281 0.7111423220973783 0.5093047752808989 0.7106741573033708
0 0.4353932584269663 0.3827247191011236 0.44399578651685395 0.38974719101123595 0.4471558988764045 0.3970037453183521 0.4473314606741573 0.4044943820224719 0.44259129213483145 0.41830524344569286 0.4334620786516854 0.4199438202247191 0.42327949438202245 0.4164325842696629 0.41906601123595505 0.40098314606741575 0.42047050561797755 0.39185393258426965 0.42468398876404495 0.386001872659176 0.4352176966292135 0.3827247191011236
0 0.5761938202247191 0.6299157303370787 0.581811797752809 0.6334269662921348 0.5853230337078652 0.6390449438202247 0.5884831460674157 0.6453651685393258 0.5897120786516854 0.6551966292134831 0.5849719101123596 0.6694756554307116 0.5756671348314607 0.673689138576779 0.5675912921348315 0.6713483146067416 0.5603932584269663 0.6638576779026217 0.5574087078651685 0.6467696629213483 0.5593398876404494 0.6385767790262172 0.5639044943820225 0.6329588014981273 0.5709269662921348 0.6294475655430711 0.5760182584269663 0.6299157303370787
0 0.5997191011235955 0.7048220973782772 0.6053370786516854 0.7059925093632958 0.6128862359550562 0.7146535580524345 0.6190308988764045 0.7343164794007491 0.6193820224719101 0.7404026217228464 0.616748595505618 0.74812734082397 0.6090238764044944 0.7553838951310862 0.598314606741573 0.7530430711610487 0.5881320224719101 0.7301029962546817 0.5877808988764045 0.7099719101123596 0.5921699438202247 0.7062265917602997 0.5995435393258427 0.7048220973782772
0 0.6655547752808989 0.4101123595505618 0.6722261235955056 0.41502808988764045 0.6748595505617978 0.42158239700374533 0.6750351123595506 0.42907303370786515 0.6713483146067416 0.43984082397003743 0.6646769662921348 0.44592696629213485 0.6597612359550562 0.44686329588014984 0.6544943820224719 0.44545880149812733 0.6476474719101124 0.4375 0.6467696629213483 0.41830524344569286 0.6576544943820225 0.41058052434456926 0.6653792134831461 0.4101123595505618
0 0.41660814606741575 0.5596910112359551 0.4239817415730337 0.5632022471910112 0.4262640449438202 0.5742041198501873 0.42643960674157305 0.5922284644194756 0.4239817415730337 0.5987827715355806 0.4116924157303371 0.6100187265917603 0.4044943820224719 0.6093164794007491 0.4008075842696629 0.6058052434456929 0.3981741573033708 0.5779494382022472 0.40098314606741575 0.5671816479400749 0.4041432584269663 0.5627340823970037 0.4164325842696629 0.5596910112359551
0 0.4671699438202247 0.3822565543071161 0.47787921348314605 0.3890449438202247 0.4801615168539326 0.40168539325842695 0.4785814606741573 0.41081460674157305 0.47542134831460675 0.4154962546816479 0.4645365168539326 0.41970973782771537 0.45593398876404495 0.4152621722846442 0.45259831460674155 0.40730337078651685 0.45207162921348315 0.3972378277153558 0.45786516853932585 0.3852996254681648 0.4669943820224719 0.3822565543071161
0 0.5923455056179775 0.37523408239700373 0.6023525280898876 0.37874531835205993 0.6069171348314607 0.3838951310861423 0.608497191011236 0.39068352059925093 0.6060393258426966 0.4054307116104869 0.6023525280898876 0.40987827715355807 0.5967345505617978 0.4110486891385768 0.585498595505618 0.40636704119850187 0.5812851123595506 0.3946629213483146 0.5839185393258427 0.3822565543071161 0.5921699438202247 0.37523408239700373
0 0.6660814606741573 0.6245318352059925 0.6760884831460674 0.6327247191011236 0.680126404494382 0.6413857677902621 0.679248595505618 0.6558988764044944 0.6743328651685393 0.6622191011235955 0.6683637640449438 0.6650280898876404 0.657127808988764 0.660814606741573 0.6481741573033708 0.6444288389513109 0.6499297752808989 0.6308520599250936 0.6527387640449438 0.6254681647940075 0.6659058988764045 0.6245318352059925
0 0.5017556179775281 0.46558988764044945 0.5103581460674157 0.47401685393258425 0.5107092696629213 0.4901685393258427 0.5056179775280899 0.49812734082397003 0.4984199438202247 0.5009363295880149 0.49104634831460675 0.49953183520599254 0.48753511235955055 0.4957865168539326 0.48560393258426965 0.47752808988764045 0.49087078651685395 0.46722846441947563 0.5015800561797753 0.46558988764044945
0 0.6271067415730337 0.5442415730337079 0.641502808988764 0.5484550561797753 0.6469452247191011 0.5608614232209738 0.6441362359550562 0.5746722846441947 0.6404494382022472 0.5788857677902621 0.6341292134831461 0.5809925093632958 0.6267556179775281 0.579119850187266 0.6162219101123596 0.5704588014981273 0.6128862359550562 0.5629681647940075 0.6148174157303371 0.5500936329588015 0.6193820224719101 0.545880149812734 0.6269311797752809 0.5442415730337079
0 0.44259129213483145 0.5105337078651685 0.45066713483146065 0.5154494382022472 0.4534761235955056 0.5320692883895131 0.44856039325842695 0.5435393258426966 0.4396067415730337 0.5472846441947565 0.42837078651685395 0.5414325842696629 0.42503511235955055 0.5294943820224719 0.4297752808988764 0.514747191011236 0.4353932584269663 0.5105337078651685 0.44241573033707865 0.5105337078651685
0 0.4339887640449438 0.46629213483146065 0.4434691011235955 0.47097378277153557 0.44996488764044945 0.48408239700374533 0.4454002808988764 0.49836142322097376 0.44259129213483145 0.5016385767790262 0.43627106741573035 0.5030430711610487 0.42907303370786515 0.5023408239700374 0.42485955056179775 0.499063670411985 0.4202949438202247 0.4875936329588015 0.4234550561797753 0.47284644194756553 0.433813202247191 0.46629213483146065
0 0.5098314606741573 0.663623595505618 0.515625 0.6671348314606742 0.5179073033707865 0.6715823970037453 0.5168539325842697 0.68937265917603 0.5091292134831461 0.7036516853932584 0.4980688202247191 0.7092696629213483 0.492626404494382 0.7078651685393258 0.4863061797752809 0.7015449438202247 0.48384831460674155 0.6926498127340824 0.4840238764044944 0.6821161048689138 0.49104634831460675 0.6683052434456929 0.5017556179775281 0.6633895131086143 0.5096558988764045 0.663623595505618
0 0.5370435393258427 0.46207865168539325 0.5444171348314607 0.4695692883895131 0.5456460674157303 0.48174157303370785 0.5419592696629213 0.4934456928838951 0.5340589887640449 0.49859550561797755 0.5210674157303371 0.4943820224719101 0.5186095505617978 0.48782771535580527 0.5182584269662921 0.47237827715355807 0.5200140449438202 0.4669943820224719 0.5247542134831461 0.46324906367041196 0.5368679775280899 0.46207865168539325
0 0.4471558988764045 0.6762640449438202 0.45646067415730335 0.6790730337078652 0.4631320224719101 0.6851591760299626 0.4668188202247191 0.7001404494382022 0.4592696629213483 0.7148876404494382 0.44627808988764045 0.7191011235955056 0.4413623595505618 0.7172284644194756 0.43469101123595505 0.7069288389513109 0.43223314606741575 0.6879681647940075 0.4334620786516854 0.6825842696629213 0.43802668539325845 0.6772003745318352 0.4469803370786517 0.6762640449438202
0 0.49525983146067415 0.38249063670411987 0.511060393258427 0.38974719101123595 0.5158005617977528 0.40098314606741575 0.5140449438202247 0.41807116104868913 0.5089536516853933 0.42368913857677903 0.5019311797752809 0.4262640449438202 0.49473314606741575 0.42532771535580527 0.4878862359550562 0.41924157303370785 0.48349719101123595 0.40168539325842695 0.48349719101123595 0.3937265917602996 0.4866573033707865 0.386938202247191 0.4905196629213483 0.38295880149812733 0.49508426966292135 0.38249063670411987
0 0.41537921348314605 0.7198033707865169 0.4216994382022472 0.7226123595505618 0.4259129213483146 0.7282303370786517 0.4278441011235955 0.7474250936329588 0.4201193820224719 0.7621722846441947 0.41151685393258425 0.7656835205992509 0.4046699438202247 0.7640449438202247 0.39905196629213485 0.7584269662921348 0.3967696629213483 0.75187265917603 0.3964185393258427 0.7408707865168539 0.40115870786516855 0.7272940074906367 0.40765449438202245 0.721441947565543 0.41520365168539325 0.7198033707865169
0 0.5470505617977528 0.5779494382022472 0.5545997191011236 0.5838014981273408 0.557935393258427 0.5987827715355806 0.5545997191011236 0.6144662921348315 0.5437148876404494 0.6191479400749064 0.530372191011236 0.6163389513108615 0.5258075842696629 0.6114232209737828 0.5237008426966292 0.6018258426966292 0.5287921348314607 0.5877808988764045 0.5396769662921348 0.5793539325842697 0.546875 0.5779494382022472
0 0.47015449438202245 0.4658239700374532 0.4785814606741573 0.47191011235955055 0.48121488764044945 0.48735955056179775 0.47717696629213485 0.49812734082397003 0.4685744382022472 0.5016385767790262 0.45997191011235955 0.5 0.45628511235955055 0.49602059925093633 0.45417837078651685 0.47963483146067415 0.4585674157303371 0.46863295880149813 0.46997893258426965 0.4658239700374532
0 0.6648525280898876 0.5816947565543071 0.6734550561797753 0.5884831460674157 0.6769662921348315 0.6025280898876404 0.6736306179775281 0.6163389513108615 0.6630969101123596 0.62312734082397 0.6544943820224719 0.6214887640449438 0.6474719101123596 0.6144662921348315 0.6434339887640449 0.6058052434456929 0.6411516853932584 0.5919943820224719 0.6436095505617978 0.5847378277153558 0.647998595505618 0.5812265917602997 0.6646769662921348 0.5816947565543071
0 0.5753160112359551 0.587312734082397 0.5832162921348315 0.5915262172284644 0.5893609550561798 0.6022940074906367 0.5895365168539326 0.6128277153558053 0.5874297752808989 0.6198501872659176 0.5849719101123596 0.6245318352059925 0.5783005617977528 0.6285112359550562 0.5674157303370787 0.6275749063670412 0.5567064606741573 0.6196161048689138 0.5554775280898876 0.6161048689138576 0.5591643258426966 0.5952715355805244 0.5751404494382022 0.587312734082397
0 0.5340589887640449 0.37687265917602997 0.5410814606741573 0.38038389513108617 0.5466994382022472 0.39396067415730335 0.5435393258426966 0.40847378277153557 0.5333567415730337 0.4147940074906367 0.5261587078651685 0.4133895131086142 0.5222963483146067 0.40870786516853935 0.5179073033707865 0.3916198501872659 0.5217696629213483 0.38202247191011235 0.5338834269662921 0.37687265917602997
0 0.5955056179775281 0.44920411985018727 0.6065660112359551 0.45880149812734083 0.6081460674157303 0.46886704119850187 0.6037570224719101 0.4922752808988764 0.5953300561797753 0.49812734082397003 0.5879564606741573 0.4953183520599251 0.5809339887640449 0.4859550561797753 0.5760182584269663 0.47073970037453183 0.577247191011236 0.45997191011235955 0.5802317415730337 0.45552434456928836 0.5883075842696629 0.449438202247191 0.5953300561797753 0.44920411985018727
0 0.5068469101123596 0.5463483146067416 0.5159761235955056 0.5540730337078652 0.5182584269662921 0.5678838951310862 0.5158005617977528 0.5777153558052435 0.5056179775280899 0.5856741573033708 0.4977176966292135 0.5840355805243446 0.49139747191011235 0.579119850187266 0.4885884831460674 0.5711610486891385 0.4885884831460674 0.56437265917603 0.4903441011235955 0.5538389513108615 0.4936797752808989 0.5489232209737828 0.4982443820224719 0.5461142322097379 0.5066713483146067 0.5463483146067416
0 0.4234550561797753 0.6739232209737828 0.42661516853932585 0.6750936329588015 0.4299508426966292 0.6814138576779026 0.4317064606741573 0.7059925093632958 0.42468398876404495 0.7144194756554307 0.40870786516853935 0.7176966292134831 0.4022120786516854 0.7134831460674157 0.398876404494382 0.7066947565543071 0.4008075842696629 0.6926498127340824 0.40747893258426965 0.6776685393258427 0.42327949438202245 0.6739232209737828
0 0.5409058988764045 0.7083333333333334 0.5470505617977528 0.7102059925093633 0.5517907303370787 0.7202715355805244 0.5561797752808989 0.7375936329588015 0.5560042134831461 0.7446161048689138 0.5517907303370787 0.7539794007490637 0.5438904494382022 0.7581928838951311 0.5361657303370787 0.7567883895131086 0.5316011235955056 0.7523408239700374 0.5258075842696629 0.7289325842696629 0.5294943820224719 0.7137172284644194 0.5335323033707865 0.7099719101123596 0.5407303370786517 0.7083333333333334
0 0.5001755617977528 0.5044475655430711 0.5101825842696629 0.5091292134831461 0.5129915730337079 0.5152153558052435 0.5138693820224719 0.5245786516853933 0.5115870786516854 0.5355805243445693 0.5077247191011236 0.5400280898876404 0.5017556179775281 0.5416666666666666 0.4906952247191011 0.5379213483146067 0.4864817415730337 0.5243445692883895 0.48718398876404495 0.5117041198501873 0.4938553370786517 0.5051498127340824 0.5 0.5044475655430711
0 0.6339536516853933 0.704119850187266 0.6474719101123596 0.7179307116104869 0.6523876404494382 0.7338483146067416 0.6509831460674157 0.7446161048689138 0.6476474719101124 0.7495318352059925 0.6404494382022472 0.7530430711610487 0.6321980337078652 0.7521067415730337 0.6264044943820225 0.7469569288389513 0.6183286516853933 0.7176966292134831 0.6197331460674157 0.7062265917602997 0.6337780898876404 0.704119850187266
0 0.6615168539325843 0.37008426966292135 0.6688904494382022 0.37429775280898875 0.6725772471910112 0.3794475655430712 0.6732794943820225 0.39325842696629215 0.6683637640449438 0.40262172284644193 0.6580056179775281 0.4066011235955056 0.651685393258427 0.40519662921348315 0.6469452247191011 0.39747191011235955 0.6458918539325843 0.3796816479400749 0.6501053370786517 0.37312734082397003 0.6613412921348315 0.37008426966292135
0 0.4083567415730337 0.5065543071161048 0.4195926966292135 0.514747191011236 0.42117275280898875 0.5271535580524345 0.4178370786516854 0.538623595505618 0.4080056179775281 0.5440074906367042 0.40098314606741575 0.5433052434456929 0.39571629213483145 0.5393258426966292 0.3927317415730337 0.5320692883895131 0.39185393258426965 0.5222378277153558 0.39747191011235955 0.5098314606741573 0.4081811797752809 0.5065543071161048
0 0.6302668539325843 0.4112827715355805 0.6388693820224719 0.4157303370786517 0.6430828651685393 0.42743445692883897 0.6386938202247191 0.4440543071161049 0.6306179775280899 0.44803370786516855 0.6183286516853933 0.4442883895131086 0.6142907303370787 0.436563670411985 0.6128862359550562 0.42579588014981273 0.6190308988764045 0.414559925093633 0.6300912921348315 0.4112827715355805
0 0.6597612359550562 0.44920411985018727 0.6702949438202247 0.4592696629213483 0.6732794943820225 0.4705056179775281 0.6659058988764045 0.4875936329588015 0.6583567415730337 0.4913389513108614 0.647998595505618 0.4892322097378277 0.6437851123595506 0.48525280898876405 0.636938202247191 0.47401685393258425 0.6362359550561798 0.46676029962546817 0.6393960674157303 0.4576310861423221 0.6432584269662921 0.45341760299625467 0.6595856741573034 0.44920411985018727
1 0.40584094101123597 0.44865870786516854 0.03452773876404494 0.04525514981273408
1 0.40584094101123597 0.48533005617977526 0.03452773876404494 0.042134831460674156
1 0.4125702247191011 0.6129049625468165 0.038623595505617975 0.0351123595505618
1 0.41198560393258427 0.652310393258427 0.033941362359550566 0.04369616104868913
1 0.4465115870786517 0.6503581460674157 0.03277212078651685 0.03667368913857678
1 0.4450491573033708 0.6070529026217228 0.033356741573033706 0.04525514981273408
1 0.4432935393258427 0.5672588951310861 0.03686797752808989 0.03745318352059925
1 0.4386113061797753 0.4443656367041198 0.026334269662921347 0.0351123595505618
1 0.47138342696629215 0.4408544007490637 0.03452773876404494 0.042134831460674156
1 0.49830231741573033 0.44124531835205993 0.03218574438202247 0.03667368913857678
1 0.53078125 0.4373431647940075 0.030430126404494384 0.03823267790262173
1 0.5562377106741573 0.4420248127340824 0.028674508426966294 0.03667368913857678
1 0.589594452247191 0.4353932584269663 0.03569698033707865 0.03277153558052434
1 0.5612131320224719 0.48181882022471906 0.04330582865168539 0.03823267790262173
1 0.5340010533707865 0.522003745318352 0.03218574438202247 0.04057350187265918
1 0.4702124297752809 0.5235650749063671 0.03452773876404494 0.03277153558052434
1 0.4763570926966292 0.5649180711610486 0.036283356741573035 0.04057350187265918
1 0.47752808988764045 0.6054939138576779 0.0351123595505618 0.031210205992509368
1 0.47899051966292133 0.6433356741573033 0.033356741573033706 0.0351123595505618
1 0.4769434691011236 0.6901521535580524 0.03277212078651685 0.04603698501872659
1 0.48045470505617976 0.7365800561797753 0.029260884831460672 0.03901451310861423
1 0.507373595505618 0.6480173220973783 0.029260884831460672 0.04603698501872659
1 0.5076667837078652 0.6086142322097379 0.02282303370786517 0.03745318352059925
1 0.5328300561797753 0.5645294943820225 0.031016502808988763 0.04291432584269663
1 0.56296875 0.5196629213483146 0.030430126404494384 0.03901451310861423
1 0.5635533707865169 0.5621886704119851 0.03160112359550562 0.0351123595505618
1 0.5363412921348315 0.6913225655430711 0.031016502808988763 0.042134831460674156
1 0.5696980337078652 0.6835205992509363 0.03569698033707865 0.04057350187265918
1 0.5998367275280899 0.6811797752808989 0.03277212078651685 0.03745318352059925
1 0.6299736657303371 0.6811797752808989 0.02750526685393258 0.042134831460674156
1 0.6630389747191011 0.6815706928838952 0.033941362359550566 0.04135533707865168
1 0.666841643258427 0.7260463483146068 0.04037921348314607 0.04603698501872659
1 0.5992503511235955 0.639435861423221 0.03277212078651685 0.039794007490636704
1 0.6320224719101124 0.6413857677902621 0.03745259831460675 0.03901451310861423
1 0.5928142556179775 0.5973010299625469 0.033941362359550566 0.039794007490636704
1 0.6270488061797753 0.6008122659176031 0.03686797752808989 0.04369616104868913
1 0.6618679775280899 0.5594569288389513 0.04681706460674158 0.042134831460674156
1 0.5972033005617977 0.5567251872659176 0.03803897471910112 0.04291432584269663
1 0.5922278792134832 0.5192720037453183 0.03277212078651685 0.04915730337078652
1 0.6211955758426966 0.5157607677902621 0.041550210674157304 0.048377808988764044