0 0.6113061797752809 0.6764981273408239 0.6162219101123596 0.6793071161048689 0.6202598314606742 0.6935861423220974 0.6162219101123596 0.7062265917602997 0.6095505617977528 0.7106741573033708 0.6023525280898876 0.7099719101123596 0.5972612359550562 0.7059925093632958 0.594627808988764 0.6996722846441947 0.5939255617977528 0.6884363295880149 0.602001404494382 0.6764981273408239 0.6111306179775281 0.6764981273408239
0 0.6664325842696629 0.40870786516853935 0.676439606741573 0.41502808988764045 0.6780196629213483 0.42579588014981273 0.6757373595505618 0.4363295880149813 0.6648525280898876 0.44545880149812733 0.6530898876404494 0.44241573033707865 0.6504564606741573 0.43609550561797755 0.6502808988764045 0.42181647940074907 0.6566011235955056 0.4112827715355805 0.6662570224719101 0.40870786516853935
0 0.5417837078651685 0.714185393258427 0.546875 0.7139513108614233 0.5524929775280899 0.7202715355805244 0.555126404494382 0.736189138576779 0.5538974719101124 0.7478932584269663 0.5438904494382022 0.7558520599250936 0.538623595505618 0.7553838951310862 0.5314255617977528 0.75 0.5263342696629213 0.7343164794007491 0.5296699438202247 0.7200374531835206 0.5363412921348315 0.7148876404494382 0.5416081460674157 0.714185393258427
0 0.6350070224719101 0.41058052434456926 0.644311797752809 0.41853932584269665 0.6458918539325843 0.4311797752808989 0.641502808988764 0.4440543071161049 0.6337780898876404 0.4477996254681648 0.6181530898876404 0.4426498127340824 0.6149929775280899 0.43609550561797755 0.6146418539325843 0.42532771535580527 0.6160463483146067 0.4204119850187266 0.6221910112359551 0.414559925093633 0.6348314606741573 0.41058052434456926
0 0.4239817415730337 0.6760299625468165 0.42854634831460675 0.6786048689138576 0.4317064606741573 0.68562734082397 0.4339887640449438 0.7034176029962547 0.4253862359550562 0.7146535580524345 0.414501404494382 0.7176966292134831 0.4044943820224719 0.7158239700374532 0.4001053370786517 0.7083333333333334 0.4004564606741573 0.6992041198501873 0.4039676966292135 0.6851591760299626 0.40765449438202245 0.6804775280898876 0.4116924157303371 0.6769662921348315 0.4238061797752809 0.6760299625468165
0 0.5718047752808989 0.38857677902621723 0.5798806179775281 0.39489700374531833 0.5819873595505618 0.40613295880149813 0.5786516853932584 0.4164325842696629 0.5716292134831461 0.42181647940074907 0.5596910112359551 0.41830524344569286 0.5554775280898876 0.40870786516853935 0.5598665730337079 0.3925561797752809 0.5642556179775281 0.38881086142322097 0.5716292134831461 0.38857677902621723
0 0.5797050561797753 0.7015449438202247 0.5926966292134831 0.7088014981273408 0.5942766853932584 0.727996254681648 0.5926966292134831 0.7350187265917603 0.5870786516853933 0.7415730337078652 0.5711025280898876 0.7471910112359551 0.5640800561797753 0.7432116104868914 0.5600421348314607 0.735252808988764 0.5565308988764045 0.713249063670412 0.5600421348314607 0.7073970037453183 0.5795294943820225 0.7015449438202247
0 0.5647823033707865 0.37523408239700373 0.5783005617977528 0.3827247191011236 0.5835674157303371 0.3904494382022472 0.5830407303370787 0.40777153558052437 0.5800561797752809 0.4164325842696629 0.5765449438202247 0.4211142322097378 0.5721558988764045 0.4225187265917603 0.5570575842696629 0.41807116104868913 0.5528441011235955 0.40730337078651685 0.5526685393258427 0.3916198501872659 0.5549508426966292 0.3827247191011236 0.5596910112359551 0.37640449438202245 0.5646067415730337 0.37523408239700373
0 0.4023876404494382 0.3761704119850187 0.4137991573033708 0.38108614232209737 0.4183637640449438 0.39091760299625467 0.4183637640449438 0.4112827715355805 0.4159058988764045 0.4152621722846442 0.4083567415730337 0.4166666666666667 0.4006320224719101 0.4154962546816479 0.3941362359550562 0.41034644194756553 0.38957162921348315 0.397940074906367 0.38992275280898875 0.38717228464419473 0.3923806179775281 0.38202247191011235 0.4022120786516854 0.3761704119850187
0 0.5124648876404494 0.46301498127340823 0.5158005617977528 0.46558988764044945 0.5210674157303371 0.4777621722846442 0.5231741573033708 0.4922752808988764 0.5191362359550562 0.5037453183520599 0.5089536516853933 0.5107677902621723 0.5012289325842697 0.5070224719101124 0.49719101123595505 0.5021067415730337 0.49525983146067415 0.48782771535580527 0.4978932584269663 0.4693352059925094 0.5049157303370787 0.46301498127340823 0.5122893258426966 0.46301498127340823
0 0.6314957865168539 0.625 0.6404494382022472 0.6289794007490637 0.6485252808988764 0.6434925093632958 0.6485252808988764 0.6521535580524345 0.6448384831460674 0.6612827715355806 0.6343047752808989 0.6657303370786517 0.6299157303370787 0.6650280898876404 0.6218398876404494 0.6582397003745318 0.6172752808988764 0.6439606741573034 0.6207865168539326 0.6301498127340824 0.6264044943820225 0.6252340823970037 0.6313202247191011 0.625
0 0.5035112359550562 0.3815543071161049 0.5126404494382022 0.3857677902621723 0.5196629213483146 0.3972378277153558 0.5175561797752809 0.41596441947565543 0.5126404494382022 0.4211142322097378 0.5061446629213483 0.4229868913857678 0.49929775280898875 0.4220505617977528 0.4942064606741573 0.41830524344569286 0.4905196629213483 0.41198501872659177 0.48700842696629215 0.3981741573033708 0.48718398876404495 0.39068352059925093 0.4906952247191011 0.38342696629213485 0.4945575842696629 0.38085205992509363 0.5033356741573034 0.3815543071161049
0 0.5747893258426966 0.5297284644194756 0.5860252808988764 0.5360486891385767 0.5918188202247191 0.5573501872659176 0.5919943820224719 0.5648408239700374 0.5884831460674157 0.5709269662921348 0.581811797752809 0.5749063670411985 0.5630266853932584 0.5711610486891385 0.5591643258426966 0.5676498127340824 0.5570575842696629 0.5608614232209738 0.5561797752808989 0.5498595505617978 0.558813202247191 0.5381554307116105 0.566186797752809 0.5318352059925093 0.5746137640449438 0.5297284644194756
0 0.6648525280898876 0.6259363295880149 0.6720505617977528 0.6282771535580525 0.6804775280898876 0.6385767790262172 0.6818820224719101 0.6505149812734082 0.679248595505618 0.6598782771535581 0.6725772471910112 0.6650280898876404 0.6669592696629213 0.6650280898876404 0.65625 0.6580056179775281 0.6527387640449438 0.636938202247191 0.6573033707865169 0.6289794007490637 0.6646769662921348 0.6261704119850188
0 0.44610252808988765 0.4639513108614232 0.4566362359550562 0.4758895131086142 0.4589185393258427 0.48408239700374533 0.45979634831460675 0.49765917602996257 0.4533005617977528 0.511938202247191 0.4496137640449438 0.5159176029962547 0.4394311797752809 0.5161516853932584 0.4313553370786517 0.49859550561797755 0.4313553370786517 0.48431647940074907 0.4336376404494382 0.4758895131086142 0.44592696629213485 0.46418539325842695
0 0.601123595505618 0.37476591760299627 0.6097261235955056 0.3815543071161049 0.6123595505617978 0.39396067415730335 0.6070926966292135 0.4070692883895131 0.5993679775280899 0.41198501872659177 0.5879564606741573 0.40730337078651685 0.5860252808988764 0.39021535580524347 0.5870786516853933 0.38295880149812733 0.5918188202247191 0.3771067415730337 0.6009480337078652 0.37476591760299627
0 0.6378160112359551 0.49976591760299627 0.6423806179775281 0.5014044943820225 0.6474719101123596 0.5088951310861424 0.6487008426966292 0.5224719101123596 0.6450140449438202 0.5308988764044944 0.6339536516853933 0.5348782771535581 0.6271067415730337 0.5334737827715356 0.6218398876404494 0.5290262172284644 0.6179775280898876 0.5224719101123596 0.6170997191011236 0.5117041198501873 0.6216643258426966 0.5039794007490637 0.6376404494382022 0.49976591760299627
0 0.6381671348314607 0.4585674157303371 0.6444873595505618 0.46301498127340823 0.6478230337078652 0.47635767790262173 0.645189606741573 0.4911048689138577 0.640625 0.4957865168539326 0.6336025280898876 0.49812734082397003 0.6267556179775281 0.4967228464419476 0.6151685393258427 0.4875936329588015 0.6134129213483146 0.47073970037453183 0.6170997191011236 0.46348314606741575 0.6299157303370787 0.4583333333333333 0.6379915730337079 0.4585674157303371
0 0.45014044943820225 0.5735018726591761 0.45628511235955055 0.5751404494382022 0.4606741573033708 0.5805243445692884 0.4645365168539326 0.5905898876404494 0.465063202247191 0.5997191011235955 0.46172752808988765 0.6123595505617978 0.44978932584269665 0.6224250936329588 0.43662219101123595 0.6123595505617978 0.4332865168539326 0.5987827715355806 0.43486657303370785 0.5884831460674157 0.4390800561797753 0.5805243445692884 0.44259129213483145 0.576310861423221 0.44996488764044945 0.5735018726591761
0 0.4046699438202247 0.4571629213483146 0.4216994382022472 0.4637172284644195 0.42643960674157305 0.47191011235955055 0.4274929775280899 0.48431647940074907 0.4260884831460674 0.49040262172284643 0.4216994382022472 0.4988295880149813 0.41537921348314605 0.5011704119850188 0.4043188202247191 0.49929775280898875 0.3967696629213483 0.48431647940074907 0.39536516853932585 0.46676029962546817 0.39957865168539325 0.4597378277153558 0.4044943820224719 0.4571629213483146
0 0.5024578651685393 0.591058052434457 0.5163272471910112 0.6081460674157303 0.5179073033707865 0.6161048689138576 0.515625 0.6266385767790262 0.49859550561797755 0.6338951310861424 0.49122191011235955 0.6315543071161048 0.4864817415730337 0.62687265917603 0.48332162921348315 0.6182116104868914 0.4824438202247191 0.6051029962546817 0.4903441011235955 0.5952715355805244 0.5022823033707865 0.591058052434457
0 0.5403792134831461 0.45575842696629215 0.5482794943820225 0.460440074906367 0.5517907303370787 0.47331460674157305 0.5481039325842697 0.4892322097378277 0.5405547752808989 0.4934456928838951 0.5331811797752809 0.4922752808988764 0.5279143258426966 0.48829588014981273 0.522998595505618 0.4721441947565543 0.5235252808988764 0.46558988764044945 0.5277387640449438 0.4595037453183521 0.5402036516853933 0.45575842696629215
0 0.480688202247191 0.4639513108614232 0.4885884831460674 0.4693352059925094 0.492626404494382 0.4772940074906367 0.49297752808988765 0.48852996254681647 0.4882373595505618 0.5014044943820225 0.4748946629213483 0.5093632958801498 0.4668188202247191 0.5077247191011236 0.4633075842696629 0.5021067415730337 0.46225421348314605 0.48080524344569286 0.46383426966292135 0.47401685393258425 0.47191011235955055 0.4660580524344569 0.4805126404494382 0.46418539325842695
0 0.41537921348314605 0.7183988764044944 0.4201193820224719 0.7198033707865169 0.4253862359550562 0.7258895131086143 0.4281952247191011 0.7418071161048689 0.42257724719101125 0.7556179775280899 0.4120435393258427 0.7614700374531835 0.4044943820224719 0.7602996254681648 0.4004564606741573 0.7560861423220974 0.39729634831460675 0.7476591760299626 0.3965941011235955 0.7373595505617978 0.3987008426966292 0.7272940074906367 0.40361657303370785 0.7209737827715356 0.41520365168539325 0.7183988764044944
0 0.6529143258426966 0.5737359550561798 0.6683637640449438 0.5770131086142322 0.6778441011235955 0.5884831460674157 0.6788974719101124 0.5994850187265918 0.6762640449438202 0.6090823970037453 0.672752808988764 0.6139981273408239 0.6648525280898876 0.6182116104868914 0.6580056179775281 0.6175093632958801 0.6529143258426966 0.6132958801498127 0.6474719101123596 0.6058052434456929 0.6439606741573034 0.5959737827715356 0.6446629213483146 0.5814606741573034 0.6527387640449438 0.5737359550561798
0 0.4515449438202247 0.674625468164794 0.45646067415730335 0.6748595505617978 0.46348314606741575 0.6832865168539326 0.4669943820224719 0.6921816479400749 0.46734550561797755 0.700374531835206 0.4612008426966292 0.7109082397003745 0.4489115168539326 0.7158239700374532 0.44259129213483145 0.7139513108614233 0.43644662921348315 0.7062265917602997 0.4311797752808989 0.6786048689138576 0.4355688202247191 0.6743913857677902 0.4513693820224719 0.674625468164794
0 0.4845505617977528 0.511938202247191 0.5012289325842697 0.5224719101123596 0.5019311797752809 0.5304307116104869 0.49929775280898875 0.5397940074906367 0.484375 0.5510299625468165 0.4705056179775281 0.5465823970037453 0.4645365168539326 0.5327715355805244 0.46611657303370785 0.5224719101123596 0.46980337078651685 0.5154494382022472 0.484375 0.511938202247191
0 0.6408005617977528 0.3717228464419476 0.6458918539325843 0.37874531835205993 0.6467696629213483 0.3913857677902622 0.644311797752809 0.4002808988764045 0.6374648876404494 0.40613295880149813 0.6253511235955056 0.4044943820224719 0.6190308988764045 0.39396067415730335 0.6183286516853933 0.38436329588014984 0.6206109550561798 0.37663857677902624 0.6265800561797753 0.3719569288389513 0.6336025280898876 0.36961610486891383 0.640625 0.3717228464419476
0 0.5370435393258427 0.374063670411985 0.543188202247191 0.3761704119850187 0.5507373595505618 0.39021535580524347 0.5474016853932584 0.4070692883895131 0.543188202247191 0.41198501872659177 0.5370435393258427 0.4133895131086142 0.5247542134831461 0.40823970037453183 0.5207162921348315 0.39185393258426965 0.5217696629213483 0.38412921348314605 0.5254564606741573 0.3780430711610487 0.5368679775280899 0.374063670411985
0 0.5953300561797753 0.45575842696629215 0.6023525280898876 0.4580992509363296 0.6072682584269663 0.46348314606741575 0.6127106741573034 0.48408239700374533 0.6086727528089888 0.49461610486891383 0.5988412921348315 0.4974250936329588 0.5918188202247191 0.4974250936329588 0.5837429775280899 0.4913389513108614 0.5793539325842697 0.48431647940074907 0.5779494382022472 0.47401685393258425 0.578125 0.46652621722846443 0.5837429775280899 0.45903558052434457 0.5951544943820225 0.45575842696629215
0 0.5995435393258427 0.6631554307116105 0.6106039325842697 0.6647940074906367 0.6151685393258427 0.6715823970037453 0.6199087078651685 0.6860955056179775 0.6192064606741573 0.6999063670411985 0.6156952247191011 0.7069288389513109 0.6095505617977528 0.7111423220973783 0.5977879213483146 0.7078651685393258 0.5916432584269663 0.6999063670411985 0.5874297752808989 0.6891385767790262 0.5874297752808989 0.6713483146067416 0.5916432584269663 0.6650280898876404 0.5993679775280899 0.6631554307116105
0 0.5472261235955056 0.5971441947565543 0.5553019662921348 0.6053370786516854 0.5572331460674157 0.6205524344569289 0.5535463483146067 0.6296816479400749 0.5470505617977528 0.6338951310861424 0.5361657303370787 0.6285112359550562 0.5319522471910112 0.6200842696629213 0.5316011235955056 0.6137640449438202 0.5354634831460674 0.6041666666666666 0.5470505617977528 0.5971441947565543
0 0.4708567415730337 0.5475187265917603 0.48560393258426965 0.5529026217228464 0.49122191011235955 0.5613295880149812 0.4943820224719101 0.5709269662921348 0.4924508426966292 0.5840355805243446 0.48700842696629215 0.5919943820224719 0.4808637640449438 0.5948033707865169 0.47366573033707865 0.5938670411985019 0.4643609550561798 0.5859082397003745 0.45839185393258425 0.574438202247191 0.4594452247191011 0.5608614232209738 0.4706811797752809 0.5475187265917603
0 0.44066011235955055 0.3792134831460674 0.45049157303370785 0.3892790262172285 0.4513693820224719 0.40074906367041196 0.44592696629213485 0.41292134831460675 0.43275983146067415 0.4166666666666667 0.42872191011235955 0.4152621722846442 0.42450842696629215 0.4070692883895131 0.42275280898876405 0.38857677902621723 0.42889747191011235 0.37991573033707865 0.44048455056179775 0.3792134831460674
0 0.41871488764044945 0.5512640449438202 0.42503511235955055 0.5550093632958801 0.42837078651685395 0.5601591760299626 0.43082865168539325 0.5749063670411985 0.425561797752809 0.5919943820224719 0.4215238764044944 0.5985486891385767 0.41502808988764045 0.6025280898876404 0.4044943820224719 0.5971441947565543 0.4008075842696629 0.5709269662921348 0.40712780898876405 0.5559456928838952 0.4116924157303371 0.5522003745318352 0.41853932584269665 0.5512640449438202
0 0.40870786516853935 0.5032771535580525 0.4202949438202247 0.5079588014981273 0.4236306179775281 0.5187265917602997 0.421875 0.5320692883895131 0.40905898876404495 0.5400280898876404 0.3981741573033708 0.5353464419475655 0.3944873595505618 0.5229400749063671 0.39729634831460675 0.5088951310861424 0.4085323033707865 0.5032771535580525
0 0.47366573033707865 0.37897940074906367 0.4824438202247191 0.38974719101123595 0.48349719101123595 0.40168539325842695 0.480688202247191 0.41151685393258425 0.47155898876404495 0.41619850187265917 0.4631320224719101 0.4154962546816479 0.4592696629213483 0.41198501872659177 0.4554073033707865 0.3934925093632959 0.4585674157303371 0.38459737827715357 0.4627808988764045 0.3801498127340824 0.47349016853932585 0.37897940074906367
0 0.6652036516853933 0.36961610486891383 0.6736306179775281 0.37546816479400746 0.676439606741573 0.3895131086142322 0.671875 0.40051498127340823 0.6625702247191011 0.4058988764044944 0.6539676966292135 0.40426029962546817 0.6502808988764045 0.3977059925093633 0.6487008426966292 0.386938202247191 0.6492275280898876 0.3801498127340824 0.6536165730337079 0.37312734082397003 0.6650280898876404 0.36961610486891383
0 0.6402738764044944 0.540496254681648 0.6478230337078652 0.5470505617977528 0.6515098314606742 0.5613295880149812 0.6474719101123596 0.572565543071161 0.6439606741573034 0.5767790262172284 0.6379915730337079 0.5786516853932584 0.6297401685393258 0.576310861423221 0.6206109550561798 0.5676498127340824 0.6163974719101124 0.5568820224719101 0.6192064606741573 0.5472846441947565 0.6228932584269663 0.5426029962546817 0.6264044943820225 0.540496254681648 0.6400983146067416 0.540496254681648
0 0.5711025280898876 0.48478464419475653 0.5819873595505618 0.4897003745318352 0.5904143258426966 0.49859550561797755 0.5914676966292135 0.5117041198501873 0.5884831460674157 0.5236423220973783 0.5814606741573034 0.5262172284644194 0.5675912921348315 0.5250468164794008 0.5637289325842697 0.5234082397003745 0.5609199438202247 0.5182584269662921 0.5602176966292135 0.49204119850187267 0.5640800561797753 0.487125468164794 0.5709269662921348 0.48478464419475653
0 0.43802668539325845 0.7202715355805244 0.4418890449438202 0.7240168539325843 0.43872893258426965 0.7270599250936329 0.4390800561797753 0.7310393258426966 0.4378511235955056 0.7378277153558053 0.43100421348314605 0.7478932584269663 0.43223314606741575 0.7553838951310862 0.43609550561797755 0.7553838951310862 0.441186797752809 0.7537453183520599 0.4471558988764045 0.7570224719101124 0.45259831460674155 0.7584269662921348 0.45646067415730335 0.7579588014981273 0.45997191011235955 0.7560861423220974 0.46822331460674155 0.74812734082397 0.4691011235955056 0.7446161048689138 0.47577247191011235 0.7312734082397003 0.47577247191011235 0.7265917602996255 0.47401685393258425 0.7212078651685393 0.4703300561797753 0.7162921348314607 0.4666432584269663 0.7134831460674157 0.46383426966292135 0.7125468164794008 0.45997191011235955 0.7130149812734082 0.4515449438202247 0.7181647940074907 0.4455758426966292 0.7186329588014981 0.44224016853932585 0.7174625468164794
0 0.557935393258427 0.6062734082397003 0.5577598314606742 0.6093164794007491 0.5591643258426966 0.6196161048689138 0.5681179775280899 0.6313202247191011 0.5689957865168539 0.6345973782771536 0.5686446629213483 0.6404494382022472 0.5693469101123596 0.6427902621722846 0.5714536516853933 0.6444288389513109 0.5751404494382022 0.6439606741573034 0.5775983146067416 0.6425561797752809 0.5786516853932584 0.6395131086142322 0.5786516853932584 0.6329588014981273 0.5807584269662921 0.6299157303370787 0.585498595505618 0.6273408239700374 0.5893609550561798 0.6203183520599251 0.5905898876404494 0.6161048689138576 0.5905898876404494 0.6088483146067416 0.5898876404494382 0.6046348314606742 0.5867275280898876 0.5952715355805244 0.5849719101123596 0.5870786516853933 0.5814606741573034 0.5828651685393258 0.5746137640449438 0.5823970037453183 0.5733848314606742 0.5830992509363296 0.5691713483146067 0.5868445692883895 0.5654845505617978 0.5922284644194756 0.5621488764044944 0.5948033707865169 0.5600421348314607 0.5985486891385767
1 0.4102299859550562 0.4385135767790262 0.038623595505617975 0.04525514981273408
1 0.44387816011235953 0.4431952247191011 0.03569698033707865 0.04681647940074907
1 0.4716766151685393 0.44241573033707865 0.03160112359550562 0.04681647940074907
1 0.5000579353932584 0.43695458801498127 0.041550210674157304 0.04369616104868913
1 0.5301966292134831 0.43617275280898876 0.0444750702247191 0.04525514981273408
1 0.5577018960674157 0.43890449438202245 0.02574964887640449 0.05695926966292135
1 0.5933988764044944 0.4342228464419476 0.04096383426966292 0.04135533707865168
1 0.5626755617977528 0.476748595505618 0.03686797752808989 0.04057350187265918
1 0.6606969803370787 0.4779190074906367 0.0351123595505618 0.03823267790262173
1 0.6650860252808989 0.5200538389513109 0.047401685393258425 0.04291432584269663
1 0.6647945926966292 0.5578955992509363 0.038623595505617975 0.035891853932584275
1 0.5974947331460674 0.5157607677902621 0.036283356741573035 0.03745318352059925
1 0.5960323033707865 0.5586774344569289 0.04389044943820225 0.03901451310861423
1 0.5357566713483146 0.5629681647940075 0.031016502808988763 0.04135533707865168
1 0.5035691713483146 0.5668703183520599 0.02165203651685393 0.039794007490636704
1 0.5372191011235955 0.5169311797752809 0.033941362359550566 0.03667368913857678
1 0.504155547752809 0.522003745318352 0.03686797752808989 0.03901451310861423
1 0.446220154494382 0.5212242509363296 0.029845505617977528 0.034332865168539325
1 0.44709796348314607 0.5625772471910112 0.033941362359550566 0.035891853932584275
1 0.409936797752809 0.6054939138576779 0.039208216292134834 0.034332865168539325
1 0.4116924157303371 0.6452879213483146 0.042719452247191016 0.04525514981273408
1 0.4468047752808989 0.6437265917602997 0.02750526685393258 0.04057350187265918
1 0.47577247191011235 0.6035416666666666 0.030430126404494384 0.04759597378277154
1 0.6007145365168539 0.599250936329588 0.03218574438202247 0.035891853932584275
1 0.6279266151685393 0.5933988764044944 0.033941362359550566 0.052277621722846446
1 0.5998367275280899 0.6413857677902621 0.030430126404494384 0.04681647940074907
1 0.5656021769662921 0.6421652621722846 0.03452773876404494 0.042134831460674156
1 0.5380969101123596 0.6445060861423221 0.031016502808988763 0.03745318352059925
1 0.508251404494382 0.6448970037453183 0.026334269662921347 0.04135533707865168
1 0.47401685393258425 0.6452879213483146 0.033941362359550566 0.04681647940074907
1 0.47723490168539323 0.6866409176029963 0.03569698033707865 0.042134831460674156
1 0.4781127106741573 0.7322869850187266 0.03160112359550562 0.04291432584269663
1 0.508251404494382 0.7342392322097379 0.031016502808988763 0.0546184456928839
1 0.505033356741573 0.6858614232209738 0.03277212078651685 0.03901451310861423
1 0.5366344803370786 0.6866409176029963 0.03160112359550562 0.042134831460674156
1 0.569404845505618 0.68625234082397 0.03745259831460675 0.04603698501872659
1 0.6343627106741573 0.6815706928838952 0.03277212078651685 0.039794007490636704
1 0.6659638342696629 0.678059456928839 0.04330582865168539 0.04525514981273408
1 0.6671348314606742 0.723314606741573 0.03979459269662921 0.05305945692883895
1 0.6305600421348315 0.7307279962546817 0.03569698033707865 0.05383895131086142
1 0.6042257724719101 0.7240941011235955 0.026334269662921347 0.0546184456928839
2 0.3868211025280899 0.3714108146067416 0.6823502457865168 0.3604868913857678 0.6899578651685393 0.7638888108614232 0.38974719101123595 0.7701310861423221