0 0.4610252808988764 0.3068820224719101 0.46787219101123595 0.31109550561797755 0.472436797752809 0.32514044943820225 0.4706811797752809 0.335440074906367 0.46383426966292135 0.34363295880149813 0.4527738764044944 0.33941947565543074 0.4468047752808989 0.32818352059925093 0.4473314606741573 0.3176498127340824 0.45066713483146065 0.31062734082397003 0.4552317415730337 0.30711610486891383 0.4608497191011236 0.3068820224719101
0 0.6114817415730337 0.4562265917602996 0.6185042134831461 0.45880149812734083 0.6246488764044944 0.4700374531835206 0.6216643258426966 0.48408239700374533 0.6128862359550562 0.49063670411985016 0.6012991573033708 0.4887640449438202 0.597436797752809 0.4836142322097378 0.5958567415730337 0.4747191011235955 0.5990168539325843 0.46207865168539325 0.6042837078651685 0.45739700374531833 0.6113061797752809 0.4562265917602996
0 0.39009831460674155 0.6544943820224719 0.3981741573033708 0.6598782771535581 0.4039676966292135 0.6821161048689138 0.40150983146067415 0.6891385767790262 0.3944873595505618 0.6912453183520599 0.3792134831460674 0.6865636704119851 0.375 0.6781367041198502 0.378686797752809 0.6598782771535581 0.38360252808988765 0.6556647940074907 0.38992275280898875 0.6544943820224719
0 0.39747191011235955 0.4405430711610487 0.4080056179775281 0.4438202247191011 0.4123946629213483 0.4477996254681648 0.41502808988764045 0.4606741573033708 0.4123946629213483 0.47401685393258425 0.40150983146067415 0.4789325842696629 0.39396067415730335 0.4779962546816479 0.39009831460674155 0.47401685393258425 0.38746488764044945 0.46441947565543074 0.3888693820224719 0.45131086142322097 0.39729634831460675 0.4407771535580524
0 0.585498595505618 0.3211610486891386 0.5919943820224719 0.323501872659176 0.5955056179775281 0.32771535580524347 0.5986657303370787 0.34129213483146065 0.5956811797752809 0.3532303370786517 0.5919943820224719 0.35908239700374533 0.5865519662921348 0.362125468164794 0.5742626404494382 0.35908239700374533 0.5709269662921348 0.3548689138576779 0.5689957865168539 0.34527153558052437 0.569873595505618 0.3347378277153558 0.5730337078651685 0.3279494382022472 0.578125 0.3232677902621723 0.5853230337078652 0.3211610486891386
0 0.5819873595505618 0.41034644194756553 0.5918188202247191 0.41760299625468167 0.5926966292134831 0.4234550561797753 0.5895365168539326 0.4396067415730337 0.5844452247191011 0.4440543071161049 0.5712780898876404 0.43984082397003743 0.5682935393258427 0.43562734082397003 0.567064606741573 0.42368913857677903 0.5711025280898876 0.413623595505618 0.581811797752809 0.41034644194756553
0 0.5549508426966292 0.31999063670411987 0.5647823033707865 0.3279494382022472 0.5665379213483146 0.3419943820224719 0.5614466292134831 0.3529962546816479 0.5544241573033708 0.35510299625468167 0.5496839887640449 0.3541666666666667 0.5426615168539326 0.3476123595505618 0.5407303370786517 0.3347378277153558 0.5465238764044944 0.32303370786516855 0.5547752808988764 0.31999063670411987
0 0.5814606741573034 0.6109550561797753 0.5895365168539326 0.6135299625468165 0.5935744382022472 0.6177434456928839 0.5949789325842697 0.62687265917603 0.5925210674157303 0.6392790262172284 0.581811797752809 0.6460674157303371 0.5747893258426966 0.6458333333333334 0.5709269662921348 0.641619850187266 0.5686446629213483 0.6303838951310862 0.5700491573033708 0.6191479400749064 0.5728581460674157 0.6144662921348315 0.5812851123595506 0.611189138576779
0 0.5470505617977528 0.6575374531835206 0.5572331460674157 0.6603464419475655 0.5626755617977528 0.6704119850187266 0.5612710674157303 0.6889044943820225 0.5577598314606742 0.6931179775280899 0.5503862359550562 0.6954588014981273 0.5421348314606742 0.6926498127340824 0.5373946629213483 0.6811797752808989 0.5391502808988764 0.6640917602996255 0.5433637640449438 0.6582397003745318 0.546875 0.6575374531835206
0 0.5282654494382022 0.602996254681648 0.5359901685393258 0.6125936329588015 0.5366924157303371 0.6238295880149812 0.532127808988764 0.6345973782771536 0.5226474719101124 0.6399812734082397 0.5154494382022472 0.638810861423221 0.5114115168539326 0.6343632958801498 0.5077247191011236 0.6252340823970037 0.507373595505618 0.6158707865168539 0.5087780898876404 0.6109550561797753 0.5182584269662921 0.6018258426966292 0.5258075842696629 0.5994850187265918 0.5280898876404494 0.602996254681648
0 0.36622191011235955 0.3103932584269663 0.3732443820224719 0.3169475655430712 0.3751755617977528 0.32771535580524347 0.3707865168539326 0.3403558052434457 0.3634129213483146 0.3450374531835206 0.3537570224719101 0.3389513108614232 0.35059691011235955 0.32397003745318353 0.355688202247191 0.31320224719101125 0.36604634831460675 0.3103932584269663
0 0.48297050561797755 0.6505149812734082 0.4956109550561798 0.6561329588014981 0.4996488764044944 0.6647940074906367 0.5003511235955056 0.6734550561797753 0.4984199438202247 0.6816479400749064 0.49122191011235955 0.68937265917603 0.4805126404494382 0.6877340823970037 0.4766502808988764 0.6849250936329588 0.4745435393258427 0.6793071161048689 0.4731390449438202 0.6580056179775281 0.47963483146067415 0.6509831460674157 0.4827949438202247 0.6505149812734082
0 0.3981741573033708 0.31296816479400746 0.40537219101123595 0.3176498127340824 0.40905898876404495 0.3279494382022472 0.40765449438202245 0.3387172284644195 0.3983497191011236 0.34597378277153557 0.3871137640449438 0.3429307116104869 0.383251404494382 0.33848314606741575 0.38184691011235955 0.33169475655430714 0.3825491573033708 0.3213951310861423 0.38588483146067415 0.31624531835205993 0.397998595505618 0.31296816479400746
0 0.5856741573033708 0.6479400749063671 0.5898876404494382 0.6491104868913857 0.5930477528089888 0.6533239700374532 0.5960323033707865 0.6676029962546817 0.5919943820224719 0.6809456928838952 0.5816362359550562 0.6870318352059925 0.5695224719101124 0.6760299625468165 0.5667134831460674 0.6690074906367042 0.567064606741573 0.6577715355805244 0.5742626404494382 0.6491104868913857 0.585498595505618 0.6479400749063671
0 0.6218398876404494 0.6210205992509363 0.6299157303370787 0.6292134831460674 0.6311446629213483 0.6439606741573034 0.6271067415730337 0.6521535580524345 0.621313202247191 0.6561329588014981 0.6090238764044944 0.6519194756554307 0.6053370786516854 0.6474719101123596 0.6032303370786517 0.639747191011236 0.604810393258427 0.6324906367041199 0.6107794943820225 0.6245318352059925 0.6163974719101124 0.6207865168539326 0.6216643258426966 0.6210205992509363
0 0.4612008426966292 0.30641385767790263 0.46822331460674155 0.31109550561797755 0.4726123595505618 0.324438202247191 0.47191011235955055 0.34176029962546817 0.4669943820224719 0.3487827715355805 0.46348314606741575 0.350187265917603 0.45610955056179775 0.3487827715355805 0.44610252808988765 0.3424625468164794 0.4390800561797753 0.3321629213483146 0.43697331460674155 0.324438202247191 0.4376755617977528 0.3169475655430712 0.44259129213483145 0.3103932584269663 0.453125 0.3061797752808989 0.4610252808988764 0.30641385767790263
0 0.5565308988764045 0.6125936329588015 0.5644311797752809 0.6196161048689138 0.5668890449438202 0.6296816479400749 0.5651334269662921 0.6437265917602997 0.5572331460674157 0.6512172284644194 0.5454705056179775 0.6481741573033708 0.5391502808988764 0.6322565543071161 0.543188202247191 0.6142322097378277 0.5563553370786517 0.6125936329588015
0 0.5245786516853933 0.6575374531835206 0.5314255617977528 0.6638576779026217 0.5340589887640449 0.6715823970037453 0.5340589887640449 0.6795411985018727 0.53125 0.6882022471910112 0.522998595505618 0.6942883895131086 0.5154494382022472 0.6933520599250936 0.511060393258427 0.68937265917603 0.5077247191011236 0.6821161048689138 0.5071980337078652 0.6725187265917603 0.5105337078651685 0.6624531835205992 0.514747191011236 0.6575374531835206 0.5244030898876404 0.6575374531835206
0 0.6185042134831461 0.3661048689138577 0.6265800561797753 0.374063670411985 0.6285112359550562 0.38436329588014984 0.6255266853932584 0.39396067415730335 0.6162219101123596 0.4014513108614232 0.609375 0.40004681647940077 0.6041081460674157 0.39536516853932585 0.6016502808988764 0.38974719101123595 0.6014747191011236 0.37663857677902624 0.6072682584269663 0.36891385767790263 0.6183286516853933 0.3661048689138577
0 0.35884831460674155 0.6509831460674157 0.3711376404494382 0.6580056179775281 0.37166432584269665 0.6729868913857678 0.3674508426966292 0.6851591760299626 0.35849719101123595 0.6910112359550562 0.3476123595505618 0.6875 0.3441011235955056 0.6790730337078652 0.3435744382022472 0.6683052434456929 0.34901685393258425 0.6566011235955056 0.35867275280898875 0.6509831460674157
0 0.3711376404494382 0.5175561797752809 0.3804424157303371 0.5255149812734082 0.38342696629213485 0.5353464419475655 0.3811446629213483 0.548689138576779 0.3730688202247191 0.5578183520599251 0.3591994382022472 0.5552434456928839 0.3539325842696629 0.5498595505617978 0.352001404494382 0.5414325842696629 0.3558637640449438 0.5231741573033708 0.359375 0.5229400749063671 0.36622191011235955 0.5170880149812734 0.3709620786516854 0.5175561797752809
0 0.4239817415730337 0.5987827715355806 0.42907303370786515 0.601123595505618 0.43609550561797755 0.6090823970037453 0.4392556179775281 0.6198501872659176 0.4355688202247191 0.6235955056179775 0.4334620786516854 0.6329588014981273 0.42292837078651685 0.6383426966292135 0.4102879213483146 0.6308520599250936 0.4081811797752809 0.6266385767790262 0.40765449438202245 0.6161048689138576 0.4125702247191011 0.6046348314606742 0.41853932584269665 0.599250936329588 0.4238061797752809 0.5987827715355806
0 0.42310393258426965 0.6448970037453183 0.4299508426966292 0.6502808988764045 0.43258426966292135 0.6573033707865169 0.43293539325842695 0.6661985018726592 0.42872191011235955 0.6757958801498127 0.421875 0.6811797752808989 0.4164325842696629 0.6800093632958801 0.409936797752809 0.6734550561797753 0.40712780898876405 0.6678370786516854 0.40677668539325845 0.660814606741573 0.41116573033707865 0.6474719101123596 0.42292837078651685 0.6448970037453183
0 0.45365168539325845 0.3565074906367041 0.4668188202247191 0.362125468164794 0.46875 0.3707865168539326 0.4691011235955056 0.37687265917602997 0.4666432584269663 0.3838951310861423 0.4566362359550562 0.3916198501872659 0.4475070224719101 0.3881086142322097 0.4431179775280899 0.37663857677902624 0.4454002808988764 0.362125468164794 0.4534761235955056 0.3565074906367041
0 0.40361657303370785 0.525749063670412 0.4116924157303371 0.5292602996254682 0.4083567415730337 0.5327715355805244 0.41292134831460675 0.5379213483146067 0.4137991573033708 0.5435393258426966 0.4120435393258427 0.5575842696629213 0.40502106741573035 0.5653089887640449 0.3923806179775281 0.5615636704119851 0.38553370786516855 0.5540730337078652 0.38395365168539325 0.5468164794007491 0.3871137640449438 0.5327715355805244 0.39764747191011235 0.5259831460674157 0.40344101123595505 0.525749063670412
0 0.5270365168539326 0.31390449438202245 0.5363412921348315 0.32256554307116103 0.5384480337078652 0.33497191011235955 0.5326544943820225 0.34176029962546817 0.5307233146067416 0.34784644194756553 0.5226474719101124 0.3506554307116105 0.5121137640449438 0.34527153558052437 0.5087780898876404 0.3321629213483146 0.5149227528089888 0.3169475655430712 0.5268609550561798 0.31390449438202245
0 0.49315308988764045 0.35908239700374533 0.49912219101123595 0.3618913857677903 0.5038623595505618 0.37312734082397003 0.5019311797752809 0.386938202247191 0.49490870786516855 0.39232209737827717 0.4885884831460674 0.3916198501872659 0.48297050561797755 0.38764044943820225 0.47928370786516855 0.3771067415730337 0.4799859550561798 0.36961610486891383 0.4827949438202247 0.3647003745318352 0.4866573033707865 0.36025280898876405 0.49297752808988765 0.35908239700374533
0 0.42679073033707865 0.3522940074906367 0.43662219101123595 0.35931647940074907 0.43820224719101125 0.36961610486891383 0.43644662921348315 0.3775749063670412 0.43240870786516855 0.38319288389513106 0.42257724719101125 0.38647003745318353 0.4141502808988764 0.37991573033707865 0.4123946629213483 0.3663389513108614 0.41713483146067415 0.35510299625468167 0.42661516853932585 0.3522940074906367
0 0.39536516853932585 0.3529962546816479 0.4046699438202247 0.3586142322097378 0.40677668539325845 0.3717228464419476 0.40168539325842695 0.38342696629213485 0.39185393258426965 0.38647003745318353 0.386938202247191 0.3857677902621723 0.3827247191011236 0.38108614232209737 0.37974016853932585 0.37359550561797755 0.37974016853932585 0.363998127340824 0.3846558988764045 0.3553370786516854 0.39518960674157305 0.3529962546816479
0 0.3635884831460674 0.5587546816479401 0.3730688202247191 0.5610955056179775 0.38009129213483145 0.5676498127340824 0.3804424157303371 0.5781835205992509 0.37763342696629215 0.5919943820224719 0.37008426966292135 0.600187265917603 0.3555126404494382 0.5919943820224719 0.35024578651685395 0.5809925093632958 0.3497191011235955 0.5709269662921348 0.35235252808988765 0.5636704119850188 0.3558637640449438 0.5594569288389513 0.3634129213483146 0.5587546816479401
0 0.3985252808988764 0.5688202247191011 0.40958567415730335 0.5746722846441947 0.4104634831460674 0.5884831460674157 0.409936797752809 0.5955056179775281 0.39764747191011235 0.6046348314606742 0.38570926966292135 0.6018258426966292 0.382373595505618 0.5922284644194756 0.38219803370786515 0.5838014981273408 0.3867626404494382 0.5690543071161048 0.3983497191011236 0.5688202247191011
0 0.6162219101123596 0.324438202247191 0.6246488764044944 0.33146067415730335 0.6262289325842697 0.3424625468164794 0.6218398876404494 0.3539325842696629 0.6149929775280899 0.35814606741573035 0.6083216292134831 0.35674157303370785 0.6002457865168539 0.3450374531835206 0.6009480337078652 0.33497191011235955 0.6051615168539326 0.3279494382022472 0.6160463483146067 0.324438202247191
0 0.3672752808988764 0.351123595505618 0.37412219101123595 0.35884831460674155 0.3753511235955056 0.3703183520599251 0.3727176966292135 0.3801498127340824 0.3648174157303371 0.3852996254681648 0.35445926966292135 0.3813202247191011 0.35094803370786515 0.37640449438202245 0.34884129213483145 0.3661048689138577 0.352001404494382 0.35557116104868913 0.3551615168539326 0.3522940074906367 0.3670997191011236 0.351123595505618
0 0.40484550561797755 0.3960674157303371 0.41292134831460675 0.39957865168539325 0.4195926966292135 0.41502808988764045 0.4120435393258427 0.4302434456928839 0.4046699438202247 0.4332865168539326 0.39185393258426965 0.4286048689138577 0.3890449438202247 0.4157303370786517 0.38957162921348315 0.40777153558052437 0.39360955056179775 0.40051498127340823 0.4046699438202247 0.3960674157303371
0 0.36446629213483145 0.6074438202247191 0.37201544943820225 0.6095505617977528 0.3753511235955056 0.614934456928839 0.37587780898876405 0.6205524344569289 0.37377106741573035 0.6371722846441947 0.3628862359550562 0.6448970037453183 0.35849719101123595 0.6446629213483146 0.35217696629213485 0.638810861423221 0.3497191011235955 0.6196161048689138 0.35445926966292135 0.6107209737827716 0.36429073033707865 0.6074438202247191
0 0.6178019662921348 0.5355805243445693 0.6272823033707865 0.5433052434456929 0.628686797752809 0.5536048689138576 0.6260533707865169 0.5636704119850188 0.6162219101123596 0.5720973782771536 0.6125351123595506 0.5718632958801498 0.6037570224719101 0.5650749063670412 0.6004213483146067 0.5575842696629213 0.6002457865168539 0.5500936329588015 0.6012991573033708 0.5433052434456929 0.6044592696629213 0.5395599250936329 0.6127106741573034 0.5353464419475655 0.617626404494382 0.5355805243445693
0 0.49490870786516855 0.31296816479400746 0.5026334269662921 0.3181179775280899 0.5066713483146067 0.33075842696629215 0.5031601123595506 0.3424625468164794 0.4980688202247191 0.3485486891385768 0.484375 0.34480337078651685 0.48156601123595505 0.3377808988764045 0.48121488764044945 0.32771535580524347 0.48384831460674155 0.31788389513108617 0.4882373595505618 0.31413857677902624 0.49473314606741575 0.31296816479400746
0 0.6162219101123596 0.5751404494382022 0.624122191011236 0.5788857677902621 0.6300912921348315 0.5880149812734082 0.6302668539325843 0.5994850187265918 0.6274578651685393 0.6065074906367042 0.6232443820224719 0.611189138576779 0.6158707865168539 0.6123595505617978 0.6090238764044944 0.6093164794007491 0.6028792134831461 0.6018258426966292 0.6012991573033708 0.5950374531835206 0.6042837078651685 0.5830992509363296 0.6083216292134831 0.5784176029962547 0.6160463483146067 0.575374531835206
0 0.49157303370786515 0.613061797752809 0.4982443820224719 0.6144662921348315 0.5028089887640449 0.6217228464419475 0.504564606741573 0.6301498127340824 0.5017556179775281 0.6448970037453183 0.4920997191011236 0.6502808988764045 0.48297050561797755 0.6465355805243446 0.4784058988764045 0.6352996254681648 0.480688202247191 0.6196161048689138 0.49139747191011235 0.613061797752809
0 0.46400983146067415 0.608380149812734 0.4705056179775281 0.6177434456928839 0.47138342696629215 0.6336610486891385 0.4683988764044944 0.6420880149812734 0.4585674157303371 0.6427902621722846 0.45014044943820225 0.6406835205992509 0.44610252808988765 0.6360018726591761 0.44592696629213485 0.6196161048689138 0.4527738764044944 0.6086142322097379 0.46383426966292135 0.608380149812734
0 0.37359550561797755 0.4803370786516854 0.3804424157303371 0.4857209737827715 0.3844803370786517 0.4978932584269663 0.3807935393258427 0.5107677902621723 0.3765800561797753 0.516619850187266 0.35884831460674155 0.511938202247191 0.352001404494382 0.5051498127340824 0.3555126404494382 0.4901685393258427 0.3591994382022472 0.4845505617977528 0.36604634831460675 0.48010299625468167 0.3734199438202247 0.4803370786516854
0 0.5816362359550562 0.3642322097378277 0.5886587078651685 0.3677434456928839 0.5926966292134831 0.37336142322097376 0.5942766853932584 0.3822565543071161 0.5919943820224719 0.3946629213483146 0.5849719101123596 0.39747191011235955 0.5732092696629213 0.3958333333333333 0.5682935393258427 0.39068352059925093 0.5681179775280899 0.37640449438202245 0.5702247191011236 0.36961610486891383 0.5814606741573034 0.3642322097378277
0 0.4297752808988764 0.3160112359550562 0.4357443820224719 0.3202247191011236 0.43995786516853935 0.33824906367041196 0.43679775280898875 0.3455056179775281 0.42907303370786515 0.34925093632958804 0.4216994382022472 0.34691011235955055 0.4174859550561798 0.34222846441947563 0.4143258426966292 0.3291198501872659 0.4216994382022472 0.3169475655430712 0.4295997191011236 0.3160112359550562
0 0.40361657303370785 0.4836142322097378 0.41116573033707865 0.4911048689138577 0.4118679775280899 0.5030430711610487 0.40941011235955055 0.511938202247191 0.40098314606741575 0.5191947565543071 0.39150280898876405 0.5168539325842697 0.386938202247191 0.5121722846441947 0.38588483146067415 0.49812734082397003 0.390625 0.4875936329588015 0.39747191011235955 0.4833801498127341 0.40344101123595505 0.4836142322097378
0 0.6060393258426966 0.4948501872659176 0.6207865168539326 0.49719101123595505 0.6253511235955056 0.5051498127340824 0.6235955056179775 0.5229400749063671 0.6197331460674157 0.528558052434457 0.6144662921348315 0.5311329588014981 0.6023525280898876 0.5294943820224719 0.5998946629213483 0.5210674157303371 0.5984901685393258 0.5014044943820225 0.6058637640449438 0.4948501872659176
0 0.613939606741573 0.4112827715355805 0.6207865168539326 0.4143258426966292 0.6253511235955056 0.42532771535580527 0.6242977528089888 0.4353932584269663 0.6163974719101124 0.44569288389513106 0.6055126404494382 0.44499063670411987 0.5990168539325843 0.43258426966292135 0.6012991573033708 0.4143258426966292 0.6058637640449438 0.41151685393258425 0.6137640449438202 0.4112827715355805
0 0.6144662921348315 0.6563670411985019 0.6237710674157303 0.6582397003745318 0.6302668539325843 0.6685393258426966 0.6300912921348315 0.6891385767790262 0.625877808988764 0.6961610486891385 0.6207865168539326 0.6982677902621723 0.6091994382022472 0.6959269662921348 0.601123595505618 0.6825842696629213 0.6023525280898876 0.6645599250936329 0.6088483146067416 0.6575374531835206 0.6142907303370787 0.6563670411985019
0 0.581811797752809 0.40870786516853935 0.5930477528089888 0.4157303370786517 0.5941011235955056 0.43562734082397003 0.5904143258426966 0.4461610486891386 0.5718047752808989 0.4545880149812734 0.5637289325842697 0.45107677902621723 0.5602176966292135 0.44662921348314605 0.5591643258426966 0.43586142322097376 0.5656601123595506 0.41853932584269665 0.5704002808988764 0.41175093632958804 0.5816362359550562 0.40870786516853935
0 0.5194873595505618 0.3625936329588015 0.526685393258427 0.36540262172284643 0.5314255617977528 0.3728932584269663 0.5296699438202247 0.3892790262172285 0.5261587078651685 0.39489700374531833 0.5198384831460674 0.397940074906367 0.5079002808988764 0.39489700374531833 0.5061446629213483 0.3780430711610487 0.5096558988764045 0.36587078651685395 0.519311797752809 0.3625936329588015
0 0.3746488764044944 0.39630149812734083 0.3827247191011236 0.40426029962546817 0.38377808988764045 0.4154962546816479 0.3811446629213483 0.42602996254681647 0.37377106741573035 0.4309456928838951 0.359375 0.4288389513108614 0.355688202247191 0.42181647940074907 0.3553370786516854 0.4101123595505618 0.3611306179775281 0.39840823970037453 0.3690308988764045 0.39489700374531833 0.37447331460674155 0.39630149812734083
0 0.5512640449438202 0.36563670411985016 0.5600421348314607 0.37312734082397003 0.5619733146067416 0.3904494382022472 0.5572331460674157 0.4012172284644195 0.546875 0.40613295880149813 0.5379213483146067 0.39840823970037453 0.5352879213483146 0.39021535580524347 0.5352879213483146 0.3792134831460674 0.5363412921348315 0.37336142322097376 0.5419592696629213 0.3661048689138577 0.5510884831460674 0.36563670411985016
0 0.45014044943820225 0.6453651685393258 0.46225421348314605 0.650749063670412 0.4652387640449438 0.6544943820224719 0.4664676966292135 0.6638576779026217 0.46155196629213485 0.6804775280898876 0.4515449438202247 0.6865636704119851 0.44241573033707865 0.6828183520599251 0.43679775280898875 0.6687734082397003 0.43820224719101125 0.6474719101123596 0.44996488764044945 0.6453651685393258
0 0.39308286516853935 0.6086142322097379 0.40133426966292135 0.6128277153558053 0.40484550561797755 0.6224250936329588 0.40554775280898875 0.6329588014981273 0.4004564606741573 0.6441947565543071 0.390625 0.6491104868913857 0.38342696629213485 0.6474719101123596 0.3785112359550562 0.6432584269662921 0.37587780898876405 0.6371722846441947 0.3753511235955056 0.6266385767790262 0.37956460674157305 0.6142322097378277 0.3867626404494382 0.6088483146067416 0.3929073033707865 0.6086142322097379
0 0.3648174157303371 0.43679775280898875 0.3746488764044944 0.4419475655430712 0.37745786516853935 0.4461610486891386 0.37816011235955055 0.45271535580524347 0.37640449438202245 0.46324906367041196 0.36587078651685395 0.4714419475655431 0.35445926966292135 0.4674625468164794 0.3516502808988764 0.46324906367041196 0.3498946629213483 0.45318352059925093 0.35252808988764045 0.4417134831460674 0.35849719101123595 0.43726591760299627 0.36464185393258425 0.43679775280898875
2 0.6378744733146068 0.3113295880149813 0.34880793539325844 0.30571535580524345 0.3417489466292135 0.6949808052434457 0.6333620084269663 0.7013967696629214
1 0.4329845505617978 0.4210182584269663 0.02444171348314607 0.03367041198501873
1 0.4639536516853932 0.4224274344569288 0.023177668539325843 0.03024812734082397
1 0.4918539325842696 0.4233426966292135 0.022800210674157304 0.03207631086142322
1 0.5193855337078652 0.42397940074906365 0.020512640449438204 0.03179307116104869
1 0.5505811095505618 0.4247916666666667 0.023214536516853932 0.030297284644194757
1 0.5806934691011236 0.46856039325842697 0.02140625 0.028883426966292133
1 0.5796471207865168 0.5035112359550562 0.02165554775280899 0.03636001872659176
1 0.5798367275280899 0.544124531835206 0.02086376404494382 0.03331694756554308
1 0.5791151685393259 0.5840917602996254 0.020589887640449438 0.028984082397003744
1 0.548251404494382 0.5834012172284644 0.020893609550561798 0.030720973782771537
1 0.5482145365168539 0.5446348314606742 0.021990870786516854 0.029655898876404494
1 0.5492731741573034 0.5049438202247191 0.01825491573033708 0.03298455056179775
1 0.5490133426966292 0.465875468164794 0.022419241573033707 0.03131554307116105
1 0.5194206460674157 0.46375234082397004 0.01941186797752809 0.03330992509363296
1 0.5183233848314607 0.5043352059925094 0.020728581460674154 0.030205992509363296
1 0.5179810393258427 0.5432748127340824 0.022385884831460676 0.03161750936329588
1 0.5186780196629214 0.5835416666666666 0.021439606741573036 0.03256320224719102
1 0.4897998595505618 0.5817368913857678 0.024541783707865167 0.028951310861423222
1 0.46136060393258427 0.5832724719101123 0.02150456460674157 0.02734316479400749
1 0.43074087078651685 0.5803487827715356 0.02346558988764045 0.029300093632958803
1 0.4311183286516854 0.5400163857677902 0.021882022471910113 0.029784644194756554
1 0.4318012640449438 0.5018679775280899 0.023247893258426962 0.02995318352059925
1 0.4333286516853932 0.46080992509363294 0.02278792134831461 0.032106741573033705
1 0.4640414325842696 0.46368211610486887 0.021014747191011235 0.02849016853932584
1 0.46382549157303365 0.5034784644194756 0.020582865168539324 0.03005383895131086
1 0.46298103932584267 0.5415706928838951 0.021234199438202248 0.029772940074906367
1 0.4907759831460674 0.5422893258426966 0.02181179775280899 0.031207865168539323
1 0.4927738764044944 0.5033684456928839 0.024638342696629213 0.02983380149812734
1 0.49225596910112357 0.4638810861423221 0.02360252808988764 0.032006086142322095