1 0.36792485955056176 0.32754213483146066 0.02423806179775281 0.04178838951310861
1 0.40607794943820225 0.37445926966292137 0.025639044943820223 0.032628745318352054
1 0.4349139747191011 0.4987757490636704 0.023618328651685394 0.036254681647940074
1 0.46348139044943815 0.5393047752808988 0.02574438202247191 0.03148174157303371
1 0.46217696629213484 0.6199719101123595 0.024306530898876404 0.03676029962546816
1 0.5834831460674157 0.5854494382022472 0.02698384831460674 0.033256086142322096
1 0.5539255617977528 0.5040917602996254 0.022880969101123597 0.03284176029962547
1 0.5525737359550562 0.4638670411985019 0.02251755617977528 0.030419007490636703
2 0.644311797752809 0.3097689606741573 0.35180933988764046 0.2985067883895131 0.34259234550561796 0.6905339419475655 0.6372092696629214 0.7028019662921348
0 0.3539325842696629 0.3583801498127341 0.3539325842696629 0.36750936329588013 0.3549859550561798 0.3728932584269663 0.3577949438202247 0.37874531835205993 0.3616573033707865 0.38249063670411987 0.3653441011235955 0.38436329588014984 0.3753511235955056 0.386938202247191 0.3811446629213483 0.386001872659176 0.3851825842696629 0.38295880149812733 0.38764044943820225 0.37429775280898875 0.386938202247191 0.3625936329588015 0.38202247191011235 0.35463483146067415 0.3769311797752809 0.351123595505618 0.37394662921348315 0.34573970037453183 0.3655196629213483 0.3443352059925094 0.359375 0.3466760299625468 0.3558637640449438 0.3522940074906367
0 0.3539325842696629 0.398876404494382 0.3535814606741573 0.4056647940074906 0.35463483146067415 0.41151685393258425 0.35832162921348315 0.4190074906367041 0.3613061797752809 0.42181647940074907 0.37377106741573035 0.42392322097378277 0.3765800561797753 0.4229868913857678 0.37816011235955055 0.4204119850187266 0.38202247191011235 0.41853932584269665 0.3809691011235955 0.4157303370786517 0.383251404494382 0.412687265917603 0.3848314606741573 0.40777153558052437 0.3827247191011236 0.4054307116104869 0.3807935393258427 0.39489700374531833 0.378686797752809 0.39232209737827717 0.366748595505618 0.38647003745318353 0.3637640449438202 0.38670411985018727 0.3590238764044944 0.38974719101123595 0.3555126404494382 0.3946629213483146
0 0.3534058988764045 0.43984082397003743 0.3534058988764045 0.4461610486891386 0.3549859550561798 0.4520131086142322 0.3576193820224719 0.45646067415730335 0.3614817415730337 0.4597378277153558 0.36271067415730335 0.46207865168539325 0.36604634831460675 0.46090823970037453 0.3734199438202247 0.46090823970037453 0.3767556179775281 0.45997191011235955 0.38167134831460675 0.44686329588014984 0.3813202247191011 0.4363295880149813 0.3792134831460674 0.43164794007490637 0.3767556179775281 0.42907303370786515 0.3690308988764045 0.4250936329588015 0.36271067415730335 0.4241573033707865 0.35849719101123595 0.4262640449438202 0.35621488764044945 0.42907303370786515
0 0.35235252808988765 0.48782771535580527 0.3514747191011236 0.50187265917603 0.3535814606741573 0.5056179775280899 0.36007724719101125 0.5098314606741573 0.3692064606741573 0.5088951310861424 0.3727176966292135 0.5067883895131086 0.3769311797752809 0.5056179775280899 0.37974016853932585 0.5014044943820225 0.38342696629213485 0.4911048689138577 0.38395365168539325 0.4772940074906367 0.3813202247191011 0.47191011235955055 0.37798455056179775 0.46863295880149813 0.36797752808988765 0.4658239700374532 0.36271067415730335 0.46558988764044945 0.35867275280898875 0.4693352059925094 0.3555126404494382 0.4737827715355805
0 0.38535814606741575 0.48384831460674155 0.38553370786516855 0.49836142322097376 0.386938202247191 0.5023408239700374 0.3902738764044944 0.5070224719101124 0.39378511235955055 0.5088951310861424 0.4001053370786517 0.5079588014981273 0.4044943820224719 0.5051498127340824 0.40765449438202245 0.5014044943820225 0.4104634831460674 0.4913389513108614 0.4102879213483146 0.4854868913857678 0.40888342696629215 0.48057116104868913 0.40484550561797755 0.4756554307116105 0.4002808988764045 0.47331460674157305 0.39378511235955055 0.47284644194756553 0.38764044943820225 0.4768258426966292 0.38606039325842695 0.4798689138576779
0 0.38606039325842695 0.43562734082397003 0.386938202247191 0.4419475655430712 0.38553370786516855 0.44709737827715357 0.3862359550561798 0.45646067415730335 0.3871137640449438 0.45997191011235955 0.38992275280898875 0.4658239700374532 0.39378511235955055 0.4691011235955056 0.397998595505618 0.47073970037453183 0.4046699438202247 0.4714419475655431 0.41151685393258425 0.47120786516853935 0.4125702247191011 0.47027153558052437 0.41327247191011235 0.4669943820224719 0.4139747191011236 0.46676029962546817 0.4141502808988764 0.462312734082397 0.41520365168539325 0.4602059925093633 0.4143258426966292 0.45271535580524347 0.4159058988764045 0.4461610486891386 0.414501404494382 0.43913857677902624 0.41151685393258425 0.43469101123595505 0.4080056179775281 0.43141385767790263 0.40150983146067415 0.42907303370786515 0.39308286516853935 0.42392322097378277 0.38939606741573035 0.42532771535580527 0.3909761235955056 0.42837078651685395 0.3904494382022472 0.43000936329588013
0 0.3885182584269663 0.39396067415730335 0.3883426966292135 0.397940074906367 0.3904494382022472 0.4147940074906367 0.39150280898876405 0.41830524344569286 0.3946629213483146 0.42228464419475653 0.4004564606741573 0.426498127340824 0.4044943820224719 0.4276685393258427 0.41116573033707865 0.4262640449438202 0.41467696629213485 0.42368913857677903 0.41660814606741575 0.42064606741573035 0.41889044943820225 0.41151685393258425 0.41924157303370785 0.40215355805243447 0.41713483146067415 0.3955992509363296 0.41467696629213485 0.3916198501872659 0.40291432584269665 0.38553370786516855 0.4004564606741573 0.38319288389513106 0.39396067415730335 0.38412921348314605 0.3908005617977528 0.38764044943820225
0 0.37640449438202245 0.3410580524344569 0.37640449438202245 0.3424625468164794 0.3785112359550562 0.3450374531835206 0.37798455056179775 0.34901685393258425 0.3792134831460674 0.35042134831460675 0.38746488764044945 0.35557116104868913 0.3950140449438202 0.35720973782771537 0.39782303370786515 0.3565074906367041 0.4097612359550562 0.3497191011235955 0.4125702247191011 0.3450374531835206 0.413623595505618 0.34058988764044945 0.4137991573033708 0.3347378277153558 0.41099016853932585 0.3237359550561798 0.4008075842696629 0.31624531835205993 0.39308286516853935 0.3150749063670412 0.38957162921348315 0.3167134831460674 0.3827247191011236 0.324438202247191 0.3792134831460674 0.3356741573033708
0 0.41889044943820225 0.323501872659176 0.41889044943820225 0.33146067415730335 0.4201193820224719 0.33754681647940077 0.42521067415730335 0.34737827715355807 0.43837780898876405 0.34363295880149813 0.4413623595505618 0.3398876404494382 0.44417134831460675 0.3309925093632959 0.4436446629213483 0.32092696629213485 0.4418890449438202 0.3160112359550562 0.43890449438202245 0.31179775280898875 0.43504213483146065 0.3099250936329588 0.42854634831460675 0.3094569288389513 0.4239817415730337 0.31179775280898875 0.4202949438202247 0.3169475655430712
0 0.4201193820224719 0.35580524344569286 0.41906601123595505 0.35931647940074907 0.41871488764044945 0.36446629213483145 0.41520365168539325 0.36961610486891383 0.4137991573033708 0.37312734082397003 0.414501404494382 0.3836610486891386 0.418188202247191 0.38881086142322097 0.4216994382022472 0.39091760299625467 0.43275983146067415 0.3920880149812734 0.44259129213483145 0.39091760299625467 0.44610252808988765 0.387874531835206 0.4469803370786517 0.3836610486891386 0.44996488764044945 0.37663857677902624 0.4515449438202247 0.3661048689138577 0.45049157303370785 0.3618913857677903 0.4434691011235955 0.3532303370786517 0.44259129213483145 0.3508895131086142 0.4359199438202247 0.3485486891385768 0.4294241573033708 0.34948501872659177 0.4236306179775281 0.3518258426966292
0 0.421875 0.41151685393258425 0.4199438202247191 0.42181647940074907 0.42064606741573035 0.4250936329588015 0.4257373595505618 0.4330524344569288 0.429248595505618 0.43562734082397003 0.4392556179775281 0.43586142322097376 0.44469803370786515 0.43211610486891383 0.44978932584269665 0.4250936329588015 0.4515449438202247 0.41830524344569286 0.4510182584269663 0.4075374531835206 0.44856039325842695 0.40051498127340823 0.4455758426966292 0.3972378277153558 0.4394311797752809 0.3937265917602996 0.43469101123595505 0.39419475655430714 0.4281952247191011 0.39747191011235955 0.4253862359550562 0.40098314606741575 0.4253862359550562 0.4044943820224719
0 0.4164325842696629 0.45529026217228463 0.4160814606741573 0.47027153558052437 0.41731039325842695 0.4772940074906367 0.4183637640449438 0.4789325842696629 0.421875 0.48010299625468167 0.42907303370786515 0.48010299625468167 0.4355688202247191 0.47869850187265917 0.4436446629213483 0.47401685393258425 0.4471558988764045 0.4669943820224719 0.4468047752808989 0.44709737827715357 0.44259129213483145 0.44030898876404495 0.4394311797752809 0.4410112359550562 0.4355688202247191 0.438436329588015 0.42907303370786515 0.4375 0.42450842696629215 0.43913857677902624 0.418188202247191 0.4447565543071161
0 0.41537921348314605 0.5224719101123596 0.41520365168539325 0.533941947565543 0.4159058988764045 0.5397940074906367 0.4180126404494382 0.5465823970037453 0.42099719101123595 0.5491573033707865 0.42854634831460675 0.552434456928839 0.43662219101123595 0.5526685393258427 0.441186797752809 0.5493913857677902 0.44206460674157305 0.5468164794007491 0.44417134831460675 0.5440074906367042 0.4454002808988764 0.537687265917603 0.44610252808988765 0.5189606741573034 0.44417134831460675 0.5180243445692884 0.44259129213483145 0.5159176029962547 0.43855337078651685 0.5145131086142322 0.4311797752808989 0.5142790262172284 0.42854634831460675 0.5133426966292135 0.42117275280898875 0.5168539325842697 0.418188202247191 0.5208333333333334
0 0.3809691011235955 0.5430711610486891 0.3813202247191011 0.548689138576779 0.386938202247191 0.5552434456928839 0.39150280898876405 0.5559456928838952 0.4006320224719101 0.5531367041198502 0.4043188202247191 0.5540730337078652 0.40537219101123595 0.5512640449438202 0.409936797752809 0.5451779026217228 0.4125702247191011 0.5383895131086143 0.413623595505618 0.5325374531835206 0.413623595505618 0.5269194756554307 0.41151685393258425 0.5189606741573034 0.4078300561797753 0.5142790262172284 0.397998595505618 0.5124063670411985 0.39343398876404495 0.5126404494382022 0.3902738764044944 0.5140449438202247 0.38535814606741575 0.5187265917602997 0.3844803370786517 0.5208333333333334 0.3830758426966292 0.525749063670412 0.3825491573033708 0.5372191011235955
0 0.3495435393258427 0.5330056179775281 0.3491924157303371 0.5402621722846442 0.352001404494382 0.5500936329588015 0.3551615168539326 0.5538389513108615 0.35884831460674155 0.5561797752808989 0.36622191011235955 0.5568820224719101 0.371313202247191 0.5543071161048689 0.37816011235955055 0.5470505617977528 0.37956460674157305 0.5362827715355806 0.3790379213483146 0.5264513108614233 0.37956460674157305 0.5224719101123596 0.3769311797752809 0.5184925093632958 0.3730688202247191 0.5187265917602997 0.36622191011235955 0.5161516853932584 0.35832162921348315 0.5182584269662921 0.35603932584269665 0.5191947565543071 0.35217696629213485 0.523876404494382
0 0.3750649578651685 0.5748876404494382 0.0012728230337078652 0.0003464419475655431
0 0.3476123595505618 0.5749063670411985 0.3476123595505618 0.5814606741573034 0.3534058988764045 0.5952715355805244 0.3656952247191011 0.5969101123595506 0.36990870786516855 0.5987827715355806 0.37605337078651685 0.5948033707865169 0.3793890449438202 0.5849719101123596 0.3806179775280899 0.5713951310861424 0.38026685393258425 0.5655430711610487 0.37974016853932585 0.5641385767790262 0.3772823033707865 0.5634363295880149 0.36990870786516855 0.5587546816479401 0.3597261235955056 0.5589887640449438 0.3555126404494382 0.5603932584269663 0.3516502808988764 0.5636704119850188 0.3491924157303371 0.5685861423220974
0 0.38009129213483145 0.5877808988764045 0.37991573033707865 0.5919943820224719 0.3813202247191011 0.5955056179775281 0.38377808988764045 0.5987827715355806 0.38816713483146065 0.6008895131086143 0.3908005617977528 0.601123595505618 0.3960674157303371 0.5997191011235955 0.4066011235955056 0.5945692883895131 0.41116573033707865 0.5884831460674157 0.41274578651685395 0.5814606741573034 0.41292134831460675 0.577247191011236 0.4106390449438202 0.5646067415730337 0.41134129213483145 0.56062734082397 0.4078300561797753 0.5561797752808989 0.398876404494382 0.5559456928838952 0.39396067415730335 0.5566479400749064 0.390625 0.5589887640449438 0.3871137640449438 0.5585205992509363 0.3848314606741573 0.5613295880149812 0.3829002808988764 0.5669475655430711 0.3827247191011236 0.5716292134831461
0 0.34041432584269665 0.6238295880149812 0.3402387640449438 0.6306179775280899 0.34094101123595505 0.6327247191011236 0.3453300561797753 0.6411516853932584 0.3481390449438202 0.6432584269662921 0.35603932584269665 0.6427902621722846 0.3709620786516854 0.638810861423221 0.3732443820224719 0.6367041198501873 0.37412219101123595 0.6338951310861424 0.37429775280898875 0.6247659176029963 0.37587780898876405 0.6093164794007491 0.37025983146067415 0.6015917602996255 0.3655196629213483 0.599250936329588 0.359375 0.5978464419475655 0.3570926966292135 0.598314606741573 0.3532303370786517 0.600187265917603 0.3476123595505618 0.6062734082397003 0.3435744382022472 0.6128277153558053
0 0.34638342696629215 0.6624531835205992 0.3456811797752809 0.6683052434456929 0.34620786516853935 0.6753277153558053 0.34849016853932585 0.6823501872659176 0.34849016853932585 0.68562734082397 0.355688202247191 0.6870318352059925 0.3597261235955056 0.6865636704119851 0.363061797752809 0.6858614232209738 0.3669241573033708 0.6832865168539326 0.3690308988764045 0.6800093632958801 0.3732443820224719 0.6767322097378277 0.37429775280898875 0.6722846441947565 0.37412219101123595 0.6678370786516854 0.375 0.661750936329588 0.37605337078651685 0.6577715355805244 0.3746488764044944 0.6533239700374532 0.3714887640449438 0.6491104868913857 0.3674508426966292 0.6458333333333334 0.36271067415730335 0.6439606741573034 0.3553370786516854 0.6451310861423221 0.3518258426966292 0.6467696629213483 0.34901685393258425 0.6523876404494382
0 0.3748244382022472 0.6739232209737828 0.3746488764044944 0.6823501872659176 0.37605337078651685 0.6886704119850188 0.38009129213483145 0.6931179775280899 0.3871137640449438 0.6952247191011236 0.3981741573033708 0.6865636704119851 0.40150983146067415 0.6825842696629213 0.40291432584269665 0.675561797752809 0.40326544943820225 0.6612827715355806 0.4022120786516854 0.6580056179775281 0.40098314606741575 0.6481741573033708 0.39764747191011235 0.6455992509363296 0.390625 0.6460674157303371 0.3813202247191011 0.650749063670412 0.3790379213483146 0.653558052434457 0.3765800561797753 0.660814606741573
0 0.37570224719101125 0.6196161048689138 0.37587780898876405 0.6310861423220974 0.37816011235955055 0.6374063670411985 0.375 0.6406835205992509 0.37622893258426965 0.6439606741573034 0.3792134831460674 0.6477059925093633 0.38412921348314605 0.6474719101123596 0.39150280898876405 0.641619850187266 0.3969452247191011 0.639747191011236 0.40115870786516855 0.6399812734082397 0.4022120786516854 0.6383426966292135 0.4027387640449438 0.636938202247191 0.40168539325842695 0.6331928838951311 0.39957865168539325 0.6299157303370787 0.40098314606741575 0.6289794007490637 0.4022120786516854 0.6266385767790262 0.4008075842696629 0.6196161048689138 0.39712078651685395 0.6132958801498127 0.397998595505618 0.6086142322097379 0.3948384831460674 0.6058052434456929 0.38764044943820225 0.6046348314606742 0.383251404494382 0.6058052434456929 0.3785112359550562 0.6114232209737828
0 0.38009129213483145 0.587312734082397 0.37991573033707865 0.5919943820224719 0.38167134831460675 0.5962078651685393 0.38377808988764045 0.5990168539325843 0.38781601123595505 0.6008895131086143 0.3909761235955056 0.601123595505618 0.3962429775280899 0.5997191011235955 0.40098314606741575 0.5966760299625468 0.4044943820224719 0.5962078651685393 0.40695224719101125 0.5943352059925093 0.41134129213483145 0.588249063670412 0.41274578651685395 0.5816947565543071 0.41292134831460675 0.5770131086142322 0.4106390449438202 0.5646067415730337 0.41151685393258425 0.56062734082397 0.4080056179775281 0.5561797752808989 0.3987008426966292 0.5559456928838952 0.39396067415730335 0.5566479400749064 0.3908005617977528 0.5589887640449438 0.386938202247191 0.5585205992509363 0.3846558988764045 0.5615636704119851 0.3827247191011236 0.5676498127340824 0.3827247191011236 0.5713951310861424
0 0.40519662921348315 0.6542602996254682 0.4044943820224719 0.6683052434456929 0.40484550561797755 0.6767322097378277 0.40502106741573035 0.6786048689138576 0.40765449438202245 0.6830524344569289 0.41151685393258425 0.6858614232209738 0.41660814606741575 0.68562734082397 0.42310393258426965 0.6823501872659176 0.43082865168539325 0.6750936329588015 0.4315308988764045 0.6680711610486891 0.43433988764044945 0.6612827715355806 0.4332865168539326 0.650749063670412 0.4317064606741573 0.6460674157303371 0.42872191011235955 0.6441947565543071 0.42696629213483145 0.641619850187266 0.4220505617977528 0.6399812734082397 0.41853932584269665 0.6399812734082397 0.41134129213483145 0.6418539325842697 0.40730337078651685 0.6474719101123596 0.40572331460674155 0.6509831460674157
0 0.4058988764044944 0.613061797752809 0.40554775280898875 0.6165730337078652 0.40695224719101125 0.6228932584269663 0.40677668539325845 0.62687265917603 0.40765449438202245 0.6287453183520599 0.4101123595505618 0.6320224719101124 0.41871488764044945 0.6381086142322098 0.429248595505618 0.6390449438202247 0.43223314606741575 0.6402153558052435 0.4336376404494382 0.6364700374531835 0.4371488764044944 0.6343632958801498 0.44048455056179775 0.6301498127340824 0.44083567415730335 0.6147003745318352 0.4397823033707865 0.6093164794007491 0.4359199438202247 0.6044007490636704 0.42872191011235955 0.5997191011235955 0.4215238764044944 0.5971441947565543 0.41906601123595505 0.5994850187265918 0.41292134831460675 0.6008895131086143 0.40905898876404495 0.6051029962546817
0 0.4353932584269663 0.647003745318352 0.4359199438202247 0.6519194756554307 0.4352176966292135 0.661750936329588 0.43609550561797755 0.6680711610486891 0.4373244382022472 0.6718164794007491 0.44083567415730335 0.6764981273408239 0.44259129213483145 0.6783707865168539 0.44592696629213485 0.6800093632958801 0.45435393258426965 0.6786048689138576 0.46558988764044945 0.6544943820224719 0.46541432584269665 0.6509831460674157 0.460498595505618 0.6439606741573034 0.45189606741573035 0.6406835205992509 0.44662921348314605 0.636938202247191 0.4431179775280899 0.6357677902621723 0.4410112359550562 0.6371722846441947 0.4397823033707865 0.6413857677902621 0.4378511235955056 0.6427902621722846
0 0.4160814606741573 0.5646067415730337 0.4164325842696629 0.5814606741573034 0.4180126404494382 0.5884831460674157 0.42082162921348315 0.5919943820224719 0.42837078651685395 0.5957397003745318 0.4390800561797753 0.5966760299625468 0.44259129213483145 0.600187265917603 0.44627808988764045 0.600187265917603 0.44803370786516855 0.5987827715355806 0.44803370786516855 0.5955056179775281 0.4496137640449438 0.5941011235955056 0.45031601123595505 0.5917602996254682 0.44820926966292135 0.5870786516853933 0.44803370786516855 0.5779494382022472 0.44645365168539325 0.5713951310861424 0.44627808988764045 0.5676498127340824 0.4410112359550562 0.5594569288389513 0.4355688202247191 0.5550093632958801 0.4317064606741573 0.5557116104868914 0.4253862359550562 0.5536048689138576 0.42327949438202245 0.5538389513108615 0.42082162921348315 0.5550093632958801 0.4178370786516854 0.5589887640449438
0 0.46225421348314605 0.6713483146067416 0.4626053370786517 0.6750936329588015 0.46190308988764045 0.6821161048689138 0.46348314606741575 0.6849250936329588 0.47349016853932585 0.6882022471910112 0.484375 0.6877340823970037 0.488061797752809 0.6865636704119851 0.49122191011235955 0.6842228464419475 0.49473314606741575 0.6786048689138576 0.4977176966292135 0.6720505617977528 0.4984199438202247 0.6622191011235955 0.4956109550561798 0.6542602996254682 0.49332865168539325 0.6509831460674157 0.4808637640449438 0.6458333333333334 0.47735252808988765 0.6455992509363296 0.4741924157303371 0.6472378277153558 0.46629213483146065 0.6580056179775281 0.4631320224719101 0.6647940074906367
0 0.4762991573033708 0.6205524344569289 0.47717696629213485 0.6406835205992509 0.47945926966292135 0.6439606741573034 0.49473314606741575 0.650749063670412 0.4957865168539326 0.6472378277153558 0.49859550561797755 0.6446629213483146 0.5014044943820225 0.6434925093632958 0.5038623595505618 0.6395131086142322 0.504564606741573 0.6371722846441947 0.504564606741573 0.6254681647940075 0.5024578651685393 0.6163389513108615 0.5017556179775281 0.6079119850187266 0.4903441011235955 0.6069756554307116 0.48525280898876405 0.608380149812734 0.4808637640449438 0.611189138576779 0.47910814606741575 0.6135299625468165
0 0.4808637640449438 0.5676498127340824 0.4787570224719101 0.5814606741573034 0.47735252808988765 0.5854400749063671 0.47928370786516855 0.5957397003745318 0.48121488764044945 0.600187265917603 0.48735955056179775 0.6036985018726592 0.49122191011235955 0.6041666666666666 0.49473314606741575 0.6036985018726592 0.5040379213483146 0.5990168539325843 0.5047401685393258 0.5849719101123596 0.5026334269662921 0.5767790262172284 0.5005266853932584 0.572565543071161 0.49912219101123595 0.5713951310861424 0.4996488764044944 0.5676498127340824 0.4980688202247191 0.5660112359550562 0.4919241573033708 0.5639044943820225 0.4878862359550562 0.5641385767790262
0 0.44856039325842695 0.5669475655430711 0.4487359550561798 0.5852059925093633 0.453125 0.5952715355805244 0.46190308988764045 0.5952715355805244 0.4669943820224719 0.5976123595505618 0.47191011235955055 0.5938670411985019 0.47559691011235955 0.5784176029962547 0.47524578651685395 0.5669475655430711 0.47366573033707865 0.5615636704119851 0.46418539325842695 0.5589887640449438 0.45646067415730335 0.5589887640449438 0.45031601123595505 0.5634363295880149
0 0.4785814606741573 0.5330056179775281 0.4780547752808989 0.5437734082397003 0.4787570224719101 0.5503277153558053 0.47963483146067415 0.5538389513108615 0.48314606741573035 0.5585205992509363 0.48771067415730335 0.5608614232209738 0.4984199438202247 0.5615636704119851 0.5017556179775281 0.5594569288389513 0.5056179775280899 0.5540730337078652 0.5075491573033708 0.5468164794007491 0.507373595505618 0.538623595505618 0.5054424157303371 0.5294943820224719 0.5022823033707865 0.5243445692883895 0.4982443820224719 0.522003745318352 0.48771067415730335 0.5215355805243446 0.48314606741573035 0.5252808988764045
0 0.44610252808988765 0.4936797752808989 0.44592696629213485 0.49859550561797755 0.4473314606741573 0.5060861423220974 0.4489115168539326 0.5102996254681648 0.4508426966292135 0.5124063670411985 0.45646067415730335 0.5156835205992509 0.46014747191011235 0.5163857677902621 0.4708567415730337 0.5156835205992509 0.47384129213483145 0.5131086142322098 0.4743679775280899 0.5051498127340824 0.47384129213483145 0.5011704119850188 0.4727879213483146 0.49929775280898875 0.4726123595505618 0.4943820224719101 0.46822331460674155 0.48431647940074907 0.4573384831460674 0.4815074906367041 0.4533005617977528 0.48220973782771537 0.45031601123595505 0.48431647940074907
0 0.48139044943820225 0.4978932584269663 0.48121488764044945 0.5051498127340824 0.4840238764044944 0.5149812734082397 0.48683286516853935 0.5163857677902621 0.4878862359550562 0.5180243445692884 0.49473314606741575 0.5194288389513109 0.5015800561797753 0.5187265917602997 0.5070224719101124 0.5154494382022472 0.5080758426966292 0.5065543071161048 0.5077247191011236 0.4988295880149813 0.5049157303370787 0.48829588014981273 0.5015800561797753 0.4850187265917603 0.4942064606741573 0.48267790262172283 0.48771067415730335 0.48384831460674155 0.4826193820224719 0.4911048689138577
0 0.4801615168539326 0.45341760299625467 0.4789325842696629 0.4595037453183521 0.47910814606741575 0.4639513108614232 0.48103932584269665 0.47073970037453183 0.4840238764044944 0.475187265917603 0.49087078651685395 0.4777621722846442 0.49508426966292135 0.4779962546816479 0.5015800561797753 0.4758895131086142 0.5038623595505618 0.4737827715355805 0.5066713483146067 0.4627808988764045 0.5059691011235955 0.45271535580524347 0.5028089887640449 0.44569288389513106 0.49877106741573035 0.4440543071161049 0.4878862359550562 0.4426498127340824 0.48542837078651685 0.44452247191011235 0.48174157303370785 0.449438202247191
0 0.44803370786516855 0.4524812734082397 0.44856039325842695 0.4669943820224719 0.45049157303370785 0.4735486891385768 0.45242275280898875 0.47542134831460675 0.45839185393258425 0.4777621722846442 0.46400983146067415 0.47846441947565543 0.4669943820224719 0.4777621722846442 0.4722612359550562 0.4735486891385768 0.4747191011235955 0.46676029962546817 0.47524578651685395 0.4576310861423221 0.47349016853932585 0.44967228464419473 0.46541432584269665 0.4442883895131086 0.45646067415730335 0.44124531835205993 0.453125 0.4426498127340824 0.4496137640449438 0.44569288389513106
0 0.4554073033707865 0.41807116104868913 0.4547050561797753 0.42181647940074907 0.4550561797752809 0.4250936329588015 0.45962078651685395 0.43609550561797755 0.46348314606741575 0.43890449438202245 0.4705056179775281 0.4400749063670412 0.4750702247191011 0.43796816479400746 0.47770365168539325 0.43515917602996257 0.4803370786516854 0.4288389513108614 0.4820926966292135 0.4147940074906367 0.4808637640449438 0.4101123595505618 0.47717696629213485 0.40426029962546817 0.4703300561797753 0.4028558052434457 0.46822331460674155 0.40472846441947563 0.4645365168539326 0.4056647940074906 0.4610252808988764 0.40847378277153557 0.4575140449438202 0.4154962546816479
0 0.48718398876404495 0.4147940074906367 0.4864817415730337 0.42181647940074907 0.48771067415730335 0.4318820224719101 0.4906952247191011 0.43703183520599254 0.49859550561797755 0.43984082397003743 0.5050912921348315 0.43913857677902624 0.5084269662921348 0.43562734082397003 0.5105337078651685 0.4288389513108614 0.5117626404494382 0.4211142322097378 0.5107092696629213 0.4143258426966292 0.5061446629213483 0.40613295880149813 0.5005266853932584 0.40426029962546817 0.49297752808988765 0.4056647940074906 0.48911516853932585 0.40987827715355807
0 0.45839185393258425 0.3707865168539326 0.45839185393258425 0.3822565543071161 0.45962078651685395 0.3904494382022472 0.461376404494382 0.3925561797752809 0.46962780898876405 0.39747191011235955 0.47138342696629215 0.39747191011235955 0.4780547752808989 0.39442883895131087 0.48139044943820225 0.3904494382022472 0.48297050561797755 0.38319288389513106 0.48349719101123595 0.3728932584269663 0.48103932584269665 0.36657303370786515 0.47752808988764045 0.3618913857677903 0.4708567415730337 0.35884831460674155 0.4664676966292135 0.35978464419475653 0.46365870786516855 0.36142322097378277 0.46190308988764045 0.3637640449438202
0 0.4454002808988764 0.3424625468164794 0.4450491573033708 0.34901685393258425 0.44662921348314605 0.35580524344569286 0.45382724719101125 0.3637640449438202 0.45786516853932585 0.36352996254681647 0.476123595505618 0.3522940074906367 0.4780547752808989 0.34901685393258425 0.47910814606741575 0.33918539325842695 0.47752808988764045 0.3279494382022472 0.4762991573033708 0.32467228464419473 0.4764747191011236 0.31999063670411987 0.4780547752808989 0.31413857677902624 0.4766502808988764 0.3136704119850187 0.47542134831460675 0.31530898876404495 0.4710323033707865 0.31741573033707865 0.46225421348314605 0.3160112359550562 0.45628511235955055 0.3169475655430712 0.45207162921348315 0.3211610486891386 0.4487359550561798 0.32771535580524347 0.4475070224719101 0.33614232209737827
0 0.48384831460674155 0.32514044943820225 0.48367275280898875 0.33192883895131087 0.48507724719101125 0.33801498127340823 0.48525280898876405 0.3419943820224719 0.4864817415730337 0.3455056179775281 0.4866573033707865 0.34901685393258425 0.48893960674157305 0.3522940074906367 0.4924508426966292 0.35369850187265917 0.5017556179775281 0.3529962546816479 0.5059691011235955 0.3487827715355805 0.5057935393258427 0.3470271535580524 0.5094803370786517 0.33707865168539325 0.5105337078651685 0.32841760299625467 0.5100070224719101 0.32092696629213485 0.5066713483146067 0.31390449438202245 0.49877106741573035 0.31015917602996257 0.4942064606741573 0.31062734082397003 0.4882373595505618 0.31484082397003743 0.4841994382022472 0.3211610486891386
0 0.5122893258426966 0.33029026217228463 0.5135182584269663 0.3389513108614232 0.5122893258426966 0.34176029962546817 0.5115870786516854 0.3487827715355805 0.514747191011236 0.35369850187265917 0.5191362359550562 0.3562734082397004 0.5226474719101124 0.35603932584269665 0.5363412921348315 0.3508895131086142 0.5380969101123596 0.3487827715355805 0.5410814606741573 0.3419943820224719 0.5416081460674157 0.32724719101123595 0.5403792134831461 0.3213951310861423 0.5375702247191011 0.3160112359550562 0.5330056179775281 0.31226591760299627 0.5265098314606742 0.31109550561797755 0.5189606741573034 0.31390449438202245 0.5145716292134831 0.32045880149812733
0 0.48683286516853935 0.3728932584269663 0.48683286516853935 0.3813202247191011 0.4845505617977528 0.39115168539325845 0.48577949438202245 0.39747191011235955 0.4878862359550562 0.4002808988764045 0.4943820224719101 0.4033239700374532 0.5052668539325843 0.40308988764044945 0.5086025280898876 0.40098314606741575 0.5140449438202247 0.39325842696629215 0.5158005617977528 0.38764044943820225 0.5152738764044944 0.3738295880149813 0.5138693820224719 0.3682116104868914 0.5105337078651685 0.3647003745318352 0.5071980337078652 0.36329588014981273 0.5050912921348315 0.3607209737827715 0.4982443820224719 0.3600187265917603 0.49122191011235955 0.36493445692883897
0 0.5180828651685393 0.36961610486891383 0.5179073033707865 0.37476591760299627 0.5189606741573034 0.38436329588014984 0.5323033707865169 0.39115168539325845 0.5363412921348315 0.3904494382022472 0.5409058988764045 0.38459737827715357 0.5447682584269663 0.37359550561797755 0.5444171348314607 0.3663389513108614 0.5430126404494382 0.362125468164794 0.5363412921348315 0.3544007490636704 0.5337078651685393 0.35346441947565543 0.5259831460674157 0.3553370786516854 0.5222963483146067 0.3586142322097378
0 0.5108848314606742 0.40379213483146065 0.5112359550561798 0.41151685393258425 0.5135182584269663 0.42228464419475653 0.5168539325842697 0.42954119850187267 0.5293188202247191 0.42930711610486894 0.5335323033707865 0.4272003745318352 0.5366924157303371 0.4220505617977528 0.5393258426966292 0.4110486891385768 0.5398525280898876 0.4044943820224719 0.5380969101123596 0.40262172284644193 0.535814606741573 0.3970037453183521 0.5344101123595506 0.39536516853932585 0.5259831460674157 0.3920880149812734 0.5205407303370787 0.3925561797752809 0.5131671348314607 0.3991104868913858
0 0.511060393258427 0.4473314606741573 0.5108848314606742 0.45646067415730335 0.5126404494382022 0.46324906367041196 0.5158005617977528 0.4681647940074906 0.5177317415730337 0.4695692883895131 0.5258075842696629 0.4721441947565543 0.5287921348314607 0.4714419475655431 0.5330056179775281 0.4683988764044944 0.5372191011235955 0.46301498127340823 0.538623595505618 0.45365168539325845 0.5382724719101124 0.449438202247191 0.5366924157303371 0.44288389513108617 0.5326544943820225 0.4342228464419476 0.5284410112359551 0.4332865168539326 0.5212429775280899 0.4339887640449438 0.5149227528089888 0.4386704119850187 0.5115870786516854 0.4447565543071161
0 0.5129915730337079 0.48384831460674155 0.5128160112359551 0.49157303370786515 0.5135182584269663 0.49414794007490637 0.5136938202247191 0.5021067415730337 0.5145716292134831 0.5056179775280899 0.5168539325842697 0.5086610486891385 0.5228230337078652 0.5112359550561798 0.5261587078651685 0.5114700374531835 0.5286165730337079 0.5098314606741573 0.5335323033707865 0.5088951310861424 0.5370435393258427 0.5049157303370787 0.5389747191011236 0.49087078651685395 0.5368679775280899 0.4829119850187266 0.5338834269662921 0.47846441947565543 0.5310744382022472 0.476123595505618 0.5259831460674157 0.47425093632958804 0.5222963483146067 0.4747191011235955 0.5170294943820225 0.47752808988764045 0.5143960674157303 0.48057116104868913
0 0.5101825842696629 0.5259831460674157 0.5108848314606742 0.5290262172284644 0.5100070224719101 0.5402621722846442 0.5108848314606742 0.5472846441947565 0.5128160112359551 0.5531367041198502 0.5145716292134831 0.5552434456928839 0.5203651685393258 0.5564138576779026 0.5291432584269663 0.5547752808988764 0.5342345505617978 0.5522003745318352 0.5373946629213483 0.5472846441947565 0.5398525280898876 0.5393258426966292 0.5403792134831461 0.5294943820224719 0.5372191011235955 0.5217696629213483 0.5328300561797753 0.5173220973782772 0.5265098314606742 0.514747191011236 0.5189606741573034 0.5149812734082397 0.5142205056179775 0.5184925093632958 0.5114115168539326 0.5224719101123596
0 0.5049157303370787 0.5641385767790262 0.5049157303370787 0.5713951310861424 0.5084269662921348 0.588249063670412 0.5108848314606742 0.5894194756554307 0.5128160112359551 0.5922284644194756 0.5184339887640449 0.5957397003745318 0.5228230337078652 0.596441947565543 0.5291432584269663 0.5936329588014981 0.5319522471910112 0.5905898876404494 0.5340589887640449 0.586376404494382 0.5356390449438202 0.5814606741573034 0.5363412921348315 0.5727996254681648 0.5352879213483146 0.5674157303370787 0.5330056179775281 0.5629681647940075 0.5298455056179775 0.5594569288389513 0.5261587078651685 0.5585205992509363 0.5222963483146067 0.5587546816479401 0.5179073033707865 0.5610955056179775 0.5121137640449438 0.5627340823970037 0.5101825842696629 0.5601591760299626 0.5084269662921348 0.5594569288389513
0 0.507373595505618 0.6125936329588015 0.5077247191011236 0.62312734082397 0.5103581460674157 0.6285112359550562 0.5126404494382022 0.639747191011236 0.5135182584269663 0.6413857677902621 0.5261587078651685 0.6460674157303371 0.5328300561797753 0.6448970037453183 0.5370435393258427 0.6402153558052435 0.5400280898876404 0.6301498127340824 0.5407303370786517 0.6226591760299626 0.5384480337078652 0.6128277153558053 0.5333567415730337 0.6055711610486891 0.5231741573033708 0.601123595505618 0.515625 0.6015917602996255 0.5117626404494382 0.6044007490636704
0 0.5047401685393258 0.6673689138576779 0.504564606741573 0.6753277153558053 0.5052668539325843 0.6816479400749064 0.5075491573033708 0.6860955056179775 0.511938202247191 0.6891385767790262 0.5172050561797753 0.6903089887640449 0.522998595505618 0.6898408239700374 0.5254564606741573 0.6884363295880149 0.5294943820224719 0.6821161048689138 0.530372191011236 0.6718164794007491 0.5301966292134831 0.663623595505618 0.5256320224719101 0.6558988764044944 0.5214185393258427 0.6544943820224719 0.5194873595505618 0.6521535580524345 0.5121137640449438 0.6514513108614233 0.5115870786516854 0.6540262172284644 0.5086025280898876 0.6558988764044944 0.5050912921348315 0.6612827715355806
0 0.5338834269662921 0.6678370786516854 0.5338834269662921 0.6764981273408239 0.5330056179775281 0.6821161048689138 0.5361657303370787 0.6875 0.5396769662921348 0.6907771535580525 0.5435393258426966 0.6907771535580525 0.5466994382022472 0.6931179775280899 0.550561797752809 0.6926498127340824 0.5572331460674157 0.6882022471910112 0.5603932584269663 0.6821161048689138 0.561622191011236 0.6718164794007491 0.5609199438202247 0.6645599250936329 0.5591643258426966 0.6598782771535581 0.5563553370786517 0.6568352059925093 0.5470505617977528 0.6537921348314607 0.5398525280898876 0.6558988764044944 0.5356390449438202 0.6598782771535581
0 0.5640800561797753 0.6647940074906367 0.5635533707865169 0.6760299625468165 0.5619733146067416 0.6825842696629213 0.5621488764044944 0.6860955056179775 0.5644311797752809 0.6898408239700374 0.5709269662921348 0.6917134831460674 0.5844452247191011 0.6898408239700374 0.5893609550561798 0.6870318352059925 0.5930477528089888 0.6823501872659176 0.594627808988764 0.6729868913857678 0.59375 0.6640917602996255 0.5914676966292135 0.6575374531835206 0.5853230337078652 0.6519194756554307 0.578125 0.6486423220973783 0.5742626404494382 0.6484082397003745 0.5714536516853933 0.649812734082397 0.5658356741573034 0.6577715355805244 0.5654845505617978 0.6615168539325843
0 0.602001404494382 0.6694756554307116 0.6016502808988764 0.6781367041198502 0.6023525280898876 0.6825842696629213 0.6076193820224719 0.6924157303370787 0.6127106741573034 0.6968632958801498 0.6192064606741573 0.6980337078651685 0.6248244382022472 0.6968632958801498 0.6306179775280899 0.6926498127340824 0.6336025280898876 0.6863295880149812 0.6336025280898876 0.6718164794007491 0.6300912921348315 0.661750936329588 0.6267556179775281 0.6587078651685393 0.6195575842696629 0.6568352059925093 0.609375 0.6570692883895131 0.6074438202247191 0.6580056179775281 0.6044592696629213 0.661750936329588
0 0.604810393258427 0.62312734082397 0.6049859550561798 0.6338951310861424 0.6044592696629213 0.6374063670411985 0.6030547752808989 0.6404494382022472 0.6032303370786517 0.6437265917602997 0.6063904494382022 0.647003745318352 0.6095505617977528 0.6542602996254682 0.6118328651685393 0.6551966292134831 0.6269311797752809 0.6558988764044944 0.6300912921348315 0.6547284644194756 0.6307935393258427 0.6530898876404494 0.6336025280898876 0.6509831460674157 0.632373595505618 0.6481741573033708 0.6344803370786517 0.6439606741573034 0.6348314606741573 0.6299157303370787 0.6334269662921348 0.6240636704119851 0.6278089887640449 0.6207865168539326 0.6242977528089888 0.6175093632958801 0.6202598314606742 0.6156367041198502 0.6091994382022472 0.6175093632958801
0 0.5737359550561798 0.6179775280898876 0.5730337078651685 0.6193820224719101 0.5732092696629213 0.6264044943820225 0.5760182584269663 0.6367041198501873 0.5760182584269663 0.638810861423221 0.5751404494382022 0.6404494382022472 0.5767205056179775 0.6411516853932584 0.5791783707865169 0.6460674157303371 0.5835674157303371 0.6491104868913857 0.5904143258426966 0.6505149812734082 0.5958567415730337 0.6500468164794008 0.5988412921348315 0.6472378277153558 0.6012991573033708 0.6404494382022472 0.6021769662921348 0.6357677902621723 0.6023525280898876 0.6266385767790262 0.6002457865168539 0.6198501872659176 0.5955056179775281 0.6139981273408239 0.5874297752808989 0.6132958801498127 0.5835674157303371 0.6104868913857678 0.5811095505617978 0.610252808988764 0.5767205056179775 0.6135299625468165
0 0.5419592696629213 0.6196161048689138 0.542310393258427 0.6303838951310862 0.5414325842696629 0.6336610486891385 0.5433637640449438 0.637874531835206 0.5456460674157303 0.6505149812734082 0.5607443820224719 0.6568352059925093 0.5642556179775281 0.6563670411985019 0.5723314606741573 0.6439606741573034 0.5728581460674157 0.6409176029962547 0.5711025280898876 0.6371722846441947 0.5709269662921348 0.6299157303370787 0.5700491573033708 0.6271067415730337 0.5704002808988764 0.62312734082397 0.5691713483146067 0.6196161048689138 0.5642556179775281 0.6151685393258427 0.5556530898876404 0.6137640449438202 0.5537219101123596 0.6125936329588015 0.5502106741573034 0.6128277153558053 0.5475772471910112 0.6116573033707865 0.545997191011236 0.612125468164794 0.543188202247191 0.6158707865168539
0 0.543188202247191 0.5795880149812734 0.5428370786516854 0.5821629213483146 0.5442415730337079 0.5908239700374532 0.5433637640449438 0.5955056179775281 0.547752808988764 0.6046348314606742 0.5521418539325843 0.6081460674157303 0.5605688202247191 0.6107209737827716 0.5640800561797753 0.6107209737827716 0.5677668539325843 0.6069756554307116 0.5696980337078652 0.5987827715355806 0.5712780898876404 0.5955056179775281 0.5712780898876404 0.588249063670412 0.5675912921348315 0.577247191011236 0.5609199438202247 0.5723314606741573 0.5531952247191011 0.5718632958801498 0.5465238764044944 0.5739700374531835 0.5449438202247191 0.5756086142322098
0 0.6005969101123596 0.5852059925093633 0.5997191011235955 0.5884831460674157 0.5998946629213483 0.5929307116104869 0.6014747191011236 0.6051029962546817 0.6021769662921348 0.6065074906367042 0.6127106741573034 0.6137640449438202 0.6200842696629213 0.6144662921348315 0.6239466292134831 0.613061797752809 0.6267556179775281 0.6088483146067416 0.6304424157303371 0.6058052434456929 0.6325491573033708 0.5957397003745318 0.6316713483146067 0.5894194756554307 0.6293890449438202 0.5838014981273408 0.6230688202247191 0.5756086142322098 0.6195575842696629 0.574438202247191 0.6120084269662921 0.574438202247191 0.6049859550561798 0.5786516853932584 0.6037570224719101 0.5814606741573034
0 0.602001404494382 0.5531367041198502 0.6018258426966292 0.5575842696629213 0.6028792134831461 0.5641385767790262 0.6081460674157303 0.5713951310861424 0.6109550561797753 0.572565543071161 0.624122191011236 0.572565543071161 0.6262289325842697 0.5706928838951311 0.6299157303370787 0.5629681647940075 0.6321980337078652 0.56062734082397 0.6313202247191011 0.5582865168539326 0.6304424157303371 0.5503277153558053 0.6281601123595506 0.5440074906367042 0.621313202247191 0.5374531835205992 0.6169241573033708 0.5353464419475655 0.6095505617977528 0.5365168539325843 0.6074438202247191 0.5388576779026217 0.6053370786516854 0.5397940074906367 0.6060393258426966 0.5433052434456929 0.6039325842696629 0.5454119850187266
0 0.570751404494382 0.5330056179775281 0.5711025280898876 0.5400280898876404 0.5693469101123596 0.5463483146067416 0.5695224719101124 0.5503277153558053 0.5719803370786517 0.5599250936329588 0.5721558988764045 0.5641385767790262 0.573560393258427 0.5674157303370787 0.5763693820224719 0.5716292134831461 0.5809339887640449 0.5737359550561798 0.5886587078651685 0.5732677902621723 0.5925210674157303 0.5716292134831461 0.5956811797752809 0.5641385767790262 0.5970856741573034 0.5575842696629213 0.5969101123595506 0.5540730337078652 0.5933988764044944 0.5426029962546817 0.5932233146067416 0.5397940074906367 0.5886587078651685 0.5344101123595506 0.5851474719101124 0.5332397003745318 0.577247191011236 0.5320692883895131
0 0.5414325842696629 0.536750936329588 0.5405547752808989 0.5428370786516854 0.5366924157303371 0.5536048689138576 0.5407303370786517 0.5709269662921348 0.5435393258426966 0.572565543071161 0.5472261235955056 0.5711610486891385 0.5575842696629213 0.5704588014981273 0.563377808988764 0.5674157303370787 0.5642556179775281 0.5650749063670412 0.566186797752809 0.5629681647940075 0.567064606741573 0.5575842696629213 0.5665379213483146 0.5523174157303371 0.5668890449438202 0.5463483146067416 0.5649578651685393 0.5395599250936329 0.561622191011236 0.5355805243445693 0.5537219101123596 0.5287921348314607 0.546875 0.5294943820224719 0.5433637640449438 0.5323033707865169
0 0.5695224719101124 0.5049157303370787 0.5704002808988764 0.5194288389513109 0.5728581460674157 0.5264513108614233 0.574438202247191 0.528558052434457 0.5814606741573034 0.5306647940074907 0.5890098314606742 0.5304307116104869 0.5919943820224719 0.5280898876404494 0.5955056179775281 0.5224719101123596 0.5965589887640449 0.5156835205992509 0.5962078651685393 0.5016385767790262 0.592872191011236 0.4964887640449438 0.5895365168539326 0.4932116104868914 0.5840941011235955 0.4911048689138577 0.5777738764044944 0.4911048689138577 0.5746137640449438 0.4927434456928839 0.5712780898876404 0.4967228464419476
0 0.5981390449438202 0.5077247191011236 0.5979634831460674 0.5173220973782772 0.5960323033707865 0.5231741573033708 0.5956811797752809 0.5276217228464419 0.5972612359550562 0.5325374531835206 0.5988412921348315 0.5344101123595506 0.6032303370786517 0.5355805243445693 0.6197331460674157 0.5332397003745318 0.6244733146067416 0.5292602996254682 0.6265800561797753 0.525749063670412 0.6271067415730337 0.5217696629213483 0.6285112359550562 0.5191947565543071 0.6283356741573034 0.5030430711610487 0.6262289325842697 0.4964887640449438 0.6239466292134831 0.4943820224719101 0.6146418539325843 0.4927434456928839 0.6044592696629213 0.4955524344569288 0.6000702247191011 0.5007022471910112
0 0.5998946629213483 0.46676029962546817 0.5997191011235955 0.47401685393258425 0.6005969101123596 0.4794007490636704 0.6018258426966292 0.4833801498127341 0.6021769662921348 0.48782771535580527 0.6041081460674157 0.49204119850187267 0.6076193820224719 0.4927434456928839 0.6234199438202247 0.48993445692883897 0.6276334269662921 0.48525280898876405 0.6279845505617978 0.48220973782771537 0.6307935393258427 0.4768258426966292 0.6307935393258427 0.47284644194756553 0.6283356741573034 0.45880149812734083 0.6290379213483146 0.45529026217228463 0.6314957865168539 0.4529494382022472 0.6320224719101124 0.449438202247191 0.6300912921348315 0.44592696629213485 0.6265800561797753 0.44569288389513106 0.6237710674157303 0.449438202247191 0.6216643258426966 0.45014044943820225 0.6121839887640449 0.4499063670411985 0.6060393258426966 0.4515449438202247 0.6044592696629213 0.45365168539325845
0 0.5658356741573034 0.4571629213483146 0.5660112359550562 0.4679307116104869 0.5675912921348315 0.47495318352059923 0.5716292134831461 0.48080524344569286 0.5723314606741573 0.48384831460674155 0.5753160112359551 0.48735955056179775 0.578125 0.4892322097378277 0.5856741573033708 0.488998127340824 0.5925210674157303 0.48384831460674155 0.5949789325842697 0.47659176029962547 0.5956811797752809 0.4660580524344569 0.594627808988764 0.4595037453183521 0.5930477528089888 0.45552434456928836 0.5898876404494382 0.45107677902621723 0.5811095505617978 0.4477996254681648 0.5742626404494382 0.44709737827715357 0.5704002808988764 0.44897003745318353 0.5677668539325843 0.4517790262172285
0 0.5721558988764045 0.4147940074906367 0.5725070224719101 0.43164794007490637 0.5742626404494382 0.43679775280898875 0.5777738764044944 0.4421816479400749 0.5805828651685393 0.44288389513108617 0.5844452247191011 0.4461610486891386 0.5888342696629213 0.4461610486891386 0.5919943820224719 0.44358614232209737 0.598314606741573 0.43562734082397003 0.5977879213483146 0.43211610486891383 0.5988412921348315 0.4307116104868914 0.5991924157303371 0.42790262172284643 0.598314606741573 0.42532771535580527 0.5988412921348315 0.4208801498127341 0.5977879213483146 0.41713483146067415 0.5998946629213483 0.412687265917603 0.6023525280898876 0.41245318352059923 0.6034058988764045 0.4112827715355805 0.6021769662921348 0.4075374531835206 0.6005969101123596 0.4066011235955056 0.5967345505617978 0.40777153558052437 0.5955056179775281 0.4101123595505618 0.5811095505617978 0.4080056179775281 0.5746137640449438 0.4112827715355805
0 0.5398525280898876 0.41853932584269665 0.5368679775280899 0.4288389513108614 0.5405547752808989 0.4332865168539326 0.5430126404494382 0.43913857677902624 0.5417837078651685 0.4461610486891386 0.5433637640449438 0.4508426966292135 0.550561797752809 0.45014044943820225 0.5554775280898876 0.44709737827715357 0.5626755617977528 0.44499063670411987 0.5658356741573034 0.44241573033707865 0.5691713483146067 0.43562734082397003 0.5675912921348315 0.43047752808988765 0.5674157303370787 0.4178370786516854 0.566186797752809 0.41409176029962547 0.5623244382022472 0.41034644194756553 0.5500351123595506 0.40777153558052437 0.5426615168539326 0.41175093632958804
0 0.5663623595505618 0.38881086142322097 0.5667134831460674 0.3981741573033708 0.5739115168539326 0.40636704119850187 0.5749648876404494 0.4068352059925094 0.582689606741573 0.4049625468164794 0.5919943820224719 0.4014513108614232 0.5962078651685393 0.39840823970037453 0.6000702247191011 0.3937265917602996 0.6016502808988764 0.3904494382022472 0.6027036516853933 0.38412921348314605 0.6025280898876404 0.37640449438202245 0.6002457865168539 0.36961610486891383 0.5953300561797753 0.363998127340824 0.5895365168539326 0.3616573033707865 0.5814606741573034 0.3625936329588015 0.5768960674157303 0.36493445692883897 0.5739115168539326 0.3693820224719101
0 0.6058637640449438 0.37312734082397003 0.6049859550561798 0.38647003745318353 0.6062148876404494 0.39232209737827717 0.605688202247191 0.39396067415730335 0.6079705056179775 0.39536516853932585 0.609375 0.39747191011235955 0.6162219101123596 0.3993445692883895 0.6228932584269663 0.3981741573033708 0.6285112359550562 0.3946629213483146 0.6316713483146067 0.39021535580524347 0.632373595505618 0.38717228464419473 0.6325491573033708 0.3796816479400749 0.6314957865168539 0.3728932584269663 0.6300912921348315 0.3693820224719101 0.6255266853932584 0.36563670411985016 0.620435393258427 0.3642322097378277 0.6151685393258427 0.36493445692883897 0.6083216292134831 0.36914794007490637
0 0.6049859550561798 0.33192883895131087 0.6032303370786517 0.3455056179775281 0.5997191011235955 0.35580524344569286 0.601123595505618 0.3583801498127341 0.6127106741573034 0.36493445692883897 0.6190308988764045 0.362125468164794 0.6234199438202247 0.36282771535580527 0.6265800561797753 0.3616573033707865 0.6307935393258427 0.35697565543071164 0.6329002808988764 0.3527621722846442 0.6341292134831461 0.34386704119850187 0.6336025280898876 0.33824906367041196 0.6318469101123596 0.3312265917602996 0.6336025280898876 0.3279494382022472 0.6341292134831461 0.324438202247191 0.6321980337078652 0.3211610486891386 0.6300912921348315 0.32045880149812733 0.6290379213483146 0.323501872659176 0.6271067415730337 0.32514044943820225 0.6230688202247191 0.32467228464419473 0.6183286516853933 0.3227996254681648 0.6127106741573034 0.323501872659176 0.6086727528089888 0.3265449438202247
0 0.5733848314606742 0.336376404494382 0.5732092696629213 0.3419943820224719 0.5746137640449438 0.3527621722846442 0.5779494382022472 0.35767790262172283 0.5842696629213483 0.36025280898876405 0.5919943820224719 0.3595505617977528 0.5963834269662921 0.35603932584269665 0.6007724719101124 0.34831460674157305 0.6027036516853933 0.33848314606741575 0.6025280898876404 0.3347378277153558 0.5995435393258427 0.3265449438202247 0.5955056179775281 0.32186329588014984 0.5898876404494382 0.31999063670411987 0.5837429775280899 0.32092696629213485 0.5797050561797753 0.323501872659176 0.5747893258426966 0.33029026217228463
0 0.5445926966292135 0.33192883895131087 0.5442415730337079 0.3419943820224719 0.5428370786516854 0.34527153558052437 0.5428370786516854 0.3471441947565543 0.5435393258426966 0.352059925093633 0.545997191011236 0.35580524344569286 0.5533707865168539 0.3586142322097378 0.5605688202247191 0.3579119850187266 0.5654845505617978 0.35557116104868913 0.5686446629213483 0.35042134831460675 0.5705758426966292 0.3347378277153558 0.5686446629213483 0.32631086142322097 0.5667134831460674 0.32209737827715357 0.5644311797752809 0.31952247191011235 0.5582865168539326 0.3176498127340824 0.5517907303370787 0.3190543071161049 0.5479283707865169 0.32303370786516855 0.5458216292134831 0.3270131086142322
1 0.5548999297752809 0.38167837078651684 0.02131671348314607 0.03457865168539326