1 0.3806794241573034 0.339810393258427 0.0169750702247191 0.025751404494382023
1 0.4050421348314607 0.33789325842696627 0.0200561797752809 0.03127808988764045
1 0.37988061797752815 0.4173946629213483 0.01772120786516854 0.031107209737827712
1 0.3774403089887641 0.5360205992509364 0.02337254213483146 0.034274344569288386
1 0.37325667134831464 0.6169007490636704 0.0196875 0.02593867041198502
1 0.461971558988764 0.6166900749063671 0.021557233146067417 0.027073970037453182
1 0.436060393258427 0.5010955056179774 0.022401685393258427 0.02684925093632959
1 0.4645540730337078 0.53937265917603 0.02554950842696629 0.03161750936329588
1 0.4671207865168539 0.49899110486891385 0.023662219101123597 0.030442415730337083
1 0.46738764044943815 0.4608871722846442 0.021853932584269663 0.030702247191011237
1 0.5198683286516854 0.5820833333333333 0.020308988764044945 0.0280875468164794
1 0.5830372191011236 0.5875046816479401 0.024924508426966294 0.035809925093632955
1 0.5829652387640449 0.6265777153558052 0.02126931179775281 0.02968632958801498
1 0.5508128511235955 0.6642977528089888 0.02016502808988764 0.025536048689138578
1 0.5536657303370787 0.504627808988764 0.021190308988764044 0.029232209737827714
1 0.5512377106741573 0.466624531835206 0.017503511235955057 0.02344803370786517
1 0.6137464887640449 0.4263600187265918 0.023139044943820228 0.028747659176029963
1 0.40681004213483146 0.3762921348314607 0.02125 0.02849016853932584
2 0.6466525632022472 0.3089887640449438 0.350234375 0.29840332397003744 0.3416116573033708 0.6930180243445693 0.638048279494382 0.7016437265917603
0 0.35445926966292135 0.36025280898876405 0.35445926966292135 0.3677434456928839 0.3577949438202247 0.37780898876404495 0.36622191011235955 0.38412921348314605 0.36990870786516855 0.3838951310861423 0.3730688202247191 0.38506554307116103 0.38377808988764045 0.37312734082397003 0.38360252808988765 0.3682116104868914 0.3807935393258427 0.36750936329588013 0.37991573033707865 0.3650905898876404 0.37956460674157305 0.35978464419475653 0.37816011235955055 0.35580524344569286 0.37447331460674155 0.35042134831460675 0.36990870786516855 0.3466760299625468 0.3656952247191011 0.34573970037453183 0.36025280898876405 0.34831460674157305 0.3572682584269663 0.35252808988764045
0 0.4043188202247191 0.37570224719101125 0.40379213483146065 0.3806179775280899 0.40502106741573035 0.38342696629213485 0.41327247191011235 0.3904494382022472 0.41485252808988765 0.3937265917602996 0.4183637640449438 0.397940074906367 0.4222261235955056 0.39864232209737827 0.4259129213483146 0.39747191011235955 0.430126404494382 0.3946629213483146 0.4332865168539326 0.39396067415730335 0.4357443820224719 0.39091760299625467 0.43486657303370785 0.3862359550561798 0.4375 0.3771067415730337 0.4378511235955056 0.37312734082397003 0.43223314606741575 0.36025280898876405 0.4216994382022472 0.35720973782771537 0.40765449438202245 0.36587078651685395 0.40572331460674155 0.36961610486891383 0.4060744382022472 0.37125468164794007 0.40730337078651685 0.37219101123595505 0.40625 0.37429775280898875 0.4044943820224719 0.37476591760299627
0 0.4137991573033708 0.3291198501872659 0.4143258426966292 0.33801498127340823 0.41924157303370785 0.34925093632958804 0.4215238764044944 0.35042134831460675 0.43082865168539325 0.35135767790262173 0.43697331460674155 0.3485486891385768 0.44030898876404495 0.33146067415730335 0.43802668539325845 0.32467228464419473 0.4353932584269663 0.31999063670411987 0.4318820224719101 0.3176498127340824 0.4241573033707865 0.3167134831460674 0.41871488764044945 0.3197565543071161 0.41537921348314605 0.32420411985018727
0 0.44452247191011235 0.33146067415730335 0.44469803370786515 0.34176029962546817 0.44224016853932585 0.3487827715355805 0.44259129213483145 0.3532303370786517 0.4431179775280899 0.35557116104868913 0.4496137640449438 0.3625936329588015 0.4533005617977528 0.363061797752809 0.45575842696629215 0.3609550561797753 0.46787219101123595 0.35557116104868913 0.4727879213483146 0.3522940074906367 0.4748946629213483 0.34901685393258425 0.47594803370786515 0.33497191011235955 0.4745435393258427 0.33169475655430714 0.47191011235955055 0.3291198501872659 0.4668188202247191 0.3190543071161049 0.46348314606741575 0.3192883895131086 0.460498595505618 0.31741573033707865 0.4573384831460674 0.3169475655430712 0.4529494382022472 0.3188202247191011 0.4471558988764045 0.324438202247191 0.4454002808988764 0.32771535580524347
0 0.45417837078651685 0.3728932584269663 0.45400280898876405 0.3806179775280899 0.4548806179775281 0.38436329588014984 0.4575140449438202 0.3904494382022472 0.45997191011235955 0.39279026217228463 0.4666432584269663 0.3958333333333333 0.4706811797752809 0.3958333333333333 0.47542134831460675 0.39489700374531833 0.4785814606741573 0.3916198501872659 0.48103932584269665 0.38108614232209737 0.48103932584269665 0.374063670411985 0.47981039325842695 0.36891385767790263 0.47577247191011235 0.36235955056179775 0.4706811797752809 0.3600187265917603 0.4666432584269663 0.3595505617977528 0.46348314606741575 0.36025280898876405 0.45593398876404495 0.3677434456928839
0 0.386938202247191 0.39653558052434457 0.3867626404494382 0.40472846441947563 0.3885182584269663 0.40870786516853935 0.38922050561797755 0.4190074906367041 0.3923806179775281 0.42532771535580527 0.3965941011235955 0.42954119850187267 0.4039676966292135 0.4328183520599251 0.4085323033707865 0.4328183520599251 0.4123946629213483 0.4309456928838951 0.4137991573033708 0.42790262172284643 0.41713483146067415 0.42392322097378277 0.41853932584269665 0.4190074906367041 0.41906601123595505 0.40636704119850187 0.418188202247191 0.40098314606741575 0.41537921348314605 0.39653558052434457 0.4085323033707865 0.3913857677902622 0.39764747191011235 0.38670411985018727 0.3904494382022472 0.3890449438202247 0.38781601123595505 0.39325842696629215
0 0.3530547752808989 0.44241573033707865 0.3532303370786517 0.4529494382022472 0.35445926966292135 0.45646067415730335 0.3591994382022472 0.46301498127340823 0.36200842696629215 0.4653558052434457 0.3670997191011236 0.4660580524344569 0.37201544943820225 0.46512172284644193 0.3769311797752809 0.46348314606741575 0.3813202247191011 0.45997191011235955 0.38026685393258425 0.4583333333333333 0.37991573033707865 0.45529026217228463 0.3825491573033708 0.449438202247191 0.38149578651685395 0.44686329588014984 0.3804424157303371 0.43913857677902624 0.37763342696629215 0.43375468164794007 0.37201544943820225 0.42813670411985016 0.366748595505618 0.42696629213483145 0.3616573033707865 0.42813670411985016 0.3590238764044944 0.4302434456928839 0.3551615168539326 0.4353932584269663
0 0.38570926966292135 0.438436329588015 0.38553370786516855 0.44499063670411987 0.3865870786516854 0.45997191011235955 0.38799157303370785 0.4669943820224719 0.3908005617977528 0.46980337078651685 0.39396067415730335 0.4758895131086142 0.39747191011235955 0.477059925093633 0.4044943820224719 0.4747191011235955 0.4097612359550562 0.47542134831460675 0.41134129213483145 0.47659176029962547 0.4141502808988764 0.47331460674157305 0.41537921348314605 0.47331460674157305 0.4164325842696629 0.477059925093633 0.4143258426966292 0.48080524344569286 0.4183637640449438 0.48314606741573035 0.42082162921348315 0.48057116104868913 0.421875 0.4737827715355805 0.4199438202247191 0.4721441947565543 0.41871488764044945 0.4653558052434457 0.41889044943820225 0.4473314606741573 0.4176615168539326 0.4421816479400749 0.41537921348314605 0.43820224719101125 0.4081811797752809 0.4330524344569288 0.4039676966292135 0.43352059925093633 0.39378511235955055 0.4297752808988764 0.39167837078651685 0.4307116104868914 0.3883426966292135 0.4342228464419476
0 0.42485955056179775 0.45646067415730335 0.42433286516853935 0.46558988764044945 0.42503511235955055 0.4737827715355805 0.4257373595505618 0.476123595505618 0.42837078651685395 0.47869850187265917 0.430126404494382 0.48384831460674155 0.42872191011235955 0.48782771535580527 0.43047752808988765 0.488998127340824 0.43293539325842695 0.4897003745318352 0.4376755617977528 0.48782771535580527 0.43995786516853935 0.4833801498127341 0.449438202247191 0.4737827715355805 0.4508426966292135 0.4705056179775281 0.45049157303370785 0.46348314606741575 0.44820926966292135 0.4538857677902622 0.4454002808988764 0.4506086142322097 0.4394311797752809 0.44803370786516855 0.4353932584269663 0.44803370786516855 0.4278441011235955 0.4520131086142322
0 0.38992275280898875 0.4887640449438202 0.38974719101123595 0.49204119850187267 0.39115168539325845 0.5014044943820225 0.39343398876404495 0.5063202247191011 0.3962429775280899 0.5091292134831461 0.40150983146067415 0.5112359550561798 0.40870786516853935 0.5114700374531835 0.41292134831460675 0.5077247191011236 0.41520365168539325 0.5023408239700374 0.4160814606741573 0.49461610486891383 0.41537921348314605 0.4875936329588015 0.41274578651685395 0.4824438202247191 0.4080056179775281 0.4777621722846442 0.40519662921348315 0.47659176029962547 0.4004564606741573 0.47659176029962547 0.3941362359550562 0.47963483146067415 0.390625 0.48431647940074907
0 0.3574438202247191 0.49461610486891383 0.3534058988764045 0.5117041198501873 0.3534058988764045 0.5156835205992509 0.3549859550561798 0.5191947565543071 0.3591994382022472 0.523876404494382 0.36253511235955055 0.5259831460674157 0.3706109550561798 0.5236423220973783 0.382373595505618 0.5163857677902621 0.3871137640449438 0.5070224719101124 0.38728932584269665 0.5030430711610487 0.38606039325842695 0.49836142322097376 0.3846558988764045 0.48431647940074907 0.3804424157303371 0.48057116104868913 0.3734199438202247 0.4791666666666667 0.36639747191011235 0.4803370786516854 0.36218398876404495 0.48384831460674155 0.3591994382022472 0.488061797752809
0 0.42521067415730335 0.4014513108614232 0.42450842696629215 0.40519662921348315 0.4216994382022472 0.4110486891385768 0.4216994382022472 0.4157303370786517 0.42310393258426965 0.42158239700374533 0.42503511235955055 0.42368913857677903 0.42679073033707865 0.42813670411985016 0.42872191011235955 0.4286048689138577 0.4297752808988764 0.43047752808988765 0.4334620786516854 0.4332865168539326 0.4376755617977528 0.4344569288389513 0.43820224719101125 0.43890449438202245 0.4390800561797753 0.43913857677902624 0.44030898876404495 0.43515917602996257 0.44610252808988765 0.42930711610486894 0.4475070224719101 0.42532771535580527 0.4469803370786517 0.40472846441947563 0.4413623595505618 0.397940074906367 0.43644662921348315 0.39630149812734083 0.43065308988764045 0.3981741573033708 0.42872191011235955 0.397940074906367
0 0.45207162921348315 0.40777153558052437 0.4527738764044944 0.41198501872659177 0.4510182584269663 0.4143258426966292 0.4515449438202247 0.41760299625468167 0.4511938202247191 0.42181647940074907 0.453125 0.4286048689138577 0.45610955056179775 0.43562734082397003 0.45804073033707865 0.43796816479400746 0.46014747191011235 0.4396067415730337 0.46769662921348315 0.4405430711610487 0.47173455056179775 0.4396067415730337 0.4768258426966292 0.4353932584269663 0.47963483146067415 0.4288389513108614 0.47963483146067415 0.4143258426966292 0.4785814606741573 0.4101123595505618 0.47594803370786515 0.4058988764044944 0.4708567415730337 0.4033239700374532 0.4668188202247191 0.40262172284644193 0.4629564606741573 0.40308988764044945 0.46207865168539325 0.40426029962546817
0 0.4841994382022472 0.3227996254681648 0.4841994382022472 0.3309925093632959 0.48542837078651685 0.33614232209737827 0.48507724719101125 0.34176029962546817 0.48700842696629215 0.34527153558052437 0.48753511235955055 0.350187265917603 0.48893960674157305 0.3518258426966292 0.49104634831460675 0.3527621722846442 0.4938553370786517 0.3522940074906367 0.49683988764044945 0.35042134831460675 0.5026334269662921 0.3487827715355805 0.5047401685393258 0.3450374531835206 0.5071980337078652 0.3429307116104869 0.5100070224719101 0.33286516853932585 0.5105337078651685 0.32256554307116103 0.5091292134831461 0.3171816479400749 0.5066713483146067 0.313436329588015 0.5012289325842697 0.3103932584269663 0.4943820224719101 0.31015917602996257 0.48946629213483145 0.313436329588015 0.484375 0.3211610486891386
0 0.48560393258426965 0.37336142322097376 0.48542837078651685 0.37874531835205993 0.4864817415730337 0.3838951310861423 0.48964185393258425 0.3892790262172285 0.4922752808988764 0.39091760299625467 0.5050912921348315 0.3937265917602996 0.5128160112359551 0.3904494382022472 0.5135182584269663 0.38670411985018727 0.5152738764044944 0.3848314606741573 0.5179073033707865 0.37663857677902624 0.5180828651685393 0.3672752808988764 0.5170294943820225 0.3625936329588015 0.5121137640449438 0.3548689138576779 0.508251404494382 0.3529962546816479 0.5012289325842697 0.3518258426966292 0.49315308988764045 0.3565074906367041 0.48929073033707865 0.36235955056179775
0 0.4859550561797753 0.40074906367041196 0.4847261235955056 0.40987827715355807 0.4861306179775281 0.41853932584269665 0.48735955056179775 0.42134831460674155 0.49122191011235955 0.42532771535580527 0.5015800561797753 0.4272003745318352 0.5086025280898876 0.42064606741573035 0.5101825842696629 0.4122191011235955 0.5098314606741573 0.4056647940074906 0.5091292134831461 0.40308988764044945 0.5050912921348315 0.3960674157303371 0.4982443820224719 0.39325842696629215 0.49473314606741575 0.39325842696629215 0.4887640449438202 0.39653558052434457
0 0.48139044943820225 0.44920411985018727 0.48121488764044945 0.45692883895131087 0.4820926966292135 0.46324906367041196 0.48560393258426965 0.46769662921348315 0.49122191011235955 0.47120786516853935 0.49525983146067415 0.4714419475655431 0.5007022471910112 0.46886704119850187 0.5057935393258427 0.45997191011235955 0.5061446629213483 0.4517790262172285 0.5050912921348315 0.4461610486891386 0.5019311797752809 0.44147940074906367 0.49490870786516855 0.43796816479400746 0.4906952247191011 0.43796816479400746 0.48542837078651685 0.4410112359550562 0.48349719101123595 0.44358614232209737
0 0.4787570224719101 0.49461610486891383 0.47910814606741575 0.5058520599250936 0.48139044943820225 0.5126404494382022 0.48384831460674155 0.516619850187266 0.48771067415730335 0.5180243445692884 0.4982443820224719 0.5177902621722846 0.5015800561797753 0.5175561797752809 0.5042134831460674 0.5154494382022472 0.5042134831460674 0.511938202247191 0.5070224719101124 0.5053838951310862 0.5063202247191011 0.49508426966292135 0.5031601123595506 0.48618913857677903 0.5015800561797753 0.48408239700374533 0.4984199438202247 0.48220973782771537 0.4919241573033708 0.48057116104868913 0.4878862359550562 0.48103932584269665 0.48156601123595505 0.48642322097378277 0.47981039325842695 0.4897003745318352
0 0.47559691011235955 0.5390917602996255 0.47577247191011235 0.5491573033707865 0.47735252808988765 0.5573501872659176 0.48103932584269665 0.5608614232209738 0.4878862359550562 0.5641385767790262 0.49157303370786515 0.5641385767790262 0.49666432584269665 0.5615636704119851 0.5019311797752809 0.5571161048689138 0.5026334269662921 0.5554775280898876 0.503686797752809 0.547752808988764 0.5028089887640449 0.5374531835205992 0.49929775280898875 0.5299625468164794 0.49490870786516855 0.525749063670412 0.49139747191011235 0.5245786516853933 0.48753511235955055 0.5245786516853933 0.4841994382022472 0.5259831460674157 0.47787921348314605 0.5327715355805244
0 0.48174157303370785 0.5779494382022472 0.48139044943820225 0.5814606741573034 0.4824438202247191 0.5842696629213483 0.4826193820224719 0.5955056179775281 0.48384831460674155 0.5990168539325843 0.4922752808988764 0.6022940074906367 0.4980688202247191 0.6032303370786517 0.5017556179775281 0.6020599250936329 0.5057935393258427 0.5987827715355806 0.508251404494382 0.5884831460674157 0.5086025280898876 0.5809925093632958 0.5057935393258427 0.5706928838951311 0.5031601123595506 0.5676498127340824 0.4982443820224719 0.5648408239700374 0.48753511235955055 0.5671816479400749 0.4841994382022472 0.5709269662921348
0 0.4529494382022472 0.5802902621722846 0.45259831460674155 0.5849719101123596 0.4533005617977528 0.5917602996254682 0.45558286516853935 0.599250936329588 0.45768960674157305 0.6018258426966292 0.46348314606741575 0.6046348314606742 0.47015449438202245 0.6039325842696629 0.47366573033707865 0.6022940074906367 0.4762991573033708 0.5987827715355806 0.476123595505618 0.5955056179775281 0.4785814606741573 0.588249063670412 0.47770365168539325 0.5786516853932584 0.4741924157303371 0.5695224719101124 0.4703300561797753 0.5653089887640449 0.46743328651685395 0.5655430711610487 0.4627808988764045 0.5641385767790262 0.4608497191011236 0.5657771535580525 0.4566362359550562 0.5671816479400749 0.4566362359550562 0.5720973782771536
0 0.42099719101123595 0.5779494382022472 0.42099719101123595 0.5849719101123596 0.4241573033707865 0.5917602996254682 0.42643960674157305 0.5945692883895131 0.4320575842696629 0.5987827715355806 0.4353932584269663 0.5997191011235955 0.44048455056179775 0.5978464419475655 0.44434691011235955 0.5933988764044944 0.4469803370786517 0.588249063670412 0.44978932584269665 0.5781835205992509 0.4476825842696629 0.5676498127340824 0.44610252808988765 0.5650749063670412 0.4397823033707865 0.5601591760299626 0.4332865168539326 0.5587546816479401 0.4239817415730337 0.56062734082397 0.42485955056179775 0.5627340823970037 0.4216994382022472 0.5704588014981273
0 0.3904494382022472 0.5641385767790262 0.38974719101123595 0.5676498127340824 0.3909761235955056 0.5685861423220974 0.3923806179775281 0.5723314606741573 0.3922050561797753 0.5781835205992509 0.39325842696629215 0.5812265917602997 0.3922050561797753 0.5859082397003745 0.39536516853932585 0.5898876404494382 0.4008075842696629 0.5924625468164794 0.4080056179775281 0.5924625468164794 0.4120435393258427 0.5894194756554307 0.41537921348314605 0.5849719101123596 0.4162570224719101 0.5732677902621723 0.4155547752808989 0.56437265917603 0.4123946629213483 0.5601591760299626 0.4078300561797753 0.5559456928838952 0.4041432584269663 0.5561797752808989 0.4008075842696629 0.5545411985018727 0.3941362359550562 0.5585205992509363
0 0.3479634831460674 0.5798220973782772 0.3472612359550562 0.588249063670412 0.3481390449438202 0.5924625468164794 0.3518258426966292 0.6004213483146067 0.3551615168539326 0.6032303370786517 0.3570926966292135 0.6036985018726592 0.36622191011235955 0.6039325842696629 0.36990870786516855 0.6022940074906367 0.37377106741573035 0.5973782771535581 0.37816011235955055 0.5950374531835206 0.37991573033707865 0.5917602996254682 0.3813202247191011 0.5852059925093633 0.3772823033707865 0.5706928838951311 0.37780898876404495 0.5674157303370787 0.3734199438202247 0.5639044943820225 0.3693820224719101 0.56437265917603 0.3653441011235955 0.5634363295880149 0.35639044943820225 0.5674157303370787 0.35059691011235955 0.572565543071161
0 0.34638342696629215 0.6619850187265918 0.34638342696629215 0.6718164794007491 0.3479634831460674 0.6783707865168539 0.351123595505618 0.6823501872659176 0.3558637640449438 0.6839887640449438 0.36253511235955055 0.6837546816479401 0.36587078651685395 0.6816479400749064 0.3688553370786517 0.6767322097378277 0.371313202247191 0.6659644194756554 0.3707865168539326 0.6577715355805244 0.3693820224719101 0.651685393258427 0.36639747191011235 0.6472378277153558 0.3591994382022472 0.6467696629213483 0.352001404494382 0.6514513108614233 0.34849016853932585 0.6563670411985019
0 0.3772823033707865 0.6661985018726592 0.3771067415730337 0.6786048689138576 0.37780898876404495 0.6816479400749064 0.38149578651685395 0.6872659176029963 0.3862359550561798 0.6900749063670412 0.3904494382022472 0.6910112359550562 0.39396067415730335 0.6900749063670412 0.4006320224719101 0.6832865168539326 0.4027387640449438 0.6788389513108615 0.4027387640449438 0.6640917602996255 0.3981741573033708 0.6563670411985019 0.3941362359550562 0.653558052434457 0.38764044943820225 0.6537921348314607 0.38184691011235955 0.6563670411985019 0.37798455056179775 0.6615168539325843
0 0.37429775280898875 0.6261704119850188 0.37394662921348315 0.6336610486891385 0.37605337078651685 0.636938202247191 0.37570224719101125 0.6406835205992509 0.3767556179775281 0.6423220973782772 0.38360252808988765 0.6448970037453183 0.3867626404494382 0.6434925093632958 0.3908005617977528 0.6446629213483146 0.3946629213483146 0.6413857677902621 0.39747191011235955 0.6348314606741573 0.39940308988764045 0.62312734082397 0.3964185393258427 0.6158707865168539 0.39202949438202245 0.6114232209737828 0.38360252808988765 0.6097846441947565 0.37640449438202245 0.6163389513108615
0 0.4066011235955056 0.650749063670412 0.4058988764044944 0.6680711610486891 0.4066011235955056 0.6720505617977528 0.40625 0.6757958801498127 0.4078300561797753 0.6797752808988764 0.41116573033707865 0.6830524344569289 0.41502808988764045 0.6835205992509363 0.41853932584269665 0.6828183520599251 0.4238061797752809 0.6788389513108615 0.42714185393258425 0.6750936329588015 0.42854634831460675 0.6694756554307116 0.43258426966292135 0.6647940074906367 0.4332865168539326 0.6563670411985019 0.4311797752808989 0.647003745318352 0.4294241573033708 0.6441947565543071 0.4259129213483146 0.6409176029962547 0.4220505617977528 0.6395131086142322 0.41467696629213485 0.6402153558052435 0.4102879213483146 0.6427902621722846
0 0.4064255617977528 0.6137640449438202 0.40677668539325845 0.62312734082397 0.4078300561797753 0.62687265917603 0.409936797752809 0.6299157303370787 0.41537921348314605 0.6343632958801498 0.4222261235955056 0.635065543071161 0.42696629213483145 0.6308520599250936 0.42854634831460675 0.6266385767790262 0.4320575842696629 0.6093164794007491 0.42854634831460675 0.6081460674157303 0.4273174157303371 0.6044007490636704 0.425561797752809 0.6020599250936329 0.4220505617977528 0.6008895131086143 0.41660814606741575 0.6008895131086143 0.413623595505618 0.6018258426966292 0.4102879213483146 0.6046348314606742
0 0.43995786516853935 0.6540262172284644 0.44048455056179775 0.6647940074906367 0.44259129213483145 0.6687734082397003 0.44610252808988765 0.6729868913857678 0.4490870786516854 0.6743913857677902 0.4529494382022472 0.6732209737827716 0.4569873595505618 0.6701779026217228 0.4585674157303371 0.6683052434456929 0.4612008426966292 0.6615168539325843 0.46190308988764045 0.653558052434457 0.46032303370786515 0.647003745318352 0.45821629213483145 0.6441947565543071 0.4533005617977528 0.641619850187266 0.4490870786516854 0.6418539325842697 0.4454002808988764 0.6437265917602997 0.44206460674157305 0.6474719101123596
0 0.46875 0.6580056179775281 0.46769662921348315 0.665496254681648 0.46769662921348315 0.6715823970037453 0.46927668539325845 0.6750936329588015 0.4703300561797753 0.6764981273408239 0.472436797752809 0.6772003745318352 0.47366573033707865 0.6800093632958801 0.47155898876404495 0.6821161048689138 0.4727879213483146 0.68562734082397 0.48121488764044945 0.6860955056179775 0.48771067415730335 0.6851591760299626 0.491748595505618 0.6821161048689138 0.49543539325842695 0.6725187265917603 0.4964887640449438 0.6643258426966292 0.49297752808988765 0.6521535580524345 0.49104634831460675 0.6491104868913857 0.484375 0.6467696629213483 0.47717696629213485 0.6460674157303371 0.47366573033707865 0.6491104868913857 0.4703300561797753 0.6540262172284644
0 0.5115870786516854 0.6680711610486891 0.5115870786516854 0.6786048689138576 0.5135182584269663 0.6837546816479401 0.5170294943820225 0.6886704119850188 0.5224719101123596 0.6910112359550562 0.5287921348314607 0.6907771535580525 0.5328300561797753 0.6891385767790262 0.5352879213483146 0.68562734082397 0.5373946629213483 0.6779026217228464 0.5377457865168539 0.6690074906367042 0.5365168539325843 0.6640917602996255 0.5330056179775281 0.6587078651685393 0.53125 0.6573033707865169 0.5261587078651685 0.6554307116104869 0.5217696629213483 0.6563670411985019 0.5150983146067416 0.660814606741573
0 0.4743679775280899 0.6219569288389513 0.4741924157303371 0.6303838951310862 0.47559691011235955 0.6364700374531835 0.4741924157303371 0.6404494382022472 0.47524578651685395 0.6411516853932584 0.4840238764044944 0.6448970037453183 0.4878862359550562 0.6448970037453183 0.496313202247191 0.6420880149812734 0.4980688202247191 0.6399812734082397 0.5 0.635065543071161 0.5010533707865169 0.6303838951310862 0.5003511235955056 0.6228932584269663 0.4957865168539326 0.6093164794007491 0.49490870786516855 0.6086142322097379 0.4903441011235955 0.6076779026217228 0.4841994382022472 0.6093164794007491 0.4780547752808989 0.6147003745318352
0 0.5054424157303371 0.6058052434456929 0.5059691011235955 0.613061797752809 0.5049157303370787 0.62687265917603 0.5094803370786517 0.6336610486891385 0.5126404494382022 0.6357677902621723 0.5194873595505618 0.636938202247191 0.5235252808988764 0.6352996254681648 0.5272120786516854 0.6322565543071161 0.5296699438202247 0.6289794007490637 0.5316011235955056 0.62312734082397 0.5319522471910112 0.6156367041198502 0.5307233146067416 0.6095505617977528 0.5282654494382022 0.6053370786516854 0.5226474719101124 0.6013576779026217 0.5179073033707865 0.6004213483146067 0.5133426966292135 0.601123595505618 0.5121137640449438 0.6025280898876404 0.5086025280898876 0.6022940074906367 0.507373595505618 0.6053370786516854
0 0.545997191011236 0.62687265917603 0.5458216292134831 0.6345973782771536 0.5466994382022472 0.6406835205992509 0.5482794943820225 0.6439606741573034 0.5519662921348315 0.6477059925093633 0.5572331460674157 0.6505149812734082 0.5610955056179775 0.650749063670412 0.5654845505617978 0.6481741573033708 0.5686446629213483 0.6439606741573034 0.5709269662921348 0.6374063670411985 0.570751404494382 0.6301498127340824 0.5674157303370787 0.6198501872659176 0.5642556179775281 0.6161048689138576 0.5609199438202247 0.6142322097378277 0.5568820224719101 0.6142322097378277 0.5528441011235955 0.6163389513108615 0.5498595505617978 0.6158707865168539 0.5496839887640449 0.6189138576779026 0.5479283707865169 0.6205524344569289 0.547752808988764 0.6233614232209738
0 0.5582865168539326 0.6753277153558053 0.557935393258427 0.6788389513108615 0.5603932584269663 0.6858614232209738 0.5642556179775281 0.6905430711610487 0.5677668539325843 0.6917134831460674 0.5740870786516854 0.6914794007490637 0.5853230337078652 0.6886704119850188 0.590063202247191 0.6842228464419475 0.5923455056179775 0.6797752808988764 0.5949789325842697 0.6718164794007491 0.5925210674157303 0.6584737827715356 0.5905898876404494 0.6542602996254682 0.5902387640449438 0.6509831460674157 0.5814606741573034 0.6477059925093633 0.573560393258427 0.6479400749063671 0.5702247191011236 0.6491104868913857 0.5672401685393258 0.6533239700374532 0.5605688202247191 0.6673689138576779
0 0.602001404494382 0.6692415730337079 0.6016502808988764 0.6764981273408239 0.6023525280898876 0.6821161048689138 0.6042837078651685 0.6865636704119851 0.6090238764044944 0.6940543071161048 0.6142907303370787 0.6970973782771536 0.6225421348314607 0.697565543071161 0.6272823033707865 0.6952247191011236 0.6306179775280899 0.6905430711610487 0.6334269662921348 0.6786048689138576 0.6336025280898876 0.6715823970037453 0.6302668539325843 0.6631554307116105 0.6265800561797753 0.658941947565543 0.6199087078651685 0.6568352059925093 0.610252808988764 0.6573033707865169 0.6044592696629213 0.661750936329588
0 0.6016502808988764 0.6264044943820225 0.6018258426966292 0.6301498127340824 0.6007724719101124 0.6336610486891385 0.6018258426966292 0.6367041198501873 0.6009480337078652 0.6406835205992509 0.6028792134831461 0.6474719101123596 0.6055126404494382 0.6486423220973783 0.609375 0.6533239700374532 0.6127106741573034 0.6551966292134831 0.6232443820224719 0.6549625468164794 0.6264044943820225 0.6537921348314607 0.6285112359550562 0.6514513108614233 0.6320224719101124 0.6413857677902621 0.632373595505618 0.6334269662921348 0.6302668539325843 0.62687265917603 0.6244733146067416 0.6191479400749064 0.6197331460674157 0.6163389513108615 0.6123595505617978 0.6158707865168539 0.6091994382022472 0.6175093632958801 0.6058637640449438 0.6158707865168539 0.6055126404494382 0.6168071161048689 0.6069171348314607 0.6177434456928839 0.6065660112359551 0.6203183520599251 0.6042837078651685 0.6214887640449438
0 0.5995435393258427 0.5884831460674157 0.6000702247191011 0.5955056179775281 0.6027036516853933 0.6034644194756554 0.6077949438202247 0.6076779026217228 0.6163974719101124 0.6118913857677902 0.6207865168539326 0.6118913857677902 0.6283356741573034 0.6072097378277154 0.6299157303370787 0.6058052434456929 0.6313202247191011 0.6008895131086143 0.6320224719101124 0.5948033707865169 0.6292134831460674 0.5830992509363296 0.6278089887640449 0.5805243445692884 0.624122191011236 0.5767790262172284 0.6197331460674157 0.5746722846441947 0.6121839887640449 0.574438202247191 0.6074438202247191 0.5765449438202247 0.6007724719101124 0.584503745318352
0 0.6035814606741573 0.5500936329588015 0.6025280898876404 0.5571161048689138 0.6032303370786517 0.5610955056179775 0.6072682584269663 0.5685861423220974 0.6109550561797753 0.5718632958801498 0.6234199438202247 0.5720973782771536 0.6288623595505618 0.5650749063670412 0.6309691011235955 0.56062734082397 0.6306179775280899 0.5503277153558053 0.6283356741573034 0.5442415730337079 0.6223665730337079 0.5381554307116105 0.6179775280898876 0.5355805243445693 0.6160463483146067 0.5351123595505618 0.6097261235955056 0.5369850187265918 0.6046348314606742 0.5463483146067416
0 0.5691713483146067 0.5390917602996255 0.5695224719101124 0.5475187265917603 0.5689957865168539 0.5500936329588015 0.5716292134831461 0.5641385767790262 0.5730337078651685 0.5676498127340824 0.5765449438202247 0.5718632958801498 0.5804073033707865 0.5735018726591761 0.5853230337078652 0.5735018726591761 0.5918188202247191 0.5718632958801498 0.5953300561797753 0.5646067415730337 0.5972612359550562 0.5575842696629213 0.5962078651685393 0.5503277153558053 0.5962078651685393 0.5433052434456929 0.5944522471910112 0.5400280898876404 0.5884831460674157 0.5330056179775281 0.5749648876404494 0.5301966292134831 0.5709269662921348 0.5330056179775281 0.5693469101123596 0.5365168539325843
0 0.5986657303370787 0.5053838951310862 0.598314606741573 0.5154494382022472 0.5963834269662921 0.5231741573033708 0.5963834269662921 0.5294943820224719 0.5984901685393258 0.5332397003745318 0.6021769662921348 0.5346441947565543 0.6060393258426966 0.5348782771535581 0.6197331460674157 0.5327715355805244 0.6239466292134831 0.5306647940074907 0.6271067415730337 0.5262172284644194 0.6264044943820225 0.5227059925093633 0.6283356741573034 0.5184925093632958 0.6278089887640449 0.5140449438202247 0.6281601123595506 0.5042134831460674 0.6265800561797753 0.5007022471910112 0.6272823033707865 0.49812734082397003 0.6267556179775281 0.49602059925093633 0.6165730337078652 0.4934456928838951 0.6081460674157303 0.49414794007490637 0.6041081460674157 0.49602059925093633 0.6014747191011236 0.4988295880149813 0.5997191011235955 0.5011704119850188
0 0.5689957865168539 0.5049157303370787 0.5686446629213483 0.5088951310861424 0.5695224719101124 0.511938202247191 0.5693469101123596 0.5154494382022472 0.5705758426966292 0.5187265917602997 0.574438202247191 0.5264513108614233 0.578125 0.528558052434457 0.5849719101123596 0.5299625468164794 0.5884831460674157 0.5294943820224719 0.5925210674157303 0.5250468164794008 0.5962078651685393 0.5159176029962547 0.5960323033707865 0.5049157303370787 0.5942766853932584 0.49812734082397003 0.5905898876404494 0.4936797752808989 0.5867275280898876 0.4911048689138577 0.5783005617977528 0.49063670411985016 0.574438202247191 0.4927434456928839 0.5709269662921348 0.49719101123595505
0 0.5398525280898876 0.5468164794007491 0.5402036516853933 0.5538389513108615 0.5424859550561798 0.5608614232209738 0.5481039325842697 0.5653089887640449 0.5540730337078652 0.5657771535580525 0.5596910112359551 0.5627340823970037 0.5625 0.5592228464419475 0.5644311797752809 0.5519662921348315 0.5639044943820225 0.5440074906367042 0.5644311797752809 0.5397940074906367 0.5621488764044944 0.5353464419475655 0.5586376404494382 0.5316011235955056 0.5537219101123596 0.5299625468164794 0.5488061797752809 0.5318352059925093 0.543188202247191 0.535814606741573 0.5403792134831461 0.5426029962546817
0 0.5063202247191011 0.5318352059925093 0.5061446629213483 0.5470505617977528 0.5077247191011236 0.5536048689138576 0.5100070224719101 0.5580524344569289 0.5154494382022472 0.5599250936329588 0.5191362359550562 0.5592228464419475 0.5296699438202247 0.5545411985018727 0.534936797752809 0.5475187265917603 0.5368679775280899 0.5423689138576779 0.5379213483146067 0.5360486891385767 0.5368679775280899 0.525749063670412 0.5342345505617978 0.5196629213483146 0.5317766853932584 0.5180243445692884 0.5293188202247191 0.5177902621722846 0.5215941011235955 0.5145131086142322 0.5172050561797753 0.5149812734082397 0.5107092696629213 0.5194288389513109 0.5079002808988764 0.5255149812734082
0 0.6002457865168539 0.46769662921348315 0.6002457865168539 0.47448501872659177 0.6018258426966292 0.48174157303370785 0.6058637640449438 0.4892322097378277 0.6083216292134831 0.48993445692883897 0.6162219101123596 0.48946629213483145 0.621313202247191 0.4857209737827715 0.6257022471910112 0.4772940074906367 0.6255266853932584 0.4747191011235955 0.6271067415730337 0.4705056179775281 0.6248244382022472 0.46676029962546817 0.625 0.46441947565543074 0.6265800561797753 0.46324906367041196 0.6246488764044944 0.46348314606741575 0.6228932584269663 0.4562265917602996 0.6216643258426966 0.45482209737827717 0.616748595505618 0.45271535580524347 0.6091994382022472 0.4529494382022472 0.605688202247191 0.45552434456928836 0.6012991573033708 0.46324906367041196
0 0.5728581460674157 0.45318352059925093 0.5739115168539326 0.4541198501872659 0.5723314606741573 0.45997191011235955 0.5684691011235955 0.46676029962546817 0.5696980337078652 0.47027153558052437 0.569873595505618 0.4737827715355805 0.5725070224719101 0.48080524344569286 0.5777738764044944 0.48782771535580527 0.5846207865168539 0.48782771535580527 0.5884831460674157 0.4859550561797753 0.5923455056179775 0.48103932584269665 0.59375 0.4772940074906367 0.5941011235955056 0.4737827715355805 0.5942766853932584 0.47027153558052437 0.5933988764044944 0.4648876404494382 0.5904143258426966 0.4571629213483146 0.5884831460674157 0.4545880149812734 0.5784761235955056 0.44920411985018727 0.5768960674157303 0.44967228464419473 0.5774227528089888 0.45107677902621723 0.5760182584269663 0.45365168539325845 0.5747893258426966 0.4524812734082397
0 0.5723314606741573 0.4208801498127341 0.5726825842696629 0.43211610486891383 0.573560393258427 0.4344569288389513 0.5779494382022472 0.4410112359550562 0.5835674157303371 0.4461610486891386 0.5888342696629213 0.44686329588014984 0.5953300561797753 0.44335205992509363 0.5991924157303371 0.43586142322097376 0.598314606741573 0.43211610486891383 0.6000702247191011 0.42813670411985016 0.5997191011235955 0.42181647940074907 0.5986657303370787 0.41830524344569286 0.5988412921348315 0.4147940074906367 0.5955056179775281 0.41034644194756553 0.5879564606741573 0.40870786516853935 0.5819873595505618 0.4089419475655431 0.579002808988764 0.4101123595505618 0.5754915730337079 0.41198501872659177 0.5732092696629213 0.4147940074906367
0 0.5426615168539326 0.4250936329588015 0.5424859550561798 0.43258426966292135 0.5440660112359551 0.43796816479400746 0.546875 0.44288389513108617 0.5493328651685393 0.4447565543071161 0.5570575842696629 0.4477996254681648 0.5607443820224719 0.44662921348314605 0.5635533707865169 0.44241573033707865 0.5660112359550562 0.43562734082397003 0.5667134831460674 0.42696629213483145 0.5654845505617978 0.41970973782771537 0.5626755617977528 0.41151685393258425 0.5603932584269663 0.4089419475655431 0.5575842696629213 0.4080056179775281 0.5540730337078652 0.40823970037453183 0.5461727528089888 0.4112827715355805 0.5437148876404494 0.4147940074906367 0.5438904494382022 0.41924157303370785
0 0.5128160112359551 0.48431647940074907 0.5128160112359551 0.49508426966292135 0.5142205056179775 0.5044475655430711 0.5173806179775281 0.5084269662921348 0.5187851123595506 0.5093632958801498 0.5261587078651685 0.5098314606741573 0.5317766853932584 0.5070224719101124 0.5352879213483146 0.5028089887640449 0.5368679775280899 0.49765917602996257 0.5370435393258427 0.4875936329588015 0.5344101123595506 0.48103932584269665 0.5301966292134831 0.47659176029962547 0.5259831460674157 0.475187265917603 0.5200140449438202 0.476123595505618 0.514747191011236 0.4798689138576779
0 0.5143960674157303 0.44897003745318353 0.5142205056179775 0.4571629213483146 0.5149227528089888 0.4602059925093633 0.5170294943820225 0.4653558052434457 0.520189606741573 0.4683988764044944 0.5259831460674157 0.47120786516853935 0.5298455056179775 0.4714419475655431 0.5344101123595506 0.4681647940074906 0.5375702247191011 0.46348314606741575 0.5391502808988764 0.45529026217228463 0.538623595505618 0.44756554307116103 0.5372191011235955 0.4419475655430712 0.5328300561797753 0.4375 0.5252808988764045 0.43679775280898875 0.5191362359550562 0.43890449438202245 0.5163272471910112 0.4426498127340824
0 0.5131671348314607 0.4049625468164794 0.5136938202247191 0.41830524344569286 0.5154494382022472 0.4229868913857678 0.5252808988764045 0.42696629213483145 0.5286165730337079 0.42696629213483145 0.5333567415730337 0.4250936329588015 0.535814606741573 0.41924157303370785 0.5361657303370787 0.41034644194756553 0.5359901685393258 0.40402621722846443 0.5337078651685393 0.3970037453183521 0.5261587078651685 0.39325842696629215 0.5219452247191011 0.39325842696629215 0.5159761235955056 0.3972378277153558
0 0.5245786516853933 0.3661048689138577 0.522998595505618 0.37312734082397003 0.5242275280898876 0.37523408239700373 0.5259831460674157 0.3836610486891386 0.5301966292134831 0.38647003745318353 0.5328300561797753 0.3895131086142322 0.5398525280898876 0.3890449438202247 0.5424859550561798 0.387874531835206 0.5474016853932584 0.37991573033707865 0.5481039325842697 0.37687265917602997 0.5475772471910112 0.3682116104868914 0.545997191011236 0.36329588014981273 0.543188202247191 0.35908239700374533 0.5330056179775281 0.3562734082397004 0.5280898876404494 0.35978464419475653
0 0.5115870786516854 0.3279494382022472 0.5117626404494382 0.34925093632958804 0.5129915730337079 0.3522940074906367 0.5163272471910112 0.35580524344569286 0.5224719101123596 0.35720973782771537 0.5259831460674157 0.35603932584269665 0.5280898876404494 0.3541666666666667 0.5345856741573034 0.3522940074906367 0.5380969101123596 0.34901685393258425 0.5412570224719101 0.33848314606741575 0.5412570224719101 0.32982209737827717 0.5389747191011236 0.3211610486891386 0.5352879213483146 0.3160112359550562 0.5261587078651685 0.313436329588015 0.5198384831460674 0.31530898876404495 0.5142205056179775 0.32186329588014984
0 0.5447682584269663 0.3342696629213483 0.5447682584269663 0.34573970037453183 0.5465238764044944 0.35042134831460675 0.5509129213483146 0.35580524344569286 0.5533707865168539 0.35697565543071164 0.5619733146067416 0.35603932584269665 0.5640800561797753 0.3544007490636704 0.5656601123595506 0.3506554307116105 0.5675912921348315 0.3485486891385768 0.5693469101123596 0.33614232209737827 0.5693469101123596 0.3312265917602996 0.5682935393258427 0.3274812734082397 0.5658356741573034 0.3232677902621723 0.561622191011236 0.31952247191011235 0.5565308988764045 0.3188202247191011 0.5517907303370787 0.32069288389513106 0.5466994382022472 0.32724719101123595 0.5449438202247191 0.33169475655430714
0 0.573560393258427 0.33614232209737827 0.5733848314606742 0.34363295880149813 0.574438202247191 0.352059925093633 0.5775983146067416 0.35697565543071164 0.5816362359550562 0.3595505617977528 0.5877808988764045 0.35978464419475653 0.5919943820224719 0.3586142322097378 0.5958567415730337 0.35603932584269665 0.5986657303370787 0.352059925093633 0.6000702247191011 0.3485486891385768 0.6014747191011236 0.3389513108614232 0.601123595505618 0.33146067415730335 0.5997191011235955 0.3279494382022472 0.5962078651685393 0.3232677902621723 0.5926966292134831 0.3211610486891386 0.5865519662921348 0.32045880149812733 0.5812851123595506 0.32256554307116103 0.5758426966292135 0.32865168539325845 0.574438202247191 0.33146067415730335
0 0.6005969101123596 0.3522940074906367 0.6000702247191011 0.35603932584269665 0.6058637640449438 0.362125468164794 0.6127106741573034 0.363998127340824 0.6181530898876404 0.3609550561797753 0.6227176966292135 0.3618913857677903 0.6265800561797753 0.36118913857677903 0.6307935393258427 0.35580524344569286 0.632373595505618 0.3522940074906367 0.6336025280898876 0.3464419475655431 0.6327247191011236 0.33824906367041196 0.6311446629213483 0.33192883895131087 0.6320224719101124 0.324438202247191 0.6302668539325843 0.3211610486891386 0.6293890449438202 0.3249063670411985 0.6271067415730337 0.3265449438202247 0.6185042134831461 0.32303370786516855 0.6127106741573034 0.3237359550561798 0.6086727528089888 0.3265449438202247 0.6053370786516854 0.33146067415730335 0.6041081460674157 0.33497191011235955 0.602001404494382 0.3476123595505618
0 0.6058637640449438 0.37312734082397003 0.6053370786516854 0.38647003745318353 0.6058637640449438 0.39115168539325845 0.6053370786516854 0.39419475655430714 0.6091994382022472 0.3993445692883895 0.6242977528089888 0.398876404494382 0.6290379213483146 0.3951310861423221 0.6321980337078652 0.3904494382022472 0.6330758426966292 0.3806179775280899 0.632373595505618 0.375 0.6307935393258427 0.36961610486891383 0.6264044943820225 0.36493445692883897 0.6199087078651685 0.36329588014981273 0.6160463483146067 0.3637640449438202 0.6083216292134831 0.36914794007490637
0 0.5746137640449438 0.37265917602996257 0.5760182584269663 0.3785112359550562 0.5754915730337079 0.3836610486891386 0.5774227528089888 0.386938202247191 0.577247191011236 0.39068352059925093 0.578125 0.39419475655430714 0.5884831460674157 0.3977059925093633 0.5932233146067416 0.3951310861423221 0.5949789325842697 0.39325842696629215 0.5988412921348315 0.39302434456928836 0.6009480337078652 0.38974719101123595 0.6014747191011236 0.3813202247191011 0.6002457865168539 0.37312734082397003 0.5955056179775281 0.3661048689138577 0.5919943820224719 0.3637640449438202 0.5883075842696629 0.36282771535580527 0.5779494382022472 0.3661048689138577
1 0.5557566713483146 0.38212546816479404 0.021859199438202248 0.03391385767790262