0 0.37587780898876405 0.33965355805243447 0.37570224719101125 0.3419943820224719 0.3771067415730337 0.3441011235955056 0.37816011235955055 0.3487827715355805 0.3790379213483146 0.34995318352059923 0.3871137640449438 0.35674157303370785 0.3941362359550562 0.3574438202247191 0.4058988764044944 0.3522940074906367 0.40958567415730335 0.34901685393258425 0.4118679775280899 0.34527153558052437 0.41292134831460675 0.3377808988764045 0.40923455056179775 0.324438202247191 0.40712780898876405 0.3211610486891386 0.3999297752808989 0.31647940074906367 0.3946629213483146 0.31484082397003743 0.3909761235955056 0.31484082397003743 0.3830758426966292 0.32256554307116103 0.3790379213483146 0.32818352059925093 0.37780898876404495 0.33146067415730335 0.37763342696629215 0.336376404494382
0 0.37997717696629213 0.3669522471910112 0.0003563904494382022 0.0004447565543071161
0 0.3539325842696629 0.35720973782771537 0.35445926966292135 0.3693820224719101 0.35797050561797755 0.3761704119850187 0.36271067415730335 0.3815543071161049 0.3732443820224719 0.3848314606741573 0.3765800561797753 0.38319288389513106 0.38026685393258425 0.38412921348314605 0.3813202247191011 0.38342696629213485 0.3809691011235955 0.38202247191011235 0.38202247191011235 0.3806179775280899 0.38360252808988765 0.3813202247191011 0.3843047752808989 0.3801498127340824 0.3864115168539326 0.36961610486891383 0.38588483146067415 0.36352996254681647 0.38377808988764045 0.3604868913857678 0.38219803370786515 0.3595505617977528 0.38149578651685395 0.3553370786516854 0.37745786516853935 0.352059925093633 0.37429775280898875 0.3471441947565543 0.371313202247191 0.3443352059925094 0.3649929775280899 0.34363295880149813 0.35884831460674155 0.34620786516853935 0.3551615168539326 0.3522940074906367
0 0.3535814606741573 0.40098314606741575 0.3534058988764045 0.40730337078651685 0.3549859550561798 0.4133895131086142 0.35832162921348315 0.4190074906367041 0.3614817415730337 0.42228464419475653 0.37429775280898875 0.424625468164794 0.38009129213483145 0.4267322097378277 0.38219803370786515 0.425561797752809 0.38395365168539325 0.4232209737827715 0.3844803370786517 0.4190074906367041 0.38360252808988765 0.41409176029962547 0.38395365168539325 0.41058052434456926 0.3851825842696629 0.40777153558052437 0.3827247191011236 0.40262172284644193 0.3804424157303371 0.4012172284644195 0.3809691011235955 0.39747191011235955 0.3765800561797753 0.39091760299625467 0.36973314606741575 0.3862359550561798 0.36622191011235955 0.38506554307116103 0.363061797752809 0.3852996254681648 0.35797050561797755 0.3899812734082397 0.3553370786516854 0.39419475655430714
0 0.35217696629213485 0.43890449438202245 0.3518258426966292 0.4463951310861423 0.3537570224719101 0.45341760299625467 0.3555126404494382 0.45692883895131087 0.36007724719101125 0.45997191011235955 0.36271067415730335 0.4639513108614232 0.36973314606741575 0.4637172284644195 0.3728932584269663 0.4618445692883895 0.3765800561797753 0.46207865168539325 0.3829002808988764 0.4545880149812734 0.3846558988764045 0.450374531835206 0.383251404494382 0.43562734082397003 0.38184691011235955 0.4330524344569288 0.37991573033707865 0.4311797752808989 0.36780196629213485 0.424625468164794 0.36077949438202245 0.424625468164794 0.35621488764044945 0.42790262172284643 0.3537570224719101 0.43211610486891383
0 0.35252808988764045 0.488061797752809 0.3512991573033708 0.5016385767790262 0.3537570224719101 0.5056179775280899 0.35990168539325845 0.510065543071161 0.36587078651685395 0.5102996254681648 0.37219101123595505 0.5086610486891385 0.3772823033707865 0.5063202247191011 0.3811446629213483 0.5021067415730337 0.38026685393258425 0.4969569288389513 0.38412921348314605 0.477059925093633 0.3804424157303371 0.46980337078651685 0.3785112359550562 0.4681647940074906 0.37359550561797755 0.46652621722846443 0.36271067415730335 0.4658239700374532 0.3591994382022472 0.46863295880149813 0.3555126404494382 0.4737827715355805
0 0.3493679775280899 0.5337078651685393 0.3497191011235955 0.5435393258426966 0.35270365168539325 0.5507958801498127 0.355688202247191 0.5543071161048689 0.3590238764044944 0.5561797752808989 0.3674508426966292 0.5561797752808989 0.3707865168539326 0.5545411985018727 0.3748244382022472 0.5510299625468165 0.37816011235955055 0.5465823970037453 0.37956460674157305 0.5369850187265918 0.37956460674157305 0.5224719101123596 0.3771067415730337 0.5187265917602997 0.3730688202247191 0.5189606741573034 0.36639747191011235 0.5159176029962547 0.35884831460674155 0.5177902621722846 0.3558637640449438 0.5189606741573034 0.35217696629213485 0.5236423220973783 0.35077247191011235 0.5269194756554307
0 0.347436797752809 0.5758426966292135 0.3477879213483146 0.5826310861423221 0.35287921348314605 0.5962078651685393 0.36393960674157305 0.5966760299625468 0.37008426966292135 0.599250936329588 0.375 0.5957397003745318 0.3772823033707865 0.5952715355805244 0.3807935393258427 0.5746722846441947 0.3804424157303371 0.5639044943820225 0.3693820224719101 0.5582865168539326 0.36587078651685395 0.5578183520599251 0.3590238764044944 0.5587546816479401 0.3555126404494382 0.5601591760299626 0.35094803370786515 0.5646067415730337 0.34884129213483145 0.5692883895131086
0 0.34041432584269665 0.625 0.3402387640449438 0.6303838951310862 0.34129213483146065 0.6334269662921348 0.34515449438202245 0.6413857677902621 0.3481390449438202 0.6432584269662921 0.3558637640449438 0.6425561797752809 0.36235955056179775 0.639747191011236 0.37025983146067415 0.6381086142322098 0.37377106741573035 0.6334269662921348 0.3730688202247191 0.6207865168539326 0.3746488764044944 0.613061797752809 0.3746488764044944 0.6088483146067416 0.37377106741573035 0.6058052434456929 0.37043539325842695 0.6018258426966292 0.36622191011235955 0.599250936329588 0.35832162921348315 0.5980805243445693 0.35463483146067415 0.5997191011235955 0.34901685393258425 0.6041666666666666 0.3460323033707865 0.6081460674157303 0.3435744382022472 0.613061797752809
0 0.3460323033707865 0.6657303370786517 0.34673455056179775 0.6760299625468165 0.3500702247191011 0.6835205992509363 0.3551615168539326 0.6860955056179775 0.36271067415730335 0.6851591760299626 0.3672752808988764 0.6823501872659176 0.37166432584269665 0.6750936329588015 0.3734199438202247 0.6647940074906367 0.37377106741573035 0.6575374531835206 0.371313202247191 0.6509831460674157 0.3669241573033708 0.6467696629213483 0.36271067415730335 0.6448970037453183 0.3577949438202247 0.6458333333333334 0.35235252808988765 0.6479400749063671 0.3479634831460674 0.6568352059925093
0 0.37570224719101125 0.6683052434456929 0.37552668539325845 0.6821161048689138 0.3765800561797753 0.6863295880149812 0.38026685393258425 0.6907771535580525 0.38395365168539325 0.6928838951310862 0.3862359550561798 0.6912453183520599 0.39325842696629215 0.6891385767790262 0.39782303370786515 0.68562734082397 0.40133426966292135 0.6816479400749064 0.40344101123595505 0.6729868913857678 0.40361657303370785 0.6612827715355806 0.40098314606741575 0.6472378277153558 0.3969452247191011 0.6439606741573034 0.3904494382022472 0.6453651685393258 0.38149578651685395 0.6505149812734082 0.378686797752809 0.6542602996254682 0.37640449438202245 0.6615168539325843
0 0.3751755617977528 0.6196161048689138 0.37447331460674155 0.6308520599250936 0.3727176966292135 0.6371722846441947 0.3730688202247191 0.6406835205992509 0.3765800561797753 0.6481741573033708 0.37974016853932585 0.6495786516853933 0.3829002808988764 0.648876404494382 0.3864115168539326 0.6474719101123596 0.39378511235955055 0.641619850187266 0.39729634831460675 0.6402153558052435 0.40133426966292135 0.6406835205992509 0.40098314606741575 0.6343632958801498 0.398876404494382 0.6315543071161048 0.40098314606741575 0.62687265917603 0.4002808988764045 0.6196161048689138 0.397998595505618 0.6137640449438202 0.39905196629213485 0.6088483146067416 0.3962429775280899 0.6044007490636704 0.38974719101123595 0.6036985018726592 0.38184691011235955 0.6058052434456929 0.37798455056179775 0.6107209737827716
0 0.37974016853932585 0.588249063670412 0.37956460674157305 0.5917602996254682 0.3813202247191011 0.5959737827715356 0.38360252808988765 0.5994850187265918 0.3871137640449438 0.6015917602996255 0.390625 0.6018258426966292 0.39589185393258425 0.600187265917603 0.4006320224719101 0.5973782771535581 0.40519662921348315 0.5962078651685393 0.4081811797752809 0.5938670411985019 0.4118679775280899 0.588249063670412 0.41344803370786515 0.5749063670411985 0.41081460674157305 0.5608614232209738 0.40888342696629215 0.5582865168539326 0.4080056179775281 0.5552434456928839 0.40747893258426965 0.5568820224719101 0.40537219101123595 0.5580524344569289 0.39378511235955055 0.5580524344569289 0.39115168539325845 0.5594569288389513 0.3871137640449438 0.5596910112359551 0.38535814606741575 0.5613295880149812 0.3830758426966292 0.5671816479400749 0.383251404494382 0.5711610486891385 0.3806179775280899 0.5814606741573034
0 0.3806179775280899 0.5449438202247191 0.3804424157303371 0.5470505617977528 0.38167134831460675 0.5500936329588015 0.3843047752808989 0.5536048689138576 0.38746488764044945 0.5559456928838952 0.390625 0.5564138576779026 0.40115870786516855 0.5547752808988764 0.4043188202247191 0.5533707865168539 0.4066011235955056 0.5498595505617978 0.41081460674157305 0.5468164794007491 0.4123946629213483 0.5435393258426966 0.413623595505618 0.5294943820224719 0.4122191011235955 0.5224719101123596 0.4080056179775281 0.5177902621722846 0.4002808988764045 0.5142790262172284 0.39396067415730335 0.5133426966292135 0.39132724719101125 0.5145131086142322 0.38606039325842695 0.5189606741573034 0.3843047752808989 0.5224719101123596 0.38342696629213485 0.5255149812734082 0.3827247191011236 0.5369850187265918
0 0.38395365168539325 0.48525280898876405 0.383251404494382 0.49180711610486894 0.38553370786516855 0.5021067415730337 0.3890449438202247 0.5079588014981273 0.39325842696629215 0.5105337078651685 0.4004564606741573 0.5121722846441947 0.4044943820224719 0.5121722846441947 0.40484550561797755 0.5102996254681648 0.4083567415730337 0.5084269662921348 0.41081460674157305 0.5049157303370787 0.4116924157303371 0.50187265917603 0.4139747191011236 0.49812734082397003 0.41537921348314605 0.48782771535580527 0.413623595505618 0.48618913857677903 0.41099016853932585 0.4812734082397004 0.4078300561797753 0.4735486891385768 0.39712078651685395 0.47331460674157305 0.3925561797752809 0.47191011235955055 0.3902738764044944 0.4700374531835206 0.38992275280898875 0.47073970037453183 0.39115168539325845 0.4735486891385768 0.38746488764044945 0.476123595505618 0.38570926966292135 0.47869850187265917
0 0.38553370786516855 0.43515917602996257 0.38535814606741575 0.43984082397003743 0.386938202247191 0.4545880149812734 0.38992275280898875 0.46348314606741575 0.3929073033707865 0.4674625468164794 0.39729634831460675 0.47073970037453183 0.4008075842696629 0.4716760299625468 0.4080056179775281 0.4714419475655431 0.4116924157303371 0.47284644194756553 0.41485252808988765 0.4705056179775281 0.4159058988764045 0.4669943820224719 0.41502808988764045 0.46301498127340823 0.4183637640449438 0.4529494382022472 0.4183637640449438 0.44920411985018727 0.41678370786516855 0.4463951310861423 0.41678370786516855 0.44241573033707865 0.4155547752808989 0.43913857677902624 0.4123946629213483 0.43469101123595505 0.4081811797752809 0.4318820224719101 0.40519662921348315 0.4311797752808989 0.4022120786516854 0.42813670411985016 0.39378511235955055 0.4234550561797753 0.39150280898876405 0.425561797752809
0 0.3925561797752809 0.3972378277153558 0.39115168539325845 0.40098314606741575 0.39202949438202245 0.40308988764044945 0.39202949438202245 0.412687265917603 0.3929073033707865 0.41830524344569286 0.39589185393258425 0.42228464419475653 0.4006320224719101 0.425561797752809 0.40747893258426965 0.42485955056179775 0.41134129213483145 0.42368913857677903 0.4162570224719101 0.41924157303370785 0.4180126404494382 0.4122191011235955 0.4178370786516854 0.40426029962546817 0.41906601123595505 0.40051498127340823 0.4178370786516854 0.3972378277153558 0.41485252808988765 0.39302434456928836 0.4080056179775281 0.38857677902621723 0.40379213483146065 0.3883426966292135 0.4006320224719101 0.3892790262172285 0.39957865168539325 0.39115168539325845
0 0.40747893258426965 0.3693820224719101 0.40730337078651685 0.37336142322097376 0.4080056179775281 0.3771067415730337 0.41151685393258425 0.3838951310861423 0.414501404494382 0.3857677902621723 0.4199438202247191 0.38647003745318353 0.42503511235955055 0.39068352059925093 0.4315308988764045 0.3916198501872659 0.43662219101123595 0.39068352059925093 0.44066011235955055 0.38857677902621723 0.44417134831460675 0.38342696629213485 0.4450491573033708 0.3761704119850187 0.4418890449438202 0.3663389513108614 0.4415379213483146 0.35884831460674155 0.43679775280898875 0.3518258426966292 0.43469101123595505 0.35042134831460675 0.429248595505618 0.34901685393258425 0.4216994382022472 0.34995318352059923 0.4178370786516854 0.3541666666666667 0.4155547752808989 0.35978464419475653 0.409936797752809 0.36446629213483145
0 0.41853932584269665 0.32069288389513106 0.4178370786516854 0.32420411985018727 0.4178370786516854 0.33169475655430714 0.42240168539325845 0.34222846441947563 0.42503511235955055 0.3443352059925094 0.42889747191011235 0.3450374531835206 0.4332865168539326 0.34737827715355807 0.4355688202247191 0.34948501872659177 0.44066011235955055 0.34831460674157305 0.4410112359550562 0.34527153558052437 0.4429424157303371 0.34176029962546817 0.44417134831460675 0.32771535580524347 0.4432935393258427 0.3202247191011236 0.4413623595505618 0.31530898876404495 0.4390800561797753 0.31226591760299627 0.4332865168539326 0.3094569288389513 0.42661516853932585 0.3099250936329588 0.421875 0.31296816479400746 0.4197682584269663 0.31624531835205993
0 0.4262640449438202 0.40777153558052437 0.42679073033707865 0.41198501872659177 0.4259129213483146 0.4147940074906367 0.42696629213483145 0.4220505617977528 0.4299508426966292 0.4272003745318352 0.43258426966292135 0.42837078651685395 0.4336376404494382 0.4307116104868914 0.4355688202247191 0.43258426966292135 0.44259129213483145 0.4318820224719101 0.44592696629213485 0.4288389513108614 0.4476825842696629 0.42579588014981273 0.449438202247191 0.41760299625468167 0.4492626404494382 0.40777153558052437 0.4473314606741573 0.4014513108614232 0.44259129213483145 0.3970037453183521 0.4353932584269663 0.3967696629213483 0.42872191011235955 0.3991104868913858 0.4273174157303371 0.40098314606741575 0.4276685393258427 0.4049625468164794
0 0.41853932584269665 0.46863295880149813 0.41906601123595505 0.47308052434456926 0.418188202247191 0.47752808988764045 0.41853932584269665 0.48057116104868913 0.4197682584269663 0.4833801498127341 0.4253862359550562 0.48852996254681647 0.42837078651685395 0.4897003745318352 0.43240870786516855 0.488998127340824 0.4392556179775281 0.4845505617977528 0.44083567415730335 0.4815074906367041 0.4431179775280899 0.48080524344569286 0.445751404494382 0.4772940074906367 0.4468047752808989 0.4648876404494382 0.44592696629213485 0.45997191011235955 0.44610252808988765 0.4559925093632959 0.4450491573033708 0.45435393258426965 0.44241573033707865 0.4529494382022472 0.4413623595505618 0.4508426966292135 0.4390800561797753 0.4499063670411985 0.43609550561797755 0.44709737827715357 0.43223314606741575 0.44569288389513106 0.42872191011235955 0.44592696629213485 0.4238061797752809 0.448501872659176 0.42099719101123595 0.4524812734082397
0 0.41537921348314605 0.5250468164794008 0.41520365168539325 0.5360486891385767 0.4183637640449438 0.5449438202247191 0.4199438202247191 0.5468164794007491 0.42872191011235955 0.5512640449438202 0.43662219101123595 0.5519662921348315 0.44083567415730335 0.5500936329588015 0.44417134831460675 0.5435393258426966 0.44434691011235955 0.528558052434457 0.44259129213483145 0.5191947565543071 0.44066011235955055 0.5168539325842697 0.4299508426966292 0.5124063670411985 0.4257373595505618 0.5126404494382022 0.4215238764044944 0.514747191011236 0.4174859550561798 0.5187265917602997 0.4157303370786517 0.5222378277153558
0 0.41485252808988765 0.5629681647940075 0.4157303370786517 0.5849719101123596 0.4201193820224719 0.5922284644194756 0.42872191011235955 0.596441947565543 0.4353932584269663 0.5971441947565543 0.44013342696629215 0.5969101123595506 0.4434691011235955 0.5929307116104869 0.44399578651685395 0.5917602996254682 0.4429424157303371 0.5884831460674157 0.44434691011235955 0.586376404494382 0.4455758426966292 0.5779494382022472 0.4452247191011236 0.5676498127340824 0.4436446629213483 0.5636704119850188 0.44066011235955055 0.5594569288389513 0.4357443820224719 0.5554775280898876 0.42485955056179775 0.5531367041198502 0.42134831460674155 0.5543071161048689 0.41713483146067415 0.5589887640449438
0 0.40677668539325845 0.6123595505617978 0.40677668539325845 0.6266385767790262 0.40923455056179775 0.6308520599250936 0.41467696629213485 0.6348314606741573 0.42292837078651685 0.6376404494382022 0.4295997191011236 0.637874531835206 0.43609550561797755 0.6345973782771536 0.44048455056179775 0.6303838951310862 0.43995786516853935 0.6257022471910112 0.4413623595505618 0.6184456928838952 0.441186797752809 0.6090823970037453 0.4397823033707865 0.6062734082397003 0.4357443820224719 0.6022940074906367 0.42889747191011235 0.599250936329588 0.4216994382022472 0.5973782771535581 0.41906601123595505 0.5994850187265918 0.41467696629213485 0.600187265917603 0.41116573033707865 0.6022940074906367
0 0.40502106741573035 0.6544943820224719 0.4044943820224719 0.6781367041198502 0.40765449438202245 0.6830524344569289 0.41116573033707865 0.68562734082397 0.41502808988764045 0.6863295880149812 0.4220505617977528 0.6828183520599251 0.4315308988764045 0.6750936329588015 0.43223314606741575 0.6718164794007491 0.4315308988764045 0.6694756554307116 0.4334620786516854 0.661750936329588 0.43258426966292135 0.6505149812734082 0.4315308988764045 0.6467696629213483 0.42679073033707865 0.6418539325842697 0.42117275280898875 0.6404494382022472 0.41467696629213485 0.6409176029962547 0.41134129213483145 0.6420880149812734 0.40695224719101125 0.6474719101123596 0.40537219101123595 0.650749063670412
0 0.4355688202247191 0.647003745318352 0.43627106741573035 0.6547284644194756 0.4352176966292135 0.6615168539325843 0.4373244382022472 0.6711142322097379 0.44241573033707865 0.6772003745318352 0.445751404494382 0.6790730337078652 0.453125 0.6786048689138576 0.4612008426966292 0.6645599250936329 0.4645365168539326 0.6547284644194756 0.46418539325842695 0.6509831460674157 0.45997191011235955 0.6439606741573034 0.4496137640449438 0.636938202247191 0.4452247191011236 0.6360018726591761 0.44241573033707865 0.6360018726591761 0.4410112359550562 0.636938202247191 0.44066011235955055 0.6413857677902621 0.4371488764044944 0.6434925093632958
0 0.44820926966292135 0.5779494382022472 0.44820926966292135 0.5852059925093633 0.44978932584269665 0.5912921348314607 0.4527738764044944 0.5962078651685393 0.45628511235955055 0.5990168539325843 0.46225421348314605 0.5999531835205992 0.465063202247191 0.5994850187265918 0.46822331460674155 0.5978464419475655 0.4722612359550562 0.5922284644194756 0.47384129213483145 0.5819288389513109 0.47349016853932585 0.5716292134831461 0.47191011235955055 0.5676498127340824 0.46927668539325845 0.5650749063670412 0.460498595505618 0.5620318352059925 0.4552317415730337 0.5629681647940075 0.45066713483146065 0.5671816479400749
0 0.45189606741573035 0.41970973782771537 0.45172050561797755 0.4220505617977528 0.45610955056179775 0.4332865168539326 0.45786516853932585 0.43609550561797755 0.4631320224719101 0.43984082397003743 0.47015449438202245 0.4405430711610487 0.47524578651685395 0.4375 0.47945926966292135 0.43258426966292135 0.480688202247191 0.4286048689138577 0.48156601123595505 0.4147940074906367 0.4803370786516854 0.4101123595505618 0.47735252808988765 0.40426029962546817 0.47331460674157305 0.40215355805243447 0.4668188202247191 0.40074906367041196 0.4624297752808989 0.4028558052434457 0.46172752808988765 0.40472846441947563 0.453125 0.4157303370786517
0 0.45365168539325845 0.3728932584269663 0.4527738764044944 0.38038389513108617 0.4550561797752809 0.38717228464419473 0.45962078651685395 0.3925561797752809 0.46629213483146065 0.3951310861423221 0.4743679775280899 0.39489700374531833 0.47735252808988765 0.39302434456928836 0.4789325842696629 0.3904494382022472 0.48121488764044945 0.38202247191011235 0.48156601123595505 0.375 0.4808637640449438 0.36891385767790263 0.47752808988764045 0.3616573033707865 0.4703300561797753 0.3574438202247191 0.4633075842696629 0.3586142322097378 0.45804073033707865 0.36282771535580527 0.4552317415730337 0.3663389513108614
0 0.4455758426966292 0.34620786516853935 0.44610252808988765 0.3518258426966292 0.4490870786516854 0.35580524344569286 0.453125 0.3583801498127341 0.45646067415730335 0.35931647940074907 0.46014747191011235 0.35908239700374533 0.4633075842696629 0.35674157303370785 0.47577247191011235 0.35135767790262173 0.47752808988764045 0.34925093632958804 0.47717696629213485 0.34527153558052437 0.4787570224719101 0.33824906367041196 0.47559691011235955 0.3202247191011236 0.47384129213483145 0.3176498127340824 0.47015449438202245 0.31530898876404495 0.46348314606741575 0.31390449438202245 0.45646067415730335 0.31390449438202245 0.45066713483146065 0.31999063670411987 0.44820926966292135 0.325374531835206 0.4473314606741573 0.32935393258426965 0.4469803370786517 0.33965355805243447
0 0.48525280898876405 0.3211610486891386 0.4840238764044944 0.32771535580524347 0.4841994382022472 0.3321629213483146 0.48507724719101125 0.3419943820224719 0.48753511235955055 0.351123595505618 0.49157303370786515 0.3532303370786517 0.504564606741573 0.3487827715355805 0.5086025280898876 0.3403558052434457 0.5103581460674157 0.3309925093632959 0.5101825842696629 0.3211610486891386 0.5071980337078652 0.31437265917602997 0.5050912921348315 0.3125 0.5005266853932584 0.31062734082397003 0.49490870786516855 0.31015917602996257 0.48964185393258425 0.313436329588015
0 0.5114115168539326 0.34176029962546817 0.5112359550561798 0.34901685393258425 0.5131671348314607 0.3522940074906367 0.5182584269662921 0.35603932584269665 0.522998595505618 0.35603932584269665 0.5361657303370787 0.35042134831460675 0.5375702247191011 0.3487827715355805 0.5391502808988764 0.3333333333333333 0.5393258426966292 0.324438202247191 0.5377457865168539 0.3169475655430712 0.5345856741573034 0.31390449438202245 0.5293188202247191 0.31203183520599254 0.5258075842696629 0.31226591760299627 0.5191362359550562 0.3146067415730337 0.5154494382022472 0.3202247191011236 0.5136938202247191 0.324438202247191 0.5122893258426966 0.33380149812734083 0.5129915730337079 0.3377808988764045
0 0.5447682584269663 0.3309925093632959 0.5440660112359551 0.34269662921348315 0.543188202247191 0.34573970037453183 0.5466994382022472 0.35580524344569286 0.5516151685393258 0.3586142322097378 0.5575842696629213 0.35908239700374533 0.5649578651685393 0.3565074906367041 0.5688202247191011 0.352059925093633 0.569873595505618 0.34901685393258425 0.5712780898876404 0.33403558052434457 0.5675912921348315 0.3213951310861423 0.5651334269662921 0.3188202247191011 0.5610955056179775 0.3167134831460674 0.5570575842696629 0.3167134831460674 0.5524929775280899 0.31858614232209737 0.5489817415730337 0.32209737827715357 0.5458216292134831 0.3267790262172285
0 0.48525280898876405 0.3761704119850187 0.48560393258426965 0.3836610486891386 0.48700842696629215 0.38717228464419473 0.49087078651685395 0.3920880149812734 0.5063202247191011 0.39185393258426965 0.5108848314606742 0.3892790262172285 0.5149227528089888 0.38459737827715357 0.5172050561797753 0.37663857677902624 0.5166783707865169 0.3647003745318352 0.5149227528089888 0.3595505617977528 0.511938202247191 0.3548689138576779 0.5050912921348315 0.3522940074906367 0.4998244382022472 0.3522940074906367 0.49332865168539325 0.35580524344569286 0.4898174157303371 0.3604868913857678
0 0.4885884831460674 0.40074906367041196 0.4884129213483146 0.4056647940074906 0.48700842696629215 0.41151685393258425 0.4884129213483146 0.4147940074906367 0.48893960674157305 0.41924157303370785 0.49139747191011235 0.42181647940074907 0.4919241573033708 0.4243913857677903 0.4942064606741573 0.425561797752809 0.4959620786516854 0.42790262172284643 0.5015800561797753 0.4297752808988764 0.5057935393258427 0.426498127340824 0.5089536516853933 0.42275280898876405 0.511060393258427 0.41713483146067415 0.5115870786516854 0.41034644194756553 0.5105337078651685 0.4035580524344569 0.5063202247191011 0.3972378277153558 0.5012289325842697 0.3951310861423221 0.49490870786516855 0.39489700374531833 0.4905196629213483 0.39653558052434457
0 0.5140449438202247 0.4044943820224719 0.5140449438202247 0.42228464419475653 0.5163272471910112 0.4286048689138577 0.5215941011235955 0.43211610486891383 0.5261587078651685 0.4323501872659176 0.5316011235955056 0.43047752808988765 0.535814606741573 0.4272003745318352 0.5380969101123596 0.42158239700374533 0.5389747191011236 0.41034644194756553 0.5380969101123596 0.40426029962546817 0.5352879213483146 0.39653558052434457 0.5293188202247191 0.39396067415730335 0.5224719101123596 0.39442883895131087 0.5172050561797753 0.39747191011235955
0 0.47945926966292135 0.4506086142322097 0.47963483146067415 0.4637172284644195 0.48314606741573035 0.4737827715355805 0.4841994382022472 0.47448501872659177 0.48735955056179775 0.47331460674157305 0.4919241573033708 0.4747191011235955 0.5017556179775281 0.47308052434456926 0.507373595505618 0.46348314606741575 0.5070224719101124 0.45903558052434457 0.5075491573033708 0.4559925093632959 0.5063202247191011 0.4461610486891386 0.49666432584269665 0.4375 0.49122191011235955 0.43679775280898875 0.48771067415730335 0.43937265917602997 0.4841994382022472 0.4405430711610487 0.4822682584269663 0.44288389513108617
0 0.4789325842696629 0.49204119850187267 0.4784058988764045 0.5025749063670412 0.47910814606741575 0.5077247191011236 0.480688202247191 0.5117041198501873 0.48384831460674155 0.5154494382022472 0.48771067415730335 0.5173220973782772 0.49525983146067415 0.5168539325842697 0.49894662921348315 0.5156835205992509 0.5026334269662921 0.5124063670411985 0.5056179775280899 0.5016385767790262 0.5050912921348315 0.4988295880149813 0.5054424157303371 0.49461610486891383 0.5001755617977528 0.48408239700374533 0.4977176966292135 0.48220973782771537 0.491748595505618 0.48080524344569286 0.48683286516853935 0.48197565543071164 0.4827949438202247 0.48408239700374533
0 0.477001404494382 0.5390917602996255 0.477001404494382 0.5489232209737828 0.4787570224719101 0.5573501872659176 0.48156601123595505 0.56062734082397 0.48525280898876405 0.5622659176029963 0.49104634831460675 0.5636704119850188 0.49701544943820225 0.5622659176029963 0.5021067415730337 0.5575842696629213 0.5050912921348315 0.5500936329588015 0.5050912921348315 0.5428370786516854 0.5040379213483146 0.5362827715355806 0.500877808988764 0.5292602996254682 0.4956109550561798 0.5245786516853933 0.48911516853932585 0.5241104868913857 0.484375 0.5259831460674157 0.47910814606741575 0.5327715355805244
0 0.4782303370786517 0.5842696629213483 0.4782303370786517 0.5912921348314607 0.47945926966292135 0.598314606741573 0.48174157303370785 0.6022940074906367 0.48367275280898875 0.6036985018726592 0.49104634831460675 0.6065074906367042 0.4942064606741573 0.6062734082397003 0.49859550561797755 0.6034644194756554 0.5022823033707865 0.5987827715355806 0.5029845505617978 0.591058052434457 0.5014044943820225 0.5781835205992509 0.4940308988764045 0.5676498127340824 0.48929073033707865 0.5667134831460674 0.484375 0.5688202247191011 0.48332162921348315 0.5716292134831461 0.4803370786516854 0.5746722846441947
0 0.4766502808988764 0.6203183520599251 0.476123595505618 0.6338951310861424 0.47717696629213485 0.6404494382022472 0.47981039325842695 0.6439606741573034 0.48507724719101125 0.647003745318352 0.49139747191011235 0.6486423220973783 0.4964887640449438 0.6458333333333334 0.5003511235955056 0.6423220973782772 0.5021067415730337 0.6395131086142322 0.503686797752809 0.6306179775280899 0.5033356741573034 0.6259363295880149 0.5010533707865169 0.6193820224719101 0.496313202247191 0.6142322097378277 0.49122191011235955 0.6125936329588015 0.4884129213483146 0.613061797752809 0.4841994382022472 0.6109550561797753 0.4824438202247191 0.613061797752809 0.47981039325842695 0.6144662921348315
0 0.46225421348314605 0.6680711610486891 0.461376404494382 0.6718164794007491 0.4624297752808989 0.6741573033707865 0.4626053370786517 0.6783707865168539 0.46172752808988765 0.6790730337078652 0.46155196629213485 0.6823501872659176 0.4626053370786517 0.68562734082397 0.4745435393258427 0.6884363295880149 0.48490168539325845 0.6879681647940075 0.4878862359550562 0.6872659176029963 0.492626404494382 0.6830524344569289 0.4978932584269663 0.6725187265917603 0.5 0.6610486891385767 0.49332865168539325 0.6512172284644194 0.48771067415730335 0.6493445692883895 0.4841994382022472 0.647003745318352 0.47717696629213485 0.6455992509363296 0.47401685393258425 0.6472378277153558 0.46927668539325845 0.6530898876404494 0.46611657303370785 0.6580056179775281
0 0.5050912921348315 0.6612827715355806 0.5056179775280899 0.663623595505618 0.5050912921348315 0.6757958801498127 0.5080758426966292 0.68562734082397 0.5129915730337079 0.6891385767790262 0.520189606741573 0.6900749063670412 0.5244030898876404 0.6884363295880149 0.5286165730337079 0.6825842696629213 0.5294943820224719 0.6788389513108615 0.5291432584269663 0.6647940074906367 0.5251053370786517 0.6566011235955056 0.5214185393258427 0.6547284644194756 0.5222963483146067 0.650749063670412 0.519311797752809 0.649812734082397 0.511938202247191 0.649812734082397
0 0.5101825842696629 0.6053370786516854 0.5079002808988764 0.6104868913857678 0.5059691011235955 0.6128277153558053 0.5071980337078652 0.6235955056179775 0.5086025280898876 0.6301498127340824 0.5115870786516854 0.6371722846441947 0.5117626404494382 0.6409176029962547 0.5154494382022472 0.6437265917602997 0.519311797752809 0.6439606741573034 0.5259831460674157 0.647003745318352 0.5316011235955056 0.6453651685393258 0.5377457865168539 0.6402153558052435 0.5387991573033708 0.6371722846441947 0.5389747191011236 0.6334269662921348 0.5407303370786517 0.6296816479400749 0.5410814606741573 0.6226591760299626 0.5387991573033708 0.6125936329588015 0.5342345505617978 0.6060393258426966 0.5228230337078652 0.6006554307116105 0.5149227528089888 0.6013576779026217
0 0.5028089887640449 0.5641385767790262 0.5026334269662921 0.5678838951310862 0.5038623595505618 0.5709269662921348 0.5050912921348315 0.5781835205992509 0.5059691011235955 0.5786516853932584 0.5077247191011236 0.5842696629213483 0.5080758426966292 0.5884831460674157 0.5101825842696629 0.5901217228464419 0.5121137640449438 0.5931647940074907 0.514747191011236 0.5931647940074907 0.5224719101123596 0.5973782771535581 0.5296699438202247 0.5980805243445693 0.5308988764044944 0.5994850187265918 0.5363412921348315 0.6020599250936329 0.5389747191011236 0.5950374531835206 0.5352879213483146 0.5866104868913857 0.5363412921348315 0.5739700374531835 0.534936797752809 0.5676498127340824 0.5326544943820225 0.5629681647940075 0.5296699438202247 0.5599250936329588 0.5263342696629213 0.5585205992509363 0.5200140449438202 0.5592228464419475 0.5177317415730337 0.5608614232209738 0.5145716292134831 0.5613295880149812 0.5136938202247191 0.5608614232209738 0.5138693820224719 0.5571161048689138 0.5107092696629213 0.5561797752808989 0.5063202247191011 0.5578183520599251
0 0.5107092696629213 0.524812734082397 0.5100070224719101 0.5306647940074907 0.508251404494382 0.5327715355805244 0.5089536516853933 0.535814606741573 0.5084269662921348 0.5402621722846442 0.5117626404494382 0.5430711610486891 0.5122893258426966 0.5456460674157303 0.511938202247191 0.5503277153558053 0.5138693820224719 0.5545411985018727 0.5189606741573034 0.5573501872659176 0.5259831460674157 0.5561797752808989 0.5330056179775281 0.5566479400749064 0.5359901685393258 0.5533707865168539 0.5398525280898876 0.5435393258426966 0.5409058988764045 0.5337078651685393 0.5403792134831461 0.528558052434457 0.5384480337078652 0.5231741573033708 0.5363412921348315 0.5198970037453183 0.5328300561797753 0.5168539325842697 0.5277387640449438 0.5149812734082397 0.5189606741573034 0.5149812734082397 0.514747191011236 0.5182584269662921 0.5115870786516854 0.5222378277153558
0 0.5100070224719101 0.48408239700374533 0.5086025280898876 0.49063670411985016 0.5093047752808989 0.49812734082397003 0.5114115168539326 0.5044475655430711 0.515625 0.510065543071161 0.5265098314606742 0.5107677902621723 0.5294943820224719 0.5081928838951311 0.5326544943820225 0.5074906367041199 0.5347612359550562 0.5051498127340824 0.5365168539325843 0.49087078651685395 0.5351123595505618 0.48431647940074907 0.5335323033707865 0.48057116104868913 0.5259831460674157 0.47542134831460675 0.5191362359550562 0.47495318352059923 0.5154494382022472 0.47659176029962547 0.5124648876404494 0.4791666666666667
0 0.511938202247191 0.44920411985018727 0.5121137640449438 0.4559925093632959 0.514747191011236 0.46558988764044945 0.5180828651685393 0.4691011235955056 0.5252808988764045 0.47191011235955055 0.5298455056179775 0.4716760299625468 0.5338834269662921 0.4691011235955056 0.5368679775280899 0.4658239700374532 0.5382724719101124 0.46348314606741575 0.5389747191011236 0.4562265917602996 0.5405547752808989 0.45318352059925093 0.5389747191011236 0.44662921348314605 0.5354634831460674 0.4396067415730337 0.5328300561797753 0.43703183520599254 0.5296699438202247 0.43609550561797755 0.522998595505618 0.43609550561797755 0.5173806179775281 0.4386704119850187 0.5135182584269663 0.44288389513108617
0 0.5186095505617978 0.3684456928838951 0.5187851123595506 0.3775749063670412 0.5180828651685393 0.3838951310861423 0.5198384831460674 0.38857677902621723 0.523876404494382 0.39232209737827717 0.5308988764044944 0.39302434456928836 0.5361657303370787 0.39536516853932585 0.5402036516853933 0.39325842696629215 0.5416081460674157 0.3913857677902622 0.5430126404494382 0.38670411985018727 0.547752808988764 0.37687265917602997 0.5482794943820225 0.37312734082397003 0.5465238764044944 0.36282771535580527 0.5433637640449438 0.3586142322097378 0.534936797752809 0.35346441947565543 0.5259831460674157 0.35557116104868913 0.5212429775280899 0.35884831460674155
0 0.5445926966292135 0.42368913857677903 0.5442415730337079 0.4323501872659176 0.5458216292134831 0.4386704119850187 0.5481039325842697 0.4447565543071161 0.5507373595505618 0.4461610486891386 0.5512640449438202 0.44920411985018727 0.5572331460674157 0.4520131086142322 0.5589887640449438 0.450374531835206 0.5607443820224719 0.45014044943820225 0.5647823033707865 0.44569288389513106 0.5688202247191011 0.4332865168539326 0.5691713483146067 0.42790262172284643 0.5663623595505618 0.4152621722846442 0.5637289325842697 0.4112827715355805 0.5572331460674157 0.4080056179775281 0.5519662921348315 0.40987827715355807 0.5482794943820225 0.412687265917603 0.5461727528089888 0.4157303370786517
0 0.5380969101123596 0.5503277153558053 0.5373946629213483 0.5538389513108615 0.5391502808988764 0.5601591760299626 0.5398525280898876 0.5660112359550562 0.5421348314606742 0.5713951310861424 0.5433637640449438 0.5720973782771536 0.557935393258427 0.5706928838951311 0.5628511235955056 0.5664794007490637 0.5646067415730337 0.5608614232209738 0.5656601123595506 0.5475187265917603 0.5651334269662921 0.5397940074906367 0.5589887640449438 0.5316011235955056 0.5537219101123596 0.5280898876404494 0.5500351123595506 0.5276217228464419 0.546875 0.5287921348314607 0.5428370786516854 0.5330056179775281 0.5416081460674157 0.536750936329588 0.5407303370786517 0.5435393258426966
0 0.5426615168539326 0.5795880149812734 0.542310393258427 0.5821629213483146 0.5433637640449438 0.5952715355805244 0.5442415730337079 0.5990168539325843 0.546875 0.6048689138576779 0.5521418539325843 0.6090823970037453 0.5596910112359551 0.6107209737827716 0.5642556179775281 0.6107209737827716 0.5682935393258427 0.6072097378277154 0.5711025280898876 0.5955056179775281 0.5711025280898876 0.5884831460674157 0.5672401685393258 0.5788857677902621 0.5653089887640449 0.5758426966292135 0.5607443820224719 0.5730337078651685 0.554248595505618 0.5720973782771536 0.5495084269662921 0.572565543071161 0.5444171348314607 0.5756086142322098
0 0.5428370786516854 0.6193820224719101 0.5426615168539326 0.6310861423220974 0.5438904494382022 0.6406835205992509 0.5461727528089888 0.6491104868913857 0.5489817415730337 0.6519194756554307 0.5572331460674157 0.6554307116104869 0.5612710674157303 0.6561329588014981 0.5647823033707865 0.6537921348314607 0.5681179775280899 0.6474719101123596 0.5693469101123596 0.6425561797752809 0.5695224719101124 0.62312734082397 0.5684691011235955 0.6198501872659176 0.5644311797752809 0.6158707865168539 0.5607443820224719 0.6142322097378277 0.5561797752808989 0.6137640449438202 0.5538974719101124 0.6125936329588015 0.5495084269662921 0.613061797752809 0.546875 0.612125468164794
0 0.5333567415730337 0.6786048689138576 0.5331811797752809 0.6821161048689138 0.534936797752809 0.68562734082397 0.5396769662921348 0.6910112359550562 0.5466994382022472 0.6931179775280899 0.5507373595505618 0.6928838951310862 0.5538974719101124 0.6914794007490637 0.5582865168539326 0.6863295880149812 0.5603932584269663 0.6821161048689138 0.5619733146067416 0.6720505617977528 0.5610955056179775 0.6650280898876404 0.5598665730337079 0.6612827715355806 0.5575842696629213 0.6580056179775281 0.5503862359550562 0.6542602996254682 0.5466994382022472 0.653558052434457 0.5402036516853933 0.6558988764044944 0.5363412921348315 0.6591760299625468 0.5351123595505618 0.661750936329588
0 0.5640800561797753 0.6647940074906367 0.5639044943820225 0.6757958801498127 0.5623244382022472 0.6823501872659176 0.5623244382022472 0.6858614232209738 0.5642556179775281 0.6889044943820225 0.567064606741573 0.6910112359550562 0.5751404494382022 0.6914794007490637 0.5849719101123596 0.6900749063670412 0.5898876404494382 0.6867977528089888 0.5932233146067416 0.6821161048689138 0.5942766853932584 0.6741573033707865 0.5935744382022472 0.663623595505618 0.5914676966292135 0.6577715355805244 0.5856741573033708 0.6523876404494382 0.5786516853932584 0.6491104868913857 0.574438202247191 0.648876404494382 0.5726825842696629 0.649812734082397 0.5712780898876404 0.650749063670412 0.5700491573033708 0.6537921348314607 0.566186797752809 0.6580056179775281 0.5656601123595506 0.6615168539325843
0 0.573560393258427 0.6189138576779026 0.5737359550561798 0.6264044943820225 0.5754915730337079 0.6334269662921348 0.5783005617977528 0.6404494382022472 0.5783005617977528 0.6437265917602997 0.5807584269662921 0.6474719101123596 0.5877808988764045 0.6500468164794008 0.5921699438202247 0.6500468164794008 0.5958567415730337 0.648876404494382 0.5988412921348315 0.6460674157303371 0.6009480337078652 0.6404494382022472 0.6023525280898876 0.6336610486891385 0.6018258426966292 0.6271067415730337 0.5997191011235955 0.6196161048689138 0.5955056179775281 0.6147003745318352 0.5879564606741573 0.6135299625468165 0.5812851123595506 0.6104868913857678 0.5763693820224719 0.6144662921348315
0 0.6023525280898876 0.6699438202247191 0.6023525280898876 0.6823501872659176 0.6070926966292135 0.6919475655430711 0.6118328651685393 0.6961610486891385 0.6195575842696629 0.6980337078651685 0.6235955056179775 0.697565543071161 0.6288623595505618 0.6945224719101124 0.6316713483146067 0.6905430711610487 0.6330758426966292 0.68562734082397 0.6337780898876404 0.6776685393258427 0.6313202247191011 0.6652621722846442 0.6300912921348315 0.6622191011235955 0.6276334269662921 0.6596441947565543 0.620435393258427 0.6573033707865169 0.6090238764044944 0.6573033707865169 0.6046348314606742 0.6619850187265918
0 0.6077949438202247 0.62312734082397 0.6067415730337079 0.6425561797752809 0.6109550561797753 0.6542602996254682 0.6123595505617978 0.6551966292134831 0.6242977528089888 0.6558988764044944 0.6288623595505618 0.6537921348314607 0.6313202247191011 0.649812734082397 0.633251404494382 0.6439606741573034 0.6346558988764045 0.635065543071161 0.6337780898876404 0.6257022471910112 0.6239466292134831 0.6184456928838952 0.6199087078651685 0.6168071161048689 0.609375 0.6193820224719101
0 0.6002457865168539 0.5847378277153558 0.5990168539325843 0.5896535580524345 0.6009480337078652 0.6055711610486891 0.6023525280898876 0.6072097378277154 0.6104283707865169 0.612125468164794 0.6123595505617978 0.6144662921348315 0.6200842696629213 0.614934456928839 0.6235955056179775 0.6139981273408239 0.6267556179775281 0.6090823970037453 0.6307935393258427 0.6055711610486891 0.6329002808988764 0.5955056179775281 0.6320224719101124 0.5905898876404494 0.6304424157303371 0.5849719101123596 0.6285112359550562 0.5814606741573034 0.6235955056179775 0.5758426966292135 0.6202598314606742 0.574438202247191 0.6113061797752809 0.5742041198501873 0.6037570224719101 0.5781835205992509 0.6025280898876404 0.5821629213483146
0 0.6023525280898876 0.5533707865168539 0.6021769662921348 0.5571161048689138 0.6035814606741573 0.5646067415730337 0.6083216292134831 0.5711610486891385 0.6113061797752809 0.5723314606741573 0.6234199438202247 0.5730337078651685 0.6260533707865169 0.5709269662921348 0.6299157303370787 0.5641385767790262 0.6336025280898876 0.5627340823970037 0.6341292134831461 0.56062734082397 0.6320224719101124 0.5580524344569289 0.6283356741573034 0.5447097378277154 0.6218398876404494 0.5388576779026217 0.6163974719101124 0.5355805243445693 0.6104283707865169 0.537687265917603 0.6077949438202247 0.5400280898876404 0.6067415730337079 0.5433052434456929 0.6042837078651685 0.5463483146067416
0 0.5681179775280899 0.5362827715355806 0.5679424157303371 0.552434456928839 0.5689957865168539 0.5571161048689138 0.5688202247191011 0.56437265917603 0.569873595505618 0.5683520599250936 0.573560393258427 0.5718632958801498 0.5814606741573034 0.5758426966292135 0.5840941011235955 0.574438202247191 0.5888342696629213 0.5739700374531835 0.5956811797752809 0.5709269662921348 0.5958567415730337 0.5676498127340824 0.5972612359550562 0.5662453183520599 0.5986657303370787 0.5603932584269663 0.5988412921348315 0.5529026217228464 0.5969101123595506 0.5433052434456929 0.5955056179775281 0.540496254681648 0.5884831460674157 0.5334737827715356 0.5747893258426966 0.5290262172284644 0.5711025280898876 0.5313670411985019
0 0.5991924157303371 0.5042134831460674 0.5979634831460674 0.5163857677902621 0.5969101123595506 0.5201310861423221 0.5953300561797753 0.5227059925093633 0.5939255617977528 0.5294943820224719 0.5986657303370787 0.5348782771535581 0.6021769662921348 0.5362827715355806 0.6193820224719101 0.5332397003745318 0.6242977528089888 0.5292602996254682 0.6260533707865169 0.5236423220973783 0.6283356741573034 0.5194288389513109 0.6283356741573034 0.5014044943820225 0.6320224719101124 0.49461610486891383 0.6300912921348315 0.49204119850187267 0.6264044943820225 0.4957865168539326 0.617626404494382 0.4932116104868914 0.6077949438202247 0.4943820224719101 0.6032303370786517 0.4964887640449438 0.6002457865168539 0.5007022471910112
0 0.5705758426966292 0.49812734082397003 0.5695224719101124 0.5049157303370787 0.5702247191011236 0.5191947565543071 0.5719803370786517 0.5224719101123596 0.5740870786516854 0.5292602996254682 0.5812851123595506 0.5311329588014981 0.5858497191011236 0.5308988764044944 0.5893609550561798 0.5299625468164794 0.5932233146067416 0.5259831460674157 0.5955056179775281 0.5222378277153558 0.5967345505617978 0.5156835205992509 0.5967345505617978 0.5112359550561798 0.5962078651685393 0.50187265917603 0.592872191011236 0.4957865168539326 0.586376404494382 0.4911048689138577 0.5797050561797753 0.49063670411985016 0.5737359550561798 0.4932116104868914
0 0.5668890449438202 0.4583333333333333 0.5668890449438202 0.46676029962546817 0.5675912921348315 0.46980337078651685 0.5723314606741573 0.4812734082397004 0.5763693820224719 0.48782771535580527 0.5797050561797753 0.488998127340824 0.5881320224719101 0.48852996254681647 0.5926966292134831 0.48384831460674155 0.5949789325842697 0.47752808988764045 0.5944522471910112 0.46441947565543074 0.5921699438202247 0.45646067415730335 0.5884831460674157 0.4517790262172285 0.578125 0.44756554307116103 0.5709269662921348 0.4487359550561798 0.5677668539325843 0.4529494382022472
0 0.5998946629213483 0.46676029962546817 0.5997191011235955 0.47237827715355807 0.6009480337078652 0.4791666666666667 0.6058637640449438 0.4913389513108614 0.6137640449438202 0.4913389513108614 0.6230688202247191 0.4887640449438202 0.6265800561797753 0.48431647940074907 0.625877808988764 0.48057116104868913 0.6288623595505618 0.4772940074906367 0.6281601123595506 0.4735486891385768 0.6292134831460674 0.47191011235955055 0.6293890449438202 0.46863295880149813 0.6271067415730337 0.45669475655430714 0.6237710674157303 0.4529494382022472 0.6199087078651685 0.45107677902621723 0.6127106741573034 0.45014044943820225 0.6063904494382022 0.45224719101123595 0.6041081460674157 0.45529026217228463
0 0.6058637640449438 0.41970973782771537 0.6062148876404494 0.4288389513108614 0.6072682584269663 0.4323501872659176 0.6127106741573034 0.43820224719101125 0.6232443820224719 0.44030898876404495 0.6292134831460674 0.4363295880149813 0.6314957865168539 0.4328183520599251 0.632373595505618 0.4288389513108614 0.6320224719101124 0.4147940074906367 0.6302668539325843 0.41034644194756553 0.6267556179775281 0.40636704119850187 0.6193820224719101 0.4049625468164794 0.6135884831460674 0.4068352059925094 0.6077949438202247 0.4112827715355805
0 0.5733848314606742 0.41713483146067415 0.5728581460674157 0.4330524344569288 0.5740870786516854 0.43562734082397003 0.5733848314606742 0.4396067415730337 0.5746137640449438 0.4417134831460674 0.5847963483146067 0.44803370786516855 0.5897120786516854 0.4477996254681648 0.5977879213483146 0.44241573033707865 0.6004213483146067 0.43679775280898875 0.6007724719101124 0.4318820224719101 0.5990168539325843 0.413623595505618 0.5976123595505618 0.41058052434456926 0.5953300561797753 0.41034644194756553 0.5921699438202247 0.40823970037453183 0.5858497191011236 0.40730337078651685 0.5793539325842697 0.40823970037453183 0.5777738764044944 0.4089419475655431 0.5747893258426966 0.41292134831460675
0 0.5667134831460674 0.38717228464419473 0.5668890449438202 0.39747191011235955 0.570751404494382 0.40379213483146065 0.5742626404494382 0.40636704119850187 0.5825140449438202 0.4049625468164794 0.5918188202247191 0.4014513108614232 0.5956811797752809 0.398876404494382 0.5997191011235955 0.39396067415730335 0.6014747191011236 0.3904494382022472 0.6027036516853933 0.3838951310861423 0.6025280898876404 0.37663857677902624 0.6002457865168539 0.37008426966292135 0.5962078651685393 0.3647003745318352 0.5897120786516854 0.3616573033707865 0.5814606741573034 0.3625936329588015 0.5770716292134831 0.3647003745318352 0.573560393258427 0.36961610486891383
0 0.6055126404494382 0.37312734082397003 0.6046348314606742 0.387874531835206 0.605688202247191 0.3913857677902622 0.604810393258427 0.39396067415730335 0.609375 0.39864232209737827 0.616748595505618 0.399812734082397 0.6230688202247191 0.3981741573033708 0.629564606741573 0.39396067415730335 0.6320224719101124 0.3904494382022472 0.6330758426966292 0.3874063670411985 0.6334269662921348 0.37991573033707865 0.6321980337078652 0.37336142322097376 0.6309691011235955 0.3698501872659176 0.6265800561797753 0.36540262172284643 0.620435393258427 0.3637640449438202 0.6153441011235955 0.36446629213483145 0.608497191011236 0.36891385767790263
0 0.6044592696629213 0.3345037453183521 0.6032303370786517 0.34573970037453183 0.6000702247191011 0.3562734082397004 0.6016502808988764 0.35884831460674155 0.6097261235955056 0.363998127340824 0.6127106741573034 0.3651685393258427 0.6148174157303371 0.36352996254681647 0.6195575842696629 0.362125468164794 0.6234199438202247 0.363061797752809 0.6267556179775281 0.3616573033707865 0.6307935393258427 0.35674157303370785 0.6330758426966292 0.3522940074906367 0.6341292134831461 0.34573970037453183 0.6336025280898876 0.33848314606741575 0.6318469101123596 0.3321629213483146 0.632373595505618 0.3256086142322097 0.6304424157303371 0.32092696629213485 0.6290379213483146 0.32467228464419473 0.6265800561797753 0.3256086142322097 0.6200842696629213 0.32303370786516855 0.6156952247191011 0.3227996254681648 0.6125351123595506 0.3237359550561798 0.6090238764044944 0.32631086142322097 0.6051615168539326 0.33169475655430714
0 0.5733848314606742 0.3368445692883895 0.5733848314606742 0.34527153558052437 0.574438202247191 0.3527621722846442 0.5777738764044944 0.35767790262172283 0.5811095505617978 0.3600187265917603 0.5849719101123596 0.3607209737827715 0.5914676966292135 0.3600187265917603 0.5967345505617978 0.35603932584269665 0.6007724719101124 0.34831460674157305 0.6023525280898876 0.33918539325842695 0.6023525280898876 0.3347378277153558 0.5997191011235955 0.3270131086142322 0.5949789325842697 0.32186329588014984 0.5884831460674157 0.31999063670411987 0.5816362359550562 0.32186329588014984 0.5774227528089888 0.32607677902621723 0.5746137640449438 0.33052434456928836
2 0.3517087429775281 0.2988452715355805 0.6452375351123596 0.3102811329588015 0.6359589185393258 0.7005007022471911 0.3411773174157303 0.6872237827715356
1 0.36649578651685394 0.3263506554307116 0.019039676966292135 0.034726123595505615
1 0.4054845505617977 0.37404494382022474 0.022110252808988765 0.028675093632958802
1 0.4337868679775281 0.49667602996254684 0.024878862359550565 0.03361189138576779
1 0.46376404494382023 0.5389091760299625 0.027478932584269665 0.03537219101123596
1 0.4617749297752809 0.6218281835205992 0.027015449438202246 0.038913857677902626
1 0.46431706460674155 0.4993609550561798 0.02507549157303371 0.03274344569288389
1 0.46638342696629215 0.4595107677902622 0.02569698033707865 0.034187734082397
1 0.5533198735955056 0.5016081460674157 0.025177317415730337 0.03411516853932584
1 0.5525614466292135 0.4655454119850187 0.02132198033707865 0.027532771535580525
1 0.5822366573033708 0.5858590823970037 0.02215063202247191 0.03408005617977528
1 0.555877808988764 0.37872893258426965 0.020930477528089887 0.03648408239700375