0 0.6334269662921348 0.6058052434456929 0.6509831460674157 0.6125936329588015 0.6558988764044944 0.62312734082397 0.6548455056179775 0.6411516853932584 0.6504564606741573 0.6486423220973783 0.644311797752809 0.6523876404494382 0.6290379213483146 0.6453651685393258 0.621313202247191 0.62312734082397 0.6202598314606742 0.6161048689138576 0.6227176966292135 0.6097846441947565 0.6271067415730337 0.6060393258426966 0.633251404494382 0.6058052434456929
0 0.3458567415730337 0.6907771535580525 0.34901685393258425 0.6926498127340824 0.352001404494382 0.699438202247191 0.3500702247191011 0.7097378277153558 0.33918539325842695 0.7340823970037453 0.32865168539325845 0.7415730337078652 0.32092696629213485 0.7397003745318352 0.3140800561797753 0.7312734082397003 0.3140800561797753 0.712312734082397 0.3239115168539326 0.6980337078651685 0.3416432584269663 0.6903089887640449 0.3456811797752809 0.6907771535580525
0 0.35235252808988765 0.5671816479400749 0.36587078651685395 0.5695224719101124 0.371313202247191 0.5758426966292135 0.3732443820224719 0.5852059925093633 0.37043539325842695 0.6055711610486891 0.3558637640449438 0.6128277153558053 0.3472612359550562 0.6048689138576779 0.3414676966292135 0.5875468164794008 0.34041432584269665 0.5774812734082397 0.3421699438202247 0.5709269662921348 0.35217696629213485 0.5674157303370787
0 0.484375 0.6870318352059925 0.49666432584269665 0.700374531835206 0.49877106741573035 0.7207397003745318 0.4945575842696629 0.7324438202247191 0.4841994382022472 0.738061797752809 0.47752808988764045 0.7364232209737828 0.47155898876404495 0.7308052434456929 0.46822331460674155 0.7109082397003745 0.46980337078651685 0.6996722846441947 0.4808637640449438 0.6875 0.4841994382022472 0.6870318352059925
0 0.5470505617977528 0.5304307116104869 0.5544241573033708 0.5325374531835206 0.5625 0.5433052434456929 0.5626755617977528 0.56062734082397 0.5540730337078652 0.5730337078651685 0.5398525280898876 0.5713951310861424 0.5344101123595506 0.5596910112359551 0.5363412921348315 0.5369850187265918 0.5407303370786517 0.5320692883895131 0.546875 0.5304307116104869
0 0.5746137640449438 0.6161048689138576 0.5918188202247191 0.6200842696629213 0.5941011235955056 0.6409176029962547 0.589185393258427 0.6542602996254682 0.5828651685393258 0.6582397003745318 0.5718047752808989 0.6594101123595506 0.5677668539325843 0.6591760299625468 0.5632022471910112 0.6544943820224719 0.5654845505617978 0.62312734082397 0.574438202247191 0.6163389513108615
0 0.5261587078651685 0.5210674157303371 0.5330056179775281 0.525749063670412 0.5345856741573034 0.5294943820224719 0.5338834269662921 0.5503277153558053 0.5294943820224719 0.5610955056179775 0.5191362359550562 0.5678838951310862 0.5108848314606742 0.5657771535580525 0.503686797752809 0.5573501872659176 0.5028089887640449 0.5400280898876404 0.504564606741573 0.5330056179775281 0.5084269662921348 0.5278558052434457 0.5184339887640449 0.5217696629213483 0.5259831460674157 0.5210674157303371
0 0.5437148876404494 0.6598782771535581 0.555126404494382 0.6645599250936329 0.5584620786516854 0.6683052434456929 0.561622191011236 0.6779026217228464 0.5614466292134831 0.6896067415730337 0.5574087078651685 0.6999063670411985 0.5523174157303371 0.7099719101123596 0.5472261235955056 0.7120786516853933 0.5384480337078652 0.7099719101123596 0.5301966292134831 0.6858614232209738 0.5323033707865169 0.6690074906367042 0.5365168539325843 0.6633895131086143 0.5435393258426966 0.6598782771535581
0 0.519311797752809 0.6154026217228464 0.5270365168539326 0.6200842696629213 0.5310744382022472 0.637874531835206 0.5296699438202247 0.650749063670412 0.5198384831460674 0.6580056179775281 0.5066713483146067 0.6544943820224719 0.500877808988764 0.6411516853932584 0.5014044943820225 0.6271067415730337 0.5042134831460674 0.6214887640449438 0.5091292134831461 0.6170411985018727 0.5191362359550562 0.6154026217228464
0 0.397998595505618 0.5297284644194756 0.40537219101123595 0.5365168539325843 0.40730337078651685 0.5547752808988764 0.4046699438202247 0.5629681647940075 0.39764747191011235 0.5692883895131086 0.38219803370786515 0.5664794007490637 0.37798455056179775 0.5599250936329588 0.3772823033707865 0.548689138576779 0.3785112359550562 0.5393258426966292 0.38377808988764045 0.5320692883895131 0.390625 0.5287921348314607 0.39782303370786515 0.5297284644194756
0 0.3455056179775281 0.6500468164794008 0.3530547752808989 0.6580056179775281 0.352001404494382 0.6683052434456929 0.3393609550561798 0.6900749063670412 0.32110252808988765 0.6992041198501873 0.3140800561797753 0.6945224719101124 0.3107443820224719 0.6882022471910112 0.30986657303370785 0.6715823970037453 0.32110252808988765 0.6568352059925093 0.3453300561797753 0.6500468164794008
0 0.585498595505618 0.6603464419475655 0.5921699438202247 0.6680711610486891 0.5976123595505618 0.6875 0.5955056179775281 0.697565543071161 0.5888342696629213 0.7034176029962547 0.5711025280898876 0.7008426966292135 0.5630266853932584 0.6835205992509363 0.563377808988764 0.6720505617977528 0.5667134831460674 0.6647940074906367 0.5853230337078652 0.6603464419475655
0 0.6894311797752809 0.6500468164794008 0.710498595505618 0.6580056179775281 0.7182233146067416 0.6685393258426966 0.7201544943820225 0.6795411985018727 0.7169943820224719 0.6917134831460674 0.7134831460674157 0.6961610486891385 0.7066362359550562 0.6992041198501873 0.6927668539325843 0.6933520599250936 0.6871488764044944 0.68562734082397 0.6841643258426966 0.6701779026217228 0.6785463483146067 0.6575374531835206 0.6839887640449438 0.650749063670412 0.6892556179775281 0.6500468164794008
0 0.45821629213483145 0.5222378277153558 0.46734550561797755 0.5299625468164794 0.4705056179775281 0.5397940074906367 0.47138342696629215 0.5603932584269663 0.46348314606741575 0.5664794007490637 0.45207162921348315 0.5657771535580525 0.445751404494382 0.5620318352059925 0.44030898876404495 0.5554775280898876 0.4378511235955056 0.5444756554307116 0.43872893258426965 0.5374531835205992 0.44469803370786515 0.5269194756554307 0.4511938202247191 0.5224719101123596 0.45804073033707865 0.5222378277153558
0 0.5544241573033708 0.6139981273408239 0.5575842696629213 0.614934456928839 0.5639044943820225 0.62312734082397 0.5653089887640449 0.6402153558052435 0.5617977528089888 0.6519194756554307 0.5538974719101124 0.6584737827715356 0.5416081460674157 0.6540262172284644 0.5352879213483146 0.6434925093632958 0.5337078651685393 0.6301498127340824 0.5363412921348315 0.6196161048689138 0.5396769662921348 0.6154026217228464 0.554248595505618 0.6139981273408239
0 0.6336025280898876 0.5304307116104869 0.6487008426966292 0.5346441947565543 0.6546699438202247 0.5426029962546817 0.6574789325842697 0.5538389513108615 0.65625 0.5650749063670412 0.6587078651685393 0.5723314606741573 0.6580056179775281 0.576310861423221 0.6509831460674157 0.5735018726591761 0.6372893258426966 0.5749063670411985 0.6251755617977528 0.56437265917603 0.6257022471910112 0.5536048689138576 0.6234199438202247 0.5397940074906367 0.6269311797752809 0.5327715355805244 0.6334269662921348 0.5306647940074907
0 0.6091994382022472 0.5304307116104869 0.6170997191011236 0.5325374531835206 0.6228932584269663 0.5400280898876404 0.6246488764044944 0.5545411985018727 0.6220154494382022 0.5648408239700374 0.6163974719101124 0.5704588014981273 0.6070926966292135 0.5704588014981273 0.5962078651685393 0.56062734082397 0.5953300561797753 0.5395599250936329 0.601123595505618 0.5320692883895131 0.6090238764044944 0.5306647940074907
0 0.25526685393258425 0.6851591760299626 0.2598314606741573 0.6891385767790262 0.2557935393258427 0.6926498127340824 0.25105337078651685 0.7270599250936329 0.24139747191011235 0.735252808988764 0.2324438202247191 0.7382958801498127 0.22735252808988765 0.737125468164794 0.22033005617977527 0.7308052434456929 0.21769662921348315 0.7169943820224719 0.2205056179775281 0.7066947565543071 0.23103932584269662 0.6952247191011236 0.2459620786516854 0.6921816479400749 0.25509129213483145 0.6851591760299626
0 0.2833567415730337 0.6090823970037453 0.28985252808988765 0.6168071161048689 0.28177668539325845 0.6275749063670412 0.277563202247191 0.6437265917602997 0.26246488764044945 0.6554307116104869 0.25245786516853935 0.6542602996254682 0.24350421348314608 0.6472378277153558 0.24069522471910113 0.6334269662921348 0.24473314606741572 0.6210205992509363 0.2517556179775281 0.6144662921348315 0.2831811797752809 0.6090823970037453
0 0.4253862359550562 0.6587078651685393 0.43504213483146065 0.6645599250936329 0.4394311797752809 0.6750936329588015 0.4371488764044944 0.6926498127340824 0.429248595505618 0.6977996254681648 0.421875 0.697565543071161 0.41678370786516855 0.6942883895131086 0.41116573033707865 0.6816479400749064 0.41134129213483145 0.674625468164794 0.4143258426966292 0.6673689138576779 0.42047050561797755 0.6598782771535581 0.42521067415730335 0.6587078651685393
0 0.4157303370786517 0.523876404494382 0.4317064606741573 0.5294943820224719 0.4376755617977528 0.5390917602996255 0.43872893258426965 0.5538389513108615 0.4373244382022472 0.56062734082397 0.4259129213483146 0.5695224719101124 0.41695926966292135 0.5690543071161048 0.40923455056179775 0.5585205992509363 0.4064255617977528 0.5327715355805244 0.41116573033707865 0.525749063670412 0.4155547752808989 0.523876404494382
0 0.36271067415730335 0.528558052434457 0.37219101123595505 0.5325374531835206 0.3771067415730337 0.5426029962546817 0.3751755617977528 0.5608614232209738 0.36639747191011235 0.5690543071161048 0.35217696629213485 0.5681179775280899 0.34691011235955055 0.5608614232209738 0.34462780898876405 0.550561797752809 0.34515449438202245 0.5395599250936329 0.3477879213483146 0.5346441947565543 0.3555126404494382 0.5287921348314607 0.36253511235955055 0.528558052434457
0 0.5819873595505618 0.5308988764044944 0.5870786516853933 0.5327715355805244 0.5918188202247191 0.5397940074906367 0.5942766853932584 0.5540730337078652 0.592872191011236 0.5615636704119851 0.5893609550561798 0.5667134831460674 0.5788272471910112 0.5716292134831461 0.5716292134831461 0.5695224719101124 0.566186797752809 0.5622659176029963 0.5637289325842697 0.5447097378277154 0.5693469101123596 0.5330056179775281 0.581811797752809 0.5308988764044944
0 0.32689606741573035 0.5681179775280899 0.3340941011235955 0.5699906367041199 0.33865870786516855 0.5760767790262172 0.34427668539325845 0.599250936329588 0.33900983146067415 0.6065074906367042 0.3246137640449438 0.6114232209737828 0.31355337078651685 0.6058052434456929 0.3103932584269663 0.6025280898876404 0.3102176966292135 0.598314606741573 0.31759129213483145 0.5737359550561798 0.32145365168539325 0.5690543071161048 0.32672050561797755 0.5681179775280899
0 0.45768960674157305 0.5706928838951311 0.4668188202247191 0.5784176029962547 0.46875 0.5987827715355806 0.46822331460674155 0.6158707865168539 0.46014747191011235 0.6219569288389513 0.453125 0.6200842696629213 0.4438202247191011 0.6132958801498127 0.4390800561797753 0.6060393258426966 0.43662219101123595 0.5957397003745318 0.43837780898876405 0.5835674157303371 0.44241573033707865 0.5749063670411985 0.4575140449438202 0.5706928838951311
0 0.6602879213483146 0.6963951310861424 0.6746839887640449 0.6992041198501873 0.6832865168539326 0.7097378277153558 0.6850421348314607 0.7235486891385767 0.6836376404494382 0.7343164794007491 0.680126404494382 0.739934456928839 0.6739817415730337 0.7425093632958801 0.664501404494382 0.7401685393258427 0.6543188202247191 0.7272940074906367 0.6495786516853933 0.7059925093632958 0.6509831460674157 0.699438202247191 0.6601123595505618 0.6963951310861424
0 0.3433988764044944 0.6104868913857678 0.35270365168539325 0.6163389513108615 0.35287921348314605 0.6299157303370787 0.34322331460674155 0.6477059925093633 0.33146067415730335 0.6547284644194756 0.3219803370786517 0.6528558052434457 0.3168890449438202 0.6474719101123596 0.31495786516853935 0.6409176029962547 0.3160112359550562 0.6285112359550562 0.31969803370786515 0.6196161048689138 0.32689606741573035 0.6128277153558053 0.34322331460674155 0.6104868913857678
0 0.3960674157303371 0.6151685393258427 0.40484550561797755 0.6203183520599251 0.4081811797752809 0.6343632958801498 0.4044943820224719 0.6491104868913857 0.397998595505618 0.6563670411985019 0.3927317415730337 0.6582397003745318 0.38395365168539325 0.6570692883895131 0.3785112359550562 0.6523876404494382 0.37552668539325845 0.6434925093632958 0.3753511235955056 0.6341292134831461 0.3767556179775281 0.62687265917603 0.3813202247191011 0.6191479400749064 0.3890449438202247 0.6147003745318352 0.39589185393258425 0.6151685393258427
0 0.48735955056179775 0.5718632958801498 0.4922752808988764 0.5737359550561798 0.49719101123595505 0.5800561797752809 0.49947331460674155 0.5896535580524345 0.49859550561797755 0.601123595505618 0.4919241573033708 0.6109550561797753 0.4747191011235955 0.6137640449438202 0.4703300561797753 0.6095505617977528 0.46962780898876405 0.5812265917602997 0.47717696629213485 0.5723314606741573 0.48718398876404495 0.5718632958801498
0 0.29002808988764045 0.6830524344569289 0.29441713483146065 0.6870318352059925 0.29371488764044945 0.6992041198501873 0.28809691011235955 0.7099719101123596 0.2866924157303371 0.7277621722846442 0.27791432584269665 0.7350187265917603 0.2654494382022472 0.7319756554307116 0.25877808988764045 0.7272940074906367 0.25491573033707865 0.7205056179775281 0.25526685393258425 0.7066947565543071 0.26316713483146065 0.6914794007490637 0.28985252808988765 0.6830524344569289
0 0.4878862359550562 0.6132958801498127 0.49315308988764045 0.6158707865168539 0.4964887640449438 0.6224250936329588 0.500877808988764 0.6493445692883895 0.5 0.6544943820224719 0.4920997191011236 0.6615168539325843 0.4729634831460674 0.6544943820224719 0.4669943820224719 0.6465355805243446 0.46576544943820225 0.6406835205992509 0.46752106741573035 0.6247659176029963 0.4705056179775281 0.6186797752808989 0.48771067415730335 0.6132958801498127
0 0.24315308988764045 0.5278558052434457 0.25070224719101125 0.5330056179775281 0.2521067415730337 0.5580524344569289 0.2482443820224719 0.56437265917603 0.23981741573033707 0.5678838951310862 0.2305126404494382 0.5676498127340824 0.22349016853932585 0.5641385767790262 0.21962780898876405 0.5552434456928839 0.21875 0.5465823970037453 0.2205056179775281 0.5383895131086143 0.2247191011235955 0.5318352059925093 0.23174157303370788 0.5278558052434457 0.24297752808988765 0.5278558052434457
0 0.42275280898876405 0.5704588014981273 0.43223314606741575 0.5742041198501873 0.43644662921348315 0.5812265917602997 0.43644662921348315 0.5861423220973783 0.4355688202247191 0.6022940074906367 0.433813202247191 0.6055711610486891 0.421875 0.6128277153558053 0.4143258426966292 0.6114232209737828 0.40923455056179775 0.6065074906367042 0.40712780898876405 0.5917602996254682 0.4106390449438202 0.5765449438202247 0.4174859550561798 0.5709269662921348 0.42257724719101125 0.5704588014981273
0 0.6511587078651685 0.6537921348314607 0.6578300561797753 0.6556647940074907 0.6616924157303371 0.6530898876404494 0.6748595505617978 0.6568352059925093 0.6824087078651685 0.6650280898876404 0.6860955056179775 0.6776685393258427 0.6864466292134831 0.6884363295880149 0.6818820224719101 0.6959269662921348 0.6753862359550562 0.6992041198501873 0.6653792134831461 0.6970973782771536 0.6569522471910112 0.6914794007490637 0.6474719101123596 0.6706460674157303 0.6472963483146067 0.6577715355805244 0.6509831460674157 0.6537921348314607
0 0.30547752808988765 0.528558052434457 0.31320224719101125 0.535814606741573 0.3142556179775281 0.550561797752809 0.31109550561797755 0.5615636704119851 0.29775280898876405 0.5681179775280899 0.29020365168539325 0.5664794007490637 0.28247893258426965 0.5592228464419475 0.2830056179775281 0.540496254681648 0.2856390449438202 0.533941947565543 0.293188202247191 0.5283239700374532 0.30530196629213485 0.528558052434457
0 0.6929424157303371 0.6945224719101124 0.7092696629213483 0.7024812734082397 0.7169943820224719 0.7165262172284644 0.715063202247191 0.7345505617977528 0.7101474719101124 0.7406367041198502 0.704002808988764 0.7427434456928839 0.6959269662921348 0.7411048689138576 0.6885533707865169 0.7338483146067416 0.6857443820224719 0.7268258426966292 0.6836376404494382 0.7099719101123596 0.6790730337078652 0.7031835205992509 0.6799508426966292 0.699438202247191 0.6855688202247191 0.6954588014981273 0.6927668539325843 0.6945224719101124
0 0.444873595505618 0.6172752808988764 0.46348314606741575 0.6247659176029963 0.4647120786516854 0.641619850187266 0.45997191011235955 0.6521535580524345 0.4415379213483146 0.6633895131086143 0.4318820224719101 0.6575374531835206 0.43047752808988765 0.6463014981273408 0.43504213483146065 0.6259363295880149 0.4392556179775281 0.6198501872659176 0.44469803370786515 0.6172752808988764
0 0.31109550561797755 0.6086142322097379 0.32110252808988765 0.6147003745318352 0.31566011235955055 0.62687265917603 0.3125 0.647003745318352 0.3044241573033708 0.6551966292134831 0.2933637640449438 0.6591760299625468 0.2852879213483146 0.6547284644194756 0.2810744382022472 0.6477059925093633 0.28265449438202245 0.6266385767790262 0.29389044943820225 0.6161048689138576 0.3109199438202247 0.6086142322097379
0 0.39536516853932585 0.5692883895131086 0.4018609550561798 0.5727996254681648 0.40747893258426965 0.5814606741573034 0.4085323033707865 0.6058052434456929 0.40344101123595505 0.6128277153558053 0.39905196629213485 0.6147003745318352 0.38149578651685395 0.6100187265917603 0.3807935393258427 0.6046348314606742 0.3748244382022472 0.5933988764044944 0.3765800561797753 0.5732677902621723 0.3829002808988764 0.5699906367041199 0.39518960674157305 0.5692883895131086
0 0.24192415730337077 0.6500468164794008 0.25456460674157305 0.6556647940074907 0.26246488764044945 0.6563670411985019 0.26457162921348315 0.6605805243445693 0.26457162921348315 0.6685393258426966 0.2478932584269663 0.68937265917603 0.23472612359550563 0.6933520599250936 0.22787921348314608 0.6907771535580525 0.22419241573033707 0.6863295880149812 0.22173455056179775 0.6678370786516854 0.22384129213483145 0.6610486891385767 0.22981039325842698 0.6540262172284644 0.2345505617977528 0.6502808988764045 0.24174859550561797 0.6500468164794008
0 0.5791783707865169 0.576310861423221 0.5904143258426966 0.584503745318352 0.592872191011236 0.601123595505618 0.5911165730337079 0.6093164794007491 0.579002808988764 0.6158707865168539 0.5674157303370787 0.6137640449438202 0.5625 0.6041666666666666 0.5632022471910112 0.5908239700374532 0.5667134831460674 0.5816947565543071 0.570751404494382 0.5777153558052435 0.579002808988764 0.576310861423221
0 0.4511938202247191 0.697565543071161 0.45962078651685395 0.6989700374531835 0.46418539325842695 0.7031835205992509 0.4669943820224719 0.7102059925093633 0.4689255617977528 0.7272940074906367 0.46734550561797755 0.7350187265917603 0.460498595505618 0.7427434456928839 0.46190308988764045 0.7516385767790262 0.4566362359550562 0.7535112359550562 0.453125 0.7535112359550562 0.45224719101123595 0.7453183520599251 0.44224016853932585 0.7378277153558053 0.4376755617977528 0.724250936329588 0.44206460674157305 0.702247191011236 0.44610252808988765 0.6982677902621723 0.4510182584269663 0.697565543071161
0 0.6121839887640449 0.5735018726591761 0.6206109550561798 0.577247191011236 0.6269311797752809 0.5919943820224719 0.6251755617977528 0.6058052434456929 0.6197331460674157 0.613061797752809 0.6148174157303371 0.6151685393258427 0.5990168539325843 0.6125936329588015 0.5921699438202247 0.5919943820224719 0.5925210674157303 0.5849719101123596 0.5965589887640449 0.5767790262172284 0.6021769662921348 0.5735018726591761 0.6120084269662921 0.5735018726591761
0 0.5474016853932584 0.5718632958801498 0.5533707865168539 0.5739700374531835 0.558813202247191 0.5805243445692884 0.5617977528089888 0.5875468164794008 0.5621488764044944 0.5971441947565543 0.5570575842696629 0.6114232209737828 0.5452949438202247 0.6135299625468165 0.5398525280898876 0.6125936329588015 0.5326544943820225 0.6034644194756554 0.53125 0.5875468164794008 0.535814606741573 0.5767790262172284 0.5400280898876404 0.5730337078651685 0.5472261235955056 0.5718632958801498
0 0.6058637640449438 0.6151685393258427 0.6162219101123596 0.6184456928838952 0.620435393258427 0.6224250936329588 0.6253511235955056 0.636938202247191 0.625 0.6474719101123596 0.6190308988764045 0.6549625468164794 0.6127106741573034 0.6577715355805244 0.6012991573033708 0.6542602996254682 0.5948033707865169 0.6453651685393258 0.5969101123595506 0.6341292134831461 0.5958567415730337 0.6266385767790262 0.5981390449438202 0.6184456928838952 0.605688202247191 0.6151685393258427
0 0.33497191011235955 0.5280898876404494 0.3439255617977528 0.5362827715355806 0.3453300561797753 0.5571161048689138 0.33918539325842695 0.5657771535580525 0.33146067415730335 0.5683520599250936 0.31706460674157305 0.5625 0.3142556179775281 0.5571161048689138 0.3144311797752809 0.545880149812734 0.3165379213483146 0.5360486891385767 0.3219803370786517 0.5292602996254682 0.33479634831460675 0.5280898876404494
0 0.48911516853932585 0.5205992509363296 0.4984199438202247 0.5311329588014981 0.5019311797752809 0.5444756554307116 0.5014044943820225 0.5529026217228464 0.4984199438202247 0.56062734082397 0.49122191011235955 0.5718632958801498 0.4885884831460674 0.5723314606741573 0.4766502808988764 0.5678838951310862 0.472436797752809 0.5545411985018727 0.4705056179775281 0.5372191011235955 0.4741924157303371 0.5292602996254682 0.48893960674157305 0.5205992509363296
0 0.5200140449438202 0.5723314606741573 0.5282654494382022 0.5805243445692884 0.5293188202247191 0.598314606741573 0.5235252808988764 0.610252808988764 0.5159761235955056 0.6139981273408239 0.5086025280898876 0.6135299625468165 0.5015800561797753 0.6058052434456929 0.4998244382022472 0.5868445692883895 0.507373595505618 0.5742041198501873 0.5198384831460674 0.5723314606741573
0 0.27054073033707865 0.5269194756554307 0.2773876404494382 0.5290262172284644 0.28125 0.5337078651685393 0.2814255617977528 0.5603932584269663 0.27668539325842695 0.5646067415730337 0.26702949438202245 0.5676498127340824 0.25860252808988765 0.5655430711610487 0.25316011235955055 0.56062734082397 0.25052668539325845 0.5430711610486891 0.25333567415730335 0.5327715355805244 0.25684691011235955 0.5294943820224719 0.27036516853932585 0.5269194756554307
0 0.46558988764044945 0.6542602996254682 0.47331460674157305 0.6610486891385767 0.4747191011235955 0.6753277153558053 0.47120786516853935 0.6891385767790262 0.465063202247191 0.6970973782771536 0.460498595505618 0.6985018726591761 0.4454002808988764 0.6982677902621723 0.4415379213483146 0.6959269662921348 0.4410112359550562 0.6713483146067416 0.44785814606741575 0.6615168539325843 0.46541432584269665 0.6542602996254682
0 0.5316011235955056 0.6563670411985019 0.5338834269662921 0.6643258426966292 0.5289676966292135 0.6711142322097379 0.5261587078651685 0.6851591760299626 0.5219452247191011 0.6926498127340824 0.5158005617977528 0.6968632958801498 0.49912219101123595 0.699438202247191 0.4943820224719101 0.6961610486891385 0.48946629213483145 0.6863295880149812 0.4978932584269663 0.6647940074906367 0.5052668539325843 0.6568352059925093 0.519311797752809 0.6591760299625468 0.5291432584269663 0.6537921348314607 0.5314255617977528 0.6563670411985019
1 0.6653792134831461 0.5497027153558052 0.019896418539325843 0.03667368913857678
1 0.6931759129213483 0.552434456928839 0.031016502808988763 0.035891853932584275
1 0.6329002808988764 0.5902785580524345 0.025163272471910116 0.0351123595505618
1 0.6601123595505618 0.5898876404494382 0.028089887640449437 0.03277153558052434
1 0.6908356741573034 0.5871558988764045 0.029845505617977528 0.03823267790262173
1 0.6642082162921348 0.6289021535580525 0.023407654494382025 0.03745318352059925
1 0.6911288623595506 0.6273408239700374 0.03160112359550562 0.035891853932584275
1 0.6299736657303371 0.670255149812734 0.023994030898876403 0.031210205992509368
1 0.6051035814606742 0.6722073970037453 0.02457865168539326 0.0351123595505618
1 0.6323156601123595 0.7053675093632958 0.028674508426966294 0.035891853932584275
1 0.6042257724719101 0.708878745318352 0.023994030898876403 0.0351123595505618
1 0.5770136938202247 0.7123899812734082 0.02574964887640449 0.028089887640449437
1 0.5448261938202247 0.7143422284644195 0.028089887640449437 0.025749063670411985
1 0.5132250702247191 0.712001404494382 0.029260884831460672 0.033551029962546816
1 0.48513518258426963 0.6718164794007491 0.018727176966292135 0.028089887640449437
1 0.4242749297752809 0.626561329588015 0.022238412921348316 0.034332865168539325
1 0.3048929073033708 0.5867673220973783 0.021067415730337078 0.035891853932584275
1 0.2808988764044944 0.586376404494382 0.02457865168539326 0.033551029962546816
1 0.2519311797752809 0.5875468164794008 0.02750526685393258 0.031210205992509368
1 0.36604634831460675 0.6292907303370786 0.02282303370786517 0.0351123595505618
1 0.2794364466292135 0.665184925093633 0.028674508426966294 0.03199204119850187
1 0.30518433988764043 0.6671348314606742 0.02282303370786517 0.031210205992509368
1 0.3043065308988764 0.712001404494382 0.021067415730337078 0.039794007490636704
1 0.39905196629213485 0.6664325842696629 0.028441011235955056 0.03323970037453183
1 0.367626404494382 0.6673689138576779 0.02598314606741573 0.03323970037453183
1 0.3670997191011236 0.7059925093632958 0.030547752808988762 0.033707865168539325
1 0.3962429775280899 0.7048220973782772 0.027036516853932584 0.03604868913857678
1 0.42275280898876405 0.7102059925093633 0.02598314606741573 0.028089887640449437
2 0.22705986657303373 0.528246020599251 0.7186329002808989 0.5321472378277153 0.7180477528089888 0.7350187265917603 0.21828177668539328 0.7326779026217228