0 0.4357443820224719 0.6591760299625468 0.4455758426966292 0.6720505617977528 0.44645365168539325 0.68937265917603 0.44259129213483145 0.701310861423221 0.43240870786516855 0.7069288389513109 0.42503511235955055 0.7052902621722846 0.42117275280898875 0.7006086142322098 0.4183637640449438 0.6851591760299626 0.4201193820224719 0.6757958801498127 0.42521067415730335 0.6657303370786517 0.4355688202247191 0.6591760299625468
0 0.43662219101123595 0.7055243445692884 0.44259129213483145 0.7085674157303371 0.4468047752808989 0.714185393258427 0.4475070224719101 0.7275280898876404 0.4432935393258427 0.7439138576779026 0.43240870786516855 0.7504681647940075 0.42082162921348315 0.7450842696629213 0.4178370786516854 0.738061797752809 0.41731039325842695 0.7263576779026217 0.41871488764044945 0.7172284644194756 0.42292837078651685 0.709503745318352 0.43644662921348315 0.7055243445692884
0 0.4924508426966292 0.5273876404494382 0.5022823033707865 0.5365168539325843 0.503686797752809 0.5543071161048689 0.5017556179775281 0.5625 0.4961376404494382 0.5716292134831461 0.4887640449438202 0.5756086142322098 0.4827949438202247 0.5746722846441947 0.47945926966292135 0.5713951310861424 0.47524578651685395 0.5589887640449438 0.4729634831460674 0.5428370786516854 0.47542134831460675 0.5355805243445693 0.4805126404494382 0.5292602996254682 0.4878862359550562 0.5262172284644194 0.4922752808988764 0.5273876404494382
0 0.46365870786516855 0.5767790262172284 0.47173455056179775 0.5852059925093633 0.47542134831460675 0.611189138576779 0.46945224719101125 0.6198501872659176 0.4606741573033708 0.6217228464419475 0.453125 0.6207865168539326 0.44610252808988765 0.6147003745318352 0.44259129213483145 0.5980805243445693 0.44452247191011235 0.5849719101123596 0.44803370786516855 0.5805243445692884 0.45610955056179775 0.5765449438202247 0.46348314606741575 0.5767790262172284
0 0.6127106741573034 0.5231741573033708 0.620435393258427 0.525749063670412 0.6244733146067416 0.5332397003745318 0.625877808988764 0.5484550561797753 0.6242977528089888 0.5568820224719101 0.6197331460674157 0.5620318352059925 0.6121839887640449 0.5641385767790262 0.6039325842696629 0.5610955056179775 0.598314606741573 0.5538389513108615 0.5969101123595506 0.5316011235955056 0.602001404494382 0.5252808988764045 0.6125351123595506 0.5234082397003745
0 0.5596910112359551 0.700374531835206 0.5688202247191011 0.709503745318352 0.5726825842696629 0.7312734082397003 0.5714536516853933 0.7406367041198502 0.5681179775280899 0.7464887640449438 0.5574087078651685 0.7511704119850188 0.5496839887640449 0.7488295880149812 0.5433637640449438 0.7411048689138576 0.5407303370786517 0.7169943820224719 0.5419592696629213 0.7097378277153558 0.5452949438202247 0.7057584269662921 0.5595154494382022 0.700374531835206
0 0.6151685393258427 0.6088483146067416 0.621313202247191 0.6104868913857678 0.6244733146067416 0.6144662921348315 0.629564606741573 0.6301498127340824 0.6292134831460674 0.636938202247191 0.6260533707865169 0.6441947565543071 0.6232443820224719 0.6477059925093633 0.6155196629213483 0.6495786516853933 0.609375 0.648876404494382 0.6005969101123596 0.6404494382022472 0.5970856741573034 0.6240636704119851 0.598314606741573 0.6163389513108615 0.6021769662921348 0.6104868913857678 0.6053370786516854 0.608380149812734 0.6149929775280899 0.6088483146067416
0 0.6358848314606742 0.5943352059925093 0.6518609550561798 0.6034644194756554 0.6585323033707865 0.6158707865168539 0.6588834269662921 0.6254681647940075 0.6564255617977528 0.6362359550561798 0.6474719101123596 0.6430243445692884 0.6336025280898876 0.6392790262172284 0.6288623595505618 0.6310861423220974 0.6244733146067416 0.6065074906367042 0.6288623595505618 0.5971441947565543 0.6357092696629213 0.5943352059925093
0 0.4081811797752809 0.7050561797752809 0.41151685393258425 0.7059925093632958 0.4159058988764045 0.7144194756554307 0.4164325842696629 0.7282303370786517 0.4083567415730337 0.7450842696629213 0.3985252808988764 0.75 0.3904494382022472 0.7488295880149812 0.38570926966292135 0.7446161048689138 0.386938202247191 0.7155898876404494 0.390625 0.7080992509363296 0.4080056179775281 0.7050561797752809
0 0.5502106741573034 0.528558052434457 0.5600421348314607 0.5323033707865169 0.5647823033707865 0.5402621722846442 0.566186797752809 0.5571161048689138 0.5630266853932584 0.5641385767790262 0.5572331460674157 0.5688202247191011 0.5430126404494382 0.5702247191011236 0.5377457865168539 0.5639044943820225 0.5365168539325843 0.5397940074906367 0.5433637640449438 0.5292602996254682 0.5500351123595506 0.5287921348314607
0 0.6420294943820225 0.6446629213483146 0.6530898876404494 0.6509831460674157 0.6573033707865169 0.6638576779026217 0.6566011235955056 0.6788389513108615 0.6509831460674157 0.6851591760299626 0.6439606741573034 0.6872659176029963 0.6371137640449438 0.6872659176029963 0.6297401685393258 0.6823501872659176 0.6228932584269663 0.6687734082397003 0.6221910112359551 0.6631554307116105 0.6227176966292135 0.6547284644194756 0.6265800561797753 0.6481741573033708 0.6309691011235955 0.6453651685393258 0.6418539325842697 0.6446629213483146
0 0.5296699438202247 0.5215355805243446 0.5361657303370787 0.5294943820224719 0.5351123595505618 0.5533707865168539 0.5291432584269663 0.5646067415730337 0.5200140449438202 0.5683520599250936 0.5122893258426966 0.5669475655430711 0.5064957865168539 0.5608614232209738 0.504564606741573 0.5536048689138576 0.5047401685393258 0.5397940074906367 0.5084269662921348 0.5313670411985019 0.5150983146067416 0.524812734082397 0.5221207865168539 0.5210674157303371 0.5294943820224719 0.5215355805243446
0 0.5122893258426966 0.6158707865168539 0.5293188202247191 0.6179775280898876 0.5342345505617978 0.6264044943820225 0.5347612359550562 0.6444288389513109 0.5307233146067416 0.651685393258427 0.5231741573033708 0.6558988764044944 0.5121137640449438 0.6542602996254682 0.5026334269662921 0.636938202247191 0.5010533707865169 0.62687265917603 0.5026334269662921 0.6198501872659176 0.5056179775280899 0.6161048689138576 0.5121137640449438 0.6158707865168539
0 0.6339536516853933 0.6851591760299626 0.6523876404494382 0.6882022471910112 0.6615168539325843 0.701310861423221 0.6630969101123596 0.7205056179775281 0.6587078651685393 0.7275280898876404 0.6511587078651685 0.7312734082397003 0.6408005617977528 0.727996254681648 0.6336025280898876 0.7167602996254682 0.6274578651685393 0.6921816479400749 0.6300912921348315 0.6851591760299626 0.6337780898876404 0.6851591760299626
0 0.5158005617977528 0.6547284644194756 0.5328300561797753 0.6566011235955056 0.5361657303370787 0.6683052434456929 0.5361657303370787 0.6786048689138576 0.534936797752809 0.6853932584269663 0.5296699438202247 0.6921816479400749 0.5096558988764045 0.6985018726591761 0.5042134831460674 0.6956928838951311 0.5 0.6889044943820225 0.49877106741573035 0.6823501872659176 0.5077247191011236 0.6603464419475655 0.5108848314606742 0.6561329588014981 0.515625 0.6547284644194756
0 0.6824087078651685 0.5557116104868914 0.6896067415730337 0.5599250936329588 0.6932935393258427 0.5674157303370787 0.6873244382022472 0.5955056179775281 0.6787219101123596 0.6032303370786517 0.6648525280898876 0.6022940074906367 0.6583567415730337 0.6067415730337079 0.6527387640449438 0.6022940074906367 0.6567766853932584 0.5922284644194756 0.652563202247191 0.5779494382022472 0.6544943820224719 0.5676498127340824 0.6613412921348315 0.5608614232209738 0.6822331460674157 0.5557116104868914
0 0.33146067415730335 0.5428370786516854 0.3421699438202247 0.5461142322097379 0.3458567415730337 0.550561797752809 0.34691011235955055 0.5711610486891385 0.3435744382022472 0.5784176029962547 0.33883426966292135 0.5821629213483146 0.32496488764044945 0.5835674157303371 0.31724016853932585 0.5746722846441947 0.31724016853932585 0.5538389513108615 0.3223314606741573 0.5461142322097379 0.33128511235955055 0.5430711610486891
0 0.39957865168539325 0.5819288389513109 0.40519662921348315 0.5835674157303371 0.40923455056179775 0.588249063670412 0.4143258426966292 0.6161048689138576 0.41292134831460675 0.6245318352059925 0.40502106741573035 0.6313202247191011 0.3987008426966292 0.6308520599250936 0.38606039325842695 0.62312734082397 0.38184691011235955 0.6095505617977528 0.3827247191011236 0.5838014981273408 0.39940308988764045 0.5819288389513109
0 0.4841994382022472 0.6896067415730337 0.4940308988764045 0.6872659176029963 0.4980688202247191 0.6886704119850188 0.5052668539325843 0.7001404494382022 0.5089536516853933 0.7183988764044944 0.5089536516853933 0.7275280898876404 0.5017556179775281 0.7404026217228464 0.49473314606741575 0.7439138576779026 0.4841994382022472 0.7406367041198502 0.4801615168539326 0.7343164794007491 0.4782303370786517 0.7221441947565543 0.4789325842696629 0.7097378277153558 0.4841994382022472 0.6898408239700374
0 0.41871488764044945 0.5325374531835206 0.43416432584269665 0.538623595505618 0.4396067415730337 0.545880149812734 0.4413623595505618 0.5533707865168539 0.44013342696629215 0.5688202247191011 0.4339887640449438 0.5758426966292135 0.4257373595505618 0.5784176029962547 0.41485252808988765 0.5737359550561798 0.4106390449438202 0.5625 0.4081811797752809 0.5433052434456929 0.4125702247191011 0.5360486891385767 0.41853932584269665 0.5325374531835206
0 0.5884831460674157 0.5273876404494382 0.5955056179775281 0.5369850187265918 0.5969101123595506 0.5514981273408239 0.5921699438202247 0.5625 0.5849719101123596 0.5671816479400749 0.5753160112359551 0.5660112359550562 0.5689957865168539 0.5608614232209738 0.5656601123595506 0.5360486891385767 0.5712780898876404 0.5276217228464419 0.5883075842696629 0.5273876404494382
0 0.5888342696629213 0.6142322097378277 0.5956811797752809 0.6245318352059925 0.5979634831460674 0.6371722846441947 0.5970856741573034 0.6434925093632958 0.5914676966292135 0.6519194756554307 0.5751404494382022 0.6575374531835206 0.5675912921348315 0.6544943820224719 0.5714536516853933 0.6193820224719101 0.5751404494382022 0.6147003745318352 0.5886587078651685 0.6142322097378277
0 0.5783005617977528 0.6942883895131086 0.5886587078651685 0.6959269662921348 0.5962078651685393 0.7006086142322098 0.5995435393258427 0.7062265917602997 0.6034058988764045 0.721441947565543 0.6035814606741573 0.7291666666666666 0.5995435393258427 0.7378277153558053 0.5953300561797753 0.7420411985018727 0.5870786516853933 0.7436797752808989 0.5779494382022472 0.7394662921348315 0.5718047752808989 0.7240168539325843 0.573560393258427 0.7001404494382022 0.578125 0.6942883895131086
0 0.5537219101123596 0.5702247191011236 0.5598665730337079 0.5732677902621723 0.5653089887640449 0.5805243445692884 0.5653089887640449 0.5971441947565543 0.561622191011236 0.6058052434456929 0.5486306179775281 0.6100187265917603 0.539501404494382 0.6060393258426966 0.5352879213483146 0.5948033707865169 0.534936797752809 0.584503745318352 0.5400280898876404 0.5730337078651685 0.5535463483146067 0.5702247191011236
0 0.4080056179775281 0.6580056179775281 0.4118679775280899 0.6601123595505618 0.4160814606741573 0.6687734082397003 0.41502808988764045 0.6961610486891385 0.40888342696629215 0.7043539325842697 0.39132724719101125 0.7090355805243446 0.38606039325842695 0.7031835205992509 0.38395365168539325 0.6966292134831461 0.38588483146067415 0.6781367041198502 0.39764747191011235 0.661750936329588 0.4078300561797753 0.6580056179775281
0 0.4741924157303371 0.660814606741573 0.4808637640449438 0.6680711610486891 0.4822682584269663 0.6783707865168539 0.47735252808988765 0.6963951310861424 0.4703300561797753 0.7034176029962547 0.4529494382022472 0.7001404494382022 0.4490870786516854 0.6924157303370787 0.44785814606741575 0.6786048689138576 0.453125 0.6692415730337079 0.47401685393258425 0.660814606741573
0 0.3707865168539326 0.5433052434456929 0.3804424157303371 0.5536048689138576 0.38009129213483145 0.5706928838951311 0.37394662921348315 0.5795880149812734 0.36639747191011235 0.5830992509363296 0.359375 0.5828651685393258 0.3512991573033708 0.5786516853932584 0.3481390449438202 0.5713951310861424 0.3477879213483146 0.5543071161048689 0.35024578651685395 0.5489232209737828 0.3558637640449438 0.5447097378277154 0.36218398876404495 0.5423689138576779 0.3706109550561798 0.5433052434456929
0 0.33883426966292135 0.5823970037453183 0.34445224719101125 0.5875468164794008 0.3479634831460674 0.6139981273408239 0.34234550561797755 0.6207865168539326 0.32724719101123595 0.6261704119850188 0.32145365168539325 0.6252340823970037 0.31724016853932585 0.6203183520599251 0.31530898876404495 0.6088483146067416 0.3239115168539326 0.5868445692883895 0.33865870786516855 0.5823970037453183
0 0.49473314606741575 0.576310861423221 0.5015800561797753 0.5816947565543071 0.5026334269662921 0.6032303370786517 0.49912219101123595 0.6125936329588015 0.48771067415730335 0.6170411985018727 0.47963483146067415 0.6156367041198502 0.47384129213483145 0.6008895131086143 0.4726123595505618 0.5884831460674157 0.47594803370786515 0.5807584269662921 0.4808637640449438 0.5760767790262172 0.4945575842696629 0.576310861423221
0 0.4589185393258427 0.5278558052434457 0.46734550561797755 0.5323033707865169 0.47138342696629215 0.5388576779026217 0.47542134831460675 0.5599250936329588 0.47173455056179775 0.5688202247191011 0.4645365168539326 0.5720973782771536 0.4534761235955056 0.5711610486891385 0.44785814606741575 0.5678838951310862 0.4418890449438202 0.5575842696629213 0.44030898876404495 0.5468164794007491 0.44083567415730335 0.5416666666666666 0.4476825842696629 0.5318352059925093 0.4587429775280899 0.5278558052434457
0 0.3767556179775281 0.7059925093632958 0.3804424157303371 0.7066947565543071 0.38553370786516855 0.7137172284644194 0.38412921348314605 0.7378277153558053 0.3765800561797753 0.7504681647940075 0.367626404494382 0.7544475655430711 0.36271067415730335 0.7535112359550562 0.3551615168539326 0.7453183520599251 0.3534058988764045 0.7289325842696629 0.3577949438202247 0.7167602996254682 0.36235955056179775 0.7106741573033708 0.3765800561797753 0.7059925093632958
0 0.526685393258427 0.6968632958801498 0.5330056179775281 0.699438202247191 0.5375702247191011 0.7062265917602997 0.5405547752808989 0.7268258426966292 0.5400280898876404 0.7340823970037453 0.5365168539325843 0.7389981273408239 0.526685393258427 0.7441479400749064 0.5189606741573034 0.7420411985018727 0.5145716292134831 0.7378277153558053 0.5115870786516854 0.7310393258426966 0.5103581460674157 0.714185393258427 0.5150983146067416 0.7008426966292135 0.5265098314606742 0.6968632958801498
0 0.7136587078651685 0.6439606741573034 0.7250702247191011 0.6544943820224719 0.7284058988764045 0.6664325842696629 0.7268258426966292 0.6783707865168539 0.7175210674157303 0.6867977528089888 0.7087429775280899 0.68562734082397 0.6989115168539326 0.6797752808988764 0.6945224719101124 0.6584737827715356 0.6955758426966292 0.6521535580524345 0.7003160112359551 0.6474719101123596 0.7134831460674157 0.6439606741573034
0 0.5556530898876404 0.6556647940074907 0.5640800561797753 0.660814606741573 0.5681179775280899 0.6715823970037453 0.5681179775280899 0.6839887640449438 0.5609199438202247 0.6952247191011236 0.5447682584269663 0.7034176029962547 0.5398525280898876 0.7034176029962547 0.5354634831460674 0.6959269662921348 0.5382724719101124 0.6683052434456929 0.5456460674157303 0.6570692883895131 0.5554775280898876 0.6556647940074907
0 0.4683988764044944 0.7029494382022472 0.47384129213483145 0.7066947565543071 0.4782303370786517 0.7343164794007491 0.47366573033707865 0.7434456928838952 0.4652387640449438 0.7490636704119851 0.45610955056179775 0.7460205992509363 0.4490870786516854 0.7378277153558053 0.4489115168539326 0.7193352059925093 0.4529494382022472 0.7052902621722846 0.4587429775280899 0.702247191011236 0.46822331460674155 0.7029494382022472
0 0.7161165730337079 0.6877340823970037 0.7273525280898876 0.6992041198501873 0.7289325842696629 0.7088014981273408 0.7268258426966292 0.7237827715355806 0.7168188202247191 0.7312734082397003 0.7103230337078652 0.7305711610486891 0.6992626404494382 0.7207397003745318 0.6954002808988764 0.7134831460674157 0.6946980337078652 0.7031835205992509 0.6952247191011236 0.6942883895131086 0.6996137640449438 0.6860955056179775 0.7159410112359551 0.6877340823970037
0 0.24122191011235955 0.5500936329588015 0.2480688202247191 0.5522003745318352 0.25263342696629215 0.5571161048689138 0.253686797752809 0.5849719101123596 0.24473314606741572 0.5908239700374532 0.23384831460674158 0.5924625468164794 0.22752808988764045 0.5894194756554307 0.22226123595505617 0.5812265917602997 0.22103230337078653 0.5674157303370787 0.22313904494382023 0.56062734082397 0.23086376404494383 0.5531367041198502 0.24104634831460675 0.5503277153558053
0 0.39782303370786515 0.5411985018726592 0.40730337078651685 0.5468164794007491 0.409936797752809 0.5681179775280899 0.40502106741573035 0.5784176029962547 0.3941362359550562 0.5823970037453183 0.38974719101123595 0.5819288389513109 0.38167134831460675 0.574438202247191 0.38026685393258425 0.5620318352059925 0.38377808988764045 0.5475187265917603 0.3904494382022472 0.5416666666666666 0.39764747191011235 0.5411985018726592
0 0.4334620786516854 0.5805243445692884 0.441186797752809 0.5884831460674157 0.4410112359550562 0.6093164794007491 0.43609550561797755 0.6175093632958801 0.42503511235955055 0.6221910112359551 0.4183637640449438 0.6210205992509363 0.41485252808988765 0.6175093632958801 0.4122191011235955 0.6046348314606742 0.41274578651685395 0.5941011235955056 0.41485252808988765 0.588249063670412 0.42117275280898875 0.5821629213483146 0.4332865168539326 0.5805243445692884
0 0.34884129213483145 0.6638576779026217 0.35217696629213485 0.6713483146067416 0.3535814606741573 0.6825842696629213 0.3534058988764045 0.6968632958801498 0.35077247191011235 0.7024812734082397 0.3421699438202247 0.7102059925093633 0.3321629213483146 0.7116104868913857 0.3246137640449438 0.7057584269662921 0.320751404494382 0.6961610486891385 0.3225070224719101 0.6823501872659176 0.32742275280898875 0.6732209737827716 0.3418188202247191 0.6647940074906367 0.34866573033707865 0.6640917602996255
0 0.3009129213483146 0.5456460674157303 0.3103932584269663 0.5491573033707865 0.31495786516853935 0.5550093632958801 0.3165379213483146 0.574438202247191 0.3105688202247191 0.5833333333333334 0.3012640449438202 0.5875468164794008 0.29371488764044945 0.587312734082397 0.2891502808988764 0.5842696629213483 0.2835323033707865 0.5678838951310862 0.2851123595505618 0.5575842696629213 0.29002808988764045 0.5500936329588015 0.3007373595505618 0.5456460674157303
0 0.5919943820224719 0.6547284644194756 0.6007724719101124 0.660814606741573 0.6076193820224719 0.6786048689138576 0.6058637640449438 0.6879681647940075 0.5988412921348315 0.6956928838951311 0.5960323033707865 0.6959269662921348 0.5777738764044944 0.6914794007490637 0.5740870786516854 0.6860955056179775 0.5691713483146067 0.6692415730337079 0.574438202247191 0.6619850187265918 0.5918188202247191 0.6547284644194756
0 0.671875 0.6853932584269663 0.6790730337078652 0.6900749063670412 0.6894311797752809 0.6921816479400749 0.6936446629213483 0.7029494382022472 0.6931179775280899 0.7205056179775281 0.6882022471910112 0.7275280898876404 0.6824087078651685 0.7305711610486891 0.6713483146067416 0.7270599250936329 0.6641502808988764 0.7134831460674157 0.6604634831460674 0.6921816479400749 0.6643258426966292 0.68562734082397 0.6716994382022472 0.6853932584269663
0 0.496313202247191 0.6203183520599251 0.49929775280898875 0.6233614232209738 0.5012289325842697 0.6371722846441947 0.5079002808988764 0.653558052434457 0.5049157303370787 0.6631554307116105 0.49912219101123595 0.6645599250936329 0.48139044943820225 0.6615168539325843 0.47401685393258425 0.6542602996254682 0.47349016853932585 0.6383426966292135 0.47577247191011235 0.6303838951310862 0.4878862359550562 0.6200842696629213 0.4961376404494382 0.6203183520599251
0 0.35270365168539325 0.5809925093632958 0.3707865168539326 0.5840355805243446 0.38009129213483145 0.5950374531835206 0.3790379213483146 0.6161048689138576 0.3751755617977528 0.6221910112359551 0.3628862359550562 0.6273408239700374 0.3518258426966292 0.6196161048689138 0.34445224719101125 0.5990168539325843 0.34462780898876405 0.5866104868913857 0.35252808988764045 0.5809925093632958
0 0.460498595505618 0.6226591760299626 0.47191011235955055 0.6303838951310862 0.4727879213483146 0.6537921348314607 0.4647120786516854 0.6631554307116105 0.45014044943820225 0.6685393258426966 0.44259129213483145 0.6647940074906367 0.43837780898876405 0.6509831460674157 0.4487359550561798 0.6252340823970037 0.4529494382022472 0.6224250936329588 0.46032303370786515 0.6226591760299626
0 0.6716994382022472 0.6418539325842697 0.6852176966292135 0.647003745318352 0.6934691011235955 0.6542602996254682 0.6971558988764045 0.6783707865168539 0.6924157303370787 0.6867977528089888 0.6875 0.6898408239700374 0.6788974719101124 0.6889044943820225 0.6660814606741573 0.6823501872659176 0.6655547752808989 0.6753277153558053 0.6602879213483146 0.6683052434456929 0.6587078651685393 0.6570692883895131 0.6613412921348315 0.6477059925093633 0.6648525280898876 0.6427902621722846 0.6715238764044944 0.6418539325842697
0 0.6137640449438202 0.5669475655430711 0.6242977528089888 0.5723314606741573 0.6290379213483146 0.5875468164794008 0.6285112359550562 0.5957397003745318 0.6246488764044944 0.6034644194756554 0.6172752808988764 0.6079119850187266 0.6018258426966292 0.6041666666666666 0.5956811797752809 0.5819288389513109 0.5995435393258427 0.5706928838951311 0.6135884831460674 0.5669475655430711
0 0.5612710674157303 0.6093164794007491 0.5684691011235955 0.6125936329588015 0.5709269662921348 0.6161048689138576 0.5718047752808989 0.6233614232209738 0.5663623595505618 0.6481741573033708 0.5628511235955056 0.6528558052434457 0.5575842696629213 0.6549625468164794 0.545997191011236 0.6526217228464419 0.5384480337078652 0.6341292134831461 0.5379213483146067 0.6254681647940075 0.5421348314606742 0.614934456928839 0.5610955056179775 0.6093164794007491
0 0.6165730337078652 0.6875 0.6271067415730337 0.6966292134831461 0.6327247191011236 0.713249063670412 0.6304424157303371 0.7270599250936329 0.6202598314606742 0.7340823970037453 0.6081460674157303 0.7296348314606742 0.6051615168539326 0.7247191011235955 0.6007724719101124 0.7064606741573034 0.6014747191011236 0.6977996254681648 0.6062148876404494 0.6905430711610487 0.6097261235955056 0.6872659176029963 0.6163974719101124 0.6875
0 0.6455407303370787 0.5215355805243446 0.6515098314606742 0.5262172284644194 0.6567766853932584 0.5500936329588015 0.6523876404494382 0.5636704119850188 0.6436095505617978 0.5711610486891385 0.6430828651685393 0.5779494382022472 0.6408005617977528 0.5800561797752809 0.6362359550561798 0.5779494382022472 0.6358848314606742 0.5709269662921348 0.6262289325842697 0.5603932584269663 0.6257022471910112 0.5397940074906367 0.6351825842696629 0.5227059925093633 0.6453651685393258 0.5215355805243446
0 0.5205407303370787 0.5735018726591761 0.5259831460674157 0.5751404494382022 0.5307233146067416 0.5802902621722846 0.5342345505617978 0.5959737827715356 0.5337078651685393 0.6058052434456929 0.5301966292134831 0.613061797752809 0.5228230337078652 0.6158707865168539 0.5100070224719101 0.6135299625468165 0.5040379213483146 0.6027621722846442 0.504564606741573 0.5875468164794008 0.5066713483146067 0.5809925093632958 0.5122893258426966 0.575374531835206 0.5203651685393258 0.5735018726591761
0 0.5814606741573034 0.5699906367041199 0.59375 0.5779494382022472 0.5977879213483146 0.5987827715355806 0.5951544943820225 0.6079119850187266 0.5816362359550562 0.6123595505617978 0.5712780898876404 0.6107209737827716 0.5654845505617978 0.599250936329588 0.5665379213483146 0.5809925093632958 0.5689957865168539 0.5758426966292135 0.5812851123595506 0.5699906367041199
0 0.27247191011235955 0.5475187265917603 0.2796699438202247 0.5498595505617978 0.2833567415730337 0.5538389513108615 0.28423455056179775 0.5779494382022472 0.2793188202247191 0.5849719101123596 0.26860955056179775 0.5889513108614233 0.2577247191011236 0.5852059925093633 0.25491573033707865 0.5814606741573034 0.2521067415730337 0.5671816479400749 0.2542134831460674 0.5571161048689138 0.2575491573033708 0.552434456928839 0.27229634831460675 0.5475187265917603
0 0.7208567415730337 0.5943352059925093 0.7273525280898876 0.6022940074906367 0.7220856741573034 0.6093164794007491 0.7240168539325843 0.6233614232209738 0.7205056179775281 0.6371722846441947 0.7154143258426966 0.6420880149812734 0.6997893258426966 0.6465355805243446 0.6924157303370787 0.6437265917602997 0.6894311797752809 0.6292134831460674 0.6810042134831461 0.6212546816479401 0.6822331460674157 0.6095505617977528 0.6892556179775281 0.6006554307116105 0.7136587078651685 0.6015917602996255 0.7206811797752809 0.5943352059925093
1 0.2734252106741573 0.6701989700374532 0.09039150280898876 0.16218164794007492
1 0.33763518258426967 0.6447073970037454 0.21763869382022474 0.03473080524344569
1 0.2905723314606741 0.73125702247191 0.12585323033707865 0.04709269662921348
1 0.6111323735955057 0.6641760299625469 0.026102528089887642 0.04090121722846442
1 0.6375790028089888 0.5794943820224719 0.025159761235955057 0.03071161048689138
1 0.6736973314606742 0.6220388576779026 0.023660463483146068 0.033092228464419476
1 0.6900579353932584 0.5403089887640449 0.05988939606741573 0.0319311797752809
1 0.7093591994382022 0.5551006554307116 0.03412043539325842 0.07711610486891386
1 0.24544768258426966 0.670252808988764 0.03228054775280899 0.16698501872659177
1 0.26002106741573033 0.6704002808988764 0.06633426966292134 0.1641432584269663
1 0.2728950140449438 0.6093094569288389 0.0916695926966292 0.03728230337078652
2 0.2247191011235955 0.5500936329588015 0.7285814606741573 0.5184925093632958 0.7303370786516854 0.7408707865168539 0.22384129213483145 0.7595973782771536