2 0.3522940660112359 0.2941636235955056 0.6454822682584269 0.3089887640449438 0.6337780898876404 0.7084894662921348 0.33532303370786515 0.6866416198501872
1 0.40671875 0.3698501872659176 0.026918890449438203 0.034332865168539325
1 0.40554775280898875 0.41198501872659177 0.028089887640449437 0.035891853932584275
1 0.39910990168539323 0.5738927902621723 0.029260884831460672 0.03823267790262173
1 0.39764747191011235 0.6156367041198502 0.028674508426966294 0.034332865168539325
1 0.3920874297752809 0.658941947565543 0.021067415730337078 0.04603698501872659
1 0.4289554073033708 0.5774040262172285 0.028089887640449437 0.03901451310861423
1 0.4304195926966292 0.5340987827715356 0.028674508426966294 0.039794007490636704
1 0.4336376404494382 0.4970341760299625 0.026918890449438203 0.028089887640449437
1 0.4339308286516854 0.41354634831460674 0.020482794943820225 0.03745318352059925
1 0.4386113061797753 0.37219101123595505 0.02750526685393258 0.035891853932584275
1 0.4690431882022472 0.37453183520599254 0.031016502808988763 0.03745318352059925
1 0.49508426966292135 0.4178370786516854 0.02574964887640449 0.03199204119850187
1 0.4658233848314607 0.4572401685393258 0.02457865168539326 0.035891853932584275
1 0.4640677668539326 0.4974250936329588 0.02457865168539326 0.0351123595505618
1 0.46202071629213487 0.5364396067415731 0.029845505617977528 0.04135533707865168
1 0.45997191011235955 0.579744850187266 0.028089887640449437 0.03745318352059925
1 0.49186622191011237 0.5403394194756554 0.02750526685393258 0.03823267790262173
1 0.5562377106741573 0.4619218164794007 0.028674508426966294 0.03901451310861423
1 0.5852054073033708 0.4615332397003746 0.026918890449438203 0.04291432584269663
1 0.5536042837078652 0.5040566479400749 0.028089887640449437 0.034332865168539325
1 0.5228809691011236 0.5399508426966292 0.026334269662921347 0.03745318352059925
1 0.5187851123595506 0.5789630149812733 0.031016502808988763 0.026528558052434457
1 0.5515572331460674 0.5840355805243446 0.02750526685393258 0.0351123595505618
1 0.5483374297752809 0.6242205056179776 0.028089887640449437 0.035891853932584275
1 0.5828651685393258 0.5844264981273408 0.02457865168539326 0.03745318352059925
1 0.5828651685393258 0.6261704119850188 0.026918890449438203 0.039794007490636704
1 0.6156372893258427 0.5836446629213483 0.029260884831460672 0.03745318352059925
1 0.6147594803370786 0.6320224719101124 0.03452773876404494 0.048377808988764044
1 0.5597489466292135 0.3764817415730337 0.023994030898876403 0.02886938202247191
0 0.35639044943820225 0.31062734082397003 0.3553370786516854 0.3176498127340824 0.3555126404494382 0.3249063670411985 0.3576193820224719 0.33029026217228463 0.36253511235955055 0.33801498127340823 0.3693820224719101 0.3398876404494382 0.3772823033707865 0.34058988764044945 0.38009129213483145 0.3377808988764045 0.3825491573033708 0.33754681647940077 0.38377808988764045 0.33192883895131087 0.383251404494382 0.32771535580524347 0.3843047752808989 0.324438202247191 0.3827247191011236 0.3113295880149813 0.3804424157303371 0.30711610486891383 0.3732443820224719 0.30102996254681647 0.3656952247191011 0.30079588014981273 0.35867275280898875 0.30547752808988765
0 0.3549859550561798 0.352059925093633 0.35481039325842695 0.35931647940074907 0.355688202247191 0.3663389513108614 0.3609550561797753 0.3728932584269663 0.3614817415730337 0.37663857677902624 0.3628862359550562 0.3780430711610487 0.3693820224719101 0.3801498127340824 0.37394662921348315 0.3785112359550562 0.37570224719101125 0.37663857677902624 0.37622893258426965 0.3728932584269663 0.38184691011235955 0.36587078651685395 0.382373595505618 0.3579119850187266 0.38149578651685395 0.3522940074906367 0.38026685393258425 0.35135767790262173 0.37763342696629215 0.34573970037453183 0.3727176966292135 0.34176029962546817 0.36271067415730335 0.3403558052434457 0.3590238764044944 0.3431647940074906
0 0.35691713483146065 0.38717228464419473 0.35621488764044945 0.39091760299625467 0.35428370786516855 0.39396067415730335 0.35603932584269665 0.3977059925093633 0.3551615168539326 0.40098314606741575 0.3570926966292135 0.40777153558052437 0.36200842696629215 0.41853932584269665 0.36815308988764045 0.4232209737827715 0.3728932584269663 0.424625468164794 0.38377808988764045 0.42181647940074907 0.3846558988764045 0.42064606741573035 0.38588483146067415 0.41830524344569286 0.38606039325842695 0.414559925093633 0.38781601123595505 0.4112827715355805 0.38816713483146065 0.40823970037453183 0.38764044943820225 0.3972378277153558 0.38588483146067415 0.39115168539325845 0.3846558988764045 0.3892790262172285 0.37991573033707865 0.3848314606741573 0.37359550561797755 0.38295880149812733 0.3655196629213483 0.38295880149812733 0.3591994382022472 0.38506554307116103
0 0.35217696629213485 0.43890449438202245 0.352001404494382 0.44335205992509363 0.35410814606741575 0.45646067415730335 0.35849719101123595 0.461376404494382 0.36271067415730335 0.46441947565543074 0.3728932584269663 0.4653558052434457 0.3790379213483146 0.46441947565543074 0.38149578651685395 0.4616104868913858 0.38395365168539325 0.45669475655430714 0.38342696629213485 0.4529494382022472 0.3848314606741573 0.44920411985018727 0.38219803370786515 0.4339887640449438 0.38167134831460675 0.43211610486891383 0.37991573033707865 0.4307116104868914 0.36622191011235955 0.42392322097378277 0.36429073033707865 0.42368913857677903 0.36271067415730335 0.42181647940074907 0.3616573033707865 0.42532771535580527 0.35410814606741575 0.4339887640449438
0 0.355688202247191 0.4845505617977528 0.35410814606741575 0.49836142322097376 0.359375 0.5063202247191011 0.3727176966292135 0.5095973782771536 0.37587780898876405 0.5093632958801498 0.37991573033707865 0.5058520599250936 0.3825491573033708 0.50187265917603 0.38360252808988765 0.49812734082397003 0.38412921348314605 0.4850187265917603 0.38219803370786515 0.4791666666666667 0.3785112359550562 0.47495318352059923 0.3707865168539326 0.4716760299625468 0.36622191011235955 0.4714419475655431 0.3597261235955056 0.475187265917603 0.35797050561797755 0.47752808988764045
0 0.3498946629213483 0.5224719101123596 0.34901685393258425 0.525749063670412 0.3497191011235955 0.5433052434456929 0.35094803370786515 0.5463483146067416 0.35463483146067415 0.5503277153558053 0.363061797752809 0.5529026217228464 0.36780196629213485 0.5531367041198502 0.37219101123595505 0.5507958801498127 0.37780898876404495 0.5449438202247191 0.3793890449438202 0.536750936329588 0.3793890449438202 0.5327715355805244 0.37763342696629215 0.525749063670412 0.3767556179775281 0.5180243445692884 0.37359550561797755 0.5121722846441947 0.36622191011235955 0.5093632958801498 0.3591994382022472 0.5091292134831461 0.355688202247191 0.511938202247191 0.35217696629213485 0.5168539325842697
0 0.3532303370786517 0.5739700374531835 0.35287921348314605 0.5784176029962547 0.3555126404494382 0.5884831460674157 0.3590238764044944 0.5931647940074907 0.3628862359550562 0.596441947565543 0.3732443820224719 0.6013576779026217 0.3769311797752809 0.601123595505618 0.37991573033707865 0.599250936329588 0.38360252808988765 0.5943352059925093 0.3850070224719101 0.589185393258427 0.3850070224719101 0.5859082397003745 0.3830758426966292 0.5786516853932584 0.3827247191011236 0.5674157303370787 0.3811446629213483 0.5620318352059925 0.3788623595505618 0.5585205992509363 0.37359550561797755 0.5564138576779026 0.3686797752808989 0.5557116104868914 0.36622191011235955 0.5561797752808989 0.3634129213483146 0.5580524344569289 0.359375 0.5587546816479401 0.35603932584269665 0.5613295880149812
0 0.3435744382022472 0.6062734082397003 0.34322331460674155 0.6093164794007491 0.3453300561797753 0.613061797752809 0.34673455056179775 0.6135299625468165 0.3479634831460674 0.6154026217228464 0.35059691011235955 0.6334269662921348 0.35410814606741575 0.6395131086142322 0.35814606741573035 0.641619850187266 0.3649929775280899 0.6425561797752809 0.3734199438202247 0.6453651685393258 0.38009129213483145 0.6420880149812734 0.38395365168539325 0.6371722846441947 0.38570926966292135 0.6301498127340824 0.38395365168539325 0.6235955056179775 0.382373595505618 0.6210205992509363 0.3813202247191011 0.6163389513108615 0.37833567415730335 0.6090823970037453 0.37394662921348315 0.6041666666666666 0.3690308988764045 0.6015917602996255 0.36235955056179775 0.601123595505618 0.35603932584269665 0.6046348314606742 0.3514747191011236 0.6044007490636704 0.34884129213483145 0.6025280898876404 0.3455056179775281 0.6027621722846442
0 0.3433988764044944 0.6577715355805244 0.3433988764044944 0.6645599250936329 0.34620786516853935 0.6753277153558053 0.34884129213483145 0.6788389513108615 0.35235252808988765 0.6804775280898876 0.3628862359550562 0.6790730337078652 0.36832865168539325 0.6750936329588015 0.37236657303370785 0.6680711610486891 0.3748244382022472 0.6584737827715356 0.3734199438202247 0.6474719101123596 0.3706109550561798 0.6479400749063671 0.36639747191011235 0.6453651685393258 0.35603932584269665 0.6423220973782772 0.35252808988764045 0.6434925093632958 0.34866573033707865 0.6463014981273408
0 0.402563202247191 0.6095505617977528 0.4023876404494382 0.6170411985018727 0.40379213483146065 0.62312734082397 0.40625 0.6271067415730337 0.41151685393258425 0.6310861423220974 0.42521067415730335 0.6367041198501873 0.42872191011235955 0.6367041198501873 0.43223314606741575 0.6345973782771536 0.43697331460674155 0.6287453183520599 0.4392556179775281 0.6163389513108615 0.43697331460674155 0.6055711610486891 0.43416432584269665 0.6018258426966292 0.4280196629213483 0.5976123595505618 0.4260884831460674 0.5945692883895131 0.4220505617977528 0.5912921348314607 0.41889044943820225 0.5905898876404494 0.414501404494382 0.591058052434457 0.4066011235955056 0.5959737827715356 0.40625 0.5987827715355806 0.4043188202247191 0.6022940074906367
0 0.3790379213483146 0.5189606741573034 0.3785112359550562 0.5234082397003745 0.3804424157303371 0.5332397003745318 0.38026685393258425 0.5435393258426966 0.38167134831460675 0.5475187265917603 0.3865870786516854 0.5533707865168539 0.39360955056179775 0.5559456928838952 0.402563202247191 0.5547752808988764 0.40905898876404495 0.5514981273408239 0.41134129213483145 0.5475187265917603 0.4116924157303371 0.5353464419475655 0.4123946629213483 0.5330056179775281 0.4122191011235955 0.5259831460674157 0.4083567415730337 0.5203651685393258 0.40098314606741575 0.5149812734082397 0.390625 0.510065543071161 0.3871137640449438 0.5102996254681648 0.3843047752808989 0.5124063670411985
0 0.386938202247191 0.487125468164794 0.3864115168539326 0.5023408239700374 0.38764044943820225 0.5056179775280899 0.39167837078651685 0.5098314606741573 0.3941362359550562 0.5114700374531835 0.39764747191011235 0.5121722846441947 0.4041432584269663 0.511938202247191 0.40888342696629215 0.510065543071161 0.4125702247191011 0.5056179775280899 0.41485252808988765 0.49063670411985016 0.41485252808988765 0.4868913857677903 0.4123946629213483 0.48080524344569286 0.40888342696629215 0.47659176029962547 0.4046699438202247 0.47542134831460675 0.3950140449438202 0.47635767790262173 0.3883426966292135 0.48080524344569286
0 0.3865870786516854 0.43679775280898875 0.3862359550561798 0.4447565543071161 0.38764044943820225 0.45997191011235955 0.38939606741573035 0.46418539325842695 0.3927317415730337 0.46886704119850187 0.39764747191011235 0.4726123595505618 0.4080056179775281 0.47401685393258425 0.4139747191011236 0.4716760299625468 0.4180126404494382 0.46722846441947563 0.4183637640449438 0.449438202247191 0.41713483146067415 0.44335205992509363 0.41502808988764045 0.4386704119850187 0.4101123595505618 0.43515917602996257 0.40115870786516855 0.4311797752808989 0.39396067415730335 0.426498127340824 0.39396067415730335 0.4272003745318352 0.3904494382022472 0.4288389513108614 0.38922050561797755 0.43047752808988765
0 0.38816713483146065 0.31484082397003743 0.3885182584269663 0.32841760299625467 0.3923806179775281 0.3419943820224719 0.3969452247191011 0.3455056179775281 0.39905196629213485 0.34527153558052437 0.4006320224719101 0.34386704119850187 0.4044943820224719 0.34527153558052437 0.40941011235955055 0.3429307116104869 0.4120435393258427 0.34012172284644193 0.4125702247191011 0.3387172284644195 0.4120435393258427 0.335440074906367 0.4141502808988764 0.32724719101123595 0.4141502808988764 0.32162921348314605 0.41274578651685395 0.31530898876404495 0.41081460674157305 0.31086142322097376 0.40870786516853935 0.3082865168539326 0.4044943820224719 0.30547752808988765 0.39764747191011235 0.3052434456928839 0.3941362359550562 0.30664794007490637 0.3890449438202247 0.31273408239700373
0 0.4201193820224719 0.31858614232209737 0.4197682584269663 0.3279494382022472 0.42099719101123595 0.336376404494382 0.42310393258426965 0.34058988764044945 0.42679073033707865 0.3433988764044944 0.42872191011235955 0.3441011235955056 0.4357443820224719 0.3433988764044944 0.43995786516853935 0.33941947565543074 0.4434691011235955 0.3330992509363296 0.44469803370786515 0.3279494382022472 0.44399578651685395 0.32092696629213485 0.44083567415730335 0.31226591760299627 0.4376755617977528 0.3089887640449438 0.4357443820224719 0.3080524344569288 0.42872191011235955 0.3080524344569288 0.4260884831460674 0.3092228464419476 0.4220505617977528 0.31296816479400746
0 0.4238061797752809 0.449438202247191 0.42240168539325845 0.45365168539325845 0.4238061797752809 0.4726123595505618 0.42503511235955055 0.4772940074906367 0.4274929775280899 0.48010299625468167 0.42854634831460675 0.4845505617977528 0.4320575842696629 0.48782771535580527 0.4355688202247191 0.4892322097378277 0.44013342696629215 0.488061797752809 0.44645365168539325 0.48080524344569286 0.45259831460674155 0.4705056179775281 0.45207162921348315 0.4674625468164794 0.45382724719101125 0.46324906367041196 0.45382724719101125 0.45646067415730335 0.4513693820224719 0.44920411985018727 0.449438202247191 0.4461610486891386 0.4455758426966292 0.44335205992509363 0.44276685393258425 0.44241573033707865 0.4318820224719101 0.4421816479400749 0.42872191011235955 0.4447565543071161 0.42696629213483145 0.44756554307116103
0 0.40361657303370785 0.6472378277153558 0.40344101123595505 0.6521535580524345 0.4046699438202247 0.6575374531835206 0.40308988764044945 0.6610486891385767 0.40098314606741575 0.6612827715355806 0.4001053370786517 0.6659644194756554 0.40098314606741575 0.6720505617977528 0.4046699438202247 0.6762640449438202 0.40958567415730335 0.6764981273408239 0.4183637640449438 0.674625468164794 0.42064606741573035 0.6720505617977528 0.42450842696629215 0.6697097378277154 0.4294241573033708 0.6619850187265918 0.4299508426966292 0.6533239700374532 0.42872191011235955 0.6460674157303371 0.42661516853932585 0.6411516853932584 0.42275280898876405 0.6364700374531835 0.41520365168539325 0.635065543071161 0.4122191011235955 0.6360018726591761 0.40747893258426965 0.6404494382022472
0 0.4313553370786517 0.6439606741573034 0.4318820224719101 0.6584737827715356 0.4353932584269663 0.6683052434456929 0.43820224719101125 0.6725187265917603 0.44259129213483145 0.6762640449438202 0.44645365168539325 0.6772003745318352 0.4529494382022472 0.6772003745318352 0.4552317415730337 0.6753277153558053 0.45821629213483145 0.6650280898876404 0.461376404494382 0.6587078651685393 0.46734550561797755 0.6509831460674157 0.4627808988764045 0.6430243445692884 0.4527738764044944 0.6376404494382022 0.449438202247191 0.6329588014981273 0.4431179775280899 0.6303838951310862 0.4390800561797753 0.6306179775280899 0.4355688202247191 0.6329588014981273 0.43223314606741575 0.6392790262172284
0 0.44627808988764045 0.6093164794007491 0.4452247191011236 0.6175093632958801 0.4438202247191011 0.6196161048689138 0.44399578651685395 0.62312734082397 0.445751404494382 0.6247659176029963 0.44838483146067415 0.6308520599250936 0.4511938202247191 0.6338951310861424 0.45593398876404495 0.6362359550561798 0.46383426966292135 0.6360018726591761 0.46787219101123595 0.6322565543071161 0.47120786516853935 0.6266385767790262 0.4722612359550562 0.6217228464419475 0.47173455056179775 0.6125936329588015 0.47015449438202245 0.6095505617977528 0.4691011235955056 0.6051029962546817 0.4668188202247191 0.6022940074906367 0.4627808988764045 0.6004213483146067 0.45646067415730335 0.599250936329588 0.45259831460674155 0.6008895131086143 0.44820926966292135 0.6046348314606742
0 0.4410112359550562 0.41151685393258425 0.44048455056179775 0.41502808988764045 0.4417134831460674 0.4178370786516854 0.44206460674157305 0.4286048689138577 0.4432935393258427 0.4318820224719101 0.44820926966292135 0.43820224719101125 0.45417837078651685 0.4410112359550562 0.4566362359550562 0.4410112359550562 0.4631320224719101 0.438436329588015 0.4671699438202247 0.4386704119850187 0.4689255617977528 0.4400749063670412 0.4710323033707865 0.44030898876404495 0.47384129213483145 0.438436329588015 0.4743679775280899 0.43562734082397003 0.472436797752809 0.4332865168539326 0.4745435393258427 0.42907303370786515 0.4743679775280899 0.42134831460674155 0.47173455056179775 0.4143258426966292 0.47138342696629215 0.4112827715355805 0.46787219101123595 0.4056647940074906 0.4647120786516854 0.4028558052434457 0.45646067415730335 0.3981741573033708 0.4547050561797753 0.3993445692883895 0.45049157303370785 0.40004681647940077 0.44785814606741575 0.40215355805243447 0.44610252808988765 0.4089419475655431 0.44241573033707865 0.40847378277153557
0 0.44856039325842695 0.33052434456928836 0.4487359550561798 0.33965355805243447 0.4468047752808989 0.34527153558052437 0.44645365168539325 0.34901685393258425 0.4489115168539326 0.3527621722846442 0.4496137640449438 0.35603932584269665 0.4534761235955056 0.35767790262172283 0.45997191011235955 0.35908239700374533 0.46752106741573035 0.35603932584269665 0.47384129213483145 0.352059925093633 0.4762991573033708 0.3487827715355805 0.4784058988764045 0.3424625468164794 0.4787570224719101 0.3345037453183521 0.47594803370786515 0.3213951310861423 0.47401685393258425 0.31858614232209737 0.4708567415730337 0.3167134831460674 0.4643609550561798 0.3155430711610487 0.45646067415730335 0.3157771535580524 0.45189606741573035 0.3211610486891386 0.4489115168539326 0.3279494382022472
0 0.4861306179775281 0.3211610486891386 0.48577949438202245 0.3309925093632959 0.48700842696629215 0.33590823970037453 0.4863061797752809 0.34176029962546817 0.488061797752809 0.3441011235955056 0.48911516853932585 0.34901685393258425 0.49087078651685395 0.350187265917603 0.49508426966292135 0.34995318352059923 0.5086025280898876 0.3433988764044944 0.5101825842696629 0.33848314606741575 0.511938202247191 0.32092696629213485 0.5112359550561798 0.31741573033707865 0.5084269662921348 0.311563670411985 0.5054424157303371 0.3092228464419476 0.5012289325842697 0.30758426966292135 0.4977176966292135 0.3073501872659176 0.4936797752808989 0.30852059925093633 0.4887640449438202 0.31320224719101125
0 0.47945926966292135 0.44592696629213485 0.4799859550561798 0.45646067415730335 0.4822682584269663 0.46207865168539325 0.4859550561797753 0.4660580524344569 0.48753511235955055 0.4737827715355805 0.4905196629213483 0.47027153558052437 0.49490870786516855 0.47120786516853935 0.49912219101123595 0.4683988764044944 0.5024578651685393 0.46512172284644193 0.5047401685393258 0.45997191011235955 0.504564606741573 0.45646067415730335 0.5059691011235955 0.45014044943820225 0.5054424157303371 0.44335205992509363 0.5035112359550562 0.4396067415730337 0.4980688202247191 0.43375468164794007 0.49473314606741575 0.4323501872659176 0.49087078651685395 0.43211610486891383 0.4866573033707865 0.4342228464419476 0.48121488764044945 0.4396067415730337
0 0.4789325842696629 0.4887640449438202 0.47963483146067415 0.5051498127340824 0.48349719101123595 0.5112359550561798 0.4906952247191011 0.5142790262172284 0.5019311797752809 0.513810861423221 0.5040379213483146 0.5084269662921348 0.5056179775280899 0.5016385767790262 0.5063202247191011 0.49461610486891383 0.5052668539325843 0.48782771535580527 0.5038623595505618 0.48408239700374533 0.49683988764044945 0.4794007490636704 0.49350421348314605 0.47869850187265917 0.48753511235955055 0.4791666666666667 0.480688202247191 0.4833801498127341
0 0.4747191011235955 0.5821629213483146 0.47524578651685395 0.5917602996254682 0.47770365168539325 0.5985486891385767 0.4808637640449438 0.6013576779026217 0.48771067415730335 0.6025280898876404 0.4984199438202247 0.5987827715355806 0.5001755617977528 0.5926966292134831 0.5003511235955056 0.5880149812734082 0.5024578651685393 0.5812265917602997 0.5015800561797753 0.574438202247191 0.49859550561797755 0.5697565543071161 0.4920997191011236 0.5634363295880149 0.48735955056179775 0.5627340823970037 0.48367275280898875 0.5634363295880149 0.4789325842696629 0.5676498127340824
0 0.47542134831460675 0.6205524344569289 0.47524578651685395 0.6310861423220974 0.4762991573033708 0.6381086142322098 0.477001404494382 0.6404494382022472 0.480688202247191 0.6439606741573034 0.48771067415730335 0.647003745318352 0.49122191011235955 0.6467696629213483 0.496313202247191 0.6448970037453183 0.49947331460674155 0.6425561797752809 0.500877808988764 0.6404494382022472 0.5029845505617978 0.6306179775280899 0.5028089887640449 0.6259363295880149 0.5021067415730337 0.6217228464419475 0.5001755617977528 0.6165730337078652 0.5003511235955056 0.6128277153558053 0.49754213483146065 0.6088483146067416 0.49122191011235955 0.6060393258426966 0.48718398876404495 0.6072097378277154 0.4841994382022472 0.6065074906367042 0.4805126404494382 0.6088483146067416
0 0.46875 0.6580056179775281 0.46804775280898875 0.6699438202247191 0.4708567415730337 0.6715823970037453 0.4706811797752809 0.6729868913857678 0.4689255617977528 0.6753277153558053 0.47138342696629215 0.6788389513108615 0.47208567415730335 0.6821161048689138 0.47384129213483145 0.6832865168539326 0.4782303370786517 0.6837546816479401 0.4808637640449438 0.6853932584269663 0.4827949438202247 0.6842228464419475 0.48771067415730335 0.6835205992509363 0.49122191011235955 0.6816479400749064 0.4942064606741573 0.6786048689138576 0.4961376404494382 0.6743913857677902 0.49701544943820225 0.6647940074906367 0.49543539325842695 0.6570692883895131 0.492626404494382 0.6521535580524345 0.48964185393258425 0.6495786516853933 0.47735252808988765 0.6458333333333334 0.47173455056179775 0.6509831460674157
0 0.5033356741573034 0.6008895131086143 0.5031601123595506 0.6093164794007491 0.5042134831460674 0.6212546816479401 0.5075491573033708 0.6299157303370787 0.5128160112359551 0.6355337078651685 0.5186095505617978 0.6381086142322098 0.5224719101123596 0.6374063670411985 0.5261587078651685 0.635065543071161 0.5330056179775281 0.6264044943820225 0.5347612359550562 0.6179775280898876 0.5347612359550562 0.6128277153558053 0.5335323033707865 0.6055711610486891 0.5305477528089888 0.6008895131086143 0.5194873595505618 0.5884831460674157 0.5159761235955056 0.5870786516853933 0.5121137640449438 0.5870786516853933 0.5086025280898876 0.5887172284644194 0.5047401685393258 0.5919943820224719
0 0.5086025280898876 0.6591760299625468 0.5079002808988764 0.6633895131086143 0.508251404494382 0.6718164794007491 0.5096558988764045 0.6788389513108615 0.5138693820224719 0.6863295880149812 0.5180828651685393 0.6889044943820225 0.5226474719101124 0.6896067415730337 0.5263342696629213 0.6886704119850188 0.5308988764044944 0.6851591760299626 0.5338834269662921 0.6786048689138576 0.5342345505617978 0.6685393258426966 0.5331811797752809 0.6601123595505618 0.5314255617977528 0.6558988764044944 0.5289676966292135 0.6547284644194756 0.5279143258426966 0.6509831460674157 0.5221207865168539 0.6493445692883895 0.5187851123595506 0.6493445692883895 0.5143960674157303 0.6509831460674157 0.5140449438202247 0.6547284644194756 0.5091292134831461 0.6580056179775281
0 0.5166783707865169 0.4953183520599251 0.5161516853932584 0.49859550561797755 0.5170294943820225 0.5086610486891385 0.519311797752809 0.5131086142322098 0.5224719101123596 0.5163857677902621 0.5289676966292135 0.5175561797752809 0.5351123595505618 0.516619850187266 0.5377457865168539 0.513810861423221 0.5402036516853933 0.5081928838951311 0.5409058988764045 0.5028089887640449 0.5402036516853933 0.49461610486891383 0.5373946629213483 0.48829588014981273 0.532127808988764 0.4833801498127341 0.5259831460674157 0.4815074906367041 0.5221207865168539 0.4854868913857678
0 0.5117626404494382 0.4506086142322097 0.5121137640449438 0.4627808988764045 0.5133426966292135 0.4658239700374532 0.5184339887640449 0.47073970037453183 0.5200140449438202 0.4737827715355805 0.5242275280898876 0.47448501872659177 0.5291432584269663 0.47401685393258425 0.5305477528089888 0.4705056179775281 0.5363412921348315 0.46348314606741575 0.5372191011235955 0.45692883895131087 0.5365168539325843 0.449438202247191 0.5344101123595506 0.4431179775280899 0.5317766853932584 0.4405430711610487 0.5263342696629213 0.43820224719101125 0.5186095505617978 0.43913857677902624 0.5142205056179775 0.4426498127340824
0 0.5080758426966292 0.40519662921348315 0.5086025280898876 0.4154962546816479 0.5114115168539326 0.4208801498127341 0.5152738764044944 0.42392322097378277 0.5226474719101124 0.42392322097378277 0.5287921348314607 0.42158239700374533 0.5323033707865169 0.4112827715355805 0.5323033707865169 0.40426029962546817 0.5294943820224719 0.3977059925093633 0.5258075842696629 0.39396067415730335 0.5226474719101124 0.3925561797752809 0.5173806179775281 0.39302434456928836 0.511060393258427 0.3967696629213483 0.5087780898876404 0.4014513108614232
0 0.4866573033707865 0.37523408239700373 0.48683286516853935 0.3817883895131086 0.4884129213483146 0.38553370786516855 0.49122191011235955 0.3892790262172285 0.5014044943820225 0.3925561797752809 0.5086025280898876 0.39115168539325845 0.5158005617977528 0.38506554307116103 0.5189606741573034 0.375936329588015 0.5196629213483146 0.36563670411985016 0.5163272471910112 0.35580524344569286 0.5108848314606742 0.351123595505618 0.5086025280898876 0.34995318352059923 0.504564606741573 0.3497191011235955 0.4978932584269663 0.35135767790262173 0.4945575842696629 0.35252808988764045 0.49139747191011235 0.3562734082397004 0.4898174157303371 0.3604868913857678
0 0.5135182584269663 0.33169475655430714 0.5135182584269663 0.34176029962546817 0.5154494382022472 0.3450374531835206 0.515625 0.34948501872659177 0.5179073033707865 0.3522940074906367 0.5222963483146067 0.35510299625468167 0.5256320224719101 0.3544007490636704 0.5366924157303371 0.34737827715355807 0.5405547752808989 0.34222846441947563 0.5405547752808989 0.33848314606741575 0.5424859550561798 0.3352059925093633 0.5426615168539326 0.33286516853932585 0.5424859550561798 0.32771535580524347 0.5416081460674157 0.3249063670411985 0.5417837078651685 0.32092696629213485 0.5366924157303371 0.31390449438202245 0.5333567415730337 0.3113295880149813 0.5256320224719101 0.3113295880149813 0.5221207865168539 0.3125 0.5191362359550562 0.31390449438202245 0.516502808988764 0.3176498127340824 0.5142205056179775 0.32467228464419473
0 0.5252808988764045 0.36563670411985016 0.5247542134831461 0.3775749063670412 0.5261587078651685 0.3817883895131086 0.5279143258426966 0.3838951310861423 0.5361657303370787 0.3874063670411985 0.5398525280898876 0.386938202247191 0.5430126404494382 0.38506554307116103 0.5482794943820225 0.3792134831460674 0.5493328651685393 0.37312734082397003 0.5491573033707865 0.3661048689138577 0.5474016853932584 0.35931647940074907 0.5430126404494382 0.3544007490636704 0.5363412921348315 0.35252808988764045 0.5310744382022472 0.35510299625468167 0.5261587078651685 0.35931647940074907
0 0.5456460674157303 0.335440074906367 0.5454705056179775 0.34012172284644193 0.546875 0.34527153558052437 0.5466994382022472 0.34925093632958804 0.5486306179775281 0.3532303370786517 0.5503862359550562 0.3553370786516854 0.5530196629213483 0.3565074906367041 0.5605688202247191 0.3565074906367041 0.5649578651685393 0.3548689138576779 0.5682935393258427 0.3506554307116105 0.5712780898876404 0.3387172284644195 0.5721558988764045 0.33146067415730335 0.5681179775280899 0.3202247191011236 0.5609199438202247 0.31624531835205993 0.557935393258427 0.31624531835205993 0.5531952247191011 0.31835205992509363 0.5489817415730337 0.3232677902621723 0.546875 0.32818352059925093
0 0.5384480337078652 0.40098314606741575 0.5377457865168539 0.40777153558052437 0.5393258426966292 0.4147940074906367 0.5417837078651685 0.4199438202247191 0.5417837078651685 0.42181647940074907 0.5403792134831461 0.42532771535580527 0.5419592696629213 0.42790262172284643 0.5433637640449438 0.4344569288389513 0.5517907303370787 0.43609550561797755 0.5540730337078652 0.43562734082397003 0.5584620786516854 0.43258426966292135 0.5642556179775281 0.42181647940074907 0.5677668539325843 0.40823970037453183 0.5656601123595506 0.399812734082397 0.5642556179775281 0.3970037453183521 0.5595154494382022 0.39185393258426965 0.5502106741573034 0.3895131086142322 0.5440660112359551 0.39279026217228463 0.5400280898876404 0.3960674157303371
0 0.5414325842696629 0.5393258426966292 0.5409058988764045 0.5433052434456929 0.5433637640449438 0.5472846441947565 0.5458216292134831 0.5571161048689138 0.5500351123595506 0.56062734082397 0.5568820224719101 0.5627340823970037 0.5610955056179775 0.5629681647940075 0.5642556179775281 0.5615636704119851 0.5682935393258427 0.5566479400749064 0.5695224719101124 0.5536048689138576 0.5704002808988764 0.5444756554307116 0.5700491573033708 0.5362827715355806 0.5667134831460674 0.5306647940074907 0.5607443820224719 0.5252808988764045 0.5531952247191011 0.5243445692883895 0.5489817415730337 0.525749063670412 0.5428370786516854 0.5327715355805244
0 0.5414325842696629 0.6711142322097379 0.5417837078651685 0.6818820224719101 0.5447682584269663 0.6886704119850188 0.5496839887640449 0.6931179775280899 0.5545997191011236 0.6933520599250936 0.561622191011236 0.6903089887640449 0.5646067415730337 0.68562734082397 0.5668890449438202 0.6790730337078652 0.5677668539325843 0.6683052434456929 0.5642556179775281 0.6577715355805244 0.5605688202247191 0.6537921348314607 0.558813202247191 0.6533239700374532 0.5574087078651685 0.650749063670412 0.5486306179775281 0.6491104868913857 0.543188202247191 0.6509831460674157 0.5430126404494382 0.658941947565543 0.5435393258426966 0.6610486891385767
0 0.570751404494382 0.6577715355805244 0.5709269662921348 0.6652621722846442 0.5688202247191011 0.6772003745318352 0.5688202247191011 0.6821161048689138 0.5711025280898876 0.6872659176029963 0.5742626404494382 0.6907771535580525 0.5783005617977528 0.6919475655430711 0.5842696629213483 0.6900749063670412 0.59375 0.6828183520599251 0.5949789325842697 0.6797752808988764 0.5991924157303371 0.6750936329588015 0.6000702247191011 0.665496254681648 0.5979634831460674 0.650749063670412 0.5956811797752809 0.6474719101123596 0.5919943820224719 0.6444288389513109 0.5837429775280899 0.6434925093632958 0.578125 0.6451310861423221 0.574438202247191 0.6477059925093633 0.5723314606741573 0.6505149812734082
0 0.5730337078651685 0.5362827715355806 0.5728581460674157 0.5573501872659176 0.5747893258426966 0.56062734082397 0.5754915730337079 0.5676498127340824 0.5795294943820225 0.5697565543071161 0.5812851123595506 0.5716292134831461 0.589185393258427 0.5718632958801498 0.5955056179775281 0.5704588014981273 0.5990168539325843 0.5676498127340824 0.6012991573033708 0.5646067415730337 0.6030547752808989 0.56062734082397 0.6039325842696629 0.5557116104868914 0.6051615168539326 0.5536048689138576 0.6060393258426966 0.5472846441947565 0.6055126404494382 0.5362827715355806 0.6046348314606742 0.5330056179775281 0.6021769662921348 0.5297284644194756 0.5988412921348315 0.5264513108614233 0.5951544943820225 0.524812734082397 0.5851474719101124 0.5297284644194756 0.5814606741573034 0.5294943820224719 0.5765449438202247 0.5311329588014981
0 0.563377808988764 0.4286048689138577 0.5632022471910112 0.43562734082397003 0.5639044943820225 0.43726591760299627 0.5711025280898876 0.4442883895131086 0.585498595505618 0.4431179775280899 0.5886587078651685 0.4417134831460674 0.5923455056179775 0.43913857677902624 0.5967345505617978 0.43211610486891383 0.5977879213483146 0.4243913857677903 0.5977879213483146 0.42134831460674155 0.5969101123595506 0.41853932584269665 0.5970856741573034 0.41198501872659177 0.592872191011236 0.4058988764044944 0.5893609550561798 0.40379213483146065 0.5814606741573034 0.40308988764044945 0.5751404494382022 0.40472846441947563 0.5719803370786517 0.40823970037453183 0.5691713483146067 0.4143258426966292 0.5686446629213483 0.41807116104868913 0.5689957865168539 0.4225187265917603 0.5642556179775281 0.4262640449438202
0 0.5723314606741573 0.37312734082397003 0.5739115168539326 0.3785112359550562 0.5712780898876404 0.3895131086142322 0.5696980337078652 0.39091760299625467 0.5704002808988764 0.39396067415730335 0.5742626404494382 0.39864232209737827 0.5775983146067416 0.3977059925093633 0.5811095505617978 0.399812734082397 0.5886587078651685 0.3993445692883895 0.5926966292134831 0.39747191011235955 0.5944522471910112 0.3937265917602996 0.5990168539325843 0.3899812734082397 0.6005969101123596 0.3806179775280899 0.6005969101123596 0.3724250936329588 0.598314606741573 0.36961610486891383 0.5965589887640449 0.36563670411985016 0.5918188202247191 0.362125468164794 0.5884831460674157 0.3609550561797753 0.5812851123595506 0.3618913857677903 0.5751404494382022 0.3661048689138577
0 0.5746137640449438 0.33707865168539325 0.5747893258426966 0.3487827715355805 0.5793539325842697 0.35603932584269665 0.581811797752809 0.3579119850187266 0.5919943820224719 0.35884831460674155 0.5967345505617978 0.3562734082397004 0.5990168539325843 0.3522940074906367 0.6032303370786517 0.3419943820224719 0.6037570224719101 0.3347378277153558 0.6032303370786517 0.3312265917602996 0.5990168539325843 0.3232677902621723 0.5951544943820225 0.31999063670411987 0.5884831460674157 0.3190543071161049 0.5821629213483146 0.32209737827715357 0.578125 0.3265449438202247 0.5758426966292135 0.33146067415730335
0 0.6023525280898876 0.352059925093633 0.6023525280898876 0.35603932584269665 0.6049859550561798 0.35814606741573035 0.6058637640449438 0.3604868913857678 0.610252808988764 0.3616573033707865 0.6127106741573034 0.36563670411985016 0.6172752808988764 0.363061797752809 0.6265800561797753 0.3618913857677903 0.6302668539325843 0.3583801498127341 0.6337780898876404 0.3522940074906367 0.6344803370786517 0.34573970037453183 0.6343047752808989 0.33824906367041196 0.6329002808988764 0.33192883895131087 0.6330758426966292 0.3291198501872659 0.6336025280898876 0.32771535580524347 0.6371137640449438 0.32514044943820225 0.6371137640449438 0.3211610486891386 0.6336025280898876 0.3192883895131086 0.6290379213483146 0.32420411985018727 0.6265800561797753 0.325374531835206 0.6223665730337079 0.32303370786516855 0.6160463483146067 0.32256554307116103 0.6091994382022472 0.3270131086142322 0.6067415730337079 0.33146067415730335 0.6051615168539326 0.34222846441947563
0 0.6060393258426966 0.37312734082397003 0.6065660112359551 0.37570224719101125 0.6046348314606742 0.386938202247191 0.6046348314606742 0.39396067415730335 0.6090238764044944 0.398876404494382 0.613939606741573 0.40004681647940077 0.620435393258427 0.40004681647940077 0.624122191011236 0.3991104868913858 0.628686797752809 0.39489700374531833 0.632373595505618 0.38974719101123595 0.633251404494382 0.3815543071161049 0.6327247191011236 0.3761704119850187 0.6304424157303371 0.3698501872659176 0.6260533707865169 0.36587078651685395 0.6200842696629213 0.36446629213483145 0.6162219101123596 0.3651685393258427 0.6088483146067416 0.36961610486891383
0 0.5970856741573034 0.43562734082397003 0.5969101123595506 0.43913857677902624 0.5984901685393258 0.44288389513108617 0.6055126404494382 0.45014044943820225 0.6121839887640449 0.45014044943820225 0.6197331460674157 0.448501872659176 0.6237710674157303 0.44592696629213485 0.627048279494382 0.4382801966292135 0.6314957865168539 0.43211610486891383 0.6314957865168539 0.42837078651685395 0.629564606741573 0.41807116104868913 0.6246488764044944 0.41175093632958804 0.6197331460674157 0.4080056179775281 0.6125351123595506 0.4070692883895131 0.6065660112359551 0.4091760299625468 0.6034058988764045 0.41151685393258425 0.6030547752808989 0.41924157303370785 0.5998946629213483 0.4302434456928839 0.5984901685393258 0.43164794007490637
0 0.5997191011235955 0.4669943820224719 0.5993679775280899 0.47448501872659177 0.5998946629213483 0.4803370786516854 0.601123595505618 0.48408239700374533 0.6007724719101124 0.4875936329588015 0.6023525280898876 0.49157303370786515 0.6058637640449438 0.49204119850187267 0.6153441011235955 0.48642322097378277 0.6234199438202247 0.48525280898876405 0.6246488764044944 0.48431647940074907 0.6255266853932584 0.48080524344569286 0.6285112359550562 0.4772940074906367 0.6283356741573034 0.46676029962546817 0.6269311797752809 0.4580992509363296 0.6237710674157303 0.4583333333333333 0.6165730337078652 0.4524812734082397 0.6134129213483146 0.4538857677902622 0.6088483146067416 0.45365168539325845 0.6041081460674157 0.45552434456928836 0.6027036516853933 0.45739700374531833
0 0.6072682584269663 0.5489232209737828 0.6070926966292135 0.5571161048689138 0.6076193820224719 0.5585205992509363 0.6116573033707865 0.5639044943820225 0.6172752808988764 0.5678838951310862 0.6202598314606742 0.5685861423220974 0.6265800561797753 0.5657771535580525 0.6292134831460674 0.5641385767790262 0.6318469101123596 0.5589887640449438 0.6325491573033708 0.5529026217228464 0.6316713483146067 0.5430711610486891 0.6293890449438202 0.5365168539325843 0.6235955056179775 0.5316011235955056 0.6162219101123596 0.5318352059925093 0.6095505617977528 0.5353464419475655 0.6083216292134831 0.5381554307116105
0 0.6025280898876404 0.6643258426966292 0.6030547752808989 0.6711142322097379 0.6007724719101124 0.6788389513108615 0.6023525280898876 0.6842228464419475 0.6079705056179775 0.6928838951310862 0.6134129213483146 0.6966292134831461 0.6202598314606742 0.6968632958801498 0.6234199438202247 0.6959269662921348 0.6285112359550562 0.68937265917603 0.6313202247191011 0.6783707865168539 0.628686797752809 0.6647940074906367 0.6267556179775281 0.6605805243445693 0.6244733146067416 0.6580056179775281 0.616748595505618 0.6544943820224719 0.609375 0.6544943820224719 0.604810393258427 0.6577715355805244
0 0.5688202247191011 0.5049157303370787 0.5691713483146067 0.5154494382022472 0.5705758426966292 0.5194288389513109 0.570751404494382 0.5224719101123596 0.5749648876404494 0.5269194756554307 0.5851474719101124 0.5283239700374532 0.5888342696629213 0.526685393258427 0.5930477528089888 0.5231741573033708 0.5970856741573034 0.5156835205992509 0.5963834269662921 0.499063670411985 0.5923455056179775 0.4913389513108614 0.5884831460674157 0.48852996254681647 0.5812851123595506 0.48782771535580527 0.5747893258426966 0.49040262172284643 0.5711025280898876 0.4948501872659176
0 0.5998946629213483 0.5051498127340824 0.6000702247191011 0.5117041198501873 0.602001404494382 0.5170880149812734 0.6090238764044944 0.5236423220973783 0.6165730337078652 0.5276217228464419 0.6234199438202247 0.5278558052434457 0.6265800561797753 0.526685393258427 0.6309691011235955 0.5231741573033708 0.6336025280898876 0.5187265917602997 0.6348314606741573 0.5124063670411985 0.6350070224719101 0.5021067415730337 0.6339536516853933 0.49812734082397003 0.628686797752809 0.49063670411985016 0.6234199438202247 0.48782771535580527 0.613061797752809 0.4892322097378277 0.6091994382022472 0.49157303370786515 0.6007724719101124 0.5016385767790262