0 0.40168539325842695 0.6697097378277154 0.4060744382022472 0.6715823970037453 0.40958567415730335 0.6776685393258427 0.41151685393258425 0.6966292134831461 0.40870786516853935 0.7062265917602997 0.40379213483146065 0.7134831460674157 0.3948384831460674 0.7183988764044944 0.386938202247191 0.7169943820224719 0.3806179775280899 0.7097378277153558 0.37956460674157305 0.6924157303370787 0.3867626404494382 0.6776685393258427 0.40150983146067415 0.6697097378277154
0 0.49280196629213485 0.6781367041198502 0.5003511235955056 0.6860955056179775 0.5017556179775281 0.7066947565543071 0.4956109550561798 0.7202715355805244 0.4884129213483146 0.7237827715355806 0.47945926966292135 0.721441947565543 0.47349016853932585 0.7146535580524345 0.47173455056179775 0.6938202247191011 0.47928370786516855 0.6804775280898876 0.492626404494382 0.6781367041198502
0 0.296875 0.6570692883895131 0.3103932584269663 0.6643258426966292 0.31530898876404495 0.6643258426966292 0.32092696629213485 0.6605805243445693 0.32531601123595505 0.6622191011235955 0.32549157303370785 0.6858614232209738 0.31706460674157305 0.699438202247191 0.32145365168539325 0.7059925093632958 0.32110252808988765 0.7099719101123596 0.3142556179775281 0.7155898876404494 0.30723314606741575 0.7073970037453183 0.2972261235955056 0.7057584269662921 0.28985252808988765 0.6999063670411985 0.28581460674157305 0.6750936329588015 0.2907303370786517 0.6615168539325843 0.2966994382022472 0.6570692883895131
0 0.5521418539325843 0.5149812734082397 0.5649578651685393 0.5208333333333334 0.5686446629213483 0.5327715355805244 0.566186797752809 0.5470505617977528 0.5607443820224719 0.5538389513108615 0.5549508426966292 0.5559456928838952 0.5428370786516854 0.5519662921348315 0.5379213483146067 0.5435393258426966 0.5398525280898876 0.5222378277153558 0.5437148876404494 0.5168539325842697 0.5519662921348315 0.5149812734082397
0 0.49315308988764045 0.49625468164794007 0.49736657303370785 0.49812734082397003 0.4964887640449438 0.5051498127340824 0.5050912921348315 0.5182584269662921 0.5061446629213483 0.5271535580524345 0.503686797752809 0.5397940074906367 0.4996488764044944 0.5479868913857678 0.4959620786516854 0.5517322097378277 0.4884129213483146 0.5536048689138576 0.4824438202247191 0.5514981273408239 0.4762991573033708 0.5395599250936329 0.4745435393258427 0.522003745318352 0.47735252808988765 0.5133426966292135 0.48735955056179775 0.5046816479400749 0.48893960674157305 0.5016385767790262 0.4878862359550562 0.49812734082397003 0.49297752808988765 0.49625468164794007
0 0.5798806179775281 0.6367041198501873 0.5919943820224719 0.6451310861423221 0.5972612359550562 0.6554307116104869 0.5981390449438202 0.6713483146067416 0.5967345505617978 0.675561797752809 0.5919943820224719 0.6818820224719101 0.5849719101123596 0.6846910112359551 0.5777738764044944 0.6830524344569289 0.5730337078651685 0.6788389513108615 0.566186797752809 0.6610486891385767 0.566186797752809 0.6495786516853933 0.5691713483146067 0.641619850187266 0.5746137640449438 0.636938202247191 0.5797050561797753 0.6367041198501873
0 0.4884129213483146 0.6362359550561798 0.4956109550561798 0.6390449438202247 0.500877808988764 0.648876404494382 0.5056179775280899 0.6509831460674157 0.5059691011235955 0.6544943820224719 0.49490870786516855 0.6729868913857678 0.4824438202247191 0.677434456928839 0.4741924157303371 0.675561797752809 0.4631320224719101 0.6680711610486891 0.4610252808988764 0.6640917602996255 0.4608497191011236 0.6544943820224719 0.4627808988764045 0.6465355805243446 0.47542134831460675 0.636938202247191 0.4882373595505618 0.6362359550561798
0 0.4863061797752809 0.5931647940074907 0.5015800561797753 0.5969101123595506 0.5050912921348315 0.6088483146067416 0.49894662921348315 0.6264044943820225 0.49473314606741575 0.6322565543071161 0.4884129213483146 0.6352996254681648 0.480688202247191 0.6348314606741573 0.47138342696629215 0.6301498127340824 0.4668188202247191 0.6317883895131086 0.4633075842696629 0.62687265917603 0.4689255617977528 0.6205524344569289 0.46997893258426965 0.608380149812734 0.47401685393258425 0.598314606741573 0.4805126404494382 0.5929307116104869 0.4861306179775281 0.5931647940074907
0 0.6404494382022472 0.6748595505617978 0.6427317415730337 0.6821161048689138 0.651685393258427 0.6903089887640449 0.655372191011236 0.6989700374531835 0.6544943820224719 0.7219101123595506 0.6506320224719101 0.7308052434456929 0.6439606741573034 0.7338483146067416 0.6371137640449438 0.7319756554307116 0.6265800561797753 0.7174625468164794 0.624122191011236 0.6968632958801498 0.624122191011236 0.68562734082397 0.6274578651685393 0.6837546816479401 0.632373595505618 0.6750936329588015 0.6402738764044944 0.6748595505617978
0 0.616748595505618 0.514747191011236 0.6235955056179775 0.5191947565543071 0.6279845505617978 0.5327715355805244 0.6253511235955056 0.5503277153558053 0.6221910112359551 0.5538389513108615 0.6153441011235955 0.5547752808988764 0.604810393258427 0.5545411985018727 0.6007724719101124 0.5512640449438202 0.5972612359550562 0.5440074906367042 0.5958567415730337 0.5323033707865169 0.5984901685393258 0.5224719101123596 0.6018258426966292 0.5180243445692884 0.6165730337078652 0.514747191011236
0 0.680126404494382 0.5575842696629213 0.6885533707865169 0.5632022471910112 0.6925912921348315 0.5727996254681648 0.6913623595505618 0.5884831460674157 0.6845154494382022 0.5969101123595506 0.6650280898876404 0.5931647940074907 0.657127808988764 0.5859082397003745 0.6532654494382022 0.5779494382022472 0.6532654494382022 0.5709269662921348 0.6594101123595506 0.5599250936329588 0.6697682584269663 0.5564138576779026 0.6799508426966292 0.5575842696629213
0 0.5208918539325843 0.5978464419475655 0.5310744382022472 0.6055711610486891 0.5337078651685393 0.6114232209737828 0.534936797752809 0.6233614232209738 0.5335323033707865 0.6299157303370787 0.5293188202247191 0.6360018726591761 0.5173806179775281 0.6404494382022472 0.5124648876404494 0.6392790262172284 0.5080758426966292 0.6345973782771536 0.5042134831460674 0.6182116104868914 0.508251404494382 0.6041666666666666 0.5154494382022472 0.598314606741573 0.5207162921348315 0.5978464419475655
0 0.24841994382022473 0.6720505617977528 0.25649578651685395 0.6809456928838952 0.2561446629213483 0.6999063670411985 0.24543539325842698 0.713249063670412 0.23560393258426968 0.7169943820224719 0.22735252808988765 0.7144194756554307 0.22401685393258428 0.7099719101123596 0.22103230337078653 0.7001404494382022 0.22191011235955055 0.6891385767790262 0.22752808988764045 0.6795411985018727 0.2482443820224719 0.6720505617977528
0 0.300561797752809 0.5788857677902621 0.305126404494382 0.5849719101123596 0.304248595505618 0.5929307116104869 0.2928370786516854 0.6161048689138576 0.2928370786516854 0.6266385767790262 0.28370786516853935 0.6336610486891385 0.2652738764044944 0.6280430711610487 0.2614115168539326 0.6228932584269663 0.25860252808988765 0.612125468164794 0.2614115168539326 0.5950374531835206 0.2579002808988764 0.5849719101123596 0.2621137640449438 0.5833333333333334 0.26843398876404495 0.5870786516853933 0.2758075842696629 0.5870786516853933 0.3003862359550562 0.5788857677902621
0 0.2866924157303371 0.5442415730337079 0.296875 0.5454119850187266 0.30179073033707865 0.5498595505617978 0.300561797752809 0.5676498127340824 0.28388342696629215 0.5828651685393258 0.27054073033707865 0.5859082397003745 0.26088483146067415 0.5819288389513109 0.2575491573033708 0.5777153558052435 0.25526685393258425 0.5641385767790262 0.2577247191011236 0.5554775280898876 0.26808286516853935 0.5454119850187266 0.28651685393258425 0.5442415730337079
0 0.37025983146067415 0.5088951310861424 0.3811446629213483 0.5156835205992509 0.3829002808988764 0.5362827715355806 0.3767556179775281 0.5451779026217228 0.36657303370786515 0.549625468164794 0.35884831460674155 0.5484550561797753 0.3516502808988764 0.5397940074906367 0.35059691011235955 0.5224719101123596 0.3534058988764045 0.5152153558052435 0.3576193820224719 0.5110018726591761 0.37008426966292135 0.5088951310861424
0 0.6961025280898876 0.6872659176029963 0.7001404494382022 0.6900749063670412 0.7134831460674157 0.6917134831460674 0.7192766853932584 0.6996722846441947 0.7203300561797753 0.7188670411985019 0.7168188202247191 0.724250936329588 0.7106741573033708 0.7272940074906367 0.7020716292134831 0.7244850187265918 0.6917134831460674 0.7134831460674157 0.688377808988764 0.6924157303370787 0.6931179775280899 0.6928838951310862 0.6959269662921348 0.6872659176029963
0 0.6058637640449438 0.5959737827715356 0.6197331460674157 0.598314606741573 0.6274578651685393 0.6079119850187266 0.6300912921348315 0.6196161048689138 0.6248244382022472 0.6341292134831461 0.6197331460674157 0.6385767790262172 0.6091994382022472 0.6383426966292135 0.5984901685393258 0.6282771535580525 0.5951544943820225 0.6123595505617978 0.5984901685393258 0.6020599250936329 0.605688202247191 0.5962078651685393
0 0.3771067415730337 0.6266385767790262 0.38219803370786515 0.6427902621722846 0.38360252808988765 0.6582397003745318 0.37763342696629215 0.672752808988764 0.3695575842696629 0.6821161048689138 0.3635884831460674 0.6849250936329588 0.3558637640449438 0.6825842696629213 0.35235252808988765 0.6786048689138576 0.3498946629213483 0.6624531835205992 0.35077247191011235 0.650749063670412 0.3558637640449438 0.6404494382022472 0.366748595505618 0.6336610486891385 0.36990870786516855 0.62687265917603 0.3769311797752809 0.6266385767790262
0 0.6716994382022472 0.5952715355805244 0.6855688202247191 0.5990168539325843 0.6918890449438202 0.6090823970037453 0.6922401685393258 0.6308520599250936 0.6810042134831461 0.6381086142322098 0.6687148876404494 0.6322565543071161 0.6597612359550562 0.6217228464419475 0.65625 0.6139981273408239 0.6566011235955056 0.6055711610486891 0.6587078651685393 0.6018258426966292 0.6648525280898876 0.596441947565543 0.6715238764044944 0.5952715355805244
0 0.5056179775280899 0.5512640449438202 0.5101825842696629 0.5536048689138576 0.5128160112359551 0.5603932584269663 0.5101825842696629 0.5739700374531835 0.5117626404494382 0.5849719101123596 0.5084269662921348 0.5905898876404494 0.4984199438202247 0.5931647940074907 0.4901685393258427 0.5926966292134831 0.480688202247191 0.5856741573033708 0.4780547752808989 0.5751404494382022 0.47928370786516855 0.5641385767790262 0.4845505617977528 0.5547752808988764 0.5054424157303371 0.5512640449438202
0 0.6674859550561798 0.6816479400749064 0.6824087078651685 0.6875 0.6890800561797753 0.7001404494382022 0.6890800561797753 0.712312734082397 0.686622191011236 0.7202715355805244 0.6824087078651685 0.7249531835205992 0.6752106741573034 0.7275280898876404 0.664501404494382 0.7221441947565543 0.6569522471910112 0.7090355805243446 0.6558988764044944 0.68562734082397 0.667310393258427 0.6816479400749064
0 0.34831460674157305 0.5948033707865169 0.3537570224719101 0.6022940074906367 0.35235252808988765 0.6191479400749064 0.3458567415730337 0.6313202247191011 0.3337429775280899 0.637874531835206 0.32672050561797755 0.6362359550561798 0.3205758426966292 0.6275749063670412 0.3182935393258427 0.6163389513108615 0.3202247191011236 0.6062734082397003 0.3242626404494382 0.600187265917603 0.33128511235955055 0.5959737827715356 0.3481390449438202 0.5948033707865169
0 0.4295997191011236 0.6331928838951311 0.4396067415730337 0.6385767790262172 0.44259129213483145 0.6554307116104869 0.4375 0.6718164794007491 0.42889747191011235 0.6783707865168539 0.41520365168539325 0.6757958801498127 0.4106390449438202 0.6673689138576779 0.40941011235955055 0.658941947565543 0.41099016853932585 0.6493445692883895 0.41467696629213485 0.6427902621722846 0.4220505617977528 0.6345973782771536 0.4294241573033708 0.6331928838951311
0 0.2789676966292135 0.5035112359550562 0.2831811797752809 0.5049157303370787 0.2887991573033708 0.511938202247191 0.2887991573033708 0.5330056179775281 0.28458567415730335 0.5402621722846442 0.27264747191011235 0.5440074906367042 0.2658005617977528 0.5426029962546817 0.2593047752808989 0.5362827715355806 0.25667134831460675 0.5189606741573034 0.26088483146067415 0.5077247191011236 0.269311797752809 0.5035112359550562 0.27879213483146065 0.5035112359550562
0 0.43275983146067415 0.5489232209737828 0.44241573033707865 0.5568820224719101 0.44469803370786515 0.5711610486891385 0.4432935393258427 0.5795880149812734 0.4396067415730337 0.5856741573033708 0.4276685393258427 0.5898876404494382 0.421875 0.5889513108614233 0.41467696629213485 0.5821629213483146 0.4118679775280899 0.5709269662921348 0.413623595505618 0.56062734082397 0.41678370786516855 0.5552434456928839 0.42696629213483145 0.5493913857677902 0.43258426966292135 0.5489232209737828
0 0.39764747191011235 0.4974250936329588 0.4116924157303371 0.5133426966292135 0.4155547752808989 0.5250468164794008 0.41502808988764045 0.5381554307116105 0.40905898876404495 0.5465823970037453 0.41134129213483145 0.5573501872659176 0.40502106741573035 0.5615636704119851 0.39905196629213485 0.5507958801498127 0.3871137640449438 0.5444756554307116 0.3850070224719101 0.5362827715355806 0.3843047752808989 0.5053838951310862 0.38746488764044945 0.5004681647940075 0.39747191011235955 0.4974250936329588
0 0.2621137640449438 0.672752808988764 0.2866924157303371 0.6748595505617978 0.2866924157303371 0.6889044943820225 0.29037921348314605 0.699438202247191 0.29002808988764045 0.7099719101123596 0.28792134831460675 0.714185393258427 0.2794943820224719 0.7198033707865169 0.2654494382022472 0.7146535580524345 0.25842696629213485 0.7064606741573034 0.25719803370786515 0.6921816479400749 0.26070926966292135 0.6821161048689138 0.2600070224719101 0.6753277153558053 0.261938202247191 0.6729868913857678
0 0.5433637640449438 0.6367041198501873 0.546875 0.6395131086142322 0.5486306179775281 0.650749063670412 0.5416081460674157 0.6542602996254682 0.5379213483146067 0.6725187265917603 0.5294943820224719 0.6795411985018727 0.5117626404494382 0.6802434456928839 0.504564606741573 0.6753277153558053 0.5040379213483146 0.6631554307116105 0.5094803370786517 0.6474719101123596 0.5143960674157303 0.6425561797752809 0.5265098314606742 0.6390449438202247 0.5373946629213483 0.6425561797752809 0.543188202247191 0.636938202247191
0 0.4592696629213483 0.6697097378277154 0.46752106741573035 0.674625468164794 0.46927668539325845 0.6786048689138576 0.4706811797752809 0.7031835205992509 0.46769662921348315 0.714185393258427 0.45558286516853935 0.7235486891385767 0.4529494382022472 0.7326779026217228 0.44610252808988765 0.7303370786516854 0.44592696629213485 0.7200374531835206 0.4396067415730337 0.7064606741573034 0.4390800561797753 0.6989700374531835 0.44592696629213485 0.6800093632958801 0.45452949438202245 0.6706460674157303 0.4590941011235955 0.6697097378277154
0 0.6962780898876404 0.6413857677902621 0.7138342696629213 0.6474719101123596 0.722436797752809 0.660814606741573 0.723314606741573 0.6683052434456929 0.7212078651685393 0.6788389513108615 0.7166432584269663 0.6851591760299626 0.7101474719101124 0.6882022471910112 0.6996137640449438 0.6860955056179775 0.6889044943820225 0.6750936329588015 0.6871488764044944 0.6446629213483146 0.6890800561797753 0.641619850187266 0.6961025280898876 0.6413857677902621
0 0.24543539325842698 0.5021067415730337 0.2554424157303371 0.5063202247191011 0.25895365168539325 0.511938202247191 0.25667134831460675 0.5213014981273408 0.258251404494382 0.5362827715355806 0.25491573033707865 0.5400280898876404 0.24578651685393257 0.5430711610486891 0.2305126404494382 0.5390917602996255 0.22735252808988765 0.5341760299625468 0.22559691011235955 0.5229400749063671 0.22735252808988765 0.5131086142322098 0.23086376404494383 0.5070224719101124 0.24525983146067415 0.5021067415730337
0 0.31004213483146065 0.5039794007490637 0.3160112359550562 0.5074906367041199 0.3188202247191011 0.5121722846441947 0.3205758426966292 0.5304307116104869 0.31706460674157305 0.5397940074906367 0.30758426966292135 0.5444756554307116 0.29424157303370785 0.5400280898876404 0.2914325842696629 0.5360486891385767 0.28985252808988765 0.5262172284644194 0.29178370786516855 0.5124063670411985 0.2951193820224719 0.5070224719101124 0.30003511235955055 0.5039794007490637 0.30986657303370785 0.5039794007490637
0 0.6613412921348315 0.6245318352059925 0.6706460674157303 0.6341292134831461 0.6824087078651685 0.6402153558052435 0.6860955056179775 0.6460674157303371 0.6873244382022472 0.6750936329588015 0.6787219101123596 0.6825842696629213 0.6716994382022472 0.6811797752808989 0.659936797752809 0.6739232209737828 0.6550210674157303 0.6685393258426966 0.6522120786516854 0.6594101123595506 0.6515098314606742 0.6360018726591761 0.6578300561797753 0.6257022471910112 0.6611657303370787 0.6245318352059925
0 0.6648525280898876 0.5051498127340824 0.6824087078651685 0.5152153558052435 0.686622191011236 0.5213014981273408 0.6882022471910112 0.5365168539325843 0.6846910112359551 0.5479868913857678 0.6799508426966292 0.5522003745318352 0.6680126404494382 0.5543071161048689 0.6578300561797753 0.5442415730337079 0.6536165730337079 0.525749063670412 0.6537921348314607 0.5159176029962547 0.6580056179775281 0.5081928838951311 0.6646769662921348 0.5053838951310862
0 0.43679775280898875 0.5901217228464419 0.45066713483146065 0.6013576779026217 0.45365168539325845 0.6081460674157303 0.45365168539325845 0.6156367041198502 0.44978932584269665 0.6235955056179775 0.4390800561797753 0.6315543071161048 0.43258426966292135 0.6327247191011236 0.42047050561797755 0.6266385767790262 0.41485252808988765 0.614934456928839 0.4078300561797753 0.6135299625468165 0.40677668539325845 0.6058052434456929 0.4078300561797753 0.6039325842696629 0.41485252808988765 0.6051029962546817 0.4253862359550562 0.5912921348314607 0.43662219101123595 0.5901217228464419
0 0.29757724719101125 0.625 0.30021067415730335 0.6252340823970037 0.30214185393258425 0.6301498127340824 0.2966994382022472 0.6505149812734082 0.2909058988764045 0.6573033707865169 0.28370786516853935 0.6720505617977528 0.2772120786516854 0.6734550561797753 0.265625 0.6720505617977528 0.2575491573033708 0.662687265917603 0.25912921348314605 0.6404494382022472 0.26316713483146065 0.6331928838951311 0.26878511235955055 0.6306179775280899 0.28634129213483145 0.6343632958801498 0.29740168539325845 0.625
0 0.3530547752808989 0.545880149812734 0.35884831460674155 0.5538389513108615 0.3553370786516854 0.5613295880149812 0.3558637640449438 0.5742041198501873 0.35287921348314605 0.5847378277153558 0.3455056179775281 0.5931647940074907 0.32478932584269665 0.5976123595505618 0.32092696629213485 0.5948033707865169 0.3182935393258427 0.5884831460674157 0.324438202247191 0.5608614232209738 0.331811797752809 0.5533707865168539 0.3453300561797753 0.5514981273408239 0.35287921348314605 0.545880149812734
0 0.25895365168539325 0.6257022471910112 0.2652738764044944 0.6336610486891385 0.2593047752808989 0.6406835205992509 0.2563202247191011 0.6575374531835206 0.2517556179775281 0.6652621722846442 0.23490168539325842 0.6741573033707865 0.22735252808988765 0.6722846441947565 0.22155898876404495 0.6647940074906367 0.22015449438202248 0.6537921348314607 0.22208567415730338 0.6441947565543071 0.2305126404494382 0.6348314606741573 0.23788623595505617 0.6303838951310862 0.2482443820224719 0.6310861423220974 0.25491573033707865 0.6254681647940075 0.25877808988764045 0.6257022471910112
0 0.6172752808988764 0.5561797752808989 0.6239466292134831 0.5601591760299626 0.6288623595505618 0.5720973782771536 0.6271067415730337 0.5861423220973783 0.6230688202247191 0.5931647940074907 0.617626404494382 0.5969101123595506 0.6027036516853933 0.5926966292134831 0.5981390449438202 0.5866104868913857 0.5958567415730337 0.5746722846441947 0.5976123595505618 0.5641385767790262 0.6021769662921348 0.5582865168539326 0.6065660112359551 0.5559456928838952 0.6170997191011236 0.5561797752808989
0 0.33883426966292135 0.5056179775280899 0.34655898876404495 0.5086610486891385 0.35270365168539325 0.5156835205992509 0.3498946629213483 0.5255149812734082 0.3497191011235955 0.5400280898876404 0.3455056179775281 0.5437734082397003 0.3360252808988764 0.545880149812734 0.3279494382022472 0.5440074906367042 0.32338483146067415 0.5395599250936329 0.320751404494382 0.533941947565543 0.3202247191011236 0.5217696629213483 0.3263693820224719 0.5081928838951311 0.33865870786516855 0.5056179775280899
0 0.5280898876404494 0.5543071161048689 0.5433637640449438 0.5575842696629213 0.5474016853932584 0.5702247191011236 0.5400280898876404 0.5880149812734082 0.532127808988764 0.5952715355805244 0.522998595505618 0.5969101123595506 0.5129915730337079 0.5884831460674157 0.5098314606741573 0.5779494382022472 0.5101825842696629 0.5711610486891385 0.5177317415730337 0.5566479400749064 0.5279143258426966 0.5543071161048689
0 0.6134129213483146 0.6395131086142322 0.6228932584269663 0.6453651685393258 0.6288623595505618 0.6577715355805244 0.6269311797752809 0.6741573033707865 0.6165730337078652 0.6830524344569289 0.610252808988764 0.6821161048689138 0.6023525280898876 0.6762640449438202 0.5979634831460674 0.6685393258426966 0.5969101123595506 0.6570692883895131 0.5969101123595506 0.6479400749063671 0.5993679775280899 0.6430243445692884 0.605688202247191 0.6390449438202247 0.6132373595505618 0.6395131086142322
0 0.5287921348314607 0.5145131086142322 0.5345856741573034 0.5210674157303371 0.5375702247191011 0.5362827715355806 0.5305477528089888 0.5479868913857678 0.5224719101123596 0.5519662921348315 0.5154494382022472 0.5510299625468165 0.5108848314606742 0.5472846441947565 0.5075491573033708 0.5393258426966292 0.5075491573033708 0.526685393258427 0.5142205056179775 0.5154494382022472 0.5224719101123596 0.5131086142322098 0.5286165730337079 0.5145131086142322
0 0.6395716292134831 0.5093632958801498 0.6437851123595506 0.5194288389513109 0.6532654494382022 0.5259831460674157 0.657127808988764 0.5435393258426966 0.6544943820224719 0.5641385767790262 0.6508075842696629 0.5699906367041199 0.645189606741573 0.5723314606741573 0.640625 0.5718632958801498 0.6364115168539326 0.5676498127340824 0.628686797752809 0.5547752808988764 0.6271067415730337 0.5470505617977528 0.6285112359550562 0.5290262172284644 0.6336025280898876 0.5224719101123596 0.6316713483146067 0.511938202247191 0.6393960674157303 0.5093632958801498
0 0.704002808988764 0.5175561797752809 0.7168188202247191 0.5236423220973783 0.7208567415730337 0.5381554307116105 0.7205056179775281 0.5472846441947565 0.717872191011236 0.5538389513108615 0.706811797752809 0.5594569288389513 0.6959269662921348 0.5568820224719101 0.6887289325842697 0.5468164794007491 0.6901334269662921 0.5259831460674157 0.6978581460674157 0.5187265917602997 0.7038272471910112 0.5175561797752809
1 0.24095856741573032 0.567064606741573 0.03247893258426966 0.040964419475655434
1 0.23964185393258428 0.6062734082397003 0.0351123595505618 0.039794007490636704
1 0.3125 0.5676498127340824 0.02282303370786517 0.04681647940074907
1 0.3085498595505618 0.6091994382022472 0.025456460674157303 0.043305243445692886
1 0.3107443820224719 0.6501638576779026 0.03160112359550562 0.03628277153558052
1 0.33663974719101125 0.6624531835205992 0.027212078651685394 0.03745318352059925
1 0.3340063202247191 0.7016619850187266 0.035990168539325844 0.03394194756554307
1 0.36604634831460675 0.7034176029962547 0.03160112359550562 0.0351123595505618
1 0.3765800561797753 0.6045177902621723 0.029845505617977528 0.040964419475655434
1 0.37833567415730335 0.5682350187265918 0.021067415730337078 0.02457865168539326
1 0.40159761235955055 0.5723314606741573 0.025456460674157303 0.030430711610486893
1 0.40949789325842695 0.6080290262172284 0.023700842696629212 0.029260299625468163
1 0.4046699438202247 0.6454822097378277 0.028089887640449437 0.038623595505617975
1 0.4336376404494382 0.5249297752808989 0.029845505617977528 0.043305243445692886
1 0.46041081460674155 0.5261001872659176 0.03774578651685393 0.04798689138576779
1 0.46392205056179775 0.5705758426966292 0.028967696629213485 0.040964419475655434
1 0.46216643258426965 0.6021769662921348 0.027212078651685394 0.038623595505617975
1 0.4590941011235955 0.6466526217228464 0.028089887640449437 0.040964419475655434
1 0.42485955056179775 0.6958099250936329 0.03160112359550562 0.043305243445692886
1 0.5205407303370787 0.6987359550561798 0.028089887640449437 0.039794007490636704
1 0.5521418539325843 0.7016619850187266 0.0351123595505618 0.040964419475655434
1 0.5833040730337079 0.704002808988764 0.025456460674157303 0.040964419475655434
1 0.6118328651685393 0.7051732209737828 0.02282303370786517 0.043305243445692886
1 0.5508251404494382 0.6548455056179775 0.030723314606741572 0.03628277153558052
1 0.5525807584269663 0.6109550561797753 0.030723314606741572 0.056179775280898875
1 0.5517029494382022 0.5758426966292135 0.03247893258426966 0.03277153558052434
1 0.5819873595505618 0.5354634831460674 0.028089887640449437 0.043305243445692886
1 0.5837429775280899 0.5752574906367042 0.033356741573033706 0.03394194756554307
1 0.5789150280898876 0.6115402621722846 0.023700842696629212 0.040964419475655434
1 0.6399227528089888 0.5822799625468165 0.03160112359550562 0.043305243445692886
1 0.6394838483146067 0.6197331460674157 0.030723314606741572 0.03394194756554307
1 0.6399227528089888 0.6530898876404494 0.028089887640449437 0.0351123595505618
1 0.7066362359550562 0.5805243445692884 0.029845505617977528 0.0351123595505618
1 0.7061973314606742 0.625 0.028967696629213485 0.03745318352059925
2 0.2247191011235955 0.5009363295880149 0.7259480337078652 0.5114700374531835 0.7259480337078652 0.7408707865168539 0.21418539325842698 0.723314606741573