0 0.46225421348314605 0.30711610486891383 0.46752106741573035 0.31062734082397003 0.47208567415730335 0.32420411985018727 0.4706811797752809 0.33403558052434457 0.46365870786516855 0.3429307116104869 0.4527738764044944 0.33965355805243447 0.44662921348314605 0.32841760299625467 0.4475070224719101 0.3171816479400749 0.45066713483146065 0.31062734082397003 0.4552317415730337 0.30711610486891383 0.46207865168539325 0.30711610486891383
0 0.6135884831460674 0.4541198501872659 0.6234199438202247 0.46348314606741575 0.6255266853932584 0.47191011235955055 0.6239466292134831 0.48080524344569286 0.6179775280898876 0.48852996254681647 0.613061797752809 0.49063670411985016 0.6004213483146067 0.48782771535580527 0.5963834269662921 0.48057116104868913 0.5955056179775281 0.4735486891385768 0.5979634831460674 0.46348314606741575 0.6016502808988764 0.4585674157303371 0.6134129213483146 0.4541198501872659
0 0.4259129213483146 0.352059925093633 0.43644662921348315 0.35931647940074907 0.4378511235955056 0.3705524344569288 0.43662219101123595 0.37687265917602997 0.43258426966292135 0.38295880149812733 0.421875 0.386001872659176 0.4143258426966292 0.38038389513108617 0.4123946629213483 0.3661048689138577 0.41713483146067415 0.35510299625468167 0.4257373595505618 0.352059925093633
0 0.39167837078651685 0.6544943820224719 0.3983497191011236 0.6596441947565543 0.4041432584269663 0.6786048689138576 0.4006320224719101 0.6870318352059925 0.39396067415730335 0.6912453183520599 0.38728932584269665 0.6907771535580525 0.3790379213483146 0.6863295880149812 0.3748244382022472 0.675561797752809 0.3792134831460674 0.6577715355805244 0.3867626404494382 0.6540262172284644 0.39150280898876405 0.6544943820224719
0 0.40484550561797755 0.4332865168539326 0.4118679775280899 0.43913857677902624 0.414501404494382 0.4461610486891386 0.414501404494382 0.4529494382022472 0.41116573033707865 0.46207865168539325 0.4044943820224719 0.4658239700374532 0.39729634831460675 0.4653558052434457 0.3929073033707865 0.4616104868913858 0.38922050561797755 0.45646067415730335 0.3885182584269663 0.44569288389513106 0.39589185393258425 0.43515917602996257 0.4046699438202247 0.4332865168539326
0 0.586376404494382 0.3211610486891386 0.5925210674157303 0.3237359550561798 0.5956811797752809 0.3279494382022472 0.5984901685393258 0.3398876404494382 0.5962078651685393 0.3522940074906367 0.5914676966292135 0.3595505617977528 0.5870786516853933 0.362125468164794 0.574438202247191 0.35884831460674155 0.570751404494382 0.3541666666666667 0.5691713483146067 0.34573970037453183 0.569873595505618 0.33497191011235955 0.5730337078651685 0.3279494382022472 0.5779494382022472 0.3232677902621723 0.5862008426966292 0.3211610486891386
0 0.5814606741573034 0.41034644194756553 0.5886587078651685 0.4147940074906367 0.5923455056179775 0.42134831460674155 0.5919943820224719 0.4318820224719101 0.5884831460674157 0.44124531835205993 0.5849719101123596 0.4438202247191011 0.5726825842696629 0.4407771535580524 0.5675912921348315 0.4323501872659176 0.5672401685393258 0.42134831460674155 0.569873595505618 0.4152621722846442 0.5747893258426966 0.4112827715355805 0.5812851123595506 0.41034644194756553
0 0.555126404494382 0.31999063670411987 0.5644311797752809 0.32724719101123595 0.5667134831460674 0.33497191011235955 0.5647823033707865 0.34901685393258425 0.5574087078651685 0.3548689138576779 0.5482794943820225 0.35346441947565543 0.5438904494382022 0.34948501872659177 0.5407303370786517 0.34222846441947563 0.5426615168539326 0.32841760299625467 0.5495084269662921 0.32092696629213485 0.5549508426966292 0.31999063670411987
0 0.5814606741573034 0.6114232209737828 0.589185393258427 0.6142322097378277 0.5935744382022472 0.6189138576779026 0.5953300561797753 0.6306179775280899 0.5930477528089888 0.6392790262172284 0.5821629213483146 0.6472378277153558 0.570751404494382 0.6437265917602997 0.5684691011235955 0.6334269662921348 0.5700491573033708 0.6186797752808989 0.5732092696629213 0.6144662921348315 0.5812851123595506 0.6116573033707865
0 0.5474016853932584 0.658941947565543 0.5572331460674157 0.6605805243445693 0.5626755617977528 0.6704119850187266 0.561622191011236 0.6889044943820225 0.5577598314606742 0.6935861423220974 0.551439606741573 0.6961610486891385 0.5421348314606742 0.6933520599250936 0.5373946629213483 0.6821161048689138 0.5387991573033708 0.6643258426966292 0.5435393258426966 0.6594101123595506 0.5472261235955056 0.658941947565543
0 0.3656952247191011 0.31015917602996257 0.37359550561797755 0.3171816479400749 0.3751755617977528 0.32841760299625467 0.3711376404494382 0.33965355805243447 0.3628862359550562 0.34527153558052437 0.3532303370786517 0.33824906367041196 0.35059691011235955 0.32420411985018727 0.3558637640449438 0.31320224719101125 0.3655196629213483 0.31015917602996257
0 0.3981741573033708 0.31296816479400746 0.4066011235955056 0.31999063670411987 0.40870786516853935 0.33169475655430714 0.40765449438202245 0.33824906367041196 0.4043188202247191 0.3429307116104869 0.39747191011235955 0.34620786516853935 0.38553370786516855 0.34129213483146065 0.3829002808988764 0.337312734082397 0.38167134831460675 0.3274812734082397 0.38535814606741575 0.3167134831460674 0.3902738764044944 0.313436329588015 0.397998595505618 0.31296816479400746
0 0.5853230337078652 0.6484082397003745 0.592872191011236 0.6528558052434457 0.5962078651685393 0.6676029962546817 0.5918188202247191 0.6816479400749064 0.5832162921348315 0.6858614232209738 0.5702247191011236 0.675561797752809 0.5672401685393258 0.6715823970037453 0.5668890449438202 0.6640917602996255 0.5674157303370787 0.6577715355805244 0.5719803370786517 0.6500468164794008 0.5851474719101124 0.6484082397003745
0 0.5208918539325843 0.5901217228464419 0.5345856741573034 0.6058052434456929 0.5384480337078652 0.6168071161048689 0.5363412921348315 0.6320224719101124 0.5261587078651685 0.6418539325842697 0.5140449438202247 0.6381086142322098 0.5086025280898876 0.6303838951310862 0.5075491573033708 0.6235955056179775 0.5086025280898876 0.5976123595505618 0.514747191011236 0.5915262172284644 0.5207162921348315 0.5901217228464419
0 0.6163974719101124 0.575374531835206 0.6251755617977528 0.5800561797752809 0.6302668539325843 0.5903558052434457 0.6281601123595506 0.6046348314606742 0.6248244382022472 0.6100187265917603 0.6197331460674157 0.6125936329588015 0.6053370786516854 0.6055711610486891 0.6012991573033708 0.5955056179775281 0.6042837078651685 0.5814606741573034 0.6162219101123596 0.575374531835206
0 0.4606741573033708 0.3061797752808989 0.46752106741573035 0.31015917602996257 0.47120786516853935 0.3167134831460674 0.47155898876404495 0.33590823970037453 0.4743679775280899 0.34176029962546817 0.4643609550561798 0.35042134831460675 0.445751404494382 0.3424625468164794 0.4371488764044944 0.3249063670411985 0.4375 0.31741573033707865 0.44241573033707865 0.31062734082397003 0.460498595505618 0.3061797752808989
0 0.5194873595505618 0.6568352059925093 0.5298455056179775 0.6619850187265918 0.5340589887640449 0.6722846441947565 0.5319522471910112 0.6867977528089888 0.5228230337078652 0.6940543071161048 0.5121137640449438 0.6903089887640449 0.5079002808988764 0.6779026217228464 0.5079002808988764 0.6690074906367042 0.5100070224719101 0.663623595505618 0.519311797752809 0.6568352059925093
0 0.4905196629213483 0.48384831460674155 0.49947331460674155 0.49040262172284643 0.5028089887640449 0.5042134831460674 0.5 0.5149812734082397 0.4919241573033708 0.5194288389513109 0.4801615168539326 0.5170880149812734 0.47594803370786515 0.5046816479400749 0.4764747191011236 0.49461610486891383 0.47945926966292135 0.4875936329588015 0.484375 0.48408239700374533 0.4903441011235955 0.48384831460674155
0 0.6179775280898876 0.36587078651685395 0.6265800561797753 0.374063670411985 0.6285112359550562 0.38436329588014984 0.6255266853932584 0.39419475655430714 0.6163974719101124 0.40191947565543074 0.6104283707865169 0.40074906367041196 0.6042837078651685 0.3955992509363296 0.6018258426966292 0.39068352059925093 0.6016502808988764 0.37640449438202245 0.6079705056179775 0.3684456928838951 0.6178019662921348 0.36587078651685395
0 0.3558637640449438 0.6502808988764045 0.37166432584269665 0.6580056179775281 0.37166432584269665 0.674625468164794 0.3674508426966292 0.6853932584269663 0.3591994382022472 0.6910112359550562 0.3518258426966292 0.6912453183520599 0.34866573033707865 0.6896067415730337 0.34427668539325845 0.6804775280898876 0.34322331460674155 0.6678370786516854 0.34497893258426965 0.6615168539325843 0.355688202247191 0.6505149812734082
0 0.3730688202247191 0.5198970037453183 0.38026685393258425 0.5262172284644194 0.3829002808988764 0.5362827715355806 0.38009129213483145 0.5507958801498127 0.3730688202247191 0.5592228464419475 0.3628862359550562 0.5571161048689138 0.35270365168539325 0.5468164794007491 0.352001404494382 0.5433052434456929 0.35445926966292135 0.5299625468164794 0.35849719101123595 0.523876404494382 0.3634129213483146 0.5205992509363296 0.3728932584269663 0.5198970037453183
0 0.3732443820224719 0.4791666666666667 0.38184691011235955 0.4859550561797753 0.3846558988764045 0.4948501872659176 0.38377808988764045 0.5060861423220974 0.3765800561797753 0.5170880149812734 0.36639747191011235 0.5142790262172284 0.3558637640449438 0.5149812734082397 0.352001404494382 0.5110018726591761 0.35059691011235955 0.5051498127340824 0.3553370786516854 0.488061797752809 0.35832162921348315 0.4836142322097378 0.363061797752809 0.47963483146067415 0.3730688202247191 0.4791666666666667
0 0.425561797752809 0.5994850187265918 0.4353932584269663 0.6058052434456929 0.44030898876404495 0.6172752808988764 0.43416432584269665 0.6338951310861424 0.42503511235955055 0.638810861423221 0.41520365168539325 0.6362359550561798 0.4120435393258427 0.6327247191011236 0.4085323033707865 0.6154026217228464 0.4141502808988764 0.6046348314606742 0.41853932584269665 0.6006554307116105 0.4253862359550562 0.5994850187265918
0 0.4239817415730337 0.6453651685393258 0.43240870786516855 0.6542602996254682 0.4332865168539326 0.6666666666666666 0.42907303370786515 0.6772003745318352 0.421875 0.6830524344569289 0.41537921348314605 0.6802434456928839 0.40958567415730335 0.6732209737827716 0.40695224719101125 0.6683052434456929 0.4064255617977528 0.6605805243445693 0.4118679775280899 0.6474719101123596 0.4238061797752809 0.6453651685393258
0 0.453125 0.3565074906367041 0.460498595505618 0.3579119850187266 0.46734550561797755 0.36282771535580527 0.46927668539325845 0.37663857677902624 0.46576544943820225 0.38506554307116103 0.45593398876404495 0.3920880149812734 0.449438202247191 0.3899812734082397 0.444873595505618 0.38436329588014984 0.4429424157303371 0.37429775280898875 0.4438202247191011 0.3661048689138577 0.44803370786516855 0.3586142322097378 0.4529494382022472 0.35674157303370785
0 0.39536516853932585 0.5685861423220974 0.40537219101123595 0.5709269662921348 0.4116924157303371 0.5779494382022472 0.4104634831460674 0.5919943820224719 0.4122191011235955 0.5955056179775281 0.39764747191011235 0.6062734082397003 0.38570926966292135 0.6022940074906367 0.3806179775280899 0.5894194756554307 0.3844803370786517 0.572565543071161 0.38746488764044945 0.5692883895131086 0.39518960674157305 0.5685861423220974
0 0.5268609550561798 0.31390449438202245 0.5363412921348315 0.3227996254681648 0.5382724719101124 0.33497191011235955 0.5326544943820225 0.34152621722846443 0.5305477528089888 0.34808052434456926 0.5233497191011236 0.3506554307116105 0.5114115168539326 0.34480337078651685 0.5086025280898876 0.3333333333333333 0.514747191011236 0.3169475655430712 0.526685393258427 0.31390449438202245
0 0.4569873595505618 0.48525280898876405 0.4669943820224719 0.4892322097378277 0.4705056179775281 0.5009363295880149 0.46962780898876405 0.5114700374531835 0.4671699438202247 0.5161516853932584 0.45768960674157305 0.5203651685393258 0.44785814606741575 0.5154494382022472 0.444873595505618 0.5021067415730337 0.44785814606741575 0.48993445692883897 0.456811797752809 0.48525280898876405
0 0.3651685393258427 0.5592228464419475 0.3732443820224719 0.5608614232209738 0.38009129213483145 0.5704588014981273 0.38026685393258425 0.5784176029962547 0.3771067415730337 0.5919943820224719 0.3734199438202247 0.5994850187265918 0.36990870786516855 0.6013576779026217 0.3553370786516854 0.5929307116104869 0.3493679775280899 0.5814606741573034 0.3497191011235955 0.5711610486891385 0.35481039325842695 0.5610955056179775 0.3649929775280899 0.5592228464419475
0 0.49122191011235955 0.3579119850187266 0.49877106741573035 0.36142322097378277 0.5024578651685393 0.3672752808988764 0.5038623595505618 0.37687265917602997 0.5019311797752809 0.386938202247191 0.4978932584269663 0.3913857677902622 0.49104634831460675 0.39232209737827717 0.48297050561797755 0.3881086142322097 0.480688202247191 0.38412921348314605 0.4789325842696629 0.37687265917602997 0.4799859550561798 0.36914794007490637 0.48577949438202245 0.3604868913857678 0.49104634831460675 0.35814606741573035
0 0.39782303370786515 0.6100187265917603 0.4046699438202247 0.6179775280898876 0.4066011235955056 0.6334269662921348 0.40115870786516855 0.6444288389513109 0.39325842696629215 0.648876404494382 0.38588483146067415 0.6479400749063671 0.3790379213483146 0.6413857677902621 0.3769311797752809 0.6245318352059925 0.383251404494382 0.612125468164794 0.3908005617977528 0.6086142322097379 0.39764747191011235 0.6100187265917603
0 0.394311797752809 0.3522940074906367 0.4044943820224719 0.3586142322097378 0.4064255617977528 0.37102059925093633 0.402563202247191 0.3815543071161049 0.39185393258426965 0.38647003745318353 0.386938202247191 0.38553370786516855 0.3827247191011236 0.38108614232209737 0.37956460674157305 0.37336142322097376 0.3793890449438202 0.3661048689138577 0.38342696629213485 0.3562734082397004 0.3941362359550562 0.3522940074906367
0 0.547752808988764 0.6125936329588015 0.5607443820224719 0.6161048689138576 0.566186797752809 0.6299157303370787 0.5647823033707865 0.6448970037453183 0.5607443820224719 0.6509831460674157 0.5545997191011236 0.6526217228464419 0.5472261235955056 0.6514513108614233 0.543188202247191 0.6479400749063671 0.5384480337078652 0.6362359550561798 0.5407303370786517 0.6196161048689138 0.5435393258426966 0.6139981273408239 0.5475772471910112 0.6125936329588015
0 0.49157303370786515 0.5283239700374532 0.5019311797752809 0.5353464419475655 0.5038623595505618 0.5454119850187266 0.5017556179775281 0.5589887640449438 0.491748595505618 0.5655430711610487 0.4847261235955056 0.5641385767790262 0.4801615168539326 0.5596910112359551 0.4762991573033708 0.5437734082397003 0.4787570224719101 0.5327715355805244 0.49139747191011235 0.5283239700374532
0 0.6172752808988764 0.32514044943820225 0.6246488764044944 0.33146067415730335 0.6262289325842697 0.3419943820224719 0.6244733146067416 0.3497191011235955 0.6209620786516854 0.35463483146067415 0.6132373595505618 0.35814606741573035 0.6090238764044944 0.35720973782771537 0.6014747191011236 0.3485486891385768 0.6009480337078652 0.3352059925093633 0.6086727528089888 0.3256086142322097 0.6170997191011236 0.32514044943820225
0 0.36639747191011235 0.3506554307116105 0.37412219101123595 0.3586142322097378 0.3753511235955056 0.3698501872659176 0.3730688202247191 0.3796816479400749 0.3651685393258427 0.3852996254681648 0.3576193820224719 0.3838951310861423 0.35235252808988765 0.37874531835205993 0.34901685393258425 0.36540262172284643 0.352001404494382 0.35557116104868913 0.3555126404494382 0.352059925093633 0.36622191011235955 0.3506554307116105
0 0.40537219101123595 0.3895131086142322 0.4157303370786517 0.3967696629213483 0.42064606741573035 0.41081460674157305 0.4139747191011236 0.42532771535580527 0.4085323033707865 0.42954119850187267 0.3985252808988764 0.4286048689138577 0.3985252808988764 0.4250936329588015 0.3941362359550562 0.42368913857677903 0.390625 0.4190074906367041 0.38939606741573035 0.4112827715355805 0.38939606741573035 0.40426029962546817 0.3922050561797753 0.3970037453183521 0.39975421348314605 0.3904494382022472 0.40519662921348315 0.3895131086142322
0 0.49473314606741575 0.31320224719101125 0.5028089887640449 0.3188202247191011 0.5066713483146067 0.3312265917602996 0.5021067415730337 0.34480337078651685 0.4957865168539326 0.3485486891385768 0.4882373595505618 0.34737827715355807 0.4826193820224719 0.3429307116104869 0.480688202247191 0.3279494382022472 0.48384831460674155 0.3176498127340824 0.4945575842696629 0.31320224719101125
0 0.6165730337078652 0.6200842696629213 0.6234199438202247 0.6212546816479401 0.6302668539325843 0.6303838951310862 0.6304424157303371 0.6463014981273408 0.6225421348314607 0.6558988764044944 0.609375 0.6521535580524345 0.6027036516853933 0.6404494382022472 0.6055126404494382 0.6296816479400749 0.6128862359550562 0.6207865168539326 0.6163974719101124 0.6200842696629213
0 0.4647120786516854 0.5348782771535581 0.47173455056179775 0.5397940074906367 0.47331460674157305 0.5543071161048689 0.46927668539325845 0.5664794007490637 0.460498595505618 0.5702247191011236 0.45452949438202245 0.5681179775280899 0.44592696629213485 0.5566479400749064 0.45207162921348315 0.5388576779026217 0.4645365168539326 0.5348782771535581
0 0.36780196629213485 0.6081460674157303 0.37377106741573035 0.6128277153558053 0.37587780898876405 0.6177434456928839 0.375 0.6341292134831461 0.37025983146067415 0.641619850187266 0.36183286516853935 0.6453651685393258 0.3577949438202247 0.6446629213483146 0.35217696629213485 0.6390449438202247 0.35024578651685395 0.6198501872659176 0.3555126404494382 0.6107209737827716 0.36271067415730335 0.6074438202247191 0.367626404494382 0.6081460674157303
0 0.367626404494382 0.43679775280898875 0.3765800561797753 0.44569288389513106 0.37745786516853935 0.45692883895131087 0.37377106741573035 0.46558988764044945 0.3632373595505618 0.47120786516853935 0.35621488764044945 0.46863295880149813 0.3518258426966292 0.4637172284644195 0.3500702247191011 0.4524812734082397 0.352001404494382 0.44241573033707865 0.3553370786516854 0.43890449438202245 0.36271067415730335 0.43586142322097376 0.3674508426966292 0.43679775280898875
0 0.5819873595505618 0.3642322097378277 0.5886587078651685 0.3677434456928839 0.5926966292134831 0.37312734082397003 0.5942766853932584 0.38295880149812733 0.5916432584269663 0.39419475655430714 0.5821629213483146 0.3972378277153558 0.569873595505618 0.39396067415730335 0.5681179775280899 0.3785112359550562 0.5711025280898876 0.3684456928838951 0.581811797752809 0.3642322097378277
0 0.4294241573033708 0.3157771535580524 0.4355688202247191 0.31952247191011235 0.43995786516853935 0.3345037453183521 0.4378511235955056 0.3445692883895131 0.4295997191011236 0.34925093632958804 0.4220505617977528 0.3471441947565543 0.4178370786516854 0.3429307116104869 0.4141502808988764 0.33146067415730335 0.4159058988764045 0.324438202247191 0.42099719101123595 0.31741573033707865 0.429248595505618 0.3157771535580524
0 0.40150983146067415 0.5271535580524345 0.40941011235955055 0.5337078651685393 0.4139747191011236 0.5426029962546817 0.4122191011235955 0.5587546816479401 0.4046699438202247 0.5660112359550562 0.39167837078651685 0.5617977528089888 0.38377808988764045 0.5468164794007491 0.3871137640449438 0.5346441947565543 0.39396067415730335 0.5283239700374532 0.40133426966292135 0.5271535580524345
0 0.6128862359550562 0.4101123595505618 0.6214887640449438 0.413623595505618 0.6255266853932584 0.425561797752809 0.6251755617977528 0.4330524344569288 0.6218398876404494 0.44147940074906367 0.613061797752809 0.44686329588014984 0.6053370786516854 0.44545880149812733 0.5990168539325843 0.4323501872659176 0.601123595505618 0.4143258426966292 0.6127106741573034 0.4101123595505618
0 0.6151685393258427 0.6558988764044944 0.6232443820224719 0.6575374531835206 0.6304424157303371 0.6683052434456929 0.6304424157303371 0.6889044943820225 0.6260533707865169 0.6961610486891385 0.6200842696629213 0.6985018726591761 0.6128862359550562 0.6980337078651685 0.6058637640449438 0.6931179775280899 0.6005969101123596 0.6788389513108615 0.6021769662921348 0.6652621722846442 0.6090238764044944 0.6575374531835206 0.6149929775280899 0.6558988764044944
0 0.6074438202247191 0.4943820224719101 0.6197331460674157 0.4964887640449438 0.6255266853932584 0.5053838951310862 0.6239466292134831 0.5227059925093633 0.6186797752808989 0.5294943820224719 0.6127106741573034 0.5318352059925093 0.6018258426966292 0.5299625468164794 0.5993679775280899 0.5194288389513109 0.5988412921348315 0.499063670411985 0.6023525280898876 0.49461610486891383 0.6072682584269663 0.4943820224719101
0 0.5194873595505618 0.3625936329588015 0.5268609550561798 0.36563670411985016 0.5314255617977528 0.37312734082397003 0.5294943820224719 0.38974719101123595 0.5261587078651685 0.39489700374531833 0.5194873595505618 0.3981741573033708 0.5079002808988764 0.39489700374531833 0.5061446629213483 0.37734082397003743 0.5098314606741573 0.3661048689138577 0.519311797752809 0.3625936329588015
0 0.36657303370786515 0.39302434456928836 0.37605337078651685 0.39630149812734083 0.38202247191011235 0.4014513108614232 0.38377808988764045 0.41830524344569286 0.3807935393258427 0.4272003745318352 0.3771067415730337 0.43141385767790263 0.3632373595505618 0.4318820224719101 0.35884831460674155 0.42907303370786515 0.3553370786516854 0.4220505617977528 0.35217696629213485 0.40098314606741575 0.35832162921348315 0.39396067415730335 0.36639747191011235 0.39302434456928836
0 0.5503862359550562 0.36540262172284643 0.5595154494382022 0.37265917602996257 0.5617977528089888 0.3796816479400749 0.5605688202247191 0.3955992509363296 0.5570575842696629 0.40098314606741575 0.550561797752809 0.4044943820224719 0.5402036516853933 0.40004681647940077 0.5354634831460674 0.3881086142322097 0.535814606741573 0.37640449438202245 0.5387991573033708 0.36961610486891383 0.5433637640449438 0.36563670411985016 0.5502106741573034 0.36540262172284643
0 0.6183286516853933 0.535814606741573 0.6267556179775281 0.5433052434456929 0.6288623595505618 0.5575842696629213 0.6260533707865169 0.5648408239700374 0.616748595505618 0.5720973782771536 0.6120084269662921 0.5716292134831461 0.6039325842696629 0.5657771535580525 0.601123595505618 0.5610955056179775 0.6000702247191011 0.5522003745318352 0.6021769662921348 0.5416666666666666 0.6127106741573034 0.5353464419475655 0.6181530898876404 0.535814606741573
0 0.4510182584269663 0.6336610486891385 0.45593398876404495 0.636938202247191 0.46365870786516855 0.6484082397003745 0.46594101123595505 0.6647940074906367 0.45997191011235955 0.677434456928839 0.45031601123595505 0.6816479400749064 0.4397823033707865 0.6750936329588015 0.43662219101123595 0.6647940074906367 0.43890449438202245 0.6458333333333334 0.44452247191011235 0.636938202247191 0.4508426966292135 0.6336610486891385
2 0.6372893258426966 0.31289021535580525 0.3484032654494382 0.3063979400749064 0.34121400983146066 0.6926551966292135 0.6335837429775281 0.6996624531835206
1 0.43172050561797753 0.42226357677902626 0.027765098314606742 0.03304307116104869
1 0.46361306179775275 0.42095973782771534 0.024836727528089887 0.035114700374531835
1 0.49312675561797753 0.423003277153558 0.021832865168539325 0.032961142322097375
1 0.5204002808988764 0.42421582397003743 0.02137113764044944 0.03382256554307116
1 0.5511850421348314 0.4260650749063671 0.023249648876404495 0.031280430711610484
1 0.5812675561797753 0.46849485018726594 0.02021418539325843 0.028747659176029963
1 0.5817696629213484 0.5066690074906367 0.020045646067415733 0.030189606741573033
1 0.5812780898876404 0.5435323033707865 0.02257373595505618 0.036816479400749065
1 0.5800087780898876 0.5827926029962547 0.0212061095505618 0.031065074906367042
1 0.5480389747191011 0.5837078651685393 0.021639747191011235 0.03289559925093633
1 0.5488342696629214 0.543438670411985 0.02205933988764045 0.033506554307116104
1 0.5484515449438202 0.5050936329588015 0.023634129213483148 0.03172284644194757
1 0.5494820926966292 0.4652808988764045 0.022185744382022473 0.03324672284644195
1 0.5196313202247191 0.4646044007490637 0.02217696629213483 0.033450374531835206
1 0.5187306882022472 0.5036844569288389 0.022714185393258427 0.03202715355805243
1 0.5187640449438202 0.5412991573033707 0.022779143258426966 0.030786516853932588
1 0.5196032303370787 0.5831764981273408 0.025630266853932587 0.028714887640449438
1 0.48975948033707867 0.5818071161048689 0.024464536516853933 0.027532771535580525
1 0.48904318820224724 0.6191924157303371 0.026541432584269664 0.027397003745318352
1 0.48858672752808985 0.6591643258426966 0.025628511235955054 0.02463249063670412
1 0.45978054775280897 0.6207233146067416 0.02536516853932584 0.02577949438202247
1 0.4604810393258427 0.5836306179775281 0.023256671348314606 0.02338014981273408
1 0.4308988764044944 0.581561329588015 0.02495435393258427 0.03172284644194757
1 0.4332689606741573 0.5392298689138577 0.02267205056179775 0.026647940074906368
1 0.4331004213483146 0.5012921348314606 0.02233321629213483 0.03192415730337079
1 0.4030231741573034 0.5004494382022472 0.018358497191011236 0.033356741573033706
1 0.431279845505618 0.4618773408239701 0.023374297752808987 0.03268024344569289
1 0.4629775280898876 0.46325374531835206 0.024738412921348315 0.03075374531835206
1 0.49275632022471905 0.4630266853932584 0.02460323033707865 0.028735955056179777