0 0.616748595505618 0.49461610486891383 0.6211376404494382 0.4974250936329588 0.6248244382022472 0.5039794007490637 0.6255266853932584 0.5124063670411985 0.6234199438202247 0.5229400749063671 0.6163974719101124 0.5306647940074907 0.6072682584269663 0.5290262172284644 0.602001404494382 0.5250468164794008 0.5998946629213483 0.5077247191011236 0.601123595505618 0.5011704119850188 0.6053370786516854 0.4967228464419476 0.6165730337078652 0.49461610486891383
0 0.5884831460674157 0.32092696629213485 0.5960323033707865 0.32771535580524347 0.5991924157303371 0.3424625468164794 0.5956811797752809 0.3532303370786517 0.5872542134831461 0.36118913857677903 0.5742626404494382 0.35884831460674155 0.5700491573033708 0.35252808988764045 0.5691713483146067 0.3445692883895131 0.5700491573033708 0.3342696629213483 0.5740870786516854 0.3265449438202247 0.5814606741573034 0.3213951310861423 0.5883075842696629 0.32092696629213485
0 0.5816362359550562 0.4101123595505618 0.5881320224719101 0.41409176029962547 0.5923455056179775 0.4243913857677903 0.5895365168539326 0.4407771535580524 0.5849719101123596 0.4461610486891386 0.5770716292134831 0.44452247191011235 0.5665379213483146 0.43469101123595505 0.5691713483146067 0.4147940074906367 0.5814606741573034 0.4101123595505618
0 0.6162219101123596 0.3651685393258427 0.6230688202247191 0.3684456928838951 0.6278089887640449 0.37663857677902624 0.6283356741573034 0.386938202247191 0.625877808988764 0.39419475655430714 0.6135884831460674 0.40168539325842695 0.605688202247191 0.3977059925093633 0.602001404494382 0.39185393258426965 0.601123595505618 0.375936329588015 0.6077949438202247 0.36891385767790263 0.6160463483146067 0.36540262172284643
0 0.5856741573033708 0.612125468164794 0.5926966292134831 0.6165730337078652 0.5949789325842697 0.6299157303370787 0.5923455056179775 0.639747191011236 0.5816362359550562 0.647003745318352 0.5711025280898876 0.6430243445692884 0.5682935393258427 0.6301498127340824 0.5704002808988764 0.6191479400749064 0.5730337078651685 0.6154026217228464 0.579002808988764 0.6118913857677902 0.585498595505618 0.612125468164794
0 0.5273876404494382 0.31296816479400746 0.5366924157303371 0.31999063670411987 0.5393258426966292 0.3366104868913858 0.5335323033707865 0.35042134831460675 0.5272120786516854 0.3565074906367041 0.5200140449438202 0.35931647940074907 0.5121137640449438 0.3565074906367041 0.5064957865168539 0.34901685393258425 0.5086025280898876 0.32935393258426965 0.515625 0.31530898876404495 0.5272120786516854 0.31296816479400746
0 0.5537219101123596 0.6587078651685393 0.5607443820224719 0.6652621722846442 0.5635533707865169 0.6802434456928839 0.5617977528089888 0.6891385767790262 0.557935393258427 0.6938202247191011 0.551439606741573 0.6963951310861424 0.5437148876404494 0.6940543071161048 0.5398525280898876 0.6891385767790262 0.5382724719101124 0.6732209737827716 0.5433637640449438 0.6603464419475655 0.5535463483146067 0.6587078651685393
0 0.366748595505618 0.3103932584269663 0.37377106741573035 0.31741573033707865 0.3751755617977528 0.3288857677902622 0.3711376404494382 0.34012172284644193 0.363061797752809 0.3455056179775281 0.3530547752808989 0.33848314606741575 0.35024578651685395 0.32420411985018727 0.355688202247191 0.31320224719101125 0.3595505617977528 0.3103932584269663 0.36657303370786515 0.3103932584269663
0 0.5231741573033708 0.5264513108614233 0.5338834269662921 0.5308988764044944 0.5368679775280899 0.5362827715355806 0.5379213483146067 0.545880149812734 0.5370435393258427 0.5561797752808989 0.5345856741573034 0.5610955056179775 0.5237008426966292 0.5662453183520599 0.5124648876404494 0.5608614232209738 0.5079002808988764 0.5470505617977528 0.5108848314606742 0.5327715355805244 0.522998595505618 0.5264513108614233
0 0.39764747191011235 0.3125 0.40502106741573035 0.31741573033707865 0.4085323033707865 0.3265449438202247 0.40730337078651685 0.33848314606741575 0.39764747191011235 0.3464419475655431 0.3871137640449438 0.3433988764044944 0.38360252808988765 0.33848314606741575 0.38184691011235955 0.32982209737827717 0.3827247191011236 0.3211610486891386 0.38588483146067415 0.31624531835205993 0.39747191011235955 0.3125
0 0.526685393258427 0.41385767790262173 0.5330056179775281 0.4211142322097378 0.5366924157303371 0.4323501872659176 0.5340589887640449 0.4419475655430712 0.5258075842696629 0.448501872659176 0.5138693820224719 0.44335205992509363 0.5101825842696629 0.4307116104868914 0.5121137640449438 0.4220505617977528 0.5159761235955056 0.41760299625468167 0.5265098314606742 0.41385767790262173
0 0.49122191011235955 0.39747191011235955 0.49719101123595505 0.4002808988764045 0.5026334269662921 0.40823970037453183 0.503686797752809 0.41924157303370785 0.5017556179775281 0.4267322097378277 0.49157303370786515 0.4332865168539326 0.4859550561797753 0.4328183520599251 0.47981039325842695 0.4276685393258427 0.4780547752808989 0.4178370786516854 0.47981039325842695 0.4044943820224719 0.484375 0.399812734082397 0.49104634831460675 0.3977059925093633
0 0.5858497191011236 0.6484082397003745 0.592872191011236 0.6528558052434457 0.5962078651685393 0.6685393258426966 0.5916432584269663 0.6821161048689138 0.5814606741573034 0.6877340823970037 0.5681179775280899 0.6718164794007491 0.5675912921348315 0.6577715355805244 0.5740870786516854 0.648876404494382 0.5856741573033708 0.6484082397003745
0 0.5435393258426966 0.6118913857677902 0.5605688202247191 0.6156367041198502 0.5642556179775281 0.6238295880149812 0.5647823033707865 0.6404494382022472 0.5603932584269663 0.6486423220973783 0.5540730337078652 0.651685393258427 0.5466994382022472 0.6502808988764045 0.5387991573033708 0.6404494382022472 0.5380969101123596 0.6285112359550562 0.5433637640449438 0.6118913857677902
0 0.45997191011235955 0.30337078651685395 0.46804775280898875 0.30711610486891383 0.47384129213483145 0.3176498127340824 0.47401685393258425 0.32982209737827717 0.47120786516853935 0.3403558052434457 0.4671699438202247 0.34597378277153557 0.4633075842696629 0.3476123595505618 0.45646067415730335 0.3455056179775281 0.4475070224719101 0.33848314606741575 0.441186797752809 0.3181179775280899 0.4431179775280899 0.31062734082397003 0.45979634831460675 0.3036048689138577
0 0.6141151685393258 0.45552434456928836 0.6197331460674157 0.4583333333333333 0.6251755617977528 0.47073970037453183 0.621313202247191 0.48431647940074907 0.6128862359550562 0.4897003745318352 0.6025280898876404 0.48852996254681647 0.5965589887640449 0.48080524344569286 0.5953300561797753 0.4735486891385768 0.5979634831460674 0.46348314606741575 0.6016502808988764 0.4585674157303371 0.613939606741573 0.45552434456928836
0 0.3655196629213483 0.6067415730337079 0.37377106741573035 0.6154026217228464 0.375 0.6235955056179775 0.36850421348314605 0.636938202247191 0.363061797752809 0.639747191011236 0.3558637640449438 0.6395131086142322 0.3498946629213483 0.6334269662921348 0.34691011235955055 0.6161048689138576 0.35235252808988765 0.6067415730337079 0.3653441011235955 0.6067415730337079
0 0.394311797752809 0.35252808988764045 0.40502106741573035 0.3583801498127341 0.40730337078651685 0.36563670411985016 0.40519662921348315 0.3780430711610487 0.4020365168539326 0.38249063670411987 0.3946629213483146 0.3857677902621723 0.3867626404494382 0.3848314606741573 0.3806179775280899 0.37265917602996257 0.38219803370786515 0.3583801498127341 0.386938202247191 0.3539325842696629 0.3941362359550562 0.35252808988764045
0 0.4943820224719101 0.5269194756554307 0.5017556179775281 0.5320692883895131 0.503686797752809 0.545880149812734 0.4998244382022472 0.5589887640449438 0.492626404494382 0.5625 0.4859550561797753 0.5615636704119851 0.4803370786516854 0.5573501872659176 0.476123595505618 0.5433052434456929 0.4808637640449438 0.5297284644194756 0.48700842696629215 0.5264513108614233 0.4942064606741573 0.5269194756554307
0 0.4587429775280899 0.3522940074906367 0.46734550561797755 0.3583801498127341 0.4683988764044944 0.36961610486891383 0.46418539325842695 0.38085205992509363 0.4534761235955056 0.386938202247191 0.44434691011235955 0.3806179775280899 0.44206460674157305 0.3663389513108614 0.44627808988764045 0.3565074906367041 0.4527738764044944 0.35252808988764045 0.4585674157303371 0.3522940074906367
0 0.5549508426966292 0.3197565543071161 0.5610955056179775 0.3227996254681648 0.5651334269662921 0.32818352059925093 0.5668890449438202 0.34152621722846443 0.5635533707865169 0.3506554307116105 0.5538974719101124 0.3548689138576779 0.543188202247191 0.34925093632958804 0.5407303370786517 0.3347378277153558 0.545997191011236 0.3232677902621723 0.5547752808988764 0.3197565543071161
0 0.624122191011236 0.6210205992509363 0.6304424157303371 0.6292134831460674 0.6311446629213483 0.6437265917602997 0.6269311797752809 0.6514513108614233 0.6202598314606742 0.6549625468164794 0.6091994382022472 0.6514513108614233 0.6041081460674157 0.6441947565543071 0.6025280898876404 0.6371722846441947 0.6053370786516854 0.6299157303370787 0.6123595505617978 0.6214887640449438 0.6239466292134831 0.6210205992509363
0 0.5537219101123596 0.40004681647940077 0.5610955056179775 0.40308988764044945 0.566186797752809 0.4112827715355805 0.5675912921348315 0.41830524344569286 0.5644311797752809 0.4323501872659176 0.5517907303370787 0.43913857677902624 0.5433637640449438 0.43515917602996257 0.5402036516853933 0.42181647940074907 0.5414325842696629 0.41058052434456926 0.5458216292134831 0.40379213483146065 0.5535463483146067 0.4002808988764045
0 0.4060744382022472 0.5346441947565543 0.41292134831460675 0.538623595505618 0.4162570224719101 0.5433052434456929 0.41678370786516855 0.5484550561797753 0.4122191011235955 0.5639044943820225 0.4044943820224719 0.5692883895131086 0.3927317415730337 0.5620318352059925 0.3890449438202247 0.5529026217228464 0.39185393258426965 0.5397940074906367 0.40098314606741575 0.5344101123595506 0.4058988764044944 0.5346441947565543
0 0.43100421348314605 0.4028558052434457 0.4394311797752809 0.4075374531835206 0.4415379213483146 0.42158239700374533 0.44013342696629215 0.4286048689138577 0.43662219101123595 0.4332865168539326 0.4297752808988764 0.43679775280898875 0.4183637640449438 0.4309456928838951 0.4164325842696629 0.4169007490636704 0.4178370786516854 0.41081460674157305 0.421875 0.4054307116104869 0.43082865168539325 0.4028558052434457
0 0.519311797752809 0.3618913857677903 0.5265098314606742 0.36587078651685395 0.5310744382022472 0.37476591760299627 0.5308988764044944 0.38342696629213485 0.5280898876404494 0.39115168539325845 0.519311797752809 0.397940074906367 0.5096558988764045 0.39489700374531833 0.5052668539325843 0.3838951310861423 0.5077247191011236 0.3677434456928839 0.5191362359550562 0.3618913857677903
0 0.49332865168539325 0.35884831460674155 0.5017556179775281 0.36587078651685395 0.5038623595505618 0.37359550561797755 0.5019311797752809 0.38717228464419473 0.4980688202247191 0.3916198501872659 0.4920997191011236 0.3934925093632959 0.4808637640449438 0.39021535580524347 0.4780547752808989 0.37265917602996257 0.47928370786516855 0.3663389513108614 0.48542837078651685 0.36025280898876405 0.49315308988764045 0.35884831460674155
0 0.35621488764044945 0.5919943820224719 0.36025280898876405 0.5978464419475655 0.36973314606741575 0.601123595505618 0.3732443820224719 0.5999531835205992 0.3790379213483146 0.6051029962546817 0.3785112359550562 0.6406835205992509 0.37447331460674155 0.6474719101123596 0.36657303370786515 0.6512172284644194 0.359375 0.6477059925093633 0.35270365168539325 0.6404494382022472 0.3481390449438202 0.6336610486891385 0.3453300561797753 0.6221910112359551 0.34673455056179775 0.6128277153558053 0.351123595505618 0.6053370786516854 0.3514747191011236 0.5952715355805244 0.35603932584269665 0.5919943820224719
0 0.40098314606741575 0.4442883895131086 0.4081811797752809 0.4461610486891386 0.41344803370786515 0.45318352059925093 0.41520365168539325 0.4648876404494382 0.4118679775280899 0.47752808988764045 0.4080056179775281 0.4812734082397004 0.40098314606741575 0.4829119850187266 0.39167837078651685 0.47542134831460675 0.38746488764044945 0.46722846441947563 0.3908005617977528 0.45131086142322097 0.4008075842696629 0.44452247191011235
0 0.5233497191011236 0.31296816479400746 0.5363412921348315 0.32186329588014984 0.5377457865168539 0.33286516853932585 0.5296699438202247 0.3466760299625468 0.5231741573033708 0.34995318352059923 0.5122893258426966 0.34480337078651685 0.5091292134831461 0.3368445692883895 0.511938202247191 0.32162921348314605 0.515625 0.31624531835205993 0.5231741573033708 0.31296816479400746
0 0.465063202247191 0.40847378277153557 0.47384129213483145 0.41760299625468167 0.4748946629213483 0.4288389513108614 0.4706811797752809 0.4400749063670412 0.4608497191011236 0.4442883895131086 0.4554073033707865 0.44288389513108617 0.4492626404494382 0.43609550561797755 0.44856039325842695 0.42579588014981273 0.4496137640449438 0.41830524344569286 0.4529494382022472 0.41245318352059923 0.4648876404494382 0.40847378277153557
0 0.36973314606741575 0.5189606741573034 0.38026685393258425 0.5241104868913857 0.38360252808988765 0.5313670411985019 0.38377808988764045 0.5433052434456929 0.378686797752809 0.5540730337078652 0.37008426966292135 0.5568820224719101 0.3634129213483146 0.5552434456928839 0.35481039325842695 0.5468164794007491 0.3558637640449438 0.5292602996254682 0.359375 0.5245786516853933 0.3695575842696629 0.5191947565543071
0 0.45768960674157305 0.4859550561797753 0.4631320224719101 0.4875936329588015 0.46752106741573035 0.4922752808988764 0.46997893258426965 0.5051498127340824 0.4652387640449438 0.5175561797752809 0.4575140449438202 0.5213014981273408 0.4513693820224719 0.5198970037453183 0.44645365168539325 0.5154494382022472 0.4438202247191011 0.50187265917603 0.4468047752808989 0.4911048689138577 0.4529494382022472 0.48618913857677903 0.4575140449438202 0.4859550561797753
0 0.6162219101123596 0.32420411985018727 0.6248244382022472 0.33146067415730335 0.6260533707865169 0.3419943820224719 0.625 0.3487827715355805 0.6214887640449438 0.3544007490636704 0.6135884831460674 0.3583801498127341 0.6086727528089888 0.35720973782771537 0.6012991573033708 0.34831460674157305 0.6005969101123596 0.3387172284644195 0.605688202247191 0.3270131086142322 0.6160463483146067 0.32420411985018727
0 0.402563202247191 0.5730337078651685 0.4125702247191011 0.5816947565543071 0.4155547752808989 0.5880149812734082 0.4157303370786517 0.5952715355805244 0.41274578651685395 0.5976123595505618 0.41274578651685395 0.6022940074906367 0.40572331460674155 0.6093164794007491 0.39782303370786515 0.6125936329588015 0.3904494382022472 0.6107209737827716 0.38535814606741575 0.6055711610486891 0.3829002808988764 0.599250936329588 0.382373595505618 0.5887172284644194 0.3890449438202247 0.5751404494382022 0.39747191011235955 0.5718632958801498 0.4023876404494382 0.5730337078651685
0 0.3672752808988764 0.3508895131086142 0.37429775280898875 0.35908239700374533 0.37605337078651685 0.3703183520599251 0.37394662921348315 0.3785112359550562 0.36622191011235955 0.3857677902621723 0.3590238764044944 0.38506554307116103 0.35270365168539325 0.37991573033707865 0.34901685393258425 0.36587078651685395 0.3518258426966292 0.35557116104868913 0.3549859550561798 0.352059925093633 0.3670997191011236 0.3508895131086142
0 0.42679073033707865 0.35159176029962547 0.4371488764044944 0.3618913857677903 0.4373244382022472 0.37336142322097376 0.43275983146067415 0.38085205992509363 0.4220505617977528 0.38553370786516855 0.4139747191011236 0.3796816479400749 0.4118679775280899 0.36540262172284643 0.41537921348314605 0.3553370786516854 0.421875 0.35135767790262173 0.42661516853932585 0.35159176029962547
0 0.3769311797752809 0.5580524344569289 0.38184691011235955 0.56437265917603 0.38360252808988765 0.5774812734082397 0.38009129213483145 0.5861423220973783 0.37201544943820225 0.588249063670412 0.36990870786516855 0.5955056179775281 0.36815308988764045 0.5952715355805244 0.36797752808988765 0.5917602996254682 0.355688202247191 0.5852059925093633 0.3532303370786517 0.5716292134831461 0.3553370786516854 0.5636704119850188 0.359375 0.5594569288389513 0.3767556179775281 0.5580524344569289
0 0.616748595505618 0.5351123595505618 0.6274578651685393 0.5433052434456929 0.6285112359550562 0.5559456928838952 0.6269311797752809 0.5627340823970037 0.6163974719101124 0.5720973782771536 0.6125351123595506 0.5720973782771536 0.6037570224719101 0.5653089887640449 0.601123595505618 0.5608614232209738 0.6000702247191011 0.552434456928839 0.6037570224719101 0.5407303370786517 0.6125351123595506 0.5351123595505618 0.6165730337078652 0.5351123595505618
0 0.49929775280898875 0.313436329588015 0.5052668539325843 0.3211610486891386 0.5070224719101124 0.33146067415730335 0.5015800561797753 0.3441011235955056 0.49473314606741575 0.3471441947565543 0.4841994382022472 0.34222846441947563 0.48191713483146065 0.32397003745318353 0.48349719101123595 0.3171816479400749 0.48718398876404495 0.3136704119850187 0.49912219101123595 0.313436329588015
0 0.616748595505618 0.5751404494382022 0.6246488764044944 0.5793539325842697 0.6302668539325843 0.5896535580524345 0.6285112359550562 0.6036985018726592 0.6242977528089888 0.6097846441947565 0.6199087078651685 0.611189138576779 0.6125351123595506 0.6107209737827716 0.6053370786516854 0.6058052434456929 0.6012991573033708 0.5959737827715356 0.604810393258427 0.5816947565543071 0.6165730337078652 0.5751404494382022
0 0.49490870786516855 0.48197565543071164 0.5024578651685393 0.487125468164794 0.5049157303370787 0.49976591760299627 0.5017556179775281 0.5126404494382022 0.49543539325842695 0.5173220973782772 0.484375 0.5159176029962547 0.47981039325842695 0.5091292134831461 0.4782303370786517 0.5023408239700374 0.4789325842696629 0.4922752808988764 0.48139044943820225 0.48642322097378277 0.48771067415730335 0.48220973782771537 0.49473314606741575 0.48197565543071164
0 0.4044943820224719 0.3991104868913858 0.4118679775280899 0.40613295880149813 0.4139747191011236 0.41830524344569286 0.4106390449438202 0.43515917602996257 0.40168539325842695 0.43890449438202245 0.390625 0.43562734082397003 0.3850070224719101 0.4286048689138577 0.38377808988764045 0.42158239700374533 0.38922050561797755 0.40262172284644193 0.3941362359550562 0.398876404494382 0.4043188202247191 0.3991104868913858
0 0.3714887640449438 0.48010299625468167 0.37780898876404495 0.4833801498127341 0.3848314606741573 0.49461610486891383 0.3844803370786517 0.5051498127340824 0.3769311797752809 0.5161516853932584 0.36657303370786515 0.5131086142322098 0.35691713483146065 0.5142790262172284 0.35235252808988765 0.5107677902621723 0.35042134831460675 0.5056179775280899 0.3555126404494382 0.488998127340824 0.3591994382022472 0.48408239700374533 0.371313202247191 0.48010299625468167
0 0.3669241573033708 0.43796816479400746 0.37587780898876405 0.44288389513108617 0.37798455056179775 0.4595037453183521 0.37429775280898875 0.4679307116104869 0.363061797752809 0.4726123595505618 0.35691713483146065 0.4705056179775281 0.35217696629213485 0.4653558052434457 0.35042134831460675 0.45224719101123595 0.3514747191011236 0.44569288389513106 0.35603932584269665 0.43937265917602997 0.366748595505618 0.43796816479400746
0 0.582689606741573 0.3651685393258427 0.5918188202247191 0.37336142322097376 0.5941011235955056 0.38717228464419473 0.5921699438202247 0.3977059925093633 0.5883075842696629 0.4012172284644195 0.5842696629213483 0.40098314606741575 0.5819873595505618 0.4044943820224719 0.5800561797752809 0.40426029962546817 0.5804073033707865 0.40074906367041196 0.5742626404494382 0.39840823970037453 0.5700491573033708 0.39232209737827717 0.5677668539325843 0.37663857677902624 0.570751404494382 0.36961610486891383 0.5825140449438202 0.3651685393258427
0 0.5237008426966292 0.6566011235955056 0.5307233146067416 0.662687265917603 0.5337078651685393 0.6795411985018727 0.5301966292134831 0.6886704119850188 0.5228230337078652 0.6935861423220974 0.5158005617977528 0.6928838951310862 0.5108848314606742 0.6877340823970037 0.508251404494382 0.6816479400749064 0.5077247191011236 0.6713483146067416 0.5098314606741573 0.6638576779026217 0.5140449438202247 0.6591760299625468 0.5235252808988764 0.6566011235955056
0 0.6113061797752809 0.49087078651685395 0.6202598314606742 0.4936797752808989 0.6265800561797753 0.4892322097378277 0.6300912921348315 0.49040262172284643 0.6325491573033708 0.5009363295880149 0.6274578651685393 0.5053838951310862 0.6257022471910112 0.5189606741573034 0.6214887640449438 0.5280898876404494 0.6174508426966292 0.5316011235955056 0.6042837078651685 0.5351123595505618 0.5986657303370787 0.5346441947565543 0.5942766853932584 0.5304307116104869 0.5897120786516854 0.5187265917602997 0.5907654494382022 0.5121722846441947 0.5993679775280899 0.49297752808988765 0.6111306179775281 0.49087078651685395
0 0.6128862359550562 0.40941011235955055 0.6211376404494382 0.4133895131086142 0.6253511235955056 0.42532771535580527 0.6239466292134831 0.4363295880149813 0.6163974719101124 0.4461610486891386 0.6060393258426966 0.4442883895131086 0.5991924157303371 0.43211610486891383 0.6005969101123596 0.4143258426966292 0.6055126404494382 0.40987827715355807 0.6127106741573034 0.40941011235955055
0 0.6197331460674157 0.6558988764044944 0.6267556179775281 0.6601123595505618 0.6306179775280899 0.6680711610486891 0.6313202247191011 0.6830524344569289 0.6274578651685393 0.6940543071161048 0.6195575842696629 0.6980337078651685 0.6128862359550562 0.6977996254681648 0.6060393258426966 0.6926498127340824 0.602001404494382 0.68562734082397 0.6002457865168539 0.6753277153558053 0.6014747191011236 0.6659644194756554 0.6046348314606742 0.6601123595505618 0.6095505617977528 0.6561329588014981 0.6195575842696629 0.6558988764044944
0 0.4297752808988764 0.3160112359550562 0.43627106741573035 0.32092696629213485 0.44013342696629215 0.3345037453183521 0.4376755617977528 0.34573970037453183 0.43223314606741575 0.3497191011235955 0.4202949438202247 0.3464419475655431 0.4139747191011236 0.33497191011235955 0.4141502808988764 0.3279494382022472 0.41853932584269665 0.31952247191011235 0.42521067415730335 0.3155430711610487 0.4295997191011236 0.3160112359550562
0 0.36990870786516855 0.39630149812734083 0.3804424157303371 0.4014513108614232 0.38360252808988765 0.41198501872659177 0.37798455056179775 0.42907303370786515 0.36973314606741575 0.4332865168539326 0.3628862359550562 0.4330524344569288 0.35867275280898875 0.43000936329588013 0.3555126404494382 0.4250936329588015 0.3537570224719101 0.4152621722846442 0.36077949438202245 0.40074906367041196 0.36973314606741575 0.39630149812734083
0 0.5503862359550562 0.36446629213483145 0.5584620786516854 0.3703183520599251 0.5617977528089888 0.3817883895131086 0.5609199438202247 0.39232209737827717 0.5556530898876404 0.398876404494382 0.5517907303370787 0.40004681647940077 0.5398525280898876 0.39864232209737827 0.534936797752809 0.3895131086142322 0.5363412921348315 0.3717228464419476 0.5402036516853933 0.3663389513108614 0.5502106741573034 0.36446629213483145
0 0.4608497191011236 0.5353464419475655 0.46787219101123595 0.5397940074906367 0.4710323033707865 0.5531367041198502 0.4671699438202247 0.5660112359550562 0.46014747191011235 0.5704588014981273 0.4492626404494382 0.5641385767790262 0.4450491573033708 0.5526685393258427 0.4471558988764045 0.5397940074906367 0.4606741573033708 0.5353464419475655
0 0.4315308988764045 0.40051498127340823 0.43644662921348315 0.3991104868913858 0.44434691011235955 0.4110486891385768 0.44662921348314605 0.42158239700374533 0.44434691011235955 0.4323501872659176 0.44030898876404495 0.43937265917602997 0.43258426966292135 0.4473314606741573 0.4276685393258427 0.44897003745318353 0.4164325842696629 0.4426498127340824 0.41537921348314605 0.41807116104868913 0.42047050561797755 0.40402621722846443 0.4313553370786517 0.40051498127340823
0 0.42714185393258425 0.6018258426966292 0.4334620786516854 0.6095505617977528 0.43469101123595505 0.6233614232209738 0.43240870786516855 0.6301498127340824 0.42889747191011235 0.6334269662921348 0.41853932584269665 0.6364700374531835 0.40765449438202245 0.62312734082397 0.40747893258426965 0.613061797752809 0.40923455056179775 0.6090823970037453 0.4183637640449438 0.6018258426966292 0.42696629213483145 0.6018258426966292
2 0.6384597963483146 0.31054939138576776 0.3477129564606742 0.30433450374531834 0.3416734550561798 0.6929021535580524 0.6342993328651686 0.7030395599250937
1 0.43012289325842695 0.45973548689138577 0.028082865168539327 0.037762172284644194
1 0.4637552668539326 0.46281367041198507 0.026293890449438206 0.03455056179775281
1 0.49241924157303374 0.4603417602996254 0.02393258426966292 0.0358497191011236
1 0.5189044943820225 0.462188670411985 0.01954880617977528 0.03486189138576779
1 0.5495628511235955 0.4646044007490637 0.02000702247191011 0.03033239700374532
1 0.5791590589887641 0.4661306179775281 0.02184866573033708 0.033384831460674155
1 0.5804371488764045 0.5036516853932584 0.02323384831460674 0.033520599250936325
1 0.549784058988764 0.5027668539325844 0.0216186797752809 0.03175093632958801
1 0.5209234550561798 0.5040753745318352 0.021248244382022472 0.03280898876404494
1 0.43035990168539323 0.5002317415730336 0.023874648876404496 0.03448501872659176
1 0.40195049157303375 0.5012734082397003 0.024404845505617976 0.03344569288389513
1 0.4306197331460674 0.5384714419475656 0.023223314606741572 0.02981507490636704
1 0.5483005617977528 0.5416104868913858 0.016309691011235958 0.03140917602996255
1 0.5799806882022472 0.5452996254681648 0.02115168539325843 0.03098548689138577
1 0.5802861657303371 0.5855079588014981 0.022930126404494384 0.03337546816479401
1 0.5492064606741573 0.5825819288389513 0.02163448033707865 0.029082397003745316
1 0.5182162921348314 0.5825866104868914 0.02402738764044944 0.03221441947565543
1 0.4915625 0.5785276217228464 0.02572858146067416 0.02877808988764045
1 0.4592714185393259 0.5818235018726592 0.025517907303370786 0.024447565543071162
1 0.4339097612359551 0.578253745318352 0.023951896067415733 0.028230337078651684
1 0.3938711376404494 0.6237453183520599 0.02463307584269663 0.022457865168539325
1 0.3695435393258427 0.6601685393258426 0.019281952247191012 0.0157186329588015
1 0.39971910112359554 0.6587125468164794 0.022284058988764045 0.0206062734082397
1 0.42840589887640446 0.6575163857677903 0.02932935393258427 0.026018258426966295
1 0.45782654494382025 0.6588085205992509 0.023799157303370788 0.025479868913857676
1 0.4586165730337079 0.6194475655430712 0.024208216292134828 0.027907303370786517
1 0.48911516853932585 0.6217696629213483 0.02668363764044944 0.024749531835205993
1 0.4894785814606742 0.6570973782771535 0.02507198033707865 0.022057584269662922
1 0.5198577949438202 0.6209784644194757 0.02262640449438202 0.02784878277153558