0 0.46418539325842695 0.31015917602996257 0.4703300561797753 0.313436329588015 0.47401685393258425 0.31858614232209737 0.476123595505618 0.3321629213483146 0.47208567415730335 0.3441011235955056 0.46365870786516855 0.34925093632958804 0.4533005617977528 0.3455056179775281 0.44838483146067415 0.33848314606741575 0.44803370786516855 0.33075842696629215 0.4513693820224719 0.3188202247191011 0.45804073033707865 0.311563670411985 0.46400983146067415 0.31015917602996257
0 0.6100772471910112 0.45552434456928836 0.6178019662921348 0.45880149812734083 0.6232443820224719 0.47027153558052437 0.6197331460674157 0.4854868913857678 0.6106039325842697 0.48993445692883897 0.6009480337078652 0.4854868913857678 0.5976123595505618 0.4812734082397004 0.5963834269662921 0.47448501872659177 0.5984901685393258 0.4618445692883895 0.6023525280898876 0.4576310861423221 0.6099016853932584 0.45552434456928836
0 0.5853230337078652 0.31999063670411987 0.5932233146067416 0.3232677902621723 0.5988412921348315 0.3356741573033708 0.5960323033707865 0.35135767790262173 0.5884831460674157 0.36118913857677903 0.5811095505617978 0.3609550561797753 0.5737359550561798 0.35697565543071164 0.5689957865168539 0.3466760299625468 0.5691713483146067 0.3352059925093633 0.5723314606741573 0.3279494382022472 0.578125 0.32209737827715357 0.5851474719101124 0.31999063670411987
0 0.5261587078651685 0.5255149812734082 0.5352879213483146 0.5325374531835206 0.5377457865168539 0.5447097378277154 0.5361657303370787 0.5571161048689138 0.5331811797752809 0.5617977528089888 0.5265098314606742 0.5655430711610487 0.5189606741573034 0.5648408239700374 0.5136938202247191 0.5613295880149812 0.5107092696629213 0.5571161048689138 0.5080758426966292 0.5454119850187266 0.5114115168539326 0.5316011235955056 0.5182584269662921 0.5264513108614233 0.5259831460674157 0.5255149812734082
0 0.5537219101123596 0.398876404494382 0.5628511235955056 0.40777153558052437 0.5651334269662921 0.41830524344569286 0.5612710674157303 0.4318820224719101 0.5570575842696629 0.4363295880149813 0.5510884831460674 0.43796816479400746 0.5396769662921348 0.43211610486891383 0.5373946629213483 0.4112827715355805 0.5430126404494382 0.4023876404494382 0.5535463483146067 0.398876404494382
0 0.554248595505618 0.3625936329588015 0.5609199438202247 0.3724250936329588 0.5607443820224719 0.38717228464419473 0.5568820224719101 0.39325842696629215 0.5437148876404494 0.3946629213483146 0.5398525280898876 0.3946629213483146 0.5356390449438202 0.3862359550561798 0.5354634831460674 0.3693820224719101 0.5435393258426966 0.3618913857677903 0.5540730337078652 0.3625936329588015
0 0.363061797752809 0.3094569288389513 0.3706109550561798 0.31273408239700373 0.3751755617977528 0.32467228464419473 0.37166432584269665 0.33824906367041196 0.363061797752809 0.34386704119850187 0.35867275280898875 0.3433988764044944 0.3532303370786517 0.33824906367041196 0.35024578651685395 0.3258426966292135 0.352001404494382 0.31741573033707865 0.3549859550561798 0.313436329588015 0.3628862359550562 0.3094569288389513
0 0.39764747191011235 0.31203183520599254 0.4058988764044944 0.3181179775280899 0.4085323033707865 0.3267790262172285 0.40554775280898875 0.33941947565543074 0.39782303370786515 0.34480337078651685 0.3867626404494382 0.3424625468164794 0.383251404494382 0.3377808988764045 0.38184691011235955 0.3309925093632959 0.3825491573033708 0.32092696629213485 0.38588483146067415 0.3157771535580524 0.39747191011235955 0.31203183520599254
0 0.49139747191011235 0.39747191011235955 0.49894662921348315 0.40426029962546817 0.5005266853932584 0.4190074906367041 0.4956109550561798 0.4286048689138577 0.4885884831460674 0.43141385767790263 0.48314606741573035 0.43000936329588013 0.4762991573033708 0.42181647940074907 0.476123595505618 0.4112827715355805 0.4803370786516854 0.40074906367041196 0.49122191011235955 0.39747191011235955
0 0.39764747191011235 0.488998127340824 0.4020365168539326 0.49040262172284643 0.4081811797752809 0.49719101123595505 0.40941011235955055 0.5107677902621723 0.40625 0.5189606741573034 0.39747191011235955 0.5241104868913857 0.3865870786516854 0.5194288389513109 0.3830758426966292 0.5088951310861424 0.3864115168539326 0.49508426966292135 0.3908005617977528 0.49063670411985016 0.39747191011235955 0.488998127340824
0 0.522998595505618 0.4857209737827715 0.5307233146067416 0.48852996254681647 0.5352879213483146 0.5 0.5338834269662921 0.5159176029962547 0.5268609550561798 0.5210674157303371 0.5194873595505618 0.5205992509363296 0.5126404494382022 0.5168539325842697 0.5084269662921348 0.5051498127340824 0.5093047752808989 0.4948501872659176 0.5114115168539326 0.49157303370786515 0.5228230337078652 0.4857209737827715
0 0.5816362359550562 0.3618913857677903 0.5884831460674157 0.36540262172284643 0.5941011235955056 0.375936329588015 0.59375 0.38717228464419473 0.5853230337078652 0.39489700374531833 0.5756671348314607 0.3920880149812734 0.5686446629213483 0.38038389513108617 0.5700491573033708 0.36891385767790263 0.5739115168539326 0.3647003745318352 0.5814606741573034 0.3618913857677903
0 0.6162219101123596 0.36493445692883897 0.6228932584269663 0.3686797752808989 0.6269311797752809 0.375936329588015 0.6274578651685393 0.38717228464419473 0.6248244382022472 0.3937265917602996 0.6202598314606742 0.3981741573033708 0.6125351123595506 0.39957865168539325 0.6055126404494382 0.39536516853932585 0.6021769662921348 0.39021535580524347 0.6021769662921348 0.37312734082397003 0.6095505617977528 0.36704119850187267 0.6160463483146067 0.3651685393258427
0 0.5294943820224719 0.4477996254681648 0.5337078651685393 0.4524812734082397 0.5363412921348315 0.4637172284644195 0.5335323033707865 0.4758895131086142 0.5259831460674157 0.48220973782771537 0.5189606741573034 0.4815074906367041 0.5133426966292135 0.477059925093633 0.5105337078651685 0.47073970037453183 0.5093047752808989 0.4597378277153558 0.511060393258427 0.45365168539325845 0.5158005617977528 0.448501872659176 0.5293188202247191 0.4477996254681648
0 0.3632373595505618 0.5620318352059925 0.3767556179775281 0.5664794007490637 0.3807935393258427 0.574438202247191 0.38149578651685395 0.5816947565543071 0.37587780898876405 0.591058052434457 0.37043539325842695 0.5943352059925093 0.3613061797752809 0.5931647940074907 0.35445926966292135 0.5807584269662921 0.3549859550561798 0.5711610486891385 0.359375 0.5636704119850188 0.363061797752809 0.5620318352059925
0 0.3635884831460674 0.43726591760299627 0.3695575842696629 0.438436329588015 0.37394662921348315 0.44241573033707865 0.37605337078651685 0.45646067415730335 0.3748244382022472 0.46348314606741575 0.37183988764044945 0.4674625468164794 0.3632373595505618 0.4721441947565543 0.35603932584269665 0.4700374531835206 0.352001404494382 0.4648876404494382 0.3498946629213483 0.45224719101123595 0.3516502808988764 0.44452247191011235 0.3555126404494382 0.43913857677902624 0.3634129213483146 0.43726591760299627
0 0.39905196629213485 0.3972378277153558 0.4081811797752809 0.40215355805243447 0.41151685393258425 0.41034644194756553 0.409936797752809 0.42602996254681647 0.40133426966292135 0.43352059925093633 0.390625 0.4328183520599251 0.3871137640449438 0.4297752808988764 0.38377808988764045 0.41502808988764045 0.3848314606741573 0.4075374531835206 0.39115168539325845 0.398876404494382 0.398876404494382 0.3972378277153558
0 0.488061797752809 0.4897003745318352 0.4982443820224719 0.4974250936329588 0.49947331460674155 0.5077247191011236 0.4956109550561798 0.5191947565543071 0.48771067415730335 0.524812734082397 0.4805126404494382 0.5241104868913857 0.47559691011235955 0.5201310861423221 0.47366573033707865 0.5154494382022472 0.47349016853932585 0.5035112359550562 0.47594803370786515 0.49602059925093633 0.4801615168539326 0.4911048689138577 0.4878862359550562 0.4897003745318352
0 0.4571629213483146 0.4850187265917603 0.4643609550561798 0.48852996254681647 0.46875 0.5002340823970037 0.4666432584269663 0.511938202247191 0.46348314606741575 0.5168539325842697 0.4571629213483146 0.5203651685393258 0.44610252808988765 0.5159176029962547 0.44206460674157305 0.5025749063670412 0.44259129213483145 0.4948501872659176 0.44645365168539325 0.4892322097378277 0.4569873595505618 0.4850187265917603
0 0.4548806179775281 0.3532303370786517 0.45997191011235955 0.3544007490636704 0.4648876404494382 0.35931647940074907 0.4664676966292135 0.3698501872659176 0.46155196629213485 0.3822565543071161 0.453125 0.38647003745318353 0.44627808988764045 0.38412921348314605 0.4434691011235955 0.3801498127340824 0.4415379213483146 0.36540262172284643 0.44645365168539325 0.35580524344569286 0.4547050561797753 0.3532303370786517
0 0.5545997191011236 0.3190543071161049 0.5614466292134831 0.3227996254681648 0.5665379213483146 0.3347378277153558 0.5642556179775281 0.3485486891385768 0.5575842696629213 0.3539325842696629 0.5458216292134831 0.3497191011235955 0.5409058988764045 0.3389513108614232 0.542310393258427 0.3270131086142322 0.5493328651685393 0.31952247191011235 0.5544241573033708 0.3190543071161049
0 0.6099016853932584 0.4955524344569288 0.6209620786516854 0.5007022471910112 0.6244733146067416 0.5058520599250936 0.625877808988764 0.5152153558052435 0.6242977528089888 0.5229400749063671 0.6195575842696629 0.5297284644194756 0.6099016853932584 0.5337078651685393 0.6037570224719101 0.5276217228464419 0.5988412921348315 0.5154494382022472 0.6012991573033708 0.5011704119850188 0.6097261235955056 0.4955524344569288
0 0.5839185393258427 0.4487359550561798 0.5884831460674157 0.4506086142322097 0.5919943820224719 0.45575842696629215 0.5926966292134831 0.46980337078651685 0.5895365168539326 0.47869850187265917 0.5823384831460674 0.48267790262172283 0.5712780898876404 0.47963483146067415 0.5675912921348315 0.46324906367041196 0.5728581460674157 0.45224719101123595 0.5837429775280899 0.4487359550561798
0 0.4259129213483146 0.45318352059925093 0.43609550561797755 0.45575842696629215 0.44048455056179775 0.46324906367041196 0.4418890449438202 0.4705056179775281 0.44066011235955055 0.4772940074906367 0.43609550561797755 0.48431647940074907 0.43275983146067415 0.4857209737827715 0.4294241573033708 0.48408239700374533 0.42872191011235955 0.47963483146067415 0.4216994382022472 0.4815074906367041 0.4164325842696629 0.4737827715355805 0.4157303370786517 0.45903558052434457 0.4201193820224719 0.4541198501872659 0.4257373595505618 0.45318352059925093
0 0.4253862359550562 0.40472846441947563 0.433813202247191 0.4080056179775281 0.4373244382022472 0.4122191011235955 0.44013342696629215 0.4220505617977528 0.4371488764044944 0.4330524344569288 0.4320575842696629 0.43679775280898875 0.42485955056179775 0.43773408239700373 0.41695926966292135 0.43258426966292135 0.414501404494382 0.425561797752809 0.41537921348314605 0.4147940074906367 0.4180126404494382 0.40870786516853935 0.42521067415730335 0.4049625468164794
0 0.3709620786516854 0.3958333333333333 0.3785112359550562 0.4012172284644195 0.38149578651685395 0.4133895131086142 0.3771067415730337 0.42696629213483145 0.36780196629213485 0.4311797752808989 0.3595505617977528 0.4288389513108614 0.35639044943820225 0.424625468164794 0.35445926966292135 0.4112827715355805 0.35656601123595505 0.40379213483146065 0.36218398876404495 0.3972378277153558 0.3707865168539326 0.3958333333333333
0 0.4920997191011236 0.3579119850187266 0.5012289325842697 0.3661048689138577 0.5028089887640449 0.37453183520599254 0.500877808988764 0.38717228464419473 0.4919241573033708 0.39279026217228463 0.4822682584269663 0.3904494382022472 0.47787921348314605 0.37570224719101125 0.47910814606741575 0.36704119850187267 0.48314606741573035 0.3604868913857678 0.48735955056179775 0.35720973782771537 0.4919241573033708 0.3579119850187266
0 0.40133426966292135 0.44592696629213485 0.40870786516853935 0.45014044943820225 0.4116924157303371 0.4639513108614232 0.40888342696629215 0.47331460674157305 0.40115870786516855 0.4794007490636704 0.38728932584269665 0.47425093632958804 0.38535814606741575 0.4639513108614232 0.38606039325842695 0.45575842696629215 0.3890449438202247 0.45014044943820225 0.40115870786516855 0.44592696629213485
0 0.5237008426966292 0.31203183520599254 0.5296699438202247 0.313436329588015 0.5361657303370787 0.32069288389513106 0.5384480337078652 0.3312265917602996 0.5365168539325843 0.3424625468164794 0.5259831460674157 0.3544007490636704 0.511938202247191 0.34597378277153557 0.5084269662921348 0.3389513108614232 0.5114115168539326 0.32069288389513106 0.5177317415730337 0.313436329588015 0.5235252808988764 0.31203183520599254
0 0.46629213483146065 0.44335205992509363 0.472436797752809 0.4482677902621723 0.47542134831460675 0.45646067415730335 0.47594803370786515 0.4660580524344569 0.47401685393258425 0.47308052434456926 0.46348314606741575 0.48010299625468167 0.45646067415730335 0.4782303370786517 0.4511938202247191 0.4735486891385768 0.44820926966292135 0.45786516853932585 0.45207162921348315 0.44897003745318353 0.45979634831460675 0.44358614232209737 0.46611657303370785 0.44335205992509363
0 0.46155196629213485 0.39864232209737827 0.4710323033707865 0.40613295880149813 0.4727879213483146 0.41760299625468167 0.47155898876404495 0.425561797752809 0.46822331460674155 0.43047752808988765 0.46014747191011235 0.43375468164794007 0.4550561797752809 0.4323501872659176 0.45049157303370785 0.426498127340824 0.44785814606741575 0.42181647940074907 0.4475070224719101 0.4143258426966292 0.4508426966292135 0.4028558052434457 0.461376404494382 0.39864232209737827
0 0.4253862359550562 0.49461610486891383 0.4334620786516854 0.4974250936329588 0.4390800561797753 0.5117041198501873 0.43416432584269665 0.523876404494382 0.42696629213483145 0.5280898876404494 0.418188202247191 0.5271535580524345 0.41292134831460675 0.5189606741573034 0.41467696629213485 0.5042134831460674 0.42082162921348315 0.4957865168539326 0.42521067415730335 0.49461610486891383
0 0.39589185393258425 0.351123595505618 0.40519662921348315 0.3579119850187266 0.4066011235955056 0.36657303370786515 0.40344101123595505 0.38108614232209737 0.3946629213483146 0.38553370786516855 0.38746488764044945 0.38412921348314605 0.383251404494382 0.37874531835205993 0.3804424157303371 0.36282771535580527 0.38377808988764045 0.35510299625468167 0.3904494382022472 0.3508895131086142 0.39571629213483145 0.351123595505618
0 0.3734199438202247 0.5229400749063671 0.3806179775280899 0.528558052434457 0.38412921348314605 0.5437734082397003 0.3807935393258427 0.5561797752808989 0.3730688202247191 0.5620318352059925 0.359375 0.5580524344569289 0.3532303370786517 0.5500936329588015 0.35252808988764045 0.5456460674157303 0.3635884831460674 0.5278558052434457 0.3732443820224719 0.5229400749063671
0 0.5558286516853933 0.4948501872659176 0.5626755617977528 0.5016385767790262 0.5646067415730337 0.5163857677902621 0.5609199438202247 0.5259831460674157 0.5540730337078652 0.5306647940074907 0.5484550561797753 0.5301966292134831 0.5410814606741573 0.5255149812734082 0.5389747191011236 0.5191947565543071 0.538623595505618 0.5051498127340824 0.5435393258426966 0.4967228464419476 0.5556530898876404 0.4948501872659176
0 0.6144662921348315 0.3232677902621723 0.6216643258426966 0.3267790262172285 0.6255266853932584 0.33497191011235955 0.6244733146067416 0.34737827715355807 0.6209620786516854 0.35369850187265917 0.6153441011235955 0.3574438202247191 0.6053370786516854 0.3532303370786517 0.6005969101123596 0.3433988764044944 0.6007724719101124 0.3345037453183521 0.6041081460674157 0.3279494382022472 0.6142907303370787 0.3232677902621723
0 0.46365870786516855 0.5355805243445693 0.46822331460674155 0.5409644194756554 0.47138342696629215 0.5538389513108615 0.4671699438202247 0.5662453183520599 0.4606741573033708 0.5697565543071161 0.44820926966292135 0.5622659176029963 0.4452247191011236 0.5538389513108615 0.444873595505618 0.5454119850187266 0.4455758426966292 0.5395599250936329 0.4496137640449438 0.5360486891385767 0.46348314606741575 0.5355805243445693
0 0.36587078651685395 0.3485486891385768 0.3706109550561798 0.352059925093633 0.3753511235955056 0.36329588014981273 0.37429775280898875 0.3728932584269663 0.371313202247191 0.3785112359550562 0.36393960674157305 0.38342696629213485 0.35691713483146065 0.3817883895131086 0.35235252808988765 0.3775749063670412 0.3491924157303371 0.36587078651685395 0.35094803370786515 0.35603932584269665 0.35410814606741575 0.351123595505618 0.35884831460674155 0.34808052434456926 0.3656952247191011 0.3485486891385768
0 0.4259129213483146 0.3508895131086142 0.43609550561797755 0.36025280898876405 0.4371488764044944 0.3717228464419476 0.4331109550561798 0.38108614232209737 0.4257373595505618 0.3848314606741573 0.41941713483146065 0.38436329588014984 0.41485252808988765 0.37991573033707865 0.4122191011235955 0.36797752808988765 0.4162570224719101 0.35463483146067415 0.4257373595505618 0.3508895131086142
0 0.5547752808988764 0.45131086142322097 0.5614466292134831 0.45669475655430714 0.5658356741573034 0.46980337078651685 0.5617977528089888 0.48408239700374533 0.5556530898876404 0.48829588014981273 0.5451193820224719 0.4854868913857678 0.5389747191011236 0.47425093632958804 0.5396769662921348 0.460440074906367 0.542310393258427 0.4550561797752809 0.5472261235955056 0.4515449438202247 0.5545997191011236 0.45131086142322097
0 0.49490870786516855 0.3113295880149813 0.5031601123595506 0.31647940074906367 0.5064957865168539 0.33169475655430714 0.5017556179775281 0.34152621722846443 0.49473314606741575 0.34597378277153557 0.48332162921348315 0.3389513108614232 0.48191713483146065 0.3274812734082397 0.48384831460674155 0.31624531835205993 0.49473314606741575 0.3113295880149813
0 0.5219452247191011 0.4056647940074906 0.5258075842696629 0.40777153558052437 0.5300210674157303 0.4147940074906367 0.5314255617977528 0.4288389513108614 0.5270365168539326 0.43984082397003743 0.5191362359550562 0.44335205992509363 0.5121137640449438 0.4417134831460674 0.5071980337078652 0.43586142322097376 0.5057935393258427 0.4250936329588015 0.508251404494382 0.412687265917603 0.5115870786516854 0.40777153558052437 0.5217696629213483 0.4056647940074906
0 0.36657303370786515 0.4836142322097378 0.37377106741573035 0.4859550561797753 0.3806179775280899 0.4948501872659176 0.38026685393258425 0.511938202247191 0.3769311797752809 0.5175561797752809 0.3590238764044944 0.5145131086142322 0.35481039325842695 0.5102996254681648 0.3539325842696629 0.5011704119850188 0.3558637640449438 0.49157303370786515 0.36235955056179775 0.48431647940074907 0.36639747191011235 0.4836142322097378
0 0.49490870786516855 0.528558052434457 0.5024578651685393 0.536750936329588 0.5029845505617978 0.5533707865168539 0.49859550561797755 0.5627340823970037 0.4885884831460674 0.5660112359550562 0.4799859550561798 0.56062734082397 0.47594803370786515 0.5430711610486891 0.4822682584269663 0.5320692883895131 0.49473314606741575 0.528558052434457
0 0.43065308988764045 0.31530898876404495 0.4371488764044944 0.3202247191011236 0.44048455056179775 0.33192883895131087 0.43890449438202245 0.3429307116104869 0.43223314606741575 0.34925093632958804 0.42134831460674155 0.34597378277153557 0.4159058988764045 0.33941947565543074 0.4141502808988764 0.3321629213483146 0.41467696629213485 0.3267790262172285 0.4195926966292135 0.31741573033707865 0.42485955056179775 0.3146067415730337 0.43047752808988765 0.31530898876404495
0 0.6137640449438202 0.4101123595505618 0.6207865168539326 0.4133895131086142 0.6251755617977528 0.42485955056179775 0.6237710674157303 0.4339887640449438 0.6172752808988764 0.44288389513108617 0.613939606741573 0.4438202247191011 0.6032303370786517 0.4400749063670412 0.6000702247191011 0.4344569288389513 0.5991924157303371 0.426498127340824 0.6018258426966292 0.4131554307116105 0.605688202247191 0.41034644194756553 0.6135884831460674 0.4101123595505618
0 0.6165730337078652 0.6551966292134831 0.6276334269662921 0.6610486891385767 0.6320224719101124 0.6720505617977528 0.6300912921348315 0.6884363295880149 0.6265800561797753 0.6947565543071161 0.6200842696629213 0.6973314606741573 0.6091994382022472 0.6945224719101124 0.602001404494382 0.6860955056179775 0.6004213483146067 0.6793071161048689 0.601123595505618 0.6680711610486891 0.6037570224719101 0.6622191011235955 0.6095505617977528 0.6568352059925093 0.6163974719101124 0.6551966292134831
0 0.5849719101123596 0.4866573033707865 0.5926966292134831 0.4932116104868914 0.5949789325842697 0.5053838951310862 0.5919943820224719 0.5173220973782772 0.5830407303370787 0.5224719101123596 0.5709269662921348 0.5161516853932584 0.5695224719101124 0.4978932584269663 0.5725070224719101 0.48993445692883897 0.5847963483146067 0.4866573033707865
0 0.5828651685393258 0.4070692883895131 0.5907654494382022 0.414559925093633 0.5918188202247191 0.42602996254681647 0.5884831460674157 0.43703183520599254 0.5819873595505618 0.4407771535580524 0.5775983146067416 0.44030898876404495 0.5693469101123596 0.4339887640449438 0.5668890449438202 0.4286048689138577 0.5667134831460674 0.42064606741573035 0.5704002808988764 0.4101123595505618 0.582689606741573 0.4070692883895131
0 0.5191362359550562 0.3607209737827715 0.5259831460674157 0.36493445692883897 0.530372191011236 0.37546816479400746 0.5272120786516854 0.38881086142322097 0.519311797752809 0.39536516853932585 0.508251404494382 0.3925561797752809 0.5035112359550562 0.38319288389513106 0.5040379213483146 0.37546816479400746 0.5075491573033708 0.36680711610486894 0.5189606741573034 0.3607209737827715
0 0.496313202247191 0.44592696629213485 0.5052668539325843 0.45271535580524347 0.5064957865168539 0.4602059925093633 0.5031601123595506 0.4777621722846442 0.49525983146067415 0.4833801498127341 0.4878862359550562 0.4829119850187266 0.4840238764044944 0.4798689138576779 0.4803370786516854 0.4726123595505618 0.47945926966292135 0.462312734082397 0.48507724719101125 0.449438202247191 0.4961376404494382 0.44592696629213485
0 0.40502106741573035 0.5372191011235955 0.41309691011235955 0.5419007490636704 0.4162570224719101 0.5536048689138576 0.4116924157303371 0.5662453183520599 0.4044943820224719 0.5695224719101124 0.3960674157303371 0.5662453183520599 0.38992275280898875 0.5566479400749064 0.3923806179775281 0.5456460674157303 0.3965941011235955 0.5397940074906367 0.40484550561797755 0.5372191011235955
2 0.6383546348314607 0.3119665262172285 0.3475117626404494 0.3044868913857678 0.3425215941011236 0.6951669007490637 0.6362949438202247 0.7006561329588015
1 0.4715344101123596 0.6452457865168539 0.24433286516853933 0.08574906367041199
1 0.4920628511235955 0.631561329588015 0.20931355337078653 0.11923923220973782
1 0.5852317415730337 0.5911001872659175 0.09017380617977527 0.11322565543071161