0 0.41537921348314605 0.648876404494382 0.43275983146067415 0.6533239700374532 0.4390800561797753 0.6610486891385767 0.44048455056179775 0.6748595505617978 0.4392556179775281 0.6896067415730337 0.44434691011235955 0.6959269662921348 0.4392556179775281 0.7036516853932584 0.4334620786516854 0.6968632958801498 0.41871488764044945 0.6961610486891385 0.41099016853932585 0.6860955056179775 0.40554775280898875 0.6612827715355806 0.40905898876404495 0.650749063670412 0.41520365168539325 0.648876404494382
0 0.621313202247191 0.5095973782771536 0.6302668539325843 0.5170880149812734 0.6329002808988764 0.5283239700374532 0.6288623595505618 0.5447097378277154 0.6193820224719101 0.5500936329588015 0.605688202247191 0.5465823970037453 0.601123595505618 0.5402621722846442 0.5993679775280899 0.5318352059925093 0.6007724719101124 0.5217696629213483 0.6046348314606742 0.514747191011236 0.6127106741573034 0.5098314606741573 0.6211376404494382 0.5095973782771536
0 0.6163974719101124 0.5512640449438202 0.6271067415730337 0.5533707865168539 0.6314957865168539 0.5594569288389513 0.6344803370786517 0.5695224719101124 0.6341292134831461 0.577247191011236 0.6309691011235955 0.584503745318352 0.6199087078651685 0.5912921348314607 0.6055126404494382 0.5849719101123596 0.5986657303370787 0.5711610486891385 0.5988412921348315 0.5636704119850188 0.6051615168539326 0.5536048689138576 0.6162219101123596 0.5512640449438202
0 0.4018609550561798 0.6493445692883895 0.40519662921348315 0.6540262172284644 0.40537219101123595 0.6650280898876404 0.41134129213483145 0.6891385767790262 0.4043188202247191 0.6985018726591761 0.3904494382022472 0.7073970037453183 0.38535814606741575 0.7064606741573034 0.378686797752809 0.6992041198501873 0.38009129213483145 0.677434456928839 0.38360252808988765 0.6661985018726592 0.39360955056179775 0.6523876404494382 0.39729634831460675 0.6491104868913857 0.40168539325842695 0.6493445692883895
0 0.5619733146067416 0.5056179775280899 0.5712780898876404 0.511938202247191 0.5723314606741573 0.5297284644194756 0.5689957865168539 0.5395599250936329 0.5607443820224719 0.545880149812734 0.5503862359550562 0.5444756554307116 0.5428370786516854 0.5383895131086143 0.5410814606741573 0.5330056179775281 0.5412570224719101 0.516619850187266 0.546875 0.5067883895131086 0.5617977528089888 0.5056179775280899
0 0.5259831460674157 0.5016385767790262 0.5354634831460674 0.5046816479400749 0.5403792134831461 0.511938202247191 0.5409058988764045 0.526685393258427 0.5370435393258427 0.5355805243445693 0.5298455056179775 0.5411985018726592 0.5254564606741573 0.5414325842696629 0.5207162921348315 0.5397940074906367 0.5138693820224719 0.5325374531835206 0.511938202247191 0.5217696629213483 0.5142205056179775 0.5086610486891385 0.5179073033707865 0.5044475655430711 0.5258075842696629 0.50187265917603
0 0.6411516853932584 0.6701779026217228 0.6429073033707865 0.6718164794007491 0.6430828651685393 0.6788389513108615 0.651685393258427 0.6912453183520599 0.6537921348314607 0.7102059925093633 0.6474719101123596 0.7265917602996255 0.6388693820224719 0.7301029962546817 0.6336025280898876 0.7294007490636704 0.6262289325842697 0.7176966292134831 0.6218398876404494 0.7029494382022472 0.6216643258426966 0.6863295880149812 0.6230688202247191 0.6795411985018727 0.6265800561797753 0.6760299625468165 0.6309691011235955 0.675561797752809 0.6371137640449438 0.6699438202247191 0.6409761235955056 0.6701779026217228
0 0.5572331460674157 0.5856741573033708 0.5681179775280899 0.5955056179775281 0.570751404494382 0.6065074906367042 0.5682935393258427 0.6205524344569289 0.5584620786516854 0.6280430711610487 0.5500351123595506 0.62687265917603 0.5424859550561798 0.6203183520599251 0.538623595505618 0.6022940074906367 0.5396769662921348 0.5945692883895131 0.5435393258426966 0.5880149812734082 0.5496839887640449 0.5849719101123596 0.5570575842696629 0.5856741573033708
0 0.46752106741573035 0.651685393258427 0.4741924157303371 0.6577715355805244 0.47559691011235955 0.6687734082397003 0.4645365168539326 0.6919475655430711 0.4566362359550562 0.6973314606741573 0.44592696629213485 0.6961610486891385 0.4417134831460674 0.6891385767790262 0.44083567415730335 0.6622191011235955 0.44276685393258425 0.6573033707865169 0.4490870786516854 0.6533239700374532 0.46734550561797755 0.651685393258427
0 0.34638342696629215 0.548689138576779 0.35077247191011235 0.5503277153558053 0.3518258426966292 0.5536048689138576 0.34901685393258425 0.56062734082397 0.35445926966292135 0.5711610486891385 0.35428370786516855 0.5814606741573034 0.3491924157303371 0.5985486891385767 0.3395365168539326 0.6093164794007491 0.3358497191011236 0.6104868913857678 0.3246137640449438 0.6044007490636704 0.3237359550561798 0.5735018726591761 0.32759831460674155 0.5655430711610487 0.3398876404494382 0.5566479400749064 0.3418188202247191 0.5491573033707865 0.34620786516853935 0.548689138576779
0 0.7080407303370787 0.5189606741573034 0.7205056179775281 0.5245786516853933 0.7248946629213483 0.5369850187265918 0.7222612359550562 0.5536048689138576 0.7169943820224719 0.5587546816479401 0.7112008426966292 0.5601591760299626 0.6990870786516854 0.5566479400749064 0.691186797752809 0.5444756554307116 0.6946980337078652 0.5259831460674157 0.6999648876404494 0.5208333333333334 0.7078651685393258 0.5189606741573034
0 0.5224719101123596 0.5842696629213483 0.5331811797752809 0.5919943820224719 0.5363412921348315 0.5987827715355806 0.5375702247191011 0.6090823970037453 0.5342345505617978 0.6233614232209738 0.5294943820224719 0.6287453183520599 0.5226474719101124 0.6303838951310862 0.5154494382022472 0.6282771535580525 0.5114115168539326 0.6235955056179775 0.5079002808988764 0.6163389513108615 0.507373595505618 0.6079119850187266 0.5079002808988764 0.5952715355805244 0.5112359550561798 0.5887172284644194 0.515625 0.5849719101123596 0.5222963483146067 0.5842696629213483
0 0.6760884831460674 0.5552434456928839 0.686622191011236 0.5587546816479401 0.694873595505618 0.5697565543071161 0.6955758426966292 0.5781835205992509 0.6934691011235955 0.588249063670412 0.6867977528089888 0.5966760299625468 0.6680126404494382 0.5929307116104869 0.6576544943820225 0.5819288389513109 0.6544943820224719 0.5749063670411985 0.6580056179775281 0.5625 0.6759129213483146 0.5552434456928839
0 0.6982092696629213 0.6912453183520599 0.7134831460674157 0.6924157303370787 0.7183988764044944 0.7024812734082397 0.7192766853932584 0.7099719101123596 0.7182233146067416 0.7200374531835206 0.7136587078651685 0.726123595505618 0.707689606741573 0.7277621722846442 0.6992626404494382 0.725187265917603 0.6899578651685393 0.7099719101123596 0.6915379213483146 0.6973314606741573 0.6982092696629213 0.6914794007490637
0 0.43258426966292135 0.4932116104868914 0.44066011235955055 0.49719101123595505 0.4438202247191011 0.5014044943820225 0.44610252808988765 0.5107677902621723 0.4436446629213483 0.5273876404494382 0.43258426966292135 0.5344101123595506 0.4278441011235955 0.5341760299625468 0.42064606741573035 0.528558052434457 0.41660814606741575 0.516619850187266 0.41906601123595505 0.5007022471910112 0.425561797752809 0.49414794007490637 0.43240870786516855 0.4932116104868914
0 0.6135884831460674 0.5917602996254682 0.6274578651685393 0.598314606741573 0.6325491573033708 0.6109550561797753 0.6313202247191011 0.6266385767790262 0.6248244382022472 0.6338951310861424 0.6202598314606742 0.6355337078651685 0.6125351123595506 0.6345973782771536 0.6044592696629213 0.6294475655430711 0.601123595505618 0.6259363295880149 0.5977879213483146 0.6163389513108615 0.5984901685393258 0.6022940074906367 0.6041081460674157 0.5948033707865169 0.6134129213483146 0.5917602996254682
0 0.4043188202247191 0.5695224719101124 0.4123946629213483 0.5751404494382022 0.4162570224719101 0.5854400749063671 0.41327247191011235 0.5987827715355806 0.40958567415730335 0.6058052434456929 0.397998595505618 0.612125468164794 0.38939606741573035 0.6109550561797753 0.3850070224719101 0.6060393258426966 0.3827247191011236 0.588249063670412 0.38588483146067415 0.5779494382022472 0.38974719101123595 0.5735018726591761 0.3965941011235955 0.5697565543071161 0.4041432584269663 0.5695224719101124
0 0.6690660112359551 0.5941011235955056 0.686622191011236 0.5980805243445693 0.6932935393258427 0.6093164794007491 0.6936446629213483 0.6240636704119851 0.691186797752809 0.6313202247191011 0.6864466292134831 0.6357677902621723 0.6790730337078652 0.6376404494382022 0.6671348314606742 0.6336610486891385 0.6576544943820225 0.6125936329588015 0.6576544943820225 0.6060393258426966 0.659936797752809 0.6013576779026217 0.6688904494382022 0.5941011235955056
0 0.6583567415730337 0.673689138576779 0.6795997191011236 0.6842228464419475 0.6873244382022472 0.6959269662921348 0.6880266853932584 0.7092696629213483 0.6862710674157303 0.7167602996254682 0.6797752808988764 0.724250936329588 0.675561797752809 0.7256554307116105 0.6643258426966292 0.7216760299625468 0.6555477528089888 0.7090355805243446 0.6504564606741573 0.6835205992509363 0.6520365168539326 0.6786048689138576 0.6581811797752809 0.673689138576779
0 0.366748595505618 0.5674157303370787 0.37991573033707865 0.574438202247191 0.3827247191011236 0.5812265917602997 0.3827247191011236 0.6058052434456929 0.37587780898876405 0.6161048689138576 0.3767556179775281 0.6259363295880149 0.3707865168539326 0.6273408239700374 0.3686797752808989 0.6266385767790262 0.3670997191011236 0.6172752808988764 0.3553370786516854 0.6093164794007491 0.3514747191011236 0.5976123595505618 0.355688202247191 0.5735018726591761 0.36657303370786515 0.5674157303370787
0 0.31127106741573035 0.4815074906367041 0.3221558988764045 0.487125468164794 0.32531601123595505 0.4913389513108614 0.3261938202247191 0.49812734082397003 0.3239115168539326 0.5152153558052435 0.3188202247191011 0.5203651685393258 0.3107443820224719 0.5229400749063671 0.30389747191011235 0.5217696629213483 0.2965238764044944 0.516619850187266 0.29371488764044945 0.511938202247191 0.2926615168539326 0.5004681647940075 0.29599719101123595 0.48852996254681647 0.30179073033707865 0.4836142322097378 0.31109550561797755 0.4815074906367041
0 0.4612008426966292 0.5767790262172284 0.46962780898876405 0.5807584269662921 0.47401685393258425 0.5919943820224719 0.47138342696629215 0.612125468164794 0.46032303370786515 0.6200842696629213 0.4496137640449438 0.6177434456928839 0.44592696629213485 0.6139981273408239 0.4432935393258427 0.5978464419475655 0.44469803370786515 0.587312734082397 0.4487359550561798 0.5800561797752809 0.4610252808988764 0.5767790262172284
0 0.36973314606741575 0.48782771535580527 0.37974016853932585 0.49087078651685395 0.38553370786516855 0.4978932584269663 0.3865870786516854 0.5051498127340824 0.38412921348314605 0.5213014981273408 0.3772823033707865 0.5271535580524345 0.3693820224719101 0.5287921348314607 0.36200842696629215 0.5269194756554307 0.35603932584269665 0.5189606741573034 0.35463483146067415 0.5063202247191011 0.3558637640449438 0.49812734082397003 0.36060393258426965 0.49087078651685395 0.3695575842696629 0.488061797752809
0 0.40537219101123595 0.4824438202247191 0.41134129213483145 0.4868913857677903 0.41678370786516855 0.5046816479400749 0.4157303370786517 0.5262172284644194 0.4143258426966292 0.5294943820224719 0.4066011235955056 0.5330056179775281 0.4066011235955056 0.5433052434456929 0.4044943820224719 0.5468164794007491 0.3962429775280899 0.5440074906367042 0.3962429775280899 0.5330056179775281 0.3904494382022472 0.5269194756554307 0.38816713483146065 0.5191947565543071 0.38799157303370785 0.5049157303370787 0.39554073033707865 0.48408239700374533 0.40519662921348315 0.4824438202247191
0 0.27615870786516855 0.5461142322097379 0.2794943820224719 0.5554775280898876 0.2873946629213483 0.5617977528089888 0.29213483146067415 0.5706928838951311 0.2907303370786517 0.599250936329588 0.28651685393258425 0.6074438202247191 0.27808988764044945 0.6100187265917603 0.27247191011235955 0.608380149812734 0.2621137640449438 0.5884831460674157 0.26246488764044945 0.574438202247191 0.26825842696629215 0.5608614232209738 0.2679073033707865 0.5503277153558053 0.27598314606741575 0.5461142322097379
0 0.6070926966292135 0.6320224719101124 0.6200842696629213 0.637874531835206 0.6283356741573034 0.6512172284644194 0.6290379213483146 0.6580056179775281 0.6267556179775281 0.6687734082397003 0.6230688202247191 0.6718164794007491 0.6223665730337079 0.6757958801498127 0.6172752808988764 0.6779026217228464 0.6091994382022472 0.6764981273408239 0.602001404494382 0.6718164794007491 0.5986657303370787 0.6664325842696629 0.5948033707865169 0.6509831460674157 0.5939255617977528 0.6432584269662921 0.5960323033707865 0.636938202247191 0.5998946629213483 0.6329588014981273 0.6069171348314607 0.6320224719101124
0 0.48683286516853935 0.6587078651685393 0.4964887640449438 0.6650280898876404 0.5015800561797753 0.6849250936329588 0.5015800561797753 0.6926498127340824 0.4982443820224719 0.7034176029962547 0.49543539325842695 0.7073970037453183 0.48771067415730335 0.7109082397003745 0.4764747191011236 0.7066947565543071 0.46980337078651685 0.6872659176029963 0.47981039325842695 0.661750936329588 0.4866573033707865 0.6587078651685393
0 0.7001404494382022 0.6430243445692884 0.7134831460674157 0.6486423220973783 0.7205056179775281 0.6580056179775281 0.7226123595505618 0.6645599250936329 0.7198033707865169 0.6818820224719101 0.714185393258427 0.6872659176029963 0.7066362359550562 0.6891385767790262 0.6982092696629213 0.6860955056179775 0.6896067415730337 0.6753277153558053 0.6873244382022472 0.6439606741573034 0.6999648876404494 0.6430243445692884
0 0.28002106741573035 0.4768258426966292 0.28985252808988765 0.48057116104868913 0.29406601123595505 0.4875936329588015 0.29213483146067415 0.5117041198501873 0.2831811797752809 0.5177902621722846 0.27089185393258425 0.5154494382022472 0.26316713483146065 0.5084269662921348 0.26422050561797755 0.48431647940074907 0.27229634831460675 0.4777621722846442 0.27984550561797755 0.4768258426966292
0 0.3458567415730337 0.4782303370786517 0.35235252808988765 0.4815074906367041 0.355688202247191 0.48782771535580527 0.35463483146067415 0.5191947565543071 0.34901685393258425 0.5262172284644194 0.34041432584269665 0.5308988764044944 0.33848314606741575 0.5402621722846442 0.3319873595505618 0.5416666666666666 0.32917837078651685 0.5379213483146067 0.33075842696629215 0.5259831460674157 0.32549157303370785 0.511938202247191 0.32724719101123595 0.4978932584269663 0.33848314606741575 0.48057116104868913 0.3456811797752809 0.4782303370786517
0 0.24473314606741572 0.5561797752808989 0.2559691011235955 0.56062734082397 0.2600070224719101 0.5667134831460674 0.2601825842696629 0.5800561797752809 0.2579002808988764 0.588249063670412 0.24859550561797752 0.5962078651685393 0.24122191011235955 0.598314606741573 0.23367275280898878 0.5973782771535581 0.22594803370786518 0.5919943820224719 0.22313904494382023 0.5802902621722846 0.22542134831460675 0.5669475655430711 0.2341994382022472 0.5585205992509363 0.24455758426966293 0.5564138576779026
0 0.6613412921348315 0.6254681647940075 0.6657303370786517 0.6301498127340824 0.6643258426966292 0.6338951310861424 0.6822331460674157 0.639747191011236 0.6860955056179775 0.6439606741573034 0.6873244382022472 0.6762640449438202 0.6787219101123596 0.6825842696629213 0.6706460674157303 0.6800093632958801 0.6544943820224719 0.662687265917603 0.6509831460674157 0.6425561797752809 0.6544943820224719 0.6423220973782772 0.6546699438202247 0.6395131086142322 0.6520365168539326 0.6371722846441947 0.6532654494382022 0.6334269662921348 0.6611657303370787 0.6257022471910112
0 0.6690660112359551 0.5039794007490637 0.6857443820224719 0.513810861423221 0.6897823033707865 0.5189606741573034 0.6917134831460674 0.5259831460674157 0.6899578651685393 0.5456460674157303 0.6839887640449438 0.5512640449438202 0.6759129213483146 0.5538389513108615 0.6683637640449438 0.5519662921348315 0.6639747191011236 0.5470505617977528 0.657127808988764 0.5191947565543071 0.6611657303370787 0.5077247191011236 0.6688904494382022 0.5039794007490637
0 0.49754213483146065 0.4932116104868914 0.5086025280898876 0.5025749063670412 0.5114115168539326 0.5131086142322098 0.5070224719101124 0.5374531835205992 0.5052668539325843 0.5407303370786517 0.49912219101123595 0.5433052434456929 0.49087078651685395 0.540496254681648 0.4840238764044944 0.5318352059925093 0.4801615168539326 0.5227059925093633 0.47928370786516855 0.5121722846441947 0.47963483146067415 0.5049157303370787 0.4840238764044944 0.49812734082397003 0.48946629213483145 0.4936797752808989 0.49736657303370785 0.4932116104868914
0 0.48121488764044945 0.5737359550561798 0.484375 0.5809925093632958 0.49490870786516855 0.5809925093632958 0.5005266853932584 0.5847378277153558 0.5056179775280899 0.5962078651685393 0.5050912921348315 0.6196161048689138 0.5010533707865169 0.6266385767790262 0.49508426966292135 0.6303838951310862 0.49157303370786515 0.6301498127340824 0.47963483146067415 0.6200842696629213 0.4750702247191011 0.6123595505617978 0.47542134831460675 0.5924625468164794 0.47787921348314605 0.5849719101123596 0.4741924157303371 0.5779494382022472 0.47752808988764045 0.5735018726591761 0.48103932584269665 0.5737359550561798
0 0.42872191011235955 0.576310861423221 0.43697331460674155 0.579119850187266 0.4431179775280899 0.5870786516853933 0.4434691011235955 0.6135299625468165 0.44030898876404495 0.6226591760299626 0.4355688202247191 0.6273408239700374 0.42872191011235955 0.6289794007490637 0.41678370786516855 0.6191479400749064 0.4137991573033708 0.6060393258426966 0.41502808988764045 0.5917602996254682 0.421875 0.5793539325842697 0.42854634831460675 0.5765449438202247
0 0.3142556179775281 0.5498595505617978 0.31759129213483145 0.5519662921348315 0.31776685393258425 0.56437265917603 0.3225070224719101 0.5711610486891385 0.3221558988764045 0.591058052434457 0.31917134831460675 0.5985486891385767 0.3107443820224719 0.608380149812734 0.3045997191011236 0.6107209737827716 0.2966994382022472 0.6076779026217228 0.2930126404494382 0.599250936329588 0.2924859550561798 0.5746722846441947 0.29599719101123595 0.5671816479400749 0.3067064606741573 0.5594569288389513 0.30951544943820225 0.5500936329588015 0.3140800561797753 0.5498595505617978
0 0.6469452247191011 0.5060861423220974 0.6509831460674157 0.5077247191011236 0.6502808988764045 0.5159176029962547 0.6580056179775281 0.525749063670412 0.6616924157303371 0.5397940074906367 0.6611657303370787 0.5468164794007491 0.6523876404494382 0.5674157303370787 0.6478230337078652 0.5695224719101124 0.640625 0.5683520599250936 0.6362359550561798 0.5646067415730337 0.6306179775280899 0.5444756554307116 0.6330758426966292 0.5255149812734082 0.6423806179775281 0.5159176029962547 0.641502808988764 0.5084269662921348 0.6467696629213483 0.5060861423220974
0 0.4669943820224719 0.49461610486891383 0.4741924157303371 0.4978932584269663 0.47787921348314605 0.5032771535580525 0.4787570224719101 0.5259831460674157 0.47173455056179775 0.5344101123595506 0.456811797752809 0.5400280898876404 0.45031601123595505 0.5362827715355806 0.44610252808988765 0.5304307116104869 0.44610252808988765 0.5203651685393258 0.4496137640449438 0.5058520599250936 0.453125 0.49976591760299627 0.45962078651685395 0.49508426966292135 0.4668188202247191 0.49461610486891383
0 0.24964887640449437 0.4737827715355805 0.2594803370786517 0.4772940074906367 0.2633426966292135 0.48384831460674155 0.26228932584269665 0.5084269662921348 0.2519311797752809 0.5140449438202247 0.23665730337078653 0.5107677902621723 0.2322682584269663 0.5051498127340824 0.23016151685393257 0.4964887640449438 0.23086376404494383 0.487125468164794 0.23507724719101122 0.4789325842696629 0.24104634831460675 0.4747191011235955 0.24947331460674158 0.4737827715355805
2 0.22735252808988765 0.4681647940074906 0.7338483146067416 0.5173220973782772 0.722436797752809 0.7385299625468165 0.215063202247191 0.6882022471910112
1 0.585498595505618 0.5290262172284644 0.026334269662921347 0.042134831460674156
1 0.5824262640449438 0.567064606741573 0.025456460674157303 0.038623595505617975
1 0.5530196629213483 0.5676498127340824 0.028089887640449437 0.03277153558052434
1 0.5196629213483146 0.5635533707865169 0.026334269662921347 0.03394194756554307
1 0.4924508426966292 0.5582865168539326 0.02457865168539326 0.03745318352059925
1 0.4630442415730337 0.5553604868913857 0.03247893258426966 0.038623595505617975
1 0.43451544943820225 0.552434456928839 0.02457865168539326 0.039794007490636704
1 0.40554775280898875 0.5483380149812734 0.028089887640449437 0.03628277153558052
1 0.3765800561797753 0.5495084269662921 0.029845505617977528 0.038623595505617975
1 0.3454178370786517 0.5448267790262172 0.03247893258426966 0.03160112359550562
1 0.30942766853932585 0.5389747191011236 0.030723314606741572 0.04564606741573034
1 0.27826544943820225 0.5378043071161048 0.026334269662921347 0.03394194756554307
1 0.24754213483146068 0.5342930711610487 0.026334269662921347 0.04564606741573034
1 0.5806706460674157 0.6045177902621723 0.028967696629213485 0.03628277153558052
1 0.5732092696629213 0.6425561797752809 0.028089887640449437 0.030430711610486893
1 0.547313904494382 0.644311797752809 0.03247893258426966 0.03394194756554307
1 0.5183462078651685 0.6425561797752809 0.027212078651685394 0.03745318352059925
1 0.488061797752809 0.6413857677902621 0.029845505617977528 0.0351123595505618
1 0.45821629213483145 0.6372893258426966 0.028089887640449437 0.03628277153558052
1 0.42705407303370785 0.6326076779026217 0.027212078651685394 0.03394194756554307
1 0.39720856741573035 0.6290964419475655 0.03247893258426966 0.03394194756554307
1 0.3669241573033708 0.6337780898876404 0.02457865168539326 0.040964419475655434
1 0.3357619382022472 0.631437265917603 0.03247893258426966 0.040964419475655434
1 0.30372191011235955 0.6290964419475655 0.028089887640449437 0.03160112359550562
1 0.2751931179775281 0.6285112359550562 0.027212078651685394 0.028089887640449437
1 0.24578651685393257 0.625 0.03160112359550562 0.03277153558052434
1 0.3656074438202247 0.6759129213483146 0.025456460674157303 0.03628277153558052
1 0.3357619382022472 0.6724016853932584 0.030723314606741572 0.038623595505617975
1 0.30152738764044945 0.6735720973782772 0.028967696629213485 0.038623595505617975
1 0.2734375 0.6724016853932584 0.027212078651685394 0.03394194756554307
1 0.24446980337078653 0.6724016853932584 0.03247893258426966 0.038623595505617975
1 0.5183462078651685 0.6794241573033708 0.028967696629213485 0.043305243445692886
1 0.547752808988764 0.6835205992509363 0.026334269662921347 0.042134831460674156
1 0.5771594101123596 0.6823501872659176 0.030723314606741572 0.04681647940074907
1 0.6074438202247191 0.6963951310861424 0.03160112359550562 0.04681647940074907
1 0.6390449438202247 0.6513342696629213 0.026334269662921347 0.043305243445692886
1 0.6394838483146067 0.6091994382022472 0.028967696629213485 0.03628277153558052
1 0.6412394662921348 0.5787687265917603 0.025456460674157303 0.019897003745318352
1 0.7070751404494382 0.5775983146067416 0.028967696629213485 0.040964419475655434
1 0.7053195224719101 0.6209035580524345 0.030723314606741572 0.04564606741573034