0 0.3453300561797753 0.7085674157303371 0.3500702247191011 0.716058052434457 0.3477879213483146 0.7329119850187266 0.34901685393258425 0.7443820224719101 0.3530547752808989 0.7544475655430711 0.35024578651685395 0.761938202247191 0.3418188202247191 0.7689606741573034 0.32110252808988765 0.7584269662921348 0.3182935393258427 0.7523408239700374 0.31759129213483145 0.7263576779026217 0.31917134831460675 0.7219101123595506 0.34515449438202245 0.7088014981273408
0 0.6364115168539326 0.5997191011235955 0.6411516853932584 0.6020599250936329 0.6453651685393258 0.6090823970037453 0.6485252808988764 0.6228932584269663 0.6487008426966292 0.6376404494382022 0.6457162921348315 0.6446629213483146 0.636060393258427 0.650749063670412 0.6336025280898876 0.6551966292134831 0.6200842696629213 0.6404494382022472 0.6183286516853933 0.6189138576779026 0.6260533707865169 0.6018258426966292 0.6362359550561798 0.5997191011235955
0 0.3421699438202247 0.5868445692883895 0.3495435393258427 0.5917602996254682 0.34884129213483145 0.6067415730337079 0.3455056179775281 0.6198501872659176 0.3374297752808989 0.6301498127340824 0.32145365168539325 0.6374063670411985 0.3140800561797753 0.6343632958801498 0.30986657303370785 0.6296816479400749 0.3142556179775281 0.6034644194756554 0.32338483146067415 0.5917602996254682 0.33514747191011235 0.591058052434457 0.3419943820224719 0.5868445692883895
0 0.6767907303370787 0.5587546816479401 0.6799508426966292 0.56062734082397 0.6813553370786517 0.5676498127340824 0.6773174157303371 0.5919943820224719 0.6713483146067416 0.5997191011235955 0.659936797752809 0.6015917602996255 0.6537921348314607 0.6013576779026217 0.6497542134831461 0.5973782771535581 0.6444873595505618 0.5816947565543071 0.6460674157303371 0.5692883895131086 0.6541432584269663 0.5613295880149812 0.6766151685393258 0.5587546816479401
0 0.31127106741573035 0.7146535580524345 0.3181179775280899 0.7205056179775281 0.31741573033707865 0.7516385767790262 0.30582865168539325 0.7584269662921348 0.29371488764044945 0.7607677902621723 0.2873946629213483 0.7586610486891385 0.28441011235955055 0.7516385767790262 0.28985252808988765 0.7378277153558053 0.29020365168539325 0.7268258426966292 0.29582162921348315 0.7186329588014981 0.31109550561797755 0.7146535580524345
0 0.5398525280898876 0.5306647940074907 0.5445926966292135 0.5318352059925093 0.551439606741573 0.5381554307116105 0.5556530898876404 0.5529026217228464 0.555126404494382 0.5603932584269663 0.550561797752809 0.5688202247191011 0.5400280898876404 0.5727996254681648 0.5324789325842697 0.5711610486891385 0.5256320224719101 0.5571161048689138 0.5280898876404494 0.5360486891385767 0.5396769662921348 0.5306647940074907
0 0.6158707865168539 0.6500468164794008 0.624122191011236 0.6580056179775281 0.6297401685393258 0.6715823970037453 0.6276334269662921 0.6830524344569289 0.6237710674157303 0.6896067415730337 0.6174508426966292 0.6938202247191011 0.6091994382022472 0.6926498127340824 0.6018258426966292 0.6870318352059925 0.5970856741573034 0.6797752808988764 0.5951544943820225 0.6666666666666666 0.5951544943820225 0.661750936329588 0.5986657303370787 0.6537921348314607 0.605688202247191 0.6505149812734082 0.6156952247191011 0.6500468164794008
0 0.6028792134831461 0.6900749063670412 0.617626404494382 0.6961610486891385 0.6214887640449438 0.7027153558052435 0.6239466292134831 0.713249063670412 0.620435393258427 0.7286985018726592 0.6162219101123596 0.7329119850187266 0.6099016853932584 0.7345505617977528 0.5988412921348315 0.7301029962546817 0.5921699438202247 0.7139513108614233 0.59375 0.6982677902621723 0.598314606741573 0.6919475655430711 0.6027036516853933 0.6900749063670412
0 0.6067415730337079 0.5245786516853933 0.6128862359550562 0.5301966292134831 0.6178019662921348 0.5475187265917603 0.6169241573033708 0.5538389513108615 0.6134129213483146 0.5592228464419475 0.6044592696629213 0.5650749063670412 0.5953300561797753 0.5625 0.5897120786516854 0.5568820224719101 0.5877808988764045 0.5526685393258427 0.5865519662921348 0.5362827715355806 0.5877808988764045 0.5320692883895131 0.5944522471910112 0.5250468164794008 0.6065660112359551 0.5245786516853933
0 0.2635182584269663 0.5348782771535581 0.265625 0.5463483146067416 0.27247191011235955 0.5503277153558053 0.27457865168539325 0.5543071161048689 0.2672050561797753 0.5657771535580525 0.26474719101123595 0.5746722846441947 0.265625 0.5816947565543071 0.2715941011235955 0.5917602996254682 0.26878511235955055 0.5962078651685393 0.25877808988764045 0.5985486891385767 0.25509129213483145 0.5962078651685393 0.2501755617977528 0.5847378277153558 0.2461376404494382 0.5634363295880149 0.24754213483146068 0.5573501872659176 0.2543890449438202 0.5484550561797753 0.2543890449438202 0.5365168539325843 0.2633426966292135 0.5348782771535581
0 0.5437148876404494 0.6399812734082397 0.542310393258427 0.6477059925093633 0.5449438202247191 0.6477059925093633 0.5466994382022472 0.6423220973782772 0.5474016853932584 0.648876404494382 0.5584620786516854 0.6563670411985019 0.563377808988764 0.6647940074906367 0.5644311797752809 0.6797752808988764 0.5623244382022472 0.6956928838951311 0.5521418539325843 0.7029494382022472 0.5466994382022472 0.7006086142322098 0.5396769662921348 0.6917134831460674 0.5317766853932584 0.672752808988764 0.5342345505617978 0.6610486891385767 0.5398525280898876 0.6509831460674157 0.5380969101123596 0.6439606741573034 0.5396769662921348 0.6404494382022472 0.5435393258426966 0.6399812734082397
0 0.491748595505618 0.7027153558052435 0.4996488764044944 0.7130149812734082 0.49947331460674155 0.7345505617977528 0.49543539325842695 0.7418071161048689 0.4847261235955056 0.7460205992509363 0.4787570224719101 0.7446161048689138 0.47208567415730335 0.7378277153558053 0.46980337078651685 0.7284644194756554 0.47015449438202245 0.7137172284644194 0.4726123595505618 0.7073970037453183 0.47717696629213485 0.7038857677902621 0.49157303370786515 0.7027153558052435
0 0.5089536516853933 0.6142322097378277 0.5212429775280899 0.6200842696629213 0.5263342696629213 0.6352996254681648 0.526685393258427 0.6439606741573034 0.5226474719101124 0.6544943820224719 0.5108848314606742 0.6556647940074907 0.5010533707865169 0.6551966292134831 0.4943820224719101 0.6404494382022472 0.49490870786516855 0.6301498127340824 0.4980688202247191 0.6217228464419475 0.5028089887640449 0.6156367041198502 0.5087780898876404 0.6142322097378277
0 0.6367626404494382 0.6830524344569289 0.6476474719101124 0.6891385767790262 0.6522120786516854 0.6996722846441947 0.6529143258426966 0.7205056179775281 0.6425561797752809 0.7286985018726592 0.6344803370786517 0.7272940074906367 0.6265800561797753 0.7200374531835206 0.6211376404494382 0.6996722846441947 0.6209620786516854 0.6956928838951311 0.6265800561797753 0.68562734082397 0.6302668539325843 0.6828183520599251 0.6365870786516854 0.6830524344569289
0 0.5754915730337079 0.6104868913857678 0.585498595505618 0.6196161048689138 0.5879564606741573 0.6376404494382022 0.5833918539325843 0.6484082397003745 0.5714536516853933 0.6530898876404494 0.5603932584269663 0.6474719101123596 0.5570575842696629 0.6406835205992509 0.5565308988764045 0.6278089887640449 0.5628511235955056 0.6142322097378277 0.5674157303370787 0.6109550561797753 0.5753160112359551 0.6104868913857678
0 0.6083216292134831 0.5681179775280899 0.6172752808988764 0.574438202247191 0.6199087078651685 0.5842696629213483 0.6200842696629213 0.5950374531835206 0.6127106741573034 0.6053370786516854 0.6044592696629213 0.6076779026217228 0.5949789325842697 0.6065074906367042 0.5879564606741573 0.6004213483146067 0.5846207865168539 0.584503745318352 0.5867275280898876 0.574438202247191 0.5916432584269663 0.5690543071161048 0.5988412921348315 0.5667134831460674 0.6081460674157303 0.5681179775280899
0 0.6729283707865169 0.6079119850187266 0.6799508426966292 0.613061797752809 0.683813202247191 0.6259363295880149 0.6824087078651685 0.636938202247191 0.6738061797752809 0.6448970037453183 0.659936797752809 0.6404494382022472 0.6578300561797753 0.6367041198501873 0.6543188202247191 0.6360018726591761 0.6529143258426966 0.6303838951310862 0.6558988764044944 0.6118913857677902 0.6615168539325843 0.608380149812734 0.672752808988764 0.6079119850187266
0 0.520189606741573 0.6970973782771536 0.5240519662921348 0.699438202247191 0.5294943820224719 0.7130149812734082 0.5308988764044944 0.7256554307116105 0.5294943820224719 0.735252808988764 0.5259831460674157 0.7415730337078652 0.5170294943820225 0.7462546816479401 0.5087780898876404 0.7441479400749064 0.5040379213483146 0.7389981273408239 0.5 0.7275280898876404 0.5 0.7202715355805244 0.5077247191011236 0.704119850187266 0.5200140449438202 0.6970973782771536
0 0.2519311797752809 0.6385767790262172 0.26896067415730335 0.639747191011236 0.27282303370786515 0.6427902621722846 0.28072331460674155 0.6718164794007491 0.27598314606741575 0.6776685393258427 0.25912921348314605 0.6830524344569289 0.24736657303370788 0.6748595505617978 0.24683988764044945 0.6647940074906367 0.24315308988764045 0.6542602996254682 0.24473314606741572 0.6439606741573034 0.2517556179775281 0.6385767790262172
0 0.30723314606741575 0.6308520599250936 0.319873595505618 0.6430243445692884 0.31776685393258425 0.6533239700374532 0.3082865168539326 0.6683052434456929 0.293188202247191 0.6753277153558053 0.2830056179775281 0.6729868913857678 0.27879213483146065 0.6643258426966292 0.27475421348314605 0.6444288389513109 0.28616573033707865 0.6362359550561798 0.3070575842696629 0.6310861423220974
0 0.43100421348314605 0.697565543071161 0.43995786516853935 0.7134831460674157 0.4378511235955056 0.7373595505617978 0.43223314606741575 0.74812734082397 0.421875 0.7535112359550562 0.41660814606741575 0.7516385767790262 0.41081460674157305 0.7450842696629213 0.4081811797752809 0.7343164794007491 0.413623595505618 0.7125468164794008 0.42292837078651685 0.6989700374531835 0.43082865168539325 0.697565543071161
0 0.48314606741573035 0.5184925093632958 0.48560393258426965 0.522003745318352 0.48367275280898875 0.5294943820224719 0.49139747191011235 0.5411985018726592 0.4920997191011236 0.5500936329588015 0.4899929775280899 0.5627340823970037 0.4864817415730337 0.5702247191011236 0.4748946629213483 0.5779494382022472 0.46558988764044945 0.5742041198501873 0.4664676966292135 0.5641385767790262 0.46225421348314605 0.5538389513108615 0.46190308988764045 0.5402621722846442 0.4666432584269663 0.5327715355805244 0.47717696629213485 0.5271535580524345 0.47735252808988765 0.5187265917602997 0.48297050561797755 0.5184925093632958
0 0.4125702247191011 0.538623595505618 0.425561797752809 0.5430711610486891 0.4297752808988764 0.5498595505617978 0.43240870786516855 0.5634363295880149 0.42907303370786515 0.579119850187266 0.42521067415730335 0.5828651685393258 0.4160814606741573 0.5835674157303371 0.40958567415730335 0.5823970037453183 0.4043188202247191 0.5770131086142322 0.40168539325842695 0.5704588014981273 0.39922752808988765 0.5510299625468165 0.4041432584269663 0.5402621722846442 0.4123946629213483 0.538623595505618
0 0.5990168539325843 0.6072097378277154 0.6120084269662921 0.6118913857677902 0.6183286516853933 0.6233614232209738 0.6181530898876404 0.6404494382022472 0.6132373595505618 0.6479400749063671 0.6091994382022472 0.6495786516853933 0.5979634831460674 0.6481741573033708 0.5912921348314607 0.6402153558052435 0.5877808988764045 0.6303838951310862 0.5883075842696629 0.6144662921348315 0.5919943820224719 0.6086142322097379 0.5988412921348315 0.6072097378277154
0 0.34252106741573035 0.6666666666666666 0.3498946629213483 0.673689138576779 0.351123595505618 0.6823501872659176 0.3495435393258427 0.6886704119850188 0.3383075842696629 0.7102059925093633 0.33128511235955055 0.7162921348314607 0.32531601123595505 0.7176966292134831 0.3179424157303371 0.7158239700374532 0.31197331460674155 0.7097378277153558 0.31162219101123595 0.6921816479400749 0.31566011235955055 0.6783707865168539 0.32689606741573035 0.6697097378277154 0.34234550561797755 0.6666666666666666
0 0.5747893258426966 0.528558052434457 0.585498595505618 0.5390917602996255 0.5870786516853933 0.5575842696629213 0.5814606741573034 0.5678838951310862 0.5730337078651685 0.5702247191011236 0.5675912921348315 0.5702247191011236 0.5603932584269663 0.5629681647940075 0.5572331460674157 0.5573501872659176 0.5554775280898876 0.5463483146067416 0.5572331460674157 0.536750936329588 0.5603932584269663 0.5325374531835206 0.567064606741573 0.528558052434457 0.5746137640449438 0.528558052434457
0 0.6583567415730337 0.6870318352059925 0.6776685393258427 0.6938202247191011 0.6832865168539326 0.7045880149812734 0.6832865168539326 0.7209737827715356 0.6783707865168539 0.7272940074906367 0.672752808988764 0.7301029962546817 0.6629213483146067 0.7272940074906367 0.6537921348314607 0.7137172284644194 0.6513342696629213 0.6926498127340824 0.6581811797752809 0.6870318352059925
0 0.5177317415730337 0.5276217228464419 0.5245786516853933 0.5330056179775281 0.5259831460674157 0.5442415730337079 0.520189606741573 0.5650749063670412 0.5152738764044944 0.5709269662921348 0.5096558988764045 0.5727996254681648 0.5033356741573034 0.5711610486891385 0.49332865168539325 0.56062734082397 0.49280196629213485 0.5428370786516854 0.49859550561797755 0.5318352059925093 0.5175561797752809 0.5276217228464419
0 0.3769311797752809 0.6949906367041199 0.3807935393258427 0.697565543071161 0.3830758426966292 0.7029494382022472 0.3788623595505618 0.7167602996254682 0.3767556179775281 0.7338483146067416 0.37763342696629215 0.7415730337078652 0.36990870786516855 0.7530430711610487 0.36271067415730335 0.7563202247191011 0.3549859550561798 0.7553838951310862 0.34884129213483145 0.7446161048689138 0.34866573033707865 0.7270599250936329 0.35481039325842695 0.7130149812734082 0.3767556179775281 0.6949906367041199
0 0.4841994382022472 0.5793539325842697 0.4887640449438202 0.5807584269662921 0.491748595505618 0.5852059925093633 0.49332865168539325 0.6058052434456929 0.48771067415730335 0.6175093632958801 0.4787570224719101 0.6224250936329588 0.4706811797752809 0.6214887640449438 0.4669943820224719 0.6163389513108615 0.4627808988764045 0.6060393258426966 0.4629564606741573 0.5950374531835206 0.4689255617977528 0.5826310861423221 0.4840238764044944 0.5793539325842697
0 0.36007724719101125 0.5463483146067416 0.3709620786516854 0.5536048689138576 0.3711376404494382 0.5739700374531835 0.366748595505618 0.5819288389513109 0.35270365168539325 0.5889513108614233 0.34638342696629215 0.586376404494382 0.3414676966292135 0.5802902621722846 0.33918539325842695 0.56062734082397 0.34129213483146065 0.5550093632958801 0.34691011235955055 0.5493913857677902 0.35990168539325845 0.5463483146067416
0 0.2830056179775281 0.714185393258427 0.28985252808988765 0.7202715355805244 0.28809691011235955 0.7237827715355806 0.28809691011235955 0.7375936329588015 0.28195224719101125 0.7551498127340824 0.2700140449438202 0.7591292134831461 0.2615870786516854 0.7553838951310862 0.2540379213483146 0.7446161048689138 0.24912219101123595 0.7308052434456929 0.2498244382022472 0.7237827715355806 0.2538623595505618 0.7165262172284644 0.258251404494382 0.7144194756554307 0.2828300561797753 0.714185393258427
0 0.5816362359550562 0.6512172284644194 0.5932233146067416 0.6605805243445693 0.5976123595505618 0.6786048689138576 0.5960323033707865 0.6891385767790262 0.5884831460674157 0.6956928838951311 0.5747893258426966 0.6931179775280899 0.5654845505617978 0.68562734082397 0.5628511235955056 0.6612827715355806 0.5602176966292135 0.6547284644194756 0.5814606741573034 0.6512172284644194
0 0.6655547752808989 0.5184925093632958 0.6769662921348315 0.5227059925093633 0.6818820224719101 0.5360486891385767 0.6799508426966292 0.5529026217228464 0.6759129213483146 0.5575842696629213 0.6685393258426966 0.56062734082397 0.6541432584269663 0.5554775280898876 0.6490519662921348 0.5468164794007491 0.6472963483146067 0.5365168539325843 0.6501053370786517 0.5250468164794008 0.6597612359550562 0.5187265917602997 0.6653792134831461 0.5184925093632958
0 0.40712780898876405 0.6938202247191011 0.4120435393258427 0.6992041198501873 0.41292134831460675 0.7064606741573034 0.40712780898876405 0.7340823970037453 0.402563202247191 0.7448501872659176 0.3909761235955056 0.7497659176029963 0.3864115168539326 0.7488295880149812 0.3792134831460674 0.7411048689138576 0.37956460674157305 0.7165262172284644 0.3825491573033708 0.7099719101123596 0.3941362359550562 0.699438202247191 0.4044943820224719 0.6931179775280899 0.40695224719101125 0.6938202247191011
0 0.6999648876404494 0.6432584269662921 0.7120786516853933 0.6502808988764045 0.7180477528089888 0.6612827715355806 0.7168188202247191 0.6781367041198502 0.7140098314606742 0.6832865168539326 0.7080407303370787 0.6867977528089888 0.6929424157303371 0.6821161048689138 0.6781952247191011 0.6509831460674157 0.6820575842696629 0.6439606741573034 0.6897823033707865 0.6463014981273408 0.6997893258426966 0.6432584269662921
0 0.23086376404494383 0.5540730337078652 0.24245084269662923 0.5603932584269663 0.24561095505617977 0.5681179775280899 0.2459620786516854 0.5809925093632958 0.234375 0.5931647940074907 0.22384129213483145 0.5952715355805244 0.21260533707865167 0.5901217228464419 0.2090941011235955 0.5807584269662921 0.20926966292134833 0.5711610486891385 0.21646769662921347 0.5587546816479401 0.230688202247191 0.5540730337078652
0 0.38781601123595505 0.5435393258426966 0.39396067415730335 0.5451779026217228 0.3981741573033708 0.5503277153558053 0.39975421348314605 0.5711610486891385 0.3946629213483146 0.5807584269662921 0.3844803370786517 0.5854400749063671 0.37640449438202245 0.5826310861423221 0.37219101123595505 0.576310861423221 0.3714887640449438 0.5622659176029963 0.3727176966292135 0.5538389513108615 0.37605337078651685 0.5482209737827716 0.38764044943820225 0.5435393258426966
0 0.24473314606741572 0.6748595505617978 0.2575491573033708 0.68562734082397 0.25649578651685395 0.699438202247191 0.2515800561797753 0.7088014981273408 0.2345505617977528 0.7193352059925093 0.22752808988764045 0.7179307116104869 0.22296348314606743 0.713249063670412 0.22191011235955055 0.7052902621722846 0.22384129213483145 0.6842228464419475 0.22682584269662923 0.6807116104868914 0.24455758426966293 0.6748595505617978
0 0.6578300561797753 0.6423220973782772 0.6783707865168539 0.6523876404494382 0.6839887640449438 0.6624531835205992 0.686622191011236 0.6711142322097379 0.6862710674157303 0.6788389513108615 0.6817064606741573 0.6879681647940075 0.6762640449438202 0.6917134831460674 0.6669592696629213 0.6903089887640449 0.6567766853932584 0.6828183520599251 0.6472963483146067 0.662687265917603 0.6458918539325843 0.6544943820224719 0.6472963483146067 0.6495786516853933 0.6508075842696629 0.6437265917602997 0.6576544943820225 0.6423220973782772
0 0.29002808988764045 0.5512640449438202 0.30407303370786515 0.5573501872659176 0.30793539325842695 0.5636704119850188 0.3081109550561798 0.5746722846441947 0.296875 0.5894194756554307 0.2866924157303371 0.5955056179775281 0.2791432584269663 0.5945692883895131 0.27264747191011235 0.5903558052434457 0.2654494382022472 0.5821629213483146 0.26457162921348315 0.5735018726591761 0.26878511235955055 0.5622659176029963 0.27668539325842695 0.5538389513108615 0.28985252808988765 0.5512640449438202
0 0.44996488764044945 0.5330056179775281 0.4590941011235955 0.5397940074906367 0.46594101123595505 0.5615636704119851 0.46400983146067415 0.5735018726591761 0.4566362359550562 0.5777153558052435 0.44259129213483145 0.5758426966292135 0.4376755617977528 0.572565543071161 0.43451544943820225 0.5678838951310862 0.43082865168539325 0.5454119850187266 0.4274929775280899 0.5397940074906367 0.42889747191011235 0.5337078651685393 0.4317064606741573 0.533941947565543 0.43275983146067415 0.536750936329588 0.44978932584269665 0.5330056179775281
0 0.4845505617977528 0.6547284644194756 0.49104634831460675 0.6575374531835206 0.4961376404494382 0.663623595505618 0.4996488764044944 0.6818820224719101 0.4961376404494382 0.6970973782771536 0.49157303370786515 0.7015449438202247 0.4847261235955056 0.7029494382022472 0.47401685393258425 0.6999063670411985 0.4705056179775281 0.6867977528089888 0.4726123595505618 0.6645599250936329 0.47735252808988765 0.6573033707865169 0.484375 0.6547284644194756
0 0.45839185393258425 0.6584737827715356 0.4647120786516854 0.660814606741573 0.4705056179775281 0.6685393258426966 0.4691011235955056 0.6961610486891385 0.46348314606741575 0.7043539325842697 0.4492626404494382 0.7045880149812734 0.44259129213483145 0.711376404494382 0.43820224719101125 0.7066947565543071 0.44083567415730335 0.6996722846441947 0.43855337078651685 0.6898408239700374 0.44048455056179775 0.674625468164794 0.44592696629213485 0.663623595505618 0.4533005617977528 0.6587078651685393 0.45821629213483145 0.6584737827715356
0 0.4534761235955056 0.5793539325842697 0.45997191011235955 0.5833333333333334 0.46225421348314605 0.5884831460674157 0.4624297752808989 0.608380149812734 0.45786516853932585 0.6179775280898876 0.4469803370786517 0.6226591760299626 0.43890449438202245 0.6205524344569289 0.43469101123595505 0.6163389513108615 0.43223314606741575 0.6095505617977528 0.4318820224719101 0.5952715355805244 0.4410112359550562 0.5814606741573034 0.44610252808988765 0.5788857677902621 0.4533005617977528 0.5793539325842697
0 0.24104634831460675 0.636938202247191 0.24754213483146068 0.6404494382022472 0.2422752808988764 0.6509831460674157 0.24578651685393257 0.6690074906367042 0.23946629213483145 0.6760299625468165 0.2284058988764045 0.6797752808988764 0.22331460674157302 0.6779026217228464 0.2169943820224719 0.6694756554307116 0.2148876404494382 0.6615168539325843 0.2166432584269663 0.6505149812734082 0.22735252808988765 0.6390449438202247 0.24087078651685392 0.636938202247191
0 0.7110252808988764 0.5933988764044944 0.7133075842696629 0.5938670411985019 0.717872191011236 0.6015917602996255 0.7134831460674157 0.6086142322097379 0.7134831460674157 0.6285112359550562 0.7066362359550562 0.6409176029962547 0.6925912921348315 0.6448970037453183 0.6878511235955056 0.6444288389513109 0.6839887640449438 0.6404494382022472 0.6839887640449438 0.6238295880149812 0.6795997191011236 0.6090823970037453 0.6795997191011236 0.6022940074906367 0.6822331460674157 0.5987827715355806 0.7052317415730337 0.5999531835205992 0.7108497191011236 0.5933988764044944
0 0.6996137640449438 0.6853932584269663 0.7099719101123596 0.6891385767790262 0.7192766853932584 0.7071629213483146 0.7171699438202247 0.7235486891385767 0.7134831460674157 0.727996254681648 0.7071629213483146 0.7301029962546817 0.6961025280898876 0.7275280898876404 0.6864466292134831 0.713249063670412 0.6845154494382022 0.6926498127340824 0.6925912921348315 0.6860955056179775 0.699438202247191 0.6853932584269663
0 0.5617977528089888 0.5676498127340824 0.5640800561797753 0.5711610486891385 0.5609199438202247 0.5786516853932584 0.5609199438202247 0.6004213483146067 0.551439606741573 0.6128277153558053 0.5375702247191011 0.6175093632958801 0.5330056179775281 0.6163389513108615 0.5282654494382022 0.6090823970037453 0.5286165730337079 0.5877808988764045 0.5305477528089888 0.5814606741573034 0.5379213483146067 0.5737359550561798 0.5466994382022472 0.5709269662921348 0.5538974719101124 0.5723314606741573 0.5582865168539326 0.5674157303370787 0.561622191011236 0.5676498127340824
0 0.3265449438202247 0.5475187265917603 0.3393609550561798 0.5538389513108615 0.3395365168539326 0.5779494382022472 0.3358497191011236 0.5849719101123596 0.32162921348314605 0.5898876404494382 0.3142556179775281 0.5861423220973783 0.30969101123595505 0.5786516853932584 0.3086376404494382 0.5629681647940075 0.31372893258426965 0.552434456928839 0.3263693820224719 0.5475187265917603
0 0.5189606741573034 0.5749063670411985 0.5273876404494382 0.5868445692883895 0.5284410112359551 0.6128277153558053 0.5268609550561798 0.6161048689138576 0.5208918539325843 0.6189138576779026 0.5042134831460674 0.6137640449438202 0.5015800561797753 0.6116573033707865 0.49859550561797755 0.6025280898876404 0.4964887640449438 0.5823970037453183 0.4982443820224719 0.5770131086142322 0.5187851123595506 0.5751404494382022
0 0.27282303370786515 0.5969101123595506 0.2847612359550562 0.6006554307116105 0.28827247191011235 0.6095505617977528 0.2793188202247191 0.6306179775280899 0.2758075842696629 0.6348314606741573 0.26650280898876405 0.6390449438202247 0.25087780898876405 0.636938202247191 0.2480688202247191 0.6299157303370787 0.24736657303370788 0.6161048689138576 0.25105337078651685 0.6058052434456929 0.25509129213483145 0.601123595505618 0.27264747191011235 0.5969101123595506
0 0.4534761235955056 0.7052902621722846 0.46383426966292135 0.7085674157303371 0.4691011235955056 0.7169943820224719 0.4705056179775281 0.7378277153558053 0.4643609550561798 0.7478932584269663 0.46611657303370785 0.7556179775280899 0.46014747191011235 0.7598314606741573 0.45610955056179775 0.7514044943820225 0.44399578651685395 0.7460205992509363 0.43995786516853935 0.7378277153558053 0.44224016853932585 0.7118445692883895 0.4533005617977528 0.7052902621722846
0 0.6265800561797753 0.5149812734082397 0.6423806179775281 0.5210674157303371 0.6462429775280899 0.5297284644194756 0.6472963483146067 0.550561797752809 0.641502808988764 0.5568820224719101 0.6337780898876404 0.5599250936329588 0.6251755617977528 0.5582865168539326 0.6209620786516854 0.5545411985018727 0.6137640449438202 0.5294943820224719 0.6181530898876404 0.5173220973782772 0.6264044943820225 0.5149812734082397
0 0.30740870786516855 0.6739232209737828 0.31390449438202245 0.6783707865168539 0.3147823033707865 0.6821161048689138 0.31144662921348315 0.6954588014981273 0.3109199438202247 0.7130149812734082 0.29950842696629215 0.7165262172284644 0.293188202247191 0.7155898876404494 0.2854634831460674 0.7073970037453183 0.2793188202247191 0.6851591760299626 0.2854634831460674 0.6760299625468165 0.30021067415730335 0.6767322097378277 0.30723314606741575 0.6739232209737828
0 0.5194873595505618 0.6554307116104869 0.5256320224719101 0.661750936329588 0.5279143258426966 0.6821161048689138 0.5233497191011236 0.6910112359550562 0.5054424157303371 0.7027153558052435 0.500877808988764 0.7008426966292135 0.4978932584269663 0.6959269662921348 0.49947331460674155 0.6832865168539326 0.4982443820224719 0.6647940074906367 0.5017556179775281 0.6573033707865169 0.519311797752809 0.6554307116104869
0 0.6983848314606742 0.514747191011236 0.7066362359550562 0.5194288389513109 0.710498595505618 0.5292602996254682 0.7110252808988764 0.537687265917603 0.7101474719101124 0.5444756554307116 0.7066362359550562 0.5507958801498127 0.6973314606741573 0.5552434456928839 0.682935393258427 0.5503277153558053 0.6790730337078652 0.525749063670412 0.6836376404494382 0.5177902621722846 0.6982092696629213 0.514747191011236
1 0.23286341292134832 0.6176521535580525 0.03267556179775281 0.03368211610486891
1 0.24380442415730338 0.7366151685393258 0.027636938202247188 0.035962078651685395
1 0.27021594101123597 0.6952364232209738 0.027789676966292132 0.03747425093632959
1 0.3027633426966292 0.6086610486891385 0.022663272471910113 0.034426498127340825
1 0.3842784410112359 0.6559058988764045 0.12717345505617977 0.03372191011235955
1 0.39390273876404497 0.6448852996254681 0.08789676966292136 0.10999765917602997
1 0.42152738764044945 0.6421558988764045 0.14828300561797753 0.053038389513108616
1 0.543247893258427 0.6315589887640449 0.02610077247191011 0.02404260299625468
1 0.5608953651685393 0.718937265917603 0.059055477528089886 0.03181647940074906
1 0.573154845505618 0.5879681647940075 0.023883426966292132 0.040522003745318357
1 0.6290080758426966 0.5776685393258427 0.026743328651685397 0.03486189138576779
1 0.7005881320224719 0.5739794007490636 0.03413448033707865 0.03372659176029963