0 0.5856741573033708 0.6505149812734082 0.5932233146067416 0.6575374531835206 0.5991924157303371 0.6788389513108615 0.5958567415730337 0.6891385767790262 0.5884831460674157 0.6940543071161048 0.5783005617977528 0.6928838951310862 0.5679424157303371 0.6853932584269663 0.5639044943820225 0.6587078651685393 0.5674157303370787 0.6540262172284644 0.585498595505618 0.6505149812734082
0 0.6371137640449438 0.600187265917603 0.6448384831460674 0.6058052434456929 0.6504564606741573 0.6294475655430711 0.6483497191011236 0.6441947565543071 0.6371137640449438 0.6537921348314607 0.6265800561797753 0.6474719101123596 0.6207865168539326 0.6406835205992509 0.6199087078651685 0.6198501872659176 0.6209620786516854 0.6128277153558053 0.6279845505617978 0.6020599250936329 0.636938202247191 0.600187265917603
0 0.4808637640449438 0.5283239700374532 0.49122191011235955 0.540496254681648 0.4920997191011236 0.5510299625468165 0.4859550561797753 0.5702247191011236 0.4808637640449438 0.5756086142322098 0.4741924157303371 0.5777153558052435 0.46558988764044945 0.5739700374531835 0.4664676966292135 0.5639044943820225 0.4626053370786517 0.5533707865168539 0.46190308988764045 0.540496254681648 0.4669943820224719 0.5323033707865169 0.480688202247191 0.5283239700374532
0 0.34304775280898875 0.5894194756554307 0.3479634831460674 0.5919943820224719 0.3460323033707865 0.6196161048689138 0.33672752808988765 0.6306179775280899 0.32127808988764045 0.6371722846441947 0.3140800561797753 0.6334269662921348 0.31004213483146065 0.6278089887640449 0.316186797752809 0.5985486891385767 0.3242626404494382 0.5912921348314607 0.34287219101123595 0.5894194756554307
0 0.6074438202247191 0.5250468164794008 0.6128862359550562 0.5308988764044944 0.617626404494382 0.5475187265917603 0.6144662921348315 0.5582865168539326 0.6055126404494382 0.5650749063670412 0.5986657303370787 0.56437265917603 0.590063202247191 0.5571161048689138 0.5865519662921348 0.5360486891385767 0.5877808988764045 0.5316011235955056 0.59375 0.5252808988764045 0.6072682584269663 0.5250468164794008
0 0.6027036516853933 0.5669475655430711 0.6132373595505618 0.5704588014981273 0.6174508426966292 0.5749063670411985 0.6197331460674157 0.5901217228464419 0.6185042134831461 0.5987827715355806 0.6128862359550562 0.6067415730337079 0.6042837078651685 0.6081460674157303 0.5951544943820225 0.6069756554307116 0.5904143258426966 0.602996254681648 0.5869030898876404 0.5971441947565543 0.5851474719101124 0.5859082397003745 0.5881320224719101 0.5727996254681648 0.5919943820224719 0.5692883895131086 0.6025280898876404 0.5669475655430711
0 0.675561797752809 0.5589887640449438 0.679248595505618 0.56062734082397 0.6811797752808989 0.5667134831460674 0.6790730337078652 0.5875468164794008 0.6731039325842697 0.5990168539325843 0.6666081460674157 0.6013576779026217 0.6569522471910112 0.601123595505618 0.6502808988764045 0.596441947565543 0.645189606741573 0.5852059925093633 0.644311797752809 0.5742041198501873 0.6464185393258427 0.5676498127340824 0.6527387640449438 0.5622659176029963 0.6753862359550562 0.5589887640449438
0 0.31127106741573035 0.7144194756554307 0.3182935393258427 0.7202715355805244 0.31759129213483145 0.7514044943820225 0.3109199438202247 0.7565543071161048 0.29371488764044945 0.7607677902621723 0.28985252808988765 0.7607677902621723 0.2852879213483146 0.7551498127340824 0.2851123595505618 0.7476591760299626 0.289501404494382 0.7272940074906367 0.2933637640449438 0.7198033707865169 0.31109550561797755 0.7144194756554307
0 0.5416081460674157 0.5311329588014981 0.5517907303370787 0.5393258426966292 0.5556530898876404 0.5540730337078652 0.5517907303370787 0.5676498127340824 0.5430126404494382 0.5727996254681648 0.5328300561797753 0.5713951310861424 0.5270365168539326 0.5610955056179775 0.5258075842696629 0.5536048689138576 0.5284410112359551 0.5362827715355806 0.5363412921348315 0.5311329588014981 0.5414325842696629 0.5311329588014981
0 0.5158005617977528 0.5269194756554307 0.5222963483146067 0.5297284644194756 0.5263342696629213 0.540496254681648 0.5203651685393258 0.5641385767790262 0.5154494382022472 0.5699906367041199 0.5089536516853933 0.572565543071161 0.5012289325842697 0.5699906367041199 0.4936797752808989 0.56062734082397 0.49297752808988765 0.5435393258426966 0.4984199438202247 0.5323033707865169 0.515625 0.5269194756554307
0 0.5056179775280899 0.6142322097378277 0.5221207865168539 0.6212546816479401 0.5259831460674157 0.6336610486891385 0.526685393258427 0.6441947565543071 0.5215941011235955 0.6544943820224719 0.5093047752808989 0.6570692883895131 0.5015800561797753 0.6556647940074907 0.4945575842696629 0.6409176029962547 0.4959620786516854 0.6264044943820225 0.5017556179775281 0.6158707865168539 0.5054424157303371 0.6142322097378277
0 0.26299157303370785 0.5348782771535581 0.2658005617977528 0.5463483146067416 0.27457865168539325 0.5538389513108615 0.26685393258426965 0.5660112359550562 0.26474719101123595 0.574438202247191 0.2659761235955056 0.5819288389513109 0.2712429775280899 0.5884831460674157 0.2714185393258427 0.5919943820224719 0.26896067415730335 0.5959737827715356 0.25860252808988765 0.598314606741573 0.25509129213483145 0.5962078651685393 0.24771769662921347 0.579119850187266 0.2459620786516854 0.5632022471910112 0.24754213483146068 0.5571161048689138 0.25456460674157305 0.5475187265917603 0.2543890449438202 0.5362827715355806 0.26281601123595505 0.5348782771535581
0 0.5196629213483146 0.6547284644194756 0.5245786516853933 0.6612827715355806 0.5280898876404494 0.6818820224719101 0.522998595505618 0.6914794007490637 0.5056179775280899 0.7031835205992509 0.4980688202247191 0.6961610486891385 0.4996488764044944 0.6860955056179775 0.4980688202247191 0.6645599250936329 0.5029845505617978 0.6566011235955056 0.5194873595505618 0.6547284644194756
0 0.4533005617977528 0.7038857677902621 0.46400983146067415 0.7083333333333334 0.46927668539325845 0.7198033707865169 0.4708567415730337 0.7378277153558053 0.4645365168539326 0.74812734082397 0.4668188202247191 0.7549157303370787 0.46558988764044945 0.7584269662921348 0.4608497191011236 0.760065543071161 0.45804073033707865 0.7586610486891385 0.45610955056179775 0.7514044943820225 0.44276685393258425 0.7448501872659176 0.44013342696629215 0.7375936329588015 0.44206460674157305 0.711376404494382 0.44803370786516855 0.7048220973782772 0.453125 0.7038857677902621
0 0.48384831460674155 0.579119850187266 0.4878862359550562 0.5798220973782772 0.4919241573033708 0.5849719101123596 0.49350421348314605 0.602996254681648 0.491748595505618 0.6114232209737828 0.48753511235955055 0.6175093632958801 0.4785814606741573 0.6219569288389513 0.4705056179775281 0.6217228464419475 0.4668188202247191 0.6165730337078652 0.4626053370786517 0.6058052434456929 0.4627808988764045 0.5952715355805244 0.46576544943820225 0.5856741573033708 0.47015449438202245 0.5812265917602997 0.48367275280898875 0.579119850187266
0 0.34304775280898875 0.6657303370786517 0.34884129213483145 0.6694756554307116 0.3500702247191011 0.6734550561797753 0.3493679775280899 0.6884363295880149 0.3383075842696629 0.7102059925093633 0.32531601123595505 0.7174625468164794 0.3205758426966292 0.7172284644194756 0.3125 0.7109082397003745 0.31127106741573035 0.6992041198501873 0.31302668539325845 0.6865636704119851 0.31917134831460675 0.674625468164794 0.33304073033707865 0.6669007490636704 0.34287219101123595 0.6657303370786517
0 0.6336025280898876 0.6772003745318352 0.6460674157303371 0.6872659176029963 0.6515098314606742 0.6992041198501873 0.6527387640449438 0.7205056179775281 0.6469452247191011 0.7272940074906367 0.6423806179775281 0.7289325842696629 0.6334269662921348 0.7272940074906367 0.6267556179775281 0.7202715355805244 0.6179775280898876 0.6928838951310862 0.6183286516853933 0.6872659176029963 0.6232443820224719 0.6776685393258427 0.6334269662921348 0.6772003745318352
0 0.4920997191011236 0.7010767790262172 0.49701544943820225 0.7031835205992509 0.5007022471910112 0.7090355805243446 0.49947331460674155 0.7347846441947565 0.49508426966292135 0.7420411985018727 0.4863061797752809 0.7460205992509363 0.4782303370786517 0.7446161048689138 0.4722612359550562 0.7382958801498127 0.46980337078651685 0.7277621722846442 0.46980337078651685 0.713249063670412 0.4722612359550562 0.7066947565543071 0.4762991573033708 0.7038857677902621 0.4919241573033708 0.7010767790262172
0 0.5730337078651685 0.6104868913857678 0.5788272471910112 0.6123595505617978 0.5851474719101124 0.6198501872659176 0.5883075842696629 0.636938202247191 0.5840941011235955 0.6486423220973783 0.5711025280898876 0.6558988764044944 0.5674157303370787 0.6551966292134831 0.5602176966292135 0.6474719101123596 0.5565308988764045 0.6399812734082397 0.5558286516853933 0.6315543071161048 0.5612710674157303 0.6158707865168539 0.5658356741573034 0.6118913857677902 0.5728581460674157 0.6104868913857678
0 0.3082865168539326 0.6313202247191011 0.31969803370786515 0.6406835205992509 0.3181179775280899 0.6547284644194756 0.30723314606741575 0.6694756554307116 0.2910814606741573 0.6753277153558053 0.28423455056179775 0.673689138576779 0.2808988764044944 0.6694756554307116 0.2751053370786517 0.6540262172284644 0.2752808988764045 0.6427902621722846 0.28616573033707865 0.6357677902621723 0.3081109550561798 0.6313202247191011
0 0.43047752808988765 0.6977996254681648 0.4336376404494382 0.6999063670411985 0.4394311797752809 0.713249063670412 0.43872893258426965 0.7305711610486891 0.43697331460674155 0.7394662921348315 0.43240870786516855 0.7478932584269663 0.4220505617977528 0.7532771535580525 0.41695926966292135 0.7516385767790262 0.41099016853932585 0.7450842696629213 0.4083567415730337 0.7340823970037453 0.41344803370786515 0.7127808988764045 0.4220505617977528 0.6996722846441947 0.43030196629213485 0.6977996254681648
0 0.4125702247191011 0.538623595505618 0.4236306179775281 0.5419007490636704 0.4273174157303371 0.5454119850187266 0.430126404494382 0.5512640449438202 0.43223314606741575 0.5653089887640449 0.42907303370786515 0.5781835205992509 0.4241573033707865 0.5823970037453183 0.4157303370786517 0.5838014981273408 0.4097612359550562 0.5823970037453183 0.40344101123595505 0.5751404494382022 0.39922752808988765 0.5510299625468165 0.39975421348314605 0.5465823970037453 0.4041432584269663 0.5402621722846442 0.4123946629213483 0.538623595505618
0 0.6007724719101124 0.6081460674157303 0.6135884831460674 0.612125468164794 0.6199087078651685 0.6257022471910112 0.6199087078651685 0.6367041198501873 0.6174508426966292 0.6444288389513109 0.6067415730337079 0.6505149812734082 0.5986657303370787 0.6486423220973783 0.5909410112359551 0.6411516853932584 0.5872542134831461 0.6238295880149812 0.5877808988764045 0.6156367041198502 0.5918188202247191 0.6086142322097379 0.6005969101123596 0.6081460674157303
0 0.394311797752809 0.6259363295880149 0.4046699438202247 0.6329588014981273 0.40712780898876405 0.6481741573033708 0.4018609550561798 0.665496254681648 0.3960674157303371 0.6725187265917603 0.39185393258426965 0.6741573033707865 0.38395365168539325 0.673689138576779 0.37816011235955055 0.6697097378277154 0.37412219101123595 0.6615168539325843 0.3730688202247191 0.6526217228464419 0.37605337078651685 0.6404494382022472 0.3829002808988764 0.6308520599250936 0.3941362359550562 0.6259363295880149
0 0.5754915730337079 0.5292602996254682 0.5858497191011236 0.5395599250936329 0.5872542134831461 0.5571161048689138 0.5814606741573034 0.5678838951310862 0.5711025280898876 0.5709269662921348 0.5674157303370787 0.5704588014981273 0.5596910112359551 0.5622659176029963 0.5568820224719101 0.5571161048689138 0.5553019662921348 0.5461142322097379 0.5570575842696629 0.5372191011235955 0.5603932584269663 0.5323033707865169 0.5675912921348315 0.528558052434457 0.5753160112359551 0.5292602996254682
0 0.45031601123595505 0.5788857677902621 0.45997191011235955 0.5849719101123596 0.46225421348314605 0.5929307116104869 0.46207865168539325 0.6034644194756554 0.4608497191011236 0.6125936329588015 0.4575140449438202 0.6175093632958801 0.4476825842696629 0.6219569288389513 0.44224016853932585 0.6219569288389513 0.43451544943820225 0.6158707865168539 0.4317064606741573 0.6093164794007491 0.4313553370786517 0.5952715355805244 0.4413623595505618 0.5819288389513109 0.45014044943820225 0.5788857677902621
0 0.6550210674157303 0.6832865168539326 0.6667837078651685 0.6907771535580525 0.6773174157303371 0.6933520599250936 0.6827598314606742 0.704119850187266 0.6846910112359551 0.713249063670412 0.6834620786516854 0.7205056179775281 0.6787219101123596 0.7275280898876404 0.6720505617977528 0.7305711610486891 0.6623946629213483 0.7272940074906367 0.6539676966292135 0.7139513108614233 0.6501053370786517 0.6924157303370787 0.6509831460674157 0.6875 0.6548455056179775 0.6832865168539326
0 0.2519311797752809 0.6385767790262172 0.26808286516853935 0.639747191011236 0.2737008426966292 0.6425561797752809 0.2777387640449438 0.6652621722846442 0.2808988764044944 0.6718164794007491 0.27844101123595505 0.6786048689138576 0.25895365168539325 0.6823501872659176 0.2482443820224719 0.673689138576779 0.24315308988764045 0.6542602996254682 0.24455758426966293 0.6439606741573034 0.2517556179775281 0.6385767790262172
0 0.38202247191011235 0.6933520599250936 0.38781601123595505 0.6999063670411985 0.3790379213483146 0.7179307116104869 0.37745786516853935 0.7422752808988764 0.36973314606741575 0.7532771535580525 0.363061797752809 0.7563202247191011 0.355688202247191 0.7558520599250936 0.3500702247191011 0.74812734082397 0.3481390449438202 0.7387640449438202 0.34884129213483145 0.7254213483146067 0.3555126404494382 0.7120786516853933 0.37622893258426965 0.6924157303370787 0.38184691011235955 0.6933520599250936
0 0.36025280898876405 0.5461142322097379 0.371313202247191 0.5538389513108615 0.3711376404494382 0.5749063670411985 0.36622191011235955 0.5826310861423221 0.35270365168539325 0.589185393258427 0.34708567415730335 0.5868445692883895 0.3416432584269663 0.5800561797752809 0.33883426966292135 0.5639044943820225 0.3414676966292135 0.5552434456928839 0.34673455056179775 0.549625468164794 0.35217696629213485 0.5463483146067416 0.36007724719101125 0.5461142322097379
0 0.2600070224719101 0.714185393258427 0.2814255617977528 0.7148876404494382 0.28774578651685395 0.7205056179775281 0.2873946629213483 0.7329119850187266 0.28177668539325845 0.7551498127340824 0.2714185393258427 0.7588951310861424 0.2612359550561798 0.7551498127340824 0.2538623595505618 0.7446161048689138 0.24877106741573032 0.7308052434456929 0.25105337078651685 0.7195692883895131 0.25509129213483145 0.7151217228464419 0.2598314606741573 0.714185393258427
0 0.5479283707865169 0.649812734082397 0.5558286516853933 0.6530898876404494 0.5644311797752809 0.6650280898876404 0.5647823033707865 0.6926498127340824 0.5607443820224719 0.6985018726591761 0.5538974719101124 0.702247191011236 0.5398525280898876 0.6914794007490637 0.532127808988764 0.675561797752809 0.5324789325842697 0.6652621722846442 0.5373946629213483 0.6537921348314607 0.543188202247191 0.6495786516853933 0.547752808988764 0.649812734082397
0 0.5191362359550562 0.6963951310861424 0.5252808988764045 0.7020131086142322 0.5298455056179775 0.7134831460674157 0.53125 0.7254213483146067 0.5294943820224719 0.7359550561797753 0.5259831460674157 0.7420411985018727 0.5158005617977528 0.7462546816479401 0.5096558988764045 0.7446161048689138 0.5033356741573034 0.738061797752809 0.5 0.7200374531835206 0.5068469101123596 0.7038857677902621 0.5189606741573034 0.6963951310861424
0 0.7010182584269663 0.6432584269662921 0.7133075842696629 0.6514513108614233 0.7185744382022472 0.6645599250936329 0.7180477528089888 0.6748595505617978 0.7154143258426966 0.6821161048689138 0.7075140449438202 0.6867977528089888 0.6917134831460674 0.6807116104868914 0.6824087078651685 0.6558988764044944 0.6785463483146067 0.6512172284644194 0.682935393258427 0.6439606741573034 0.6925912921348315 0.6455992509363296 0.7008426966292135 0.6432584269662921
0 0.6664325842696629 0.5184925093632958 0.6778441011235955 0.523876404494382 0.6818820224719101 0.5362827715355806 0.6817064606741573 0.5472846441947565 0.679248595505618 0.5543071161048689 0.6685393258426966 0.5603932584269663 0.6576544943820225 0.5578183520599251 0.6508075842696629 0.5500936329588015 0.6485252808988764 0.5435393258426966 0.6485252808988764 0.5327715355805244 0.6515098314606742 0.5262172284644194 0.6576544943820225 0.5198970037453183 0.6662570224719101 0.5184925093632958
0 0.4080056179775281 0.6905430711610487 0.41485252808988765 0.6985018726591761 0.41485252808988765 0.7064606741573034 0.41099016853932585 0.7134831460674157 0.4044943820224719 0.7420411985018727 0.394311797752809 0.7495318352059925 0.38781601123595505 0.7495318352059925 0.38360252808988765 0.7467228464419475 0.3785112359550562 0.7373595505617978 0.3790379213483146 0.7205056179775281 0.3829002808988764 0.7099719101123596 0.3902738764044944 0.702247191011236 0.4078300561797753 0.6907771535580525
0 0.23121488764044945 0.5540730337078652 0.23858848314606743 0.5564138576779026 0.24297752808988765 0.5608614232209738 0.24543539325842698 0.5676498127340824 0.2461376404494382 0.5816947565543071 0.23490168539325842 0.5929307116104869 0.22489466292134833 0.5952715355805244 0.22033005617977527 0.5952715355805244 0.21260533707865167 0.5905898876404494 0.2089185393258427 0.5807584269662921 0.2090941011235955 0.5713951310861424 0.2169943820224719 0.5582865168539326 0.23103932584269662 0.5540730337078652
0 0.4260884831460674 0.6175093632958801 0.43258426966292135 0.6203183520599251 0.43697331460674155 0.6299157303370787 0.4355688202247191 0.6444288389513109 0.43030196629213485 0.6521535580524345 0.42661516853932585 0.653558052434457 0.41485252808988765 0.6500468164794008 0.409936797752809 0.638810861423221 0.41081460674157305 0.6271067415730337 0.41309691011235955 0.6233614232209738 0.41853932584269665 0.6184456928838952 0.4259129213483146 0.6175093632958801
0 0.38764044943820225 0.5433052434456929 0.39378511235955055 0.5451779026217228 0.3981741573033708 0.5500936329588015 0.4006320224719101 0.5718632958801498 0.39518960674157305 0.5821629213483146 0.38553370786516855 0.5861423220973783 0.3769311797752809 0.5838014981273408 0.37236657303370785 0.5774812734082397 0.3711376404494382 0.5641385767790262 0.37219101123595505 0.5538389513108615 0.37552668539325845 0.5484550561797753 0.38746488764044945 0.5433052434456929
0 0.6044592696629213 0.6849250936329588 0.6181530898876404 0.6961610486891385 0.624122191011236 0.7134831460674157 0.6200842696629213 0.7296348314606742 0.6123595505617978 0.7347846441947565 0.5990168539325843 0.7308052434456929 0.5919943820224719 0.7155898876404494 0.5925210674157303 0.6959269662921348 0.5988412921348315 0.6858614232209738 0.6042837078651685 0.6849250936329588
0 0.24473314606741572 0.672752808988764 0.2577247191011236 0.68562734082397 0.2577247191011236 0.6961610486891385 0.25298455056179775 0.7069288389513109 0.2341994382022472 0.7198033707865169 0.22612359550561797 0.7172284644194756 0.22226123595505617 0.7104400749063671 0.2247191011235955 0.6823501872659176 0.24455758426966293 0.6729868913857678
0 0.6583567415730337 0.6423220973782772 0.6790730337078652 0.6533239700374532 0.6853932584269663 0.6650280898876404 0.6869733146067416 0.6788389513108615 0.6822331460674157 0.6872659176029963 0.675561797752809 0.6917134831460674 0.6678370786516854 0.6910112359550562 0.6548455056179775 0.6802434456928839 0.6465941011235955 0.6612827715355806 0.6464185393258427 0.6542602996254682 0.6499297752808989 0.6453651685393258 0.6581811797752809 0.6423220973782772
0 0.2907303370786517 0.5514981273408239 0.30179073033707865 0.5582865168539326 0.3068820224719101 0.5657771535580525 0.3026685393258427 0.5812265917602997 0.29424157303370785 0.5919943820224719 0.2866924157303371 0.5955056179775281 0.27264747191011235 0.5898876404494382 0.2654494382022472 0.5816947565543071 0.26457162921348315 0.574438202247191 0.26843398876404495 0.5629681647940075 0.27668539325842695 0.5538389513108615 0.2905547752808989 0.5514981273408239
0 0.4534761235955056 0.5346441947565543 0.460498595505618 0.5421348314606742 0.4668188202247191 0.5641385767790262 0.4633075842696629 0.5739700374531835 0.45593398876404495 0.5781835205992509 0.4392556179775281 0.5746722846441947 0.43223314606741575 0.5625 0.43100421348314605 0.5514981273408239 0.433813202247191 0.5414325842696629 0.4376755617977528 0.5365168539325843 0.44610252808988765 0.5332397003745318 0.4533005617977528 0.5346441947565543
0 0.48946629213483145 0.6568352059925093 0.4961376404494382 0.6647940074906367 0.49912219101123595 0.6863295880149812 0.4956109550561798 0.6970973782771536 0.49122191011235955 0.701310861423221 0.4847261235955056 0.7027153558052435 0.477001404494382 0.7020131086142322 0.4727879213483146 0.6980337078651685 0.46997893258426965 0.6858614232209738 0.4703300561797753 0.6748595505617978 0.472436797752809 0.665496254681648 0.4766502808988764 0.6580056179775281 0.480688202247191 0.6554307116104869 0.48929073033707865 0.6568352059925093
0 0.23964185393258428 0.6364700374531835 0.24683988764044945 0.6402153558052435 0.24192415730337077 0.650749063670412 0.24473314606741572 0.6683052434456929 0.238061797752809 0.6757958801498127 0.22805477528089887 0.6797752808988764 0.22384129213483145 0.6790730337078652 0.2169943820224719 0.670880149812734 0.2147120786516854 0.6629213483146067 0.21541432584269662 0.6544943820224719 0.21769662921348315 0.6474719101123596 0.22419241573033707 0.6404494382022472 0.230688202247191 0.636938202247191 0.23946629213483145 0.6364700374531835
0 0.7106741573033708 0.5933988764044944 0.7134831460674157 0.5938670411985019 0.7176966292134831 0.6015917602996255 0.7133075842696629 0.6093164794007491 0.7134831460674157 0.6285112359550562 0.7066362359550562 0.6411516853932584 0.6929424157303371 0.6446629213483146 0.6885533707865169 0.6441947565543071 0.6841643258426966 0.6395131086142322 0.6836376404494382 0.6207865168539326 0.6781952247191011 0.6022940074906367 0.6820575842696629 0.598314606741573 0.7045294943820225 0.600187265917603 0.710498595505618 0.5933988764044944
0 0.7015449438202247 0.68562734082397 0.7112008426966292 0.6903089887640449 0.7192766853932584 0.7066947565543071 0.7194522471910112 0.7167602996254682 0.7173455056179775 0.724250936329588 0.7064606741573034 0.7308052434456929 0.6962780898876404 0.7282303370786517 0.6903089887640449 0.7202715355805244 0.686622191011236 0.7134831460674157 0.6822331460674157 0.6959269662921348 0.682935393258427 0.6926498127340824 0.6917134831460674 0.6858614232209738 0.7013693820224719 0.68562734082397
0 0.3298806179775281 0.5479868913857678 0.3402387640449438 0.5538389513108615 0.33848314606741575 0.5634363295880149 0.3393609550561798 0.5781835205992509 0.335498595505618 0.5849719101123596 0.32338483146067415 0.5896535580524345 0.31706460674157305 0.588249063670412 0.3109199438202247 0.5809925093632958 0.30916432584269665 0.5615636704119851 0.3121488764044944 0.5538389513108615 0.31741573033707865 0.5493913857677902 0.3297050561797753 0.5479868913857678
0 0.5191362359550562 0.575374531835206 0.5249297752808989 0.5809925093632958 0.5280898876404494 0.5908239700374532 0.527563202247191 0.6060393258426966 0.5294943820224719 0.6132958801498127 0.5226474719101124 0.6200842696629213 0.5017556179775281 0.613061797752809 0.4977176966292135 0.5973782771535581 0.49719101123595505 0.5849719101123596 0.4998244382022472 0.5798220973782772 0.5189606741573034 0.575374531835206
0 0.2754564606741573 0.5969101123595506 0.28247893258426965 0.598314606741573 0.28634129213483145 0.6022940074906367 0.2870435393258427 0.6128277153558053 0.27615870786516855 0.6345973782771536 0.26702949438202245 0.638810861423221 0.25087780898876405 0.6367041198501873 0.2478932584269663 0.6303838951310862 0.24754213483146068 0.6142322097378277 0.25526685393258425 0.6008895131086143 0.2752808988764045 0.5969101123595506
0 0.5607443820224719 0.5674157303370787 0.5630266853932584 0.5713951310861424 0.5603932584269663 0.5774812734082397 0.5617977528089888 0.5933988764044944 0.558813202247191 0.6058052434456929 0.554248595505618 0.6114232209737828 0.5372191011235955 0.6175093632958801 0.5328300561797753 0.6163389513108615 0.5287921348314607 0.6093164794007491 0.5287921348314607 0.5880149812734082 0.5307233146067416 0.5809925093632958 0.5368679775280899 0.5742041198501873 0.5560042134831461 0.5723314606741573 0.5605688202247191 0.5674157303370787
0 0.6731039325842697 0.6069756554307116 0.680126404494382 0.6128277153558053 0.6839887640449438 0.6264044943820225 0.6824087078651685 0.636938202247191 0.6739817415730337 0.6451310861423221 0.6602879213483146 0.6409176029962547 0.6544943820224719 0.635065543071161 0.6534410112359551 0.6303838951310862 0.6558988764044944 0.611189138576779 0.6629213483146067 0.6076779026217228 0.6729283707865169 0.6069756554307116
0 0.6320224719101124 0.5163857677902621 0.6434339887640449 0.522003745318352 0.6478230337078652 0.5362827715355806 0.6465941011235955 0.5512640449438202 0.641502808988764 0.5568820224719101 0.6337780898876404 0.5601591760299626 0.6253511235955056 0.5587546816479401 0.6207865168539326 0.5550093632958801 0.6135884831460674 0.5299625468164794 0.6156952247191011 0.5210674157303371 0.6190308988764045 0.516619850187266 0.6318469101123596 0.5163857677902621
0 0.30758426966292135 0.6743913857677902 0.31372893258426965 0.6786048689138576 0.3146067415730337 0.6816479400749064 0.3107443820224719 0.7102059925093633 0.3003862359550562 0.7165262172284644 0.293188202247191 0.7155898876404494 0.2854634831460674 0.7069288389513109 0.2794943820224719 0.6889044943820225 0.2794943820224719 0.6837546816479401 0.2835323033707865 0.6769662921348315 0.30740870786516855 0.6743913857677902
0 0.4534761235955056 0.6561329588014981 0.46400983146067415 0.6601123595505618 0.4705056179775281 0.6685393258426966 0.46927668539325845 0.6961610486891385 0.46348314606741575 0.7045880149812734 0.445751404494382 0.7045880149812734 0.44259129213483145 0.7118445692883895 0.43872893258426965 0.7066947565543071 0.4410112359550562 0.6996722846441947 0.4390800561797753 0.6814138576779026 0.4438202247191011 0.6647940074906367 0.4487359550561798 0.6577715355805244 0.4533005617977528 0.6561329588014981
0 0.6983848314606742 0.5145131086142322 0.706811797752809 0.5196629213483146 0.7103230337078652 0.5276217228464419 0.7112008426966292 0.536750936329588 0.7080407303370787 0.5500936329588015 0.6969803370786517 0.5557116104868914 0.6892556179775281 0.5545411985018727 0.6825842696629213 0.5500936329588015 0.6794241573033708 0.5255149812734082 0.682935393258427 0.5180243445692884 0.6982092696629213 0.5145131086142322
0 0.34620786516853935 0.7080992509363296 0.3491924157303371 0.7099719101123596 0.35024578651685395 0.7153558052434457 0.34691011235955055 0.7270599250936329 0.3481390449438202 0.7446161048689138 0.35287921348314605 0.7551498127340824 0.34884129213483145 0.7635767790262172 0.3421699438202247 0.7682584269662921 0.32742275280898875 0.7626404494382022 0.31952247191011235 0.7565543071161048 0.31706460674157305 0.7268258426966292 0.3205758426966292 0.7179307116104869 0.3277738764044944 0.7181647940074907 0.3418188202247191 0.7080992509363296 0.3460323033707865 0.7080992509363296
1 0.23509655898876403 0.6168890449438202 0.03480161516853932 0.039957865168539324
1 0.24079880617977525 0.7359199438202247 0.04035112359550562 0.039255617977528086
1 0.2663114466292135 0.6963974719101124 0.030516151685393258 0.03667837078651685
1 0.2986815308988764 0.611626872659176 0.02737183988764045 0.03723782771535581
1 0.3486323735955056 0.6553909176029963 0.05002633426966292 0.028010299625468162
1 0.36333918539325843 0.6479939138576779 0.02794066011235955 0.10684925093632959
1 0.3932759831460674 0.6020903558052435 0.08313377808988763 0.04102762172284644
1 0.39418890449438204 0.6825234082397004 0.09081285112359551 0.035458801498127336
1 0.4218223314606741 0.6394943820224719 0.030208918539325842 0.11169709737827715
1 0.4506127106741573 0.637436797752809 0.08661692415730338 0.03423455056179775
1 0.5614097612359551 0.7176427902621723 0.060086025280898875 0.03391151685393259
1 0.5434164325842697 0.6329962546816479 0.02995084269662921 0.031598782771535584
1 0.5706443117977528 0.5855711610486891 0.02471558988764045 0.0413061797752809
1 0.6315625 0.57875 0.02716818820224719 0.035465823970037454
1 0.6964536516853933 0.5734761235955056 0.030547752808988762 0.035840355805243446