0 0.461376404494382 0.3068820224719101 0.4669943820224719 0.3099250936329588 0.4705056179775281 0.3157771535580524 0.4722612359550562 0.3265449438202247 0.4706811797752809 0.3345037453183521 0.46348314606741575 0.3429307116104869 0.45259831460674155 0.3389513108614232 0.4469803370786517 0.32818352059925093 0.4473314606741573 0.31835205992509363 0.45049157303370785 0.311563670411985 0.45610955056179775 0.30711610486891383 0.4612008426966292 0.3068820224719101
0 0.6142907303370787 0.4545880149812734 0.6197331460674157 0.45786516853932585 0.6248244382022472 0.4705056179775281 0.6235955056179775 0.48103932584269665 0.6178019662921348 0.48852996254681647 0.6128862359550562 0.49063670411985016 0.6012991573033708 0.48852996254681647 0.5969101123595506 0.48220973782771537 0.5956811797752809 0.4737827715355805 0.5981390449438202 0.46348314606741575 0.6016502808988764 0.45880149812734083 0.6141151685393258 0.4545880149812734
0 0.4281952247191011 0.3527621722846442 0.4378511235955056 0.362125468164794 0.4375 0.37359550561797755 0.43240870786516855 0.38295880149812733 0.4220505617977528 0.3862359550561798 0.4183637640449438 0.38506554307116103 0.4137991573033708 0.37897940074906367 0.41292134831460675 0.363061797752809 0.418188202247191 0.3541666666666667 0.4280196629213483 0.3527621722846442
0 0.3908005617977528 0.6540262172284644 0.3983497191011236 0.6598782771535581 0.4041432584269663 0.6786048689138576 0.4008075842696629 0.68562734082397 0.39396067415730335 0.6907771535580525 0.37991573033707865 0.6870318352059925 0.375 0.6783707865168539 0.3792134831460674 0.6584737827715356 0.390625 0.6540262172284644
0 0.40115870786516855 0.4417134831460674 0.4123946629213483 0.448501872659176 0.41520365168539325 0.46207865168539325 0.41134129213483145 0.4758895131086142 0.40115870786516855 0.48010299625468167 0.3908005617977528 0.47542134831460675 0.38746488764044945 0.4639513108614232 0.39115168539325845 0.44756554307116103 0.39589185393258425 0.4426498127340824 0.40098314606741575 0.4417134831460674
0 0.6127106741573034 0.41034644194756553 0.620435393258427 0.413623595505618 0.6246488764044944 0.42064606741573035 0.625 0.43211610486891383 0.6188553370786517 0.4447565543071161 0.6058637640449438 0.4482677902621723 0.5988412921348315 0.43211610486891383 0.601123595505618 0.4147940074906367 0.6125351123595506 0.41058052434456926
0 0.5851474719101124 0.32092696629213485 0.5919943820224719 0.3232677902621723 0.5956811797752809 0.3279494382022472 0.5984901685393258 0.34012172284644193 0.5960323033707865 0.35252808988764045 0.5881320224719101 0.3618913857677903 0.5747893258426966 0.35931647940074907 0.5709269662921348 0.35463483146067415 0.5691713483146067 0.3466760299625468 0.5696980337078652 0.3352059925093633 0.5728581460674157 0.32818352059925093 0.5779494382022472 0.3232677902621723 0.5849719101123596 0.32092696629213485
0 0.5574087078651685 0.32069288389513106 0.5647823033707865 0.3279494382022472 0.5665379213483146 0.3419943820224719 0.5610955056179775 0.3532303370786517 0.5537219101123596 0.35510299625468167 0.5488061797752809 0.35369850187265917 0.542310393258427 0.34691011235955055 0.5407303370786517 0.3347378277153558 0.546875 0.3227996254681648 0.550561797752809 0.3202247191011236 0.5572331460674157 0.32069288389513106
0 0.5294943820224719 0.3136704119850187 0.5379213483146067 0.32397003745318353 0.5389747191011236 0.33965355805243447 0.5314255617977528 0.35369850187265917 0.520189606741573 0.35978464419475653 0.515625 0.35931647940074907 0.507373595505618 0.3522940074906367 0.5061446629213483 0.3485486891385768 0.5080758426966292 0.33146067415730335 0.5150983146067416 0.3160112359550562 0.5293188202247191 0.3136704119850187
0 0.551439606741573 0.6605805243445693 0.5586376404494382 0.6647940074906367 0.5619733146067416 0.6718164794007491 0.5626755617977528 0.6818820224719101 0.558813202247191 0.6928838951310862 0.5509129213483146 0.6966292134831461 0.5433637640449438 0.6947565543071161 0.5393258426966292 0.6898408239700374 0.5375702247191011 0.6786048689138576 0.5403792134831461 0.6643258426966292 0.5512640449438202 0.6605805243445693
0 0.5280898876404494 0.6060393258426966 0.5363412921348315 0.612125468164794 0.5373946629213483 0.6219569288389513 0.5363412921348315 0.6308520599250936 0.5261587078651685 0.638810861423221 0.5191362359550562 0.6374063670411985 0.511938202247191 0.6315543071161048 0.5107092696629213 0.6161048689138576 0.5149227528089888 0.6090823970037453 0.5224719101123596 0.6055711610486891 0.5279143258426966 0.6060393258426966
0 0.36639747191011235 0.3103932584269663 0.37377106741573035 0.3176498127340824 0.3751755617977528 0.3291198501872659 0.3707865168539326 0.3403558052434457 0.363061797752809 0.3455056179775281 0.3532303370786517 0.33848314606741575 0.35042134831460675 0.324438202247191 0.3558637640449438 0.31320224719101125 0.36622191011235955 0.3103932584269663
0 0.522998595505618 0.591058052434457 0.5344101123595506 0.6058052434456929 0.5384480337078652 0.6179775280898876 0.5363412921348315 0.6322565543071161 0.5258075842696629 0.641619850187266 0.5150983146067416 0.6399812734082397 0.5100070224719101 0.6336610486891385 0.5071980337078652 0.6240636704119851 0.5096558988764045 0.5955056179775281 0.5152738764044944 0.591058052434457 0.5228230337078652 0.591058052434457
0 0.4827949438202247 0.6502808988764045 0.492626404494382 0.6554307116104869 0.4982443820224719 0.6666666666666666 0.4984199438202247 0.6753277153558053 0.4956109550561798 0.6828183520599251 0.4878862359550562 0.6889044943820225 0.47735252808988765 0.6863295880149812 0.4726123595505618 0.6783707865168539 0.47384129213483145 0.6540262172284644 0.47735252808988765 0.650749063670412 0.4826193820224719 0.6502808988764045
0 0.3981741573033708 0.31296816479400746 0.40695224719101125 0.32069288389513106 0.4085323033707865 0.3321629213483146 0.40747893258426965 0.33848314606741575 0.4041432584269663 0.3429307116104869 0.39747191011235955 0.34620786516853935 0.3871137640449438 0.3429307116104869 0.3830758426966292 0.3368445692883895 0.38202247191011235 0.3265449438202247 0.3862359550561798 0.31624531835205993 0.397998595505618 0.31296816479400746
0 0.48893960674157305 0.48478464419475653 0.49894662921348315 0.48993445692883897 0.5024578651685393 0.49812734082397003 0.5015800561797753 0.5121722846441947 0.4980688202247191 0.5173220973782772 0.4922752808988764 0.5191947565543071 0.47981039325842695 0.5159176029962547 0.476123595505618 0.5044475655430711 0.4766502808988764 0.4955524344569288 0.47963483146067415 0.48852996254681647 0.4887640449438202 0.48478464419475653
0 0.589185393258427 0.648876404494382 0.5930477528089888 0.6533239700374532 0.5958567415730337 0.6666666666666666 0.5914676966292135 0.6797752808988764 0.585498595505618 0.6842228464419475 0.578125 0.6823501872659176 0.5675912921348315 0.6729868913857678 0.5668890449438202 0.6591760299625468 0.5732092696629213 0.6495786516853933 0.5890098314606742 0.648876404494382
0 0.6163974719101124 0.5756086142322098 0.625 0.5800561797752809 0.6304424157303371 0.5912921348314607 0.6288623595505618 0.6036985018726592 0.6251755617977528 0.6097846441947565 0.6202598314606742 0.612125468164794 0.609375 0.6093164794007491 0.6037570224719101 0.6032303370786517 0.6014747191011236 0.596441947565543 0.6049859550561798 0.5814606741573034 0.6162219101123596 0.5756086142322098
0 0.45997191011235955 0.3059456928838951 0.46752106741573035 0.3099250936329588 0.4708567415730337 0.3157771535580524 0.47173455056179775 0.33590823970037453 0.4741924157303371 0.34176029962546817 0.46769662921348315 0.34925093632958804 0.46348314606741575 0.3506554307116105 0.4550561797752809 0.3485486891385768 0.44592696629213485 0.3424625468164794 0.4390800561797753 0.33239700374531833 0.43697331460674155 0.32303370786516855 0.4375 0.31741573033707865 0.44276685393258425 0.31062734082397003 0.45979634831460675 0.3059456928838951
0 0.5537219101123596 0.6132958801498127 0.5609199438202247 0.6170411985018727 0.5660112359550562 0.6301498127340824 0.5647823033707865 0.6444288389513109 0.5575842696629213 0.6523876404494382 0.546875 0.6512172284644194 0.5416081460674157 0.6451310861423221 0.5387991573033708 0.6360018726591761 0.5433637640449438 0.6151685393258427 0.5535463483146067 0.6132958801498127
0 0.520189606741573 0.6573033707865169 0.5294943820224719 0.661750936329588 0.5338834269662921 0.6725187265917603 0.5323033707865169 0.6858614232209738 0.5226474719101124 0.6942883895131086 0.5121137640449438 0.6910112359550562 0.5071980337078652 0.6795411985018727 0.5103581460674157 0.6615168539325843 0.5154494382022472 0.6575374531835206 0.5200140449438202 0.6573033707865169
0 0.616748595505618 0.36563670411985016 0.6237710674157303 0.36961610486891383 0.6276334269662921 0.37640449438202245 0.6285112359550562 0.38459737827715357 0.6251755617977528 0.39442883895131087 0.6165730337078652 0.4012172284644195 0.6081460674157303 0.398876404494382 0.6018258426966292 0.3881086142322097 0.6030547752808989 0.37312734082397003 0.6079705056179775 0.3684456928838951 0.6165730337078652 0.36563670411985016
0 0.3572682584269663 0.6523876404494382 0.37008426966292135 0.6580056179775281 0.371313202247191 0.6713483146067416 0.36973314606741575 0.6814138576779026 0.3591994382022472 0.6905430711610487 0.34884129213483145 0.6884363295880149 0.3439255617977528 0.6762640449438202 0.34375 0.6678370786516854 0.34620786516853935 0.6605805243445693 0.35235252808988765 0.6540262172284644 0.3570926966292135 0.6523876404494382
0 0.3732443820224719 0.5187265917602997 0.38009129213483145 0.525749063670412 0.38360252808988765 0.5355805243445693 0.3807935393258427 0.5519662921348315 0.3732443820224719 0.5582865168539326 0.3553370786516854 0.5503277153558053 0.35235252808988765 0.5433052434456929 0.3558637640449438 0.5299625468164794 0.3674508426966292 0.5198970037453183 0.3730688202247191 0.5187265917602997
0 0.37008426966292135 0.3951310861423221 0.38026685393258425 0.40098314606741575 0.38377808988764045 0.4096441947565543 0.38167134831460675 0.4250936329588015 0.3767556179775281 0.43047752808988765 0.37183988764044945 0.43141385767790263 0.3611306179775281 0.42930711610486894 0.35674157303370785 0.42181647940074907 0.3577949438202247 0.4049625468164794 0.36200842696629215 0.398876404494382 0.36990870786516855 0.3951310861423221
0 0.421875 0.6446629213483146 0.4299508426966292 0.6502808988764045 0.43293539325842695 0.6629213483146067 0.43275983146067415 0.6683052434456929 0.4281952247191011 0.6767322097378277 0.4220505617977528 0.6811797752808989 0.413623595505618 0.6776685393258427 0.4066011235955056 0.6650280898876404 0.41081460674157305 0.6484082397003745 0.4216994382022472 0.6446629213483146
0 0.453125 0.35674157303370785 0.4669943820224719 0.3625936329588015 0.4689255617977528 0.3771067415730337 0.4647120786516854 0.38647003745318353 0.45786516853932585 0.39115168539325845 0.45259831460674155 0.3913857677902622 0.444873595505618 0.38459737827715357 0.4438202247191011 0.36587078651685395 0.44785814606741575 0.35908239700374533 0.4529494382022472 0.35697565543071164
0 0.5816362359550562 0.4089419475655431 0.5870786516853933 0.4110486891385768 0.5932233146067416 0.41807116104868913 0.5923455056179775 0.43984082397003743 0.5897120786516854 0.4461610486891386 0.5711025280898876 0.45435393258426965 0.5603932584269663 0.4461610486891386 0.5598665730337079 0.4353932584269663 0.5658356741573034 0.41807116104868913 0.569873595505618 0.412687265917603 0.5814606741573034 0.4089419475655431
0 0.39782303370786515 0.5280898876404494 0.40870786516853935 0.5348782771535581 0.41344803370786515 0.5430711610486891 0.4120435393258427 0.5585205992509363 0.4043188202247191 0.5662453183520599 0.39185393258426965 0.5615636704119851 0.38570926966292135 0.5533707865168539 0.3871137640449438 0.5393258426966292 0.39536516853932585 0.5332397003745318 0.3948384831460674 0.5294943820224719 0.39764747191011235 0.5280898876404494
0 0.5270365168539326 0.31390449438202245 0.5363412921348315 0.32256554307116103 0.5382724719101124 0.3347378277153558 0.5305477528089888 0.34808052434456926 0.5233497191011236 0.35042134831460675 0.5121137640449438 0.3455056179775281 0.5098314606741573 0.3419943820224719 0.5087780898876404 0.3326310861423221 0.5154494382022472 0.31647940074906367 0.5268609550561798 0.31390449438202245
0 0.3655196629213483 0.5594569288389513 0.37359550561797755 0.5610955056179775 0.3785112359550562 0.5664794007490637 0.38009129213483145 0.5718632958801498 0.3767556179775281 0.5919943820224719 0.36990870786516855 0.600187265917603 0.3653441011235955 0.5957397003745318 0.359375 0.5952715355805244 0.35235252808988765 0.5884831460674157 0.35042134831460675 0.5781835205992509 0.3518258426966292 0.5676498127340824 0.3558637640449438 0.5615636704119851 0.3653441011235955 0.5594569288389513
0 0.4920997191011236 0.35884831460674155 0.49947331460674155 0.362125468164794 0.5038623595505618 0.37336142322097376 0.5019311797752809 0.38670411985018727 0.49490870786516855 0.3920880149812734 0.48297050561797755 0.38764044943820225 0.47945926966292135 0.3775749063670412 0.4822682584269663 0.36540262172284643 0.4859550561797753 0.3609550561797753 0.4919241573033708 0.35884831460674155
0 0.3946629213483146 0.6088483146067416 0.4022120786516854 0.6137640449438202 0.40677668539325845 0.6301498127340824 0.4044943820224719 0.639747191011236 0.39396067415730335 0.6486423220973783 0.3865870786516854 0.6481741573033708 0.3811446629213483 0.6444288389513109 0.37816011235955055 0.6399812734082397 0.3765800561797753 0.6264044943820225 0.37798455056179775 0.6191479400749064 0.3829002808988764 0.612125468164794 0.3944873595505618 0.6088483146067416
0 0.3941362359550562 0.35252808988764045 0.4044943820224719 0.3586142322097378 0.4060744382022472 0.37312734082397003 0.40115870786516855 0.3827247191011236 0.390625 0.3862359550561798 0.3825491573033708 0.38038389513108617 0.37974016853932585 0.37312734082397003 0.37974016853932585 0.36540262172284643 0.38412921348314605 0.35580524344569286 0.39396067415730335 0.35252808988764045
0 0.3948384831460674 0.5683520599250936 0.40098314606741575 0.5692883895131086 0.40712780898876405 0.5742041198501873 0.4101123595505618 0.5877808988764045 0.40941011235955055 0.5952715355805244 0.39747191011235955 0.6058052434456929 0.38535814606741575 0.6015917602996255 0.3807935393258427 0.5889513108614233 0.3844803370786517 0.572565543071161 0.38816713483146065 0.5690543071161048 0.3946629213483146 0.5683520599250936
0 0.616748595505618 0.3249063670411985 0.6244733146067416 0.3312265917602996 0.625877808988764 0.34222846441947563 0.6221910112359551 0.3529962546816479 0.6144662921348315 0.35814606741573035 0.6086727528089888 0.35697565543071164 0.6014747191011236 0.3485486891385768 0.6005969101123596 0.33824906367041196 0.6055126404494382 0.3274812734082397 0.6165730337078652 0.3249063670411985
0 0.4260884831460674 0.5997191011235955 0.4352176966292135 0.6055711610486891 0.4397823033707865 0.6168071161048689 0.4339887640449438 0.6336610486891385 0.42327949438202245 0.6383426966292135 0.4123946629213483 0.6327247191011236 0.40958567415730335 0.6266385767790262 0.4083567415730337 0.6158707865168539 0.4106390449438202 0.6088483146067416 0.4178370786516854 0.6013576779026217 0.4259129213483146 0.5997191011235955
0 0.3628862359550562 0.350187265917603 0.37166432584269665 0.3548689138576779 0.37552668539325845 0.3642322097378277 0.3734199438202247 0.3792134831460674 0.36622191011235955 0.38506554307116103 0.35463483146067415 0.3815543071161049 0.351123595505618 0.37687265917602997 0.34884129213483145 0.3663389513108614 0.35235252808988765 0.3548689138576779 0.36271067415730335 0.350187265917603
0 0.4064255617977528 0.39747191011235955 0.41502808988764045 0.40379213483146065 0.4195926966292135 0.41409176029962547 0.4159058988764045 0.425561797752809 0.4116924157303371 0.4309456928838951 0.4064255617977528 0.4330524344569288 0.39343398876404495 0.43047752808988765 0.3888693820224719 0.4187734082397004 0.38939606741573035 0.4080056179775281 0.39343398876404495 0.40191947565543074 0.4008075842696629 0.3972378277153558 0.40625 0.39747191011235955
0 0.363061797752809 0.6079119850187266 0.3714887640449438 0.611189138576779 0.375 0.6158707865168539 0.37605337078651685 0.6233614232209738 0.37394662921348315 0.6371722846441947 0.3628862359550562 0.6451310861423221 0.35797050561797755 0.6446629213483146 0.35235252808988765 0.6395131086142322 0.3500702247191011 0.6278089887640449 0.35217696629213485 0.6158707865168539 0.3551615168539326 0.6116573033707865 0.3628862359550562 0.6079119850187266
0 0.6135884831460674 0.5353464419475655 0.6242977528089888 0.5397940074906367 0.6267556179775281 0.5433052434456929 0.6285112359550562 0.5533707865168539 0.6260533707865169 0.5639044943820225 0.6165730337078652 0.5720973782771536 0.6074438202247191 0.5685861423220974 0.6005969101123596 0.5571161048689138 0.6018258426966292 0.5433052434456929 0.6134129213483146 0.5353464419475655
0 0.4957865168539326 0.31320224719101125 0.5022823033707865 0.3176498127340824 0.5066713483146067 0.33146067415730335 0.5028089887640449 0.3431647940074906 0.4980688202247191 0.34831460674157305 0.484375 0.3450374531835206 0.48121488764044945 0.33497191011235955 0.4808637640449438 0.3279494382022472 0.48367275280898875 0.3181179775280899 0.48929073033707865 0.3136704119850187 0.4956109550561798 0.31320224719101125
0 0.6200842696629213 0.6203183520599251 0.6281601123595506 0.6264044943820225 0.6309691011235955 0.6362359550561798 0.6300912921348315 0.6472378277153558 0.6234199438202247 0.6554307116104869 0.6200842696629213 0.6561329588014981 0.609375 0.6521535580524345 0.6027036516853933 0.6406835205992509 0.6069171348314607 0.6280430711610487 0.6151685393258427 0.6210205992509363 0.6199087078651685 0.6203183520599251
0 0.491748595505618 0.6132958801498127 0.4982443820224719 0.6144662921348315 0.5015800561797753 0.6193820224719101 0.5038623595505618 0.6348314606741573 0.5015800561797753 0.6446629213483146 0.49157303370786515 0.6512172284644194 0.4827949438202247 0.6477059925093633 0.4768258426966292 0.636938202247191 0.480688202247191 0.6193820224719101 0.49157303370786515 0.6132958801498127
0 0.37008426966292135 0.48080524344569286 0.37745786516853935 0.48384831460674155 0.3827247191011236 0.49250936329588013 0.383251404494382 0.50187265917603 0.3767556179775281 0.5161516853932584 0.359375 0.5124063670411985 0.35235252808988765 0.5053838951310862 0.3574438202247191 0.48782771535580527 0.3628862359550562 0.4824438202247191 0.36990870786516855 0.48080524344569286
0 0.5814606741573034 0.3642322097378277 0.5884831460674157 0.3677434456928839 0.5926966292134831 0.37336142322097376 0.5944522471910112 0.38295880149812733 0.5919943820224719 0.39536516853932585 0.5853230337078652 0.39864232209737827 0.5719803370786517 0.3958333333333333 0.5677668539325843 0.3904494382022472 0.5704002808988764 0.36961610486891383 0.5812851123595506 0.3642322097378277
0 0.4297752808988764 0.3157771535580524 0.4355688202247191 0.3192883895131086 0.4397823033707865 0.3387172284644195 0.43697331460674155 0.34527153558052437 0.42907303370786515 0.34925093632958804 0.418188202247191 0.3431647940074906 0.4141502808988764 0.33052434456928836 0.42117275280898875 0.3171816479400749 0.4295997191011236 0.3157771535580524
0 0.40098314606741575 0.48431647940074907 0.40923455056179775 0.4887640449438202 0.4122191011235955 0.5016385767790262 0.41116573033707865 0.5121722846441947 0.40133426966292135 0.5201310861423221 0.390625 0.5163857677902621 0.386938202247191 0.5105337078651685 0.38570926966292135 0.5021067415730337 0.3862359550561798 0.4948501872659176 0.39009831460674155 0.4892322097378277 0.4008075842696629 0.48431647940074907
0 0.6063904494382022 0.49391385767790263 0.6200842696629213 0.4969569288389513 0.6253511235955056 0.5063202247191011 0.6234199438202247 0.5236423220973783 0.6172752808988764 0.5306647940074907 0.6104283707865169 0.5320692883895131 0.6009480337078652 0.5294943820224719 0.5963834269662921 0.5088951310861424 0.5988412921348315 0.49812734082397003 0.6021769662921348 0.4943820224719101 0.6062148876404494 0.49391385767790263
0 0.6202598314606742 0.6566011235955056 0.6264044943820225 0.6603464419475655 0.6302668539325843 0.6683052434456929 0.6313202247191011 0.6832865168539326 0.6265800561797753 0.6954588014981273 0.6186797752808989 0.6985018726591761 0.6128862359550562 0.6980337078651685 0.6055126404494382 0.6926498127340824 0.6018258426966292 0.68562734082397 0.6005969101123596 0.6732209737827716 0.602001404494382 0.6652621722846442 0.6053370786516854 0.6601123595505618 0.6121839887640449 0.6561329588014981 0.6200842696629213 0.6566011235955056
0 0.5819873595505618 0.612125468164794 0.5923455056179775 0.6182116104868914 0.5944522471910112 0.6301498127340824 0.5923455056179775 0.639747191011236 0.5860252808988764 0.6458333333333334 0.5800561797752809 0.6477059925093633 0.5711025280898876 0.6437265917602997 0.5681179775280899 0.6292134831460674 0.5684691011235955 0.62312734082397 0.5716292134831461 0.6172752808988764 0.581811797752809 0.612125468164794
0 0.5191362359550562 0.36235955056179775 0.5268609550561798 0.36563670411985016 0.5314255617977528 0.37336142322097376 0.5298455056179775 0.3890449438202247 0.5261587078651685 0.39489700374531833 0.5198384831460674 0.3977059925093633 0.5080758426966292 0.39536516853932585 0.5061446629213483 0.3785112359550562 0.5061446629213483 0.37312734082397003 0.5093047752808989 0.3661048689138577 0.5189606741573034 0.36235955056179775
0 0.5503862359550562 0.3651685393258427 0.5598665730337079 0.37336142322097376 0.5617977528089888 0.39091760299625467 0.5570575842696629 0.40098314606741575 0.5472261235955056 0.4054307116104869 0.5377457865168539 0.39747191011235955 0.5352879213483146 0.39068352059925093 0.5352879213483146 0.3782771535580524 0.5363412921348315 0.37312734082397003 0.5414325842696629 0.3663389513108614 0.5502106741573034 0.3651685393258427
0 0.45575842696629215 0.6463014981273408 0.4643609550561798 0.653558052434457 0.46576544943820225 0.6661985018726592 0.460498595505618 0.6814138576779026 0.4534761235955056 0.6863295880149812 0.44610252808988765 0.6851591760299626 0.44241573033707865 0.6814138576779026 0.4378511235955056 0.6718164794007491 0.4375 0.6647940074906367 0.4392556179775281 0.6472378277153558 0.45558286516853935 0.6463014981273408
0 0.36446629213483145 0.43679775280898875 0.37429775280898875 0.4419475655430712 0.37798455056179775 0.4529494382022472 0.3748244382022472 0.46558988764044945 0.36622191011235955 0.4714419475655431 0.35481039325842695 0.4674625468164794 0.3518258426966292 0.46301498127340823 0.3500702247191011 0.45365168539325845 0.35235252808988765 0.4417134831460674 0.3591994382022472 0.43679775280898875 0.36429073033707865 0.43679775280898875
2 0.6378744733146068 0.31210978464419475 0.34844224016853936 0.3057823033707865 0.3418951896067416 0.69425234082397 0.633281952247191 0.7002080992509364
1 0.43240695224719095 0.4207350187265918 0.02328651685393258 0.03154728464419476
1 0.46530723314606737 0.42135767790262174 0.022375351123595507 0.03434925093632959
1 0.4919399578651686 0.42401451310861427 0.022972261235955055 0.02874297752808989
1 0.5196172752808988 0.423686797752809 0.02097612359550562 0.029644194756554307
1 0.5503353230337079 0.4249555243445693 0.02037921348314607 0.027502340823970035
1 0.5812008426966292 0.4686680711610487 0.01773876404494382 0.02597378277153558
1 0.5801316713483146 0.5041573033707866 0.019109901685393258 0.03140917602996255
1 0.5790519662921348 0.5435791198501873 0.02163448033707865 0.03222612359550561
1 0.5788448033707865 0.5829845505617978 0.021218398876404494 0.029892322097378278
1 0.5476755617977528 0.5831928838951311 0.019741924157303373 0.02718398876404494
1 0.5482742275280899 0.5427762172284644 0.022110252808988765 0.030620318352059927
1 0.5489817415730337 0.5054611423220974 0.02118328651685393 0.032457865168539324
1 0.5493521769662921 0.46486189138576783 0.02309691011235955 0.032408707865168536
1 0.5199490870786517 0.46319054307116103 0.020470505617977527 0.03374765917602996
1 0.5195049157303371 0.504440543071161 0.02308988764044944 0.03197565543071161
1 0.5181741573033708 0.5421395131086142 0.020431882022471908 0.03090823970037453
1 0.5185463483146067 0.5814536516853932 0.02117450842696629 0.02682818352059925
1 0.48968925561797755 0.5809925093632958 0.024322331460674154 0.02902621722846442
1 0.490186095505618 0.5415894194756554 0.024146769662921348 0.029805711610486892
1 0.46199789325842694 0.623565074906367 0.02628862359550562 0.028342696629213484
1 0.4608339185393258 0.581629213483146 0.025131671348314608 0.03186095505617978
1 0.4627001404494382 0.5409246254681648 0.023012640449438203 0.030037453183520597
1 0.4640800561797753 0.501631554307116 0.019922752808988763 0.031039325842696627
1 0.46660287921348315 0.4634925093632959 0.020282654494382022 0.032790262172284645
1 0.4918047752808989 0.4635720973782772 0.026211376404494384 0.029826779026217227
1 0.43311271067415735 0.4624204119850187 0.022359550561797753 0.03220505617977528
1 0.4338219803370787 0.4997682584269663 0.02260884831460674 0.03199672284644195
1 0.4332654494382023 0.5414419475655431 0.02032303370786517 0.02951310861423221
1 0.4311604634831461 0.5812944756554307 0.02313553370786517 0.02807116104868914