1 0.4048261938202247 0.36964185393258425 0.021962780898876405 0.032357209737827713
1 0.37337429775280895 0.5323408239700375 0.026945224719101123 0.034719101123595504
1 0.3694908707865168 0.6161072097378277 0.02737183988764045 0.036830524344569286
1 0.4627580758426966 0.6180360486891385 0.02195751404494382 0.0344499063670412
1 0.5200421348314607 0.5811727528089887 0.02182584269662921 0.023146067415730335
1 0.4645593398876405 0.5373970037453184 0.022050561797752808 0.027666198501872658
1 0.4934638342696629 0.5403558052434457 0.024850772471910115 0.028904494382022472
1 0.5803511235955056 0.5831460674157303 0.020721558988764044 0.030215355805243448
1 0.5776948735955056 0.6207607677902621 0.02125877808988764 0.028974719101123595
1 0.5488957162921348 0.6624906367041198 0.023353230337078652 0.02660580524344569
1 0.6141046348314607 0.42639279026217225 0.019174859550561797 0.030376872659176032
1 0.5562025983146067 0.3794241573033708 0.02509304775280899 0.03163389513108614
1 0.5532794943820225 0.4657256554307116 0.01924859550561798 0.026334269662921347
1 0.5517345505617978 0.5010276217228464 0.02434691011235955 0.032954119850187265
1 0.5216379915730337 0.5006460674157304 0.0215063202247191 0.02907069288389513
1 0.4950825140449438 0.4997425093632959 0.023404143258426966 0.02882256554307116
1 0.4658725421348315 0.4977645131086142 0.023504213483146068 0.026427902621722846
1 0.43736481741573036 0.49510065543071163 0.017988061797752808 0.030461142322097377
1 0.4955143960674157 0.459686329588015 0.02192942415730337 0.031418539325842695
1 0.4663272471910112 0.45722612359550563 0.025586376404494383 0.031179775280898873
2 0.3522940660112359 0.2941636235955056 0.646611481741573 0.31151544943820225 0.6347428019662921 0.7049873595505618 0.3388114466292135 0.6845416666666667
0 0.3553370786516854 0.3157771535580524 0.3558637640449438 0.32514044943820225 0.3576193820224719 0.33029026217228463 0.36060393258426965 0.33497191011235955 0.3628862359550562 0.33614232209737827 0.38412921348314605 0.3387172284644195 0.38395365168539325 0.33707865168539325 0.382373595505618 0.3356741573033708 0.38184691011235955 0.3333333333333333 0.37991573033707865 0.33192883895131087 0.3813202247191011 0.33029026217228463 0.38184691011235955 0.3274812734082397 0.38360252808988765 0.3249063670411985 0.382373595505618 0.31203183520599254 0.3806179775280899 0.3080524344569288 0.37587780898876405 0.30337078651685395 0.371313202247191 0.3012640449438202 0.3628862359550562 0.3017322097378277 0.35814606741573035 0.3057116104868914 0.35603932584269665 0.31086142322097376
0 0.35481039325842695 0.35135767790262173 0.3549859550561798 0.3586142322097378 0.35674157303370785 0.36587078651685395 0.36007724719101125 0.37008426966292135 0.36200842696629215 0.37663857677902624 0.363061797752809 0.37734082397003743 0.36797752808988765 0.3785112359550562 0.36973314606741575 0.37991573033707865 0.37359550561797755 0.3794475655430712 0.37833567415730335 0.37663857677902624 0.3771067415730337 0.37359550561797755 0.3785112359550562 0.37102059925093633 0.3843047752808989 0.3663389513108614 0.38377808988764045 0.3618913857677903 0.38535814606741575 0.35884831460674155 0.3829002808988764 0.3522940074906367 0.3772823033707865 0.34386704119850187 0.3728932584269663 0.34012172284644193 0.3688553370786517 0.3387172284644195 0.36271067415730335 0.33824906367041196 0.35884831460674155 0.34129213483146065
0 0.3534058988764045 0.40051498127340823 0.3532303370786517 0.4049625468164794 0.35410814606741575 0.40987827715355807 0.35603932584269665 0.4147940074906367 0.3595505617977528 0.41970973782771537 0.36253511235955055 0.42134831460674155 0.37394662921348315 0.42392322097378277 0.38009129213483145 0.4229868913857678 0.3825491573033708 0.42158239700374533 0.38360252808988765 0.41924157303370785 0.38412921348314605 0.40823970037453183 0.38360252808988765 0.3993445692883895 0.3811446629213483 0.3904494382022472 0.3771067415730337 0.386938202247191 0.37359550561797755 0.38647003745318353 0.366748595505618 0.38295880149812733 0.36077949438202245 0.3848314606741573 0.3574438202247191 0.38881086142322097 0.35463483146067415 0.39396067415730335
0 0.35252808988764045 0.43913857677902624 0.35270365168539325 0.45224719101123595 0.3535814606741573 0.4559925093632959 0.359375 0.46301498127340823 0.36271067415730335 0.46512172284644193 0.36604634831460675 0.4658239700374532 0.37833567415730335 0.46324906367041196 0.38219803370786515 0.449438202247191 0.38184691011235955 0.43890449438202245 0.37833567415730335 0.43141385767790263 0.37008426966292135 0.4272003745318352 0.36271067415730335 0.42579588014981273 0.3570926966292135 0.43000936329588013 0.35428370786516855 0.4339887640449438
0 0.35691713483146065 0.4913389513108614 0.35463483146067415 0.5124063670411985 0.3558637640449438 0.5159176029962547 0.35832162921348315 0.5191947565543071 0.36271067415730335 0.5222378277153558 0.3656952247191011 0.5229400749063671 0.36832865168539325 0.5222378277153558 0.3825491573033708 0.5124063670411985 0.38588483146067415 0.5063202247191011 0.38728932584269665 0.5021067415730337 0.386938202247191 0.4913389513108614 0.38360252808988765 0.4772940074906367 0.37359550561797755 0.4747191011235955 0.36973314606741575 0.4747191011235955 0.36622191011235955 0.4758895131086142 0.36060393258426965 0.48103932584269665
0 0.34691011235955055 0.5737359550561798 0.3458567415730337 0.5777153558052435 0.3460323033707865 0.5852059925093633 0.3481390449438202 0.5917602996254682 0.35217696629213485 0.5962078651685393 0.3555126404494382 0.598314606741573 0.3616573033707865 0.5987827715355806 0.3688553370786517 0.5952715355805244 0.371313202247191 0.591058052434457 0.3769311797752809 0.5690543071161048 0.37780898876404495 0.5678838951310862 0.37780898876404495 0.5660112359550562 0.3765800561797753 0.5622659176029963 0.37377106741573035 0.5620318352059925 0.36990870786516855 0.5596910112359551 0.36025280898876405 0.5601591760299626 0.35603932584269665 0.5617977528089888 0.3512991573033708 0.5650749063670412 0.3493679775280899 0.5674157303370787
0 0.34322331460674155 0.6580056179775281 0.3433988764044944 0.6647940074906367 0.3460323033707865 0.6750936329588015 0.35235252808988765 0.6802434456928839 0.3591994382022472 0.6804775280898876 0.3686797752808989 0.6750936329588015 0.37219101123595505 0.6647940074906367 0.37394662921348315 0.6537921348314607 0.37166432584269665 0.6484082397003745 0.3674508426966292 0.6427902621722846 0.36446629213483145 0.6409176029962547 0.3591994382022472 0.639747191011236 0.3491924157303371 0.6465355805243446
0 0.371313202247191 0.6226591760299626 0.36990870786516855 0.6303838951310862 0.3734199438202247 0.6402153558052435 0.3765800561797753 0.6444288389513109 0.3809691011235955 0.6434925093632958 0.38395365168539325 0.6439606741573034 0.3909761235955056 0.6411516853932584 0.3941362359550562 0.6336610486891385 0.3985252808988764 0.6303838951310862 0.39957865168539325 0.62687265917603 0.3983497191011236 0.6212546816479401 0.39747191011235955 0.6093164794007491 0.3964185393258427 0.6062734082397003 0.3941362359550562 0.6034644194756554 0.390625 0.6025280898876404 0.3864115168539326 0.602996254681648 0.38360252808988765 0.6018258426966292 0.3769311797752809 0.6067415730337079 0.37236657303370785 0.6179775280898876
0 0.37377106741573035 0.6676029962546817 0.37359550561797755 0.6788389513108615 0.37552668539325845 0.6891385767790262 0.38009129213483145 0.6933520599250936 0.38395365168539325 0.6940543071161048 0.386938202247191 0.6931179775280899 0.39589185393258425 0.6835205992509363 0.4018609550561798 0.6753277153558053 0.40133426966292135 0.6612827715355806 0.39922752808988765 0.6544943820224719 0.3941362359550562 0.6458333333333334 0.39009831460674155 0.6479400749063671 0.3862359550561798 0.6467696629213483 0.37991573033707865 0.6481741573033708 0.37745786516853935 0.649812734082397 0.3746488764044944 0.6580056179775281
0 0.40361657303370785 0.6474719101123596 0.4044943820224719 0.6500468164794008 0.4044943820224719 0.6537921348314607 0.4027387640449438 0.6680711610486891 0.40291432584269665 0.6718164794007491 0.4041432584269663 0.6753277153558053 0.40677668539325845 0.6788389513108615 0.41116573033707865 0.6804775280898876 0.41485252808988765 0.6800093632958801 0.4239817415730337 0.6753277153558053 0.43065308988764045 0.6683052434456929 0.4320575842696629 0.6631554307116105 0.43240870786516855 0.6533239700374532 0.4318820224719101 0.6484082397003745 0.430126404494382 0.6425561797752809 0.42679073033707865 0.6360018726591761 0.4220505617977528 0.6338951310861424 0.41134129213483145 0.6355337078651685 0.40747893258426965 0.6392790262172284
0 0.3829002808988764 0.5739700374531835 0.3830758426966292 0.5816947565543071 0.3867626404494382 0.5919943820224719 0.39378511235955055 0.5938670411985019 0.4064255617977528 0.5926966292134831 0.4122191011235955 0.5889513108614233 0.41537921348314605 0.584503745318352 0.41660814606741575 0.5739700374531835 0.4159058988764045 0.5613295880149812 0.413623595505618 0.5578183520599251 0.4125702247191011 0.5533707865168539 0.4081811797752809 0.5512640449438202 0.40098314606741575 0.5512640449438202 0.39378511235955055 0.5529026217228464 0.39009831460674155 0.5564138576779026 0.3865870786516854 0.5620318352059925
0 0.4043188202247191 0.6100187265917603 0.4043188202247191 0.6168071161048689 0.40905898876404495 0.6264044943820225 0.4141502808988764 0.6308520599250936 0.4199438202247191 0.6315543071161048 0.425561797752809 0.6301498127340824 0.4259129213483146 0.6280430711610487 0.4274929775280899 0.6266385767790262 0.42661516853932585 0.62312734082397 0.42837078651685395 0.6128277153558053 0.4297752808988764 0.6107209737827716 0.43416432584269665 0.6093164794007491 0.42854634831460675 0.6053370786516854 0.4274929775280899 0.6013576779026217 0.4234550561797753 0.5978464419475655 0.4216994382022472 0.5966760299625468 0.41731039325842695 0.5959737827715356 0.4122191011235955 0.5973782771535581 0.4078300561797753 0.6015917602996255
0 0.43697331460674155 0.6500468164794008 0.43662219101123595 0.6577715355805244 0.43855337078651685 0.6640917602996255 0.44241573033707865 0.6699438202247191 0.449438202247191 0.6732209737827716 0.4573384831460674 0.6659644194756554 0.4610252808988764 0.6544943820224719 0.4606741573033708 0.649812734082397 0.45839185393258425 0.6432584269662921 0.4529494382022472 0.637874531835206 0.4496137640449438 0.6364700374531835 0.44224016853932585 0.638810861423221 0.43820224719101125 0.6439606741573034
0 0.47173455056179775 0.6512172284644194 0.4703300561797753 0.6542602996254682 0.4708567415730337 0.6566011235955056 0.4708567415730337 0.6685393258426966 0.4729634831460674 0.6741573033707865 0.47752808988764045 0.6783707865168539 0.4784058988764045 0.6811797752808989 0.4826193820224719 0.6828183520599251 0.4878862359550562 0.6825842696629213 0.49122191011235955 0.6800093632958801 0.4943820224719101 0.6753277153558053 0.4961376404494382 0.6650280898876404 0.4924508426966292 0.651685393258427 0.48911516853932585 0.648876404494382 0.4782303370786517 0.6458333333333334 0.47524578651685395 0.647003745318352
0 0.4762991573033708 0.6212546816479401 0.476123595505618 0.6306179775280899 0.4784058988764045 0.6409176029962547 0.4845505617977528 0.6446629213483146 0.49122191011235955 0.6455992509363296 0.49490870786516855 0.6441947565543071 0.49912219101123595 0.6404494382022472 0.5005266853932584 0.635065543071161 0.5010533707865169 0.6259363295880149 0.4996488764044944 0.6198501872659176 0.4957865168539326 0.6144662921348315 0.49139747191011235 0.6114232209737828 0.48753511235955055 0.6109550561797753 0.4840238764044944 0.6088483146067416 0.48332162921348315 0.6093164794007491 0.4824438202247191 0.613061797752809 0.4799859550561798 0.6147003745318352
0 0.507373595505618 0.663623595505618 0.5077247191011236 0.6720505617977528 0.5100070224719101 0.6811797752808989 0.5121137640449438 0.6846910112359551 0.5152738764044944 0.6872659176029963 0.5200140449438202 0.6884363295880149 0.5259831460674157 0.6867977528089888 0.5286165730337079 0.6842228464419475 0.5316011235955056 0.6790730337078652 0.5326544943820225 0.6718164794007491 0.5323033707865169 0.6659644194756554 0.5294943820224719 0.6582397003745318 0.5256320224719101 0.6549625468164794 0.5189606741573034 0.6537921348314607 0.5131671348314607 0.6558988764044944 0.5096558988764045 0.6584737827715356
0 0.5043890449438202 0.6055711610486891 0.5042134831460674 0.6097846441947565 0.5052668539325843 0.6158707865168539 0.5047401685393258 0.6198501872659176 0.5068469101123596 0.6242977528089888 0.508251404494382 0.6299157303370787 0.5117626404494382 0.6338951310861424 0.5154494382022472 0.6355337078651685 0.5226474719101124 0.635065543071161 0.5287921348314607 0.6294475655430711 0.5308988764044944 0.6264044943820225 0.5326544943820225 0.6198501872659176 0.5331811797752809 0.6128277153558053 0.5310744382022472 0.6055711610486891 0.5279143258426966 0.6013576779026217 0.5233497191011236 0.5987827715355806 0.5168539325842697 0.5919943820224719 0.5135182584269663 0.5919943820224719 0.5098314606741573 0.5999531835205992
0 0.4822682584269663 0.5676498127340824 0.48191713483146065 0.5699906367041199 0.47981039325842695 0.574438202247191 0.4803370786516854 0.5774812734082397 0.47981039325842695 0.5814606741573034 0.48367275280898875 0.5943352059925093 0.48577949438202245 0.5971441947565543 0.4898174157303371 0.5990168539325843 0.49490870786516855 0.5990168539325843 0.49754213483146065 0.5980805243445693 0.5015800561797753 0.5952715355805244 0.5057935393258427 0.5887172284644194 0.5068469101123596 0.5852059925093633 0.5061446629213483 0.5756086142322098 0.5021067415730337 0.5646067415730337 0.49473314606741575 0.5610955056179775 0.4901685393258427 0.5615636704119851 0.48525280898876405 0.5639044943820225
0 0.45172050561797755 0.5842696629213483 0.45172050561797755 0.5917602996254682 0.453125 0.5980805243445693 0.4552317415730337 0.6027621722846442 0.45979634831460675 0.6065074906367042 0.46418539325842695 0.6067415730337079 0.4706811797752809 0.6036985018726592 0.4729634831460674 0.6006554307116105 0.4750702247191011 0.5959737827715356 0.47594803370786515 0.5875468164794008 0.4745435393258427 0.5800561797752809 0.47331460674157305 0.5765449438202247 0.47015449438202245 0.5720973782771536 0.4631320224719101 0.5711610486891385 0.45768960674157305 0.5730337078651685 0.45382724719101125 0.577247191011236
0 0.42117275280898875 0.5788857677902621 0.42099719101123595 0.5821629213483146 0.421875 0.5861423220973783 0.42661516853932585 0.5924625468164794 0.4320575842696629 0.5959737827715356 0.4394311797752809 0.5957397003745318 0.4450491573033708 0.5877808988764045 0.4475070224719101 0.5760767790262172 0.4468047752808989 0.5669475655430711 0.4454002808988764 0.5641385767790262 0.43609550561797755 0.5592228464419475 0.4320575842696629 0.5592228464419475 0.42907303370786515 0.5613295880149812 0.4257373595505618 0.5615636704119851 0.42310393258426965 0.5646067415730337
0 0.41660814606741575 0.5252808988764045 0.41695926966292135 0.5362827715355806 0.42117275280898875 0.5442415730337079 0.425561797752809 0.5465823970037453 0.43223314606741575 0.5475187265917603 0.4375 0.5435393258426966 0.4392556179775281 0.537687265917603 0.44048455056179775 0.5290262172284644 0.4392556179775281 0.5229400749063671 0.4352176966292135 0.5152153558052435 0.42872191011235955 0.5126404494382022 0.4236306179775281 0.5142790262172284 0.41889044943820225 0.5191947565543071
0 0.3830758426966292 0.5264513108614233 0.38202247191011235 0.5323033707865169 0.382373595505618 0.5348782771535581 0.38360252808988765 0.5362827715355806 0.3827247191011236 0.5397940074906367 0.38728932584269665 0.5423689138576779 0.390625 0.5463483146067416 0.39343398876404495 0.545880149812734 0.39747191011235955 0.5468164794007491 0.4004564606741573 0.5449438202247191 0.4043188202247191 0.5456460674157303 0.4080056179775281 0.5435393258426966 0.40677668539325845 0.5397940074906367 0.4116924157303371 0.5330056179775281 0.4120435393258427 0.525749063670412 0.40747893258426965 0.5159176029962547 0.3941362359550562 0.5105337078651685 0.3902738764044944 0.511938202247191 0.3867626404494382 0.5161516853932584
0 0.39009831460674155 0.48408239700374533 0.38992275280898875 0.4901685393258427 0.390625 0.49461610486891383 0.39202949438202245 0.5016385767790262 0.39396067415730335 0.5044475655430711 0.40098314606741575 0.5093632958801498 0.40344101123595505 0.5098314606741573 0.4081811797752809 0.5093632958801498 0.41151685393258425 0.5046816479400749 0.41485252808988765 0.4948501872659176 0.41502808988764045 0.49063670411985016 0.4143258426966292 0.48408239700374533 0.41309691011235955 0.48080524344569286 0.40941011235955055 0.47635767790262173 0.40361657303370785 0.47401685393258425 0.39747191011235955 0.47495318352059923 0.39343398876404495 0.4777621722846442 0.39150280898876405 0.4803370786516854
0 0.38728932584269665 0.43469101123595505 0.3867626404494382 0.43773408239700373 0.38781601123595505 0.44288389513108617 0.3909761235955056 0.44569288389513106 0.390625 0.448501872659176 0.3871137640449438 0.45271535580524347 0.3886938202247191 0.45692883895131087 0.3883426966292135 0.46348314606741575 0.3909761235955056 0.46769662921348315 0.39712078651685395 0.47191011235955055 0.40870786516853935 0.4721441947565543 0.41151685393258425 0.4716760299625468 0.4155547752808989 0.46629213483146065 0.41695926966292135 0.460440074906367 0.4162570224719101 0.44592696629213485 0.4157303370786517 0.4426498127340824 0.4139747191011236 0.4405430711610487 0.4044943820224719 0.4344569288389513 0.4023876404494382 0.4344569288389513 0.39396067415730335 0.43047752808988765 0.3904494382022472 0.4311797752808989
0 0.42450842696629215 0.45997191011235955 0.42468398876404495 0.46629213483146065 0.42696629213483145 0.4747191011235955 0.4320575842696629 0.48057116104868913 0.4359199438202247 0.48057116104868913 0.4413623595505618 0.47869850187265917 0.44399578651685395 0.4768258426966292 0.44838483146067415 0.47073970037453183 0.4490870786516854 0.45997191011235955 0.44838483146067415 0.45552434456928836 0.449438202247191 0.4529494382022472 0.4476825842696629 0.4517790262172285 0.44610252808988765 0.44920411985018727 0.441186797752809 0.44662921348314605 0.43223314606741575 0.44662921348314605 0.429248595505618 0.44803370786516855 0.42643960674157305 0.45107677902621723 0.42485955056179775 0.4559925093632959
0 0.4178370786516854 0.4112827715355805 0.4197682584269663 0.42790262172284643 0.4176615168539326 0.43000936329588013 0.41695926966292135 0.4328183520599251 0.4178370786516854 0.43609550561797755 0.42134831460674155 0.44030898876404495 0.4253862359550562 0.4417134831460674 0.43223314606741575 0.43913857677902624 0.433813202247191 0.43726591760299627 0.4390800561797753 0.4342228464419476 0.4438202247191011 0.4250936329588015 0.44434691011235955 0.41409176029962547 0.4432935393258427 0.40777153558052437 0.44030898876404495 0.4002808988764045 0.4357443820224719 0.3967696629213483 0.4281952247191011 0.39630149812734083 0.4239817415730337 0.3977059925093633
0 0.38992275280898875 0.40004681647940077 0.39009831460674155 0.4075374531835206 0.39378511235955055 0.41807116104868913 0.397998595505618 0.42064606741573035 0.4044943820224719 0.4211142322097378 0.4080056179775281 0.4187734082397004 0.4118679775280899 0.4143258426966292 0.4141502808988764 0.40730337078651685 0.4143258426966292 0.3972378277153558 0.4120435393258427 0.39185393258426965 0.4080056179775281 0.387874531835206 0.39747191011235955 0.38764044943820225 0.39202949438202245 0.3946629213483146
0 0.4125702247191011 0.35931647940074907 0.41116573033707865 0.37336142322097376 0.41292134831460675 0.37546816479400746 0.4139747191011236 0.37991573033707865 0.41713483146067415 0.38436329588014984 0.4216994382022472 0.3881086142322097 0.430126404494382 0.38764044943820225 0.43223314606741575 0.38881086142322097 0.43644662921348315 0.37687265917602997 0.4357443820224719 0.3661048689138577 0.433813202247191 0.35978464419475653 0.42889747191011235 0.35580524344569286 0.42503511235955055 0.3553370786516854 0.42117275280898875 0.3553370786516854
0 0.38799157303370785 0.3167134831460674 0.38816713483146065 0.32818352059925093 0.3904494382022472 0.3342696629213483 0.3929073033707865 0.33707865168539325 0.39747191011235955 0.33918539325842695 0.4044943820224719 0.34012172284644193 0.4060744382022472 0.3377808988764045 0.4097612359550562 0.335440074906367 0.41134129213483145 0.33029026217228463 0.41274578651685395 0.31741573033707865 0.4101123595505618 0.31062734082397003 0.4060744382022472 0.3059456928838951 0.4043188202247191 0.3047752808988764 0.39975421348314605 0.30407303370786515 0.39712078651685395 0.30407303370786515 0.394311797752809 0.3057116104868914 0.38992275280898875 0.31062734082397003
0 0.41520365168539325 0.33286516853932585 0.41502808988764045 0.33497191011235955 0.4159058988764045 0.33824906367041196 0.41695926966292135 0.3408239700374532 0.41906601123595505 0.3431647940074906 0.42521067415730335 0.3466760299625468 0.43275983146067415 0.3466760299625468 0.4373244382022472 0.3424625468164794 0.44013342696629215 0.3352059925093633 0.44048455056179775 0.33029026217228463 0.43802668539325845 0.31788389513108617 0.4353932584269663 0.31413857677902624 0.4317064606741573 0.31273408239700373 0.42503511235955055 0.31179775280898875 0.421875 0.31320224719101125 0.4180126404494382 0.31835205992509363 0.4162570224719101 0.32467228464419473
0 0.4452247191011236 0.3309925093632959 0.44610252808988765 0.33824906367041196 0.44469803370786515 0.3419943820224719 0.4436446629213483 0.34808052434456926 0.44434691011235955 0.352059925093633 0.44627808988764045 0.3562734082397004 0.4529494382022472 0.3607209737827715 0.46400983146067415 0.3565074906367041 0.4729634831460674 0.3506554307116105 0.47542134831460675 0.34691011235955055 0.47787921348314605 0.33497191011235955 0.4747191011235955 0.3249063670411985 0.47401685393258425 0.3202247191011236 0.4722612359550562 0.3171816479400749 0.4705056179775281 0.3155430711610487 0.4652387640449438 0.3157771535580524 0.4566362359550562 0.31320224719101125 0.4487359550561798 0.31999063670411987 0.445751404494382 0.32724719101123595
0 0.4510182584269663 0.4173689138576779 0.4510182584269663 0.42532771535580527 0.45207162921348315 0.43000936329588013 0.4529494382022472 0.43258426966292135 0.45628511235955055 0.4363295880149813 0.46400983146067415 0.4386704119850187 0.4671699438202247 0.43773408239700373 0.4743679775280899 0.43211610486891383 0.4750702247191011 0.42602996254681647 0.4750702247191011 0.414559925093633 0.4729634831460674 0.4101123595505618 0.46875 0.4068352059925094 0.46172752808988765 0.4056647940074906 0.45610955056179775 0.4058988764044944 0.4529494382022472 0.40730337078651685
0 0.48753511235955055 0.3176498127340824 0.48683286516853935 0.32818352059925093 0.4903441011235955 0.3419943820224719 0.5017556179775281 0.34573970037453183 0.5075491573033708 0.34176029962546817 0.5103581460674157 0.33286516853932585 0.511938202247191 0.3213951310861423 0.5112359550561798 0.3176498127340824 0.5084269662921348 0.31179775280898875 0.5052668539325843 0.3092228464419476 0.5021067415730337 0.3082865168539326 0.4980688202247191 0.3080524344569288 0.4945575842696629 0.3089887640449438 0.49087078651685395 0.311563670411985
0 0.4903441011235955 0.3625936329588015 0.4899929775280899 0.3672752808988764 0.4884129213483146 0.37312734082397003 0.48893960674157305 0.3775749063670412 0.4905196629213483 0.37897940074906367 0.49087078651685395 0.38085205992509363 0.4899929775280899 0.3815543071161049 0.4898174157303371 0.3836610486891386 0.49473314606741575 0.387874531835206 0.4984199438202247 0.38881086142322097 0.4998244382022472 0.39068352059925093 0.5015800561797753 0.3913857677902622 0.5054424157303371 0.39068352059925093 0.5093047752808989 0.3881086142322097 0.5149227528089888 0.38319288389513106 0.5179073033707865 0.37663857677902624 0.5186095505617978 0.37102059925093633 0.5180828651685393 0.3625936329588015 0.5163272471910112 0.35814606741573035 0.5143960674157303 0.35557116104868913 0.5087780898876404 0.3518258426966292 0.49736657303370785 0.3522940074906367 0.4938553370786517 0.3553370786516854
0 0.4822682584269663 0.40426029962546817 0.48121488764044945 0.4075374531835206 0.48156601123595505 0.41596441947565543 0.4840238764044944 0.4229868913857678 0.4884129213483146 0.42743445692883897 0.49490870786516855 0.43000936329588013 0.49719101123595505 0.42790262172284643 0.5015800561797753 0.4272003745318352 0.5068469101123596 0.41807116104868913 0.507373595505618 0.41058052434456926 0.5059691011235955 0.40098314606741575 0.5042134831460674 0.39864232209737827 0.49912219101123595 0.39536516853932585 0.49332865168539325 0.39396067415730335 0.4884129213483146 0.3955992509363296 0.4841994382022472 0.40004681647940077
0 0.5101825842696629 0.397940074906367 0.5094803370786517 0.4023876404494382 0.5103581460674157 0.4133895131086142 0.5117626404494382 0.41760299625468167 0.515625 0.42228464419475653 0.5184778792134831 0.42134831460674155 0.5228230337078652 0.42158239700374533 0.526685393258427 0.42017790262172283 0.53125 0.41619850187265917 0.5328300561797753 0.41151685393258425 0.5326544943820225 0.40730337078651685 0.5333567415730337 0.4049625468164794 0.5326544943820225 0.39747191011235955 0.5279143258426966 0.39302434456928836 0.5226474719101124 0.38974719101123595 0.5187851123595506 0.3892790262172285 0.5136938202247191 0.3925561797752809
0 0.5254564606741573 0.36587078651685395 0.5252808988764045 0.3785112359550562 0.5277387640449438 0.38342696629213485 0.5328300561797753 0.38670411985018727 0.5398525280898876 0.3881086142322097 0.5428370786516854 0.3862359550561798 0.5470505617977528 0.37991573033707865 0.5481039325842697 0.3771067415730337 0.5488061797752809 0.3738295880149813 0.5486306179775281 0.36657303370786515 0.5470505617977528 0.36025280898876405 0.5440660112359551 0.35580524344569286 0.5398525280898876 0.35346441947565543 0.5361657303370787 0.3532303370786517 0.5296699438202247 0.35580524344569286 0.5272120786516854 0.35884831460674155
0 0.5138693820224719 0.324438202247191 0.5129915730337079 0.3342696629213483 0.5150983146067416 0.34948501872659177 0.5170294943820225 0.3522940074906367 0.5219452247191011 0.3539325842696629 0.5282654494382022 0.3522940074906367 0.5365168539325843 0.3471441947565543 0.5400280898876404 0.3419943820224719 0.5403792134831461 0.3377808988764045 0.542310393258427 0.335440074906367 0.5433637640449438 0.3309925093632959 0.5433637640449438 0.32467228464419473 0.5396769662921348 0.3211610486891386 0.5380969101123596 0.3155430711610487 0.5354634831460674 0.3125 0.5293188202247191 0.3103932584269663 0.5258075842696629 0.31062734082397003 0.5194873595505618 0.31390449438202245 0.5150983146067416 0.32069288389513106
0 0.5456460674157303 0.33146067415730335 0.5454705056179775 0.3387172284644195 0.5479283707865169 0.3455056179775281 0.5481039325842697 0.3487827715355805 0.5537219101123596 0.3539325842696629 0.5605688202247191 0.35580524344569286 0.561622191011236 0.3544007490636704 0.5640800561797753 0.35369850187265917 0.5677668539325843 0.3487827715355805 0.5702247191011236 0.33801498127340823 0.5704002808988764 0.33169475655430714 0.5684691011235955 0.32514044943820225 0.5646067415730337 0.3192883895131086 0.5605688202247191 0.31741573033707865 0.5572331460674157 0.31741573033707865 0.5533707865168539 0.3188202247191011 0.5491573033707865 0.323501872659176
0 0.574438202247191 0.3345037453183521 0.5746137640449438 0.3487827715355805 0.579002808988764 0.35580524344569286 0.5847963483146067 0.3583801498127341 0.5919943820224719 0.35814606741573035 0.5960323033707865 0.35603932584269665 0.6004213483146067 0.3487827715355805 0.6028792134831461 0.33824906367041196 0.6025280898876404 0.3312265917602996 0.5995435393258427 0.32514044943820225 0.5953300561797753 0.32092696629213485 0.5907654494382022 0.31952247191011235 0.5849719101123596 0.31999063670411987 0.5812851123595506 0.3223314606741573 0.5774227528089888 0.3270131086142322
0 0.6018258426966292 0.3508895131086142 0.6014747191011236 0.35580524344569286 0.602001404494382 0.3565074906367041 0.6046348314606742 0.3574438202247191 0.6058637640449438 0.35978464419475653 0.6113061797752809 0.36329588014981273 0.6128862359550562 0.36352996254681647 0.6169241573033708 0.36142322097378277 0.6232443820224719 0.3618913857677903 0.6271067415730337 0.3609550561797753 0.6314957865168539 0.35580524344569286 0.6334269662921348 0.3522940074906367 0.6339536516853933 0.34901685393258425 0.6337780898876404 0.33801498127340823 0.6309691011235955 0.3274812734082397 0.6297401685393258 0.32607677902621723 0.6265800561797753 0.3256086142322097 0.620435393258427 0.32256554307116103 0.6158707865168539 0.32256554307116103 0.609375 0.3265449438202247 0.6063904494382022 0.33146067415730335 0.6035814606741573 0.3464419475655431
0 0.6051615168539326 0.3916198501872659 0.6049859550561798 0.39396067415730335 0.6095505617977528 0.3991104868913858 0.6163974719101124 0.40004681647940077 0.625877808988764 0.398876404494382 0.6300912921348315 0.39419475655430714 0.6321980337078652 0.3904494382022472 0.6330758426966292 0.386938202247191 0.6329002808988764 0.38342696629213485 0.6336025280898876 0.3801498127340824 0.6327247191011236 0.374063670411985 0.6313202247191011 0.3698501872659176 0.6267556179775281 0.3647003745318352 0.6234199438202247 0.3637640449438202 0.6169241573033708 0.3637640449438202 0.6125351123595506 0.36587078651685395 0.6083216292134831 0.36961610486891383 0.6067415730337079 0.37312734082397003 0.6076193820224719 0.37734082397003743
0 0.5746137640449438 0.3717228464419476 0.5740870786516854 0.37336142322097376 0.5763693820224719 0.3792134831460674 0.5753160112359551 0.38319288389513106 0.574438202247191 0.3836610486891386 0.577247191011236 0.38506554307116103 0.5809339887640449 0.39185393258426965 0.5870786516853933 0.3951310861423221 0.5884831460674157 0.39747191011235955 0.5921699438202247 0.39747191011235955 0.5926966292134831 0.39396067415730335 0.5948033707865169 0.39279026217228463 0.5988412921348315 0.39302434456928836 0.6014747191011236 0.3883426966292135 0.6016502808988764 0.3785112359550562 0.6004213483146067 0.3714887640449438 0.5960323033707865 0.3651685393258427 0.5918188202247191 0.36235955056179775 0.5879564606741573 0.36142322097378277 0.5828651685393258 0.36282771535580527 0.5777738764044944 0.36587078651685395 0.5767205056179775 0.36914794007490637
0 0.5718047752808989 0.41947565543071164 0.5716292134831461 0.426498127340824 0.5723314606741573 0.4323501872659176 0.5753160112359551 0.4375 0.5797050561797753 0.4417134831460674 0.5814606741573034 0.44288389513108617 0.589185393258427 0.4421816479400749 0.5907654494382022 0.44124531835205993 0.5951544943820225 0.43562734082397003 0.5949789325842697 0.4336376404494382 0.5965589887640449 0.42907303370786515 0.5969101123595506 0.41807116104868913 0.5948033707865169 0.41292134831460675 0.5919943820224719 0.40941011235955055 0.5862008426966292 0.40823970037453183 0.577247191011236 0.4091760299625468 0.5746137640449438 0.41081460674157305 0.5730337078651685 0.4133895131086142
0 0.5387991573033708 0.39747191011235955 0.5417837078651685 0.40402621722846443 0.5417837078651685 0.4065231741573033 0.5368679775280899 0.41502808988764045 0.5352879213483146 0.42134831460674155 0.5365168539325843 0.4250936329588015 0.535814606741573 0.42930711610486894 0.5370435393258427 0.43515917602996257 0.5421348314606742 0.44803370786516855 0.5463483146067416 0.45318352059925093 0.5500351123595506 0.4550561797752809 0.554248595505618 0.45529026217228463 0.5565308988764045 0.45435393258426965 0.5626755617977528 0.44803370786516855 0.5644311797752809 0.44288389513108617 0.5649578651685393 0.4386704119850187 0.5689957865168539 0.43562734082397003 0.5682935393258427 0.43375468164794007 0.5681179775280899 0.4211142322097378 0.5689957865168539 0.4187734082397004 0.5696980337078652 0.4112827715355805 0.5674157303370787 0.4091760299625468 0.5654845505617978 0.4056647940074906 0.5632022471910112 0.4044943820224719 0.5617977528089888 0.40191947565543074 0.5595154494382022 0.4002808988764045 0.5572331460674157 0.39957865168539325 0.5531952247191011 0.40098314606741575 0.5470505617977528 0.39489700374531833 0.5433637640449438 0.3951310861423221
0 0.5672401685393258 0.4583333333333333 0.567064606741573 0.46769662921348315 0.5677668539325843 0.4714419475655431 0.5761938202247191 0.4866573033707865 0.5777738764044944 0.4875936329588015 0.5865519662921348 0.4866573033707865 0.5921699438202247 0.4824438202247191 0.5942766853932584 0.4772940074906367 0.5953300561797753 0.4705056179775281 0.5949789325842697 0.46301498127340823 0.594627808988764 0.45997191011235955 0.5930477528089888 0.45646067415730335 0.5893609550561798 0.45224719101123595 0.5853230337078652 0.449438202247191 0.5770716292134831 0.4477996254681648 0.5711025280898876 0.4508426966292135
0 0.5998946629213483 0.46886704119850187 0.5997191011235955 0.4747191011235955 0.6009480337078652 0.48057116104868913 0.6058637640449438 0.4913389513108614 0.6170997191011236 0.4897003745318352 0.6206109550561798 0.488061797752809 0.6285112359550562 0.4772940074906367 0.6285112359550562 0.46652621722846443 0.6265800561797753 0.4580992509363296 0.6232443820224719 0.4541198501872659 0.6178019662921348 0.45224719101123595 0.609375 0.4517790262172285 0.6065660112359551 0.45341760299625467 0.6046348314606742 0.45575842696629215 0.6014747191011236 0.462312734082397
0 0.5981390449438202 0.5046816479400749 0.5981390449438202 0.5135767790262172 0.5967345505617978 0.5194288389513109 0.5988412921348315 0.5292602996254682 0.6007724719101124 0.528558052434457 0.6014747191011236 0.5262172284644194 0.6034058988764045 0.5262172284644194 0.6088483146067416 0.5304307116104869 0.6179775280898876 0.5301966292134831 0.6221910112359551 0.5271535580524345 0.6248244382022472 0.5236423220973783 0.6267556179775281 0.5191947565543071 0.6272823033707865 0.5014044943820225 0.6234199438202247 0.4936797752808989 0.6153441011235955 0.49204119850187267 0.6030547752808989 0.49461610486891383 0.5997191011235955 0.49812734082397003
0 0.5695224719101124 0.49812734082397003 0.5691713483146067 0.5156835205992509 0.5714536516853933 0.5224719101123596 0.573560393258427 0.5259831460674157 0.5856741573033708 0.528558052434457 0.5884831460674157 0.5276217228464419 0.5921699438202247 0.5241104868913857 0.5948033707865169 0.5187265917602997 0.5960323033707865 0.5124063670411985 0.5955056179775281 0.5004681647940075 0.594627808988764 0.4974250936329588 0.5921699438202247 0.4936797752808989 0.5890098314606742 0.49063670411985016 0.5851474719101124 0.488998127340824 0.5783005617977528 0.4892322097378277 0.574438202247191 0.49087078651685395 0.5725070224719101 0.4927434456928839
0 0.6021769662921348 0.5559456928838952 0.6027036516853933 0.5603932584269663 0.6063904494382022 0.5674157303370787 0.6090238764044944 0.5711610486891385 0.6127106741573034 0.5723314606741573 0.6200842696629213 0.5723314606741573 0.6232443820224719 0.5713951310861424 0.628686797752809 0.5627340823970037 0.6300912921348315 0.5575842696629213 0.629564606741573 0.5503277153558053 0.6276334269662921 0.5444756554307116 0.6228932584269663 0.5388576779026217 0.6163974719101124 0.5348782771535581 0.6132373595505618 0.536750936329588 0.6088483146067416 0.5362827715355806 0.6039325842696629 0.5475187265917603
0 0.5691713483146067 0.5374531835205992 0.5688202247191011 0.5397940074906367 0.5704002808988764 0.5435393258426966 0.5696980337078652 0.548689138576779 0.5704002808988764 0.5547752808988764 0.5723314606741573 0.56062734082397 0.5728581460674157 0.5650749063670412 0.5758426966292135 0.5711610486891385 0.578125 0.5727996254681648 0.5849719101123596 0.5732677902621723 0.5897120786516854 0.5711610486891385 0.5932233146067416 0.5676498127340824 0.5969101123595506 0.5573501872659176 0.5967345505617978 0.5536048689138576 0.5949789325842697 0.5498595505617978 0.5965589887640449 0.5433052434456929 0.5939255617977528 0.5381554307116105 0.5874297752808989 0.5320692883895131 0.5756671348314607 0.5292602996254682 0.5742626404494382 0.5292602996254682 0.5712780898876404 0.5320692883895131
0 0.5426615168539326 0.5756086142322098 0.5416081460674157 0.5805243445692884 0.5393258426966292 0.5854400749063671 0.5403792134831461 0.5917602996254682 0.5433637640449438 0.5955056179775281 0.5452949438202247 0.5994850187265918 0.5498595505617978 0.602996254681648 0.5563553370786517 0.6032303370786517 0.5621488764044944 0.6008895131086143 0.5653089887640449 0.5966760299625468 0.5675912921348315 0.5880149812734082 0.5674157303370787 0.5823970037453183 0.5649578651685393 0.5749063670411985 0.5614466292134831 0.5713951310861424 0.5605688202247191 0.5695224719101124 0.5582865168539326 0.5685861423220974 0.551439606741573 0.5692883895131086 0.5461727528089888 0.5716292134831461
0 0.5402036516853933 0.5423689138576779 0.5405547752808989 0.5472846441947565 0.539501404494382 0.5503277153558053 0.5409058988764045 0.5571161048689138 0.5452949438202247 0.5620318352059925 0.5498595505617978 0.5636704119850188 0.5538974719101124 0.5636704119850188 0.5600421348314607 0.5608614232209738 0.5626755617977528 0.5575842696629213 0.5637289325842697 0.5512640449438202 0.5642556179775281 0.5393258426966292 0.5626755617977528 0.5351123595505618 0.5589887640449438 0.5301966292134831 0.5537219101123596 0.5297284644194756 0.5466994382022472 0.5316011235955056 0.5414325842696629 0.5365168539325843
0 0.5022823033707865 0.5433052434456929 0.5021067415730337 0.5573501872659176 0.5035112359550562 0.56062734082397 0.5077247191011236 0.5662453183520599 0.5079002808988764 0.5711610486891385 0.5087780898876404 0.5742041198501873 0.5121137640449438 0.5774812734082397 0.5150983146067416 0.5781835205992509 0.5191362359550562 0.5784176029962547 0.5235252808988764 0.5756086142322098 0.5259831460674157 0.5716292134831461 0.5265098314606742 0.5683520599250936 0.5291432584269663 0.5634363295880149 0.5319522471910112 0.5538389513108615 0.5319522471910112 0.5500936329588015 0.5308988764044944 0.5470505617977528 0.5328300561797753 0.5362827715355806 0.53125 0.5311329588014981 0.5296699438202247 0.5297284644194756 0.5298455056179775 0.5259831460674157 0.5284410112359551 0.5255149812734082 0.5256320224719101 0.5273876404494382 0.5207162921348315 0.5217696629213483 0.515625 0.5205992509363296 0.5136938202247191 0.5234082397003745 0.5133426966292135 0.5262172284644194 0.5140449438202247 0.5292602996254682 0.5052668539325843 0.535814606741573 0.5028089887640449 0.5397940074906367
0 0.5570575842696629 0.6720505617977528 0.5567064606741573 0.6793071161048689 0.5593398876404494 0.68562734082397 0.5617977528089888 0.6879681647940075 0.5642556179775281 0.68937265917603 0.569873595505618 0.6896067415730337 0.5821629213483146 0.6877340823970037 0.5886587078651685 0.6830524344569289 0.5919943820224719 0.6764981273408239 0.5932233146067416 0.6647940074906367 0.5921699438202247 0.6577715355805244 0.590502106741573 0.6560159176029963 0.5883075842696629 0.6509831460674157 0.5833918539325843 0.6474719101123596 0.5747893258426966 0.6458333333333334 0.5709269662921348 0.6465355805243446 0.5675912921348315 0.648876404494382 0.5603932584269663 0.662687265917603
0 0.6014747191011236 0.6264044943820225 0.6034058988764045 0.6303838951310862 0.6027036516853933 0.637874531835206 0.6000702247191011 0.6406835205992509 0.6021769662921348 0.6439606741573034 0.6021769662921348 0.6474719101123596 0.6049859550561798 0.6484082397003745 0.6091994382022472 0.6523876404494382 0.6149929775280899 0.6540262172284644 0.6199087078651685 0.6540262172284644 0.6232443820224719 0.6528558052434457 0.6283356741573034 0.6479400749063671 0.6306179775280899 0.6402153558052435 0.6302668539325843 0.6331928838951311 0.6285112359550562 0.6254681647940075 0.6237710674157303 0.6189138576779026 0.6185042134831461 0.6165730337078652 0.6127106741573034 0.6161048689138576 0.6070926966292135 0.6168071161048689 0.6058637640449438 0.6161048689138576 0.6051615168539326 0.6191479400749064 0.6028792134831461 0.6217228464419475
0 0.601123595505618 0.5908239700374532 0.6009480337078652 0.5990168539325843 0.6018258426966292 0.6006554307116105 0.6081460674157303 0.6074438202247191 0.6156952247191011 0.6107209737827716 0.6199087078651685 0.610252808988764 0.6267556179775281 0.6034644194756554 0.6293890449438202 0.5987827715355806 0.6299157303370787 0.5952715355805244 0.6290379213483146 0.5852059925093633 0.6278089887640449 0.5819288389513109 0.6230688202247191 0.5760767790262172 0.6197331460674157 0.5742041198501873 0.6162219101123596 0.5735018726591761 0.6118328651685393 0.5739700374531835 0.6079705056179775 0.5765449438202247 0.6027036516853933 0.5849719101123596
0 0.6004213483146067 0.6706460674157303 0.6000702247191011 0.6790730337078652 0.6018258426966292 0.6849250936329588 0.6058637640449438 0.6917134831460674 0.6116573033707865 0.6963951310861424 0.6151685393258427 0.6973314606741573 0.6232443820224719 0.6968632958801498 0.6272823033707865 0.6928838951310862 0.6299157303370787 0.6886704119850188 0.6320224719101124 0.6786048689138576 0.6314957865168539 0.674625468164794 0.632373595505618 0.6715823970037453 0.6314957865168539 0.6683052434456929 0.6260533707865169 0.6584737827715356 0.6232443820224719 0.6561329588014981 0.6091994382022472 0.6554307116104869 0.6060393258426966 0.6568352059925093 0.6025280898876404 0.6622191011235955
1 0.4701018258426966 0.37376638576779025 0.026109550561797753 0.03904494382022472
0 0.5437148876404494 0.6294475655430711 0.5440660112359551 0.6404494382022472 0.5452949438202247 0.6441947565543071 0.5472261235955056 0.6472378277153558 0.5530196629213483 0.6512172284644194 0.5577598314606742 0.6521535580524345 0.5612710674157303 0.6505149812734082 0.5628511235955056 0.6493445692883895 0.5663623595505618 0.6437265917602997 0.5681179775280899 0.6345973782771536 0.567064606741573 0.6235955056179775 0.5642556179775281 0.6182116104868914 0.5607443820224719 0.614934456928839 0.5568820224719101 0.6137640449438202 0.5549508426966292 0.6142322097378277 0.5540730337078652 0.6158707865168539 0.5502106741573034 0.6151685393258427 0.5465238764044944 0.6198501872659176 0.546875 0.62312734082397 0.5447682584269663 0.6247659176029963