0 0.3491924157303371 0.7078651685393258 0.3574438202247191 0.7165262172284644 0.3530547752808989 0.7420411985018727 0.359375 0.7553838951310862 0.355688202247191 0.7624063670411985 0.34901685393258425 0.7673220973782772 0.32952949438202245 0.7586610486891385 0.3237359550561798 0.7485955056179775 0.3246137640449438 0.7228464419475655 0.34901685393258425 0.7078651685393258
0 0.4847261235955056 0.5280898876404494 0.4961376404494382 0.5397940074906367 0.49754213483146065 0.5566479400749064 0.492626404494382 0.5685861423220974 0.48139044943820225 0.579119850187266 0.4747191011235955 0.5781835205992509 0.4703300561797753 0.5742041198501873 0.4691011235955056 0.5676498127340824 0.47155898876404495 0.5601591760299626 0.46822331460674155 0.5397940074906367 0.4729634831460674 0.5330056179775281 0.4845505617977528 0.5280898876404494
0 0.6106039325842697 0.5227059925093633 0.6174508426966292 0.5259831460674157 0.6192064606741573 0.5292602996254682 0.6225421348314607 0.5479868913857678 0.6199087078651685 0.5582865168539326 0.6097261235955056 0.56437265917603 0.5990168539325843 0.5620318352059925 0.5935744382022472 0.5571161048689138 0.5914676966292135 0.5360486891385767 0.5970856741573034 0.5259831460674157 0.6104283707865169 0.5227059925093633
0 0.6325491573033708 0.5931647940074907 0.6476474719101124 0.6020599250936329 0.6546699438202247 0.6151685393258427 0.6550210674157303 0.6264044943820225 0.6523876404494382 0.6352996254681648 0.6423806179775281 0.6425561797752809 0.6281601123595506 0.6367041198501873 0.621313202247191 0.613061797752809 0.6221910112359551 0.602996254681648 0.6255266853932584 0.5955056179775281 0.632373595505618 0.5931647940074907
0 0.682935393258427 0.5615636704119851 0.6897823033707865 0.5711610486891385 0.6901334269662921 0.5819288389513109 0.6797752808988764 0.5994850187265918 0.6699438202247191 0.6044007490636704 0.6543188202247191 0.5966760299625468 0.6465941011235955 0.5962078651685393 0.6462429775280899 0.5922284644194756 0.6502808988764045 0.5856741573033708 0.6495786516853933 0.5704588014981273 0.6508075842696629 0.5676498127340824 0.660814606741573 0.5622659176029963 0.6827598314606742 0.5615636704119851
0 0.31759129213483145 0.7139513108614233 0.3202247191011236 0.7167602996254682 0.32531601123595505 0.7340823970037453 0.3223314606741573 0.7521067415730337 0.31759129213483145 0.7567883895131086 0.29757724719101125 0.7588951310861424 0.293188202247191 0.7588951310861424 0.28967696629213485 0.7553838951310862 0.29617275280898875 0.7286985018726592 0.30547752808988765 0.716058052434457 0.31741573033707865 0.7139513108614233
0 0.5474016853932584 0.5287921348314607 0.5533707865168539 0.5318352059925093 0.5582865168539326 0.5381554307116105 0.5603932584269663 0.5543071161048689 0.5568820224719101 0.5657771535580525 0.546875 0.5716292134831461 0.5361657303370787 0.5681179775280899 0.53125 0.5599250936329588 0.5301966292134831 0.549625468164794 0.5316011235955056 0.5397940074906367 0.5354634831460674 0.5325374531835206 0.5472261235955056 0.5287921348314607
0 0.5228230337078652 0.5243445692883895 0.5308988764044944 0.5334737827715356 0.5289676966292135 0.5571161048689138 0.5224719101123596 0.5676498127340824 0.5158005617977528 0.5706928838951311 0.5047401685393258 0.5690543071161048 0.49912219101123595 0.5639044943820225 0.49754213483146065 0.5433052434456929 0.500877808988764 0.5351123595505618 0.5070224719101124 0.5294943820224719 0.5226474719101124 0.5243445692883895
0 0.526685393258427 0.6512172284644194 0.5310744382022472 0.6558988764044944 0.5351123595505618 0.6673689138576779 0.5337078651685393 0.6865636704119851 0.5294943820224719 0.6933520599250936 0.5121137640449438 0.7029494382022472 0.5049157303370787 0.6959269662921348 0.5047401685393258 0.6645599250936329 0.5121137640449438 0.6537921348314607 0.5265098314606742 0.6512172284644194
0 0.26896067415730335 0.5332397003745318 0.27054073033707865 0.5442415730337079 0.28054775280898875 0.5500936329588015 0.2847612359550562 0.5571161048689138 0.2731741573033708 0.574438202247191 0.2733497191011236 0.5919943820224719 0.2691362359550562 0.5957397003745318 0.26457162921348315 0.5936329588014981 0.25491573033707865 0.5788857677902621 0.253686797752809 0.5648408239700374 0.25509129213483145 0.5571161048689138 0.2614115168539326 0.5468164794007491 0.25912921348314605 0.5407303370786517 0.2598314606741573 0.5365168539325843 0.26878511235955055 0.5332397003745318
0 0.4905196629213483 0.704119850187266 0.5015800561797753 0.7052902621722846 0.5057935393258427 0.713249063670412 0.5075491573033708 0.723314606741573 0.5061446629213483 0.7340823970037453 0.5026334269662921 0.7408707865168539 0.4982443820224719 0.7453183520599251 0.49280196629213485 0.7467228464419475 0.4803370786516854 0.7425093632958801 0.4762991573033708 0.7247191011235955 0.4768258426966292 0.7167602996254682 0.4801615168539326 0.7080992509363296 0.484375 0.704119850187266 0.4903441011235955 0.704119850187266
0 0.34884129213483145 0.6706460674157303 0.35024578651685395 0.6788389513108615 0.3456811797752809 0.6924157303370787 0.3477879213483146 0.7029494382022472 0.34287219101123595 0.7097378277153558 0.33497191011235955 0.7169943820224719 0.32127808988764045 0.7137172284644194 0.31759129213483145 0.7057584269662921 0.31759129213483145 0.6921816479400749 0.32303370786516855 0.6776685393258427 0.33497191011235955 0.6715823970037453 0.34866573033707865 0.670880149812734
0 0.6409761235955056 0.6818820224719101 0.6520365168539326 0.6882022471910112 0.6592345505617978 0.7036516853932584 0.6587078651685393 0.7207397003745318 0.6536165730337079 0.7272940074906367 0.6490519662921348 0.7289325842696629 0.6422050561797753 0.7282303370786517 0.6353581460674157 0.7228464419475655 0.6316713483146067 0.7169943820224719 0.6271067415730337 0.699438202247191 0.6297401685393258 0.6891385767790262 0.6288623595505618 0.68562734082397 0.6336025280898876 0.6814138576779026 0.6408005617977528 0.6818820224719101
0 0.7110252808988764 0.6437265917602997 0.722436797752809 0.6547284644194756 0.7254213483146067 0.665496254681648 0.7234901685393258 0.6786048689138576 0.7134831460674157 0.6863295880149812 0.7062851123595506 0.68562734082397 0.695751404494382 0.6786048689138576 0.691186797752809 0.6603464419475655 0.692064606741573 0.6547284644194756 0.6976825842696629 0.6472378277153558 0.7108497191011236 0.6437265917602997
0 0.45365168539325845 0.5290262172284644 0.4652387640449438 0.5362827715355806 0.47138342696629215 0.5564138576779026 0.47120786516853935 0.5636704119850188 0.46875 0.5678838951310862 0.45452949438202245 0.5730337078651685 0.44662921348314605 0.5718632958801498 0.4413623595505618 0.5681179775280899 0.4378511235955056 0.56062734082397 0.43644662921348315 0.5489232209737828 0.44048455056179775 0.5362827715355806 0.44610252808988765 0.5306647940074907 0.4534761235955056 0.5290262172284644
0 0.5521418539325843 0.6502808988764045 0.5609199438202247 0.6521535580524345 0.5644311797752809 0.6561329588014981 0.5682935393258427 0.6678370786516854 0.5686446629213483 0.6823501872659176 0.5653089887640449 0.6900749063670412 0.5554775280898876 0.7008426966292135 0.5452949438202247 0.7048220973782772 0.5396769662921348 0.702247191011236 0.5365168539325843 0.6924157303370787 0.5368679775280899 0.6647940074906367 0.5396769662921348 0.6540262172284644 0.5437148876404494 0.6509831460674157 0.5519662921348315 0.6502808988764045
0 0.26316713483146065 0.6383426966292135 0.2794943820224719 0.6390449438202247 0.2851123595505618 0.6418539325842697 0.288623595505618 0.6718164794007491 0.2756320224719101 0.6804775280898876 0.2658005617977528 0.6818820224719101 0.25491573033707865 0.6718164794007491 0.25280898876404495 0.6554307116104869 0.25456460674157305 0.6432584269662921 0.25842696629213485 0.638810861423221 0.26299157303370785 0.6383426966292135
0 0.4357443820224719 0.7076310861423221 0.44259129213483145 0.7127808988764045 0.4452247191011236 0.7202715355805244 0.4436446629213483 0.7411048689138576 0.4390800561797753 0.7488295880149812 0.4294241573033708 0.7530430711610487 0.42064606741573035 0.75 0.41485252808988765 0.7413389513108615 0.41537921348314605 0.7237827715355806 0.4176615168539326 0.7148876404494382 0.4215238764044944 0.7097378277153558 0.4355688202247191 0.7076310861423221
0 0.5761938202247191 0.525749063670412 0.5877808988764045 0.5325374531835206 0.5923455056179775 0.5426029962546817 0.589185393258427 0.5608614232209738 0.579002808988764 0.5669475655430711 0.567064606741573 0.5625 0.5626755617977528 0.5571161048689138 0.5605688202247191 0.5475187265917603 0.5607443820224719 0.5397940074906367 0.5637289325842697 0.5316011235955056 0.5686446629213483 0.5269194756554307 0.5760182584269663 0.525749063670412
0 0.6613412921348315 0.6818820224719101 0.672752808988764 0.6912453183520599 0.6873244382022472 0.6959269662921348 0.691186797752809 0.7116104868913857 0.688377808988764 0.7235486891385767 0.6839887640449438 0.7282303370786517 0.6781952247191011 0.7301029962546817 0.6685393258426966 0.7272940074906367 0.6637991573033708 0.7219101123595506 0.6611657303370787 0.7162921348314607 0.6567766853932584 0.6896067415730337 0.6573033707865169 0.68562734082397 0.6611657303370787 0.6821161048689138
0 0.4080056179775281 0.7015449438202247 0.4116924157303371 0.7034176029962547 0.41537921348314605 0.713249063670412 0.4141502808988764 0.7308052434456929 0.40765449438202245 0.7446161048689138 0.3987008426966292 0.7495318352059925 0.3904494382022472 0.7485955056179775 0.38606039325842695 0.7450842696629213 0.38553370786516855 0.7205056179775281 0.3902738764044944 0.7109082397003745 0.4078300561797753 0.7015449438202247
0 0.6053370786516854 0.6081460674157303 0.617626404494382 0.612125468164794 0.6232443820224719 0.6196161048689138 0.6251755617977528 0.6266385767790262 0.625877808988764 0.636938202247191 0.6237710674157303 0.6437265917602997 0.6197331460674157 0.6495786516853933 0.6148174157303371 0.6514513108614233 0.6023525280898876 0.6474719101123596 0.5977879213483146 0.641619850187266 0.5944522471910112 0.6313202247191011 0.5932233146067416 0.6191479400749064 0.5951544943820225 0.6125936329588015 0.5990168539325843 0.608380149812734 0.6051615168539326 0.6081460674157303
0 0.579002808988764 0.6970973782771536 0.5886587078651685 0.699438202247191 0.5960323033707865 0.7055243445692884 0.6023525280898876 0.7272940074906367 0.5991924157303371 0.7382958801498127 0.5951544943820225 0.7439138576779026 0.5849719101123596 0.7476591760299626 0.574438202247191 0.7411048689138576 0.5702247191011236 0.7265917602996255 0.5709269662921348 0.7027153558052435 0.5746137640449438 0.697565543071161 0.5788272471910112 0.6970973782771536
0 0.30758426966292135 0.6285112359550562 0.31776685393258425 0.6299157303370787 0.32514044943820225 0.6345973782771536 0.32689606741573035 0.6437265917602997 0.32496488764044945 0.6509831460674157 0.31583567415730335 0.6647940074906367 0.3009129213483146 0.6706460674157303 0.2933637640449438 0.6704119850187266 0.2889747191011236 0.6650280898876404 0.2875702247191011 0.6427902621722846 0.2965238764044944 0.6310861423220974 0.30021067415730335 0.6285112359550562 0.30740870786516855 0.6285112359550562
0 0.45997191011235955 0.6563670411985019 0.4726123595505618 0.6612827715355806 0.47717696629213485 0.6683052434456929 0.47542134831460675 0.6961610486891385 0.4710323033707865 0.7017790262172284 0.4645365168539326 0.7043539325842697 0.44978932584269665 0.7008426966292135 0.4450491573033708 0.68937265917603 0.4454002808988764 0.6788389513108615 0.4496137640449438 0.6645599250936329 0.4533005617977528 0.6580056179775281 0.45979634831460675 0.6563670411985019
0 0.3767556179775281 0.7073970037453183 0.38395365168539325 0.7139513108614233 0.38377808988764045 0.7392322097378277 0.38026685393258425 0.7485955056179775 0.36990870786516855 0.7563202247191011 0.3616573033707865 0.7553838951310862 0.3553370786516854 0.7483614232209738 0.3530547752808989 0.7343164794007491 0.3549859550561798 0.7249531835205992 0.35990168539325845 0.7151217228464419 0.3765800561797753 0.7073970037453183
0 0.36850421348314605 0.5468164794007491 0.3765800561797753 0.5540730337078652 0.37587780898876405 0.5746722846441947 0.36990870786516855 0.5842696629213483 0.359375 0.5896535580524345 0.34655898876404495 0.5812265917602997 0.34620786516853935 0.56062734082397 0.34866573033707865 0.5526685393258427 0.35252808988764045 0.5491573033707865 0.3597261235955056 0.5463483146067416 0.36832865168539325 0.5468164794007491
0 0.28388342696629215 0.7162921348314607 0.2910814606741573 0.723314606741573 0.2926615168539326 0.7378277153558053 0.2870435393258427 0.7553838951310862 0.27615870786516855 0.7570224719101124 0.269311797752809 0.7558520599250936 0.26457162921348315 0.7516385767790262 0.25860252808988765 0.7240168539325843 0.2621137640449438 0.7193352059925093 0.28370786516853935 0.7162921348314607
0 0.5574087078651685 0.702247191011236 0.5653089887640449 0.7080992509363296 0.5682935393258427 0.713249063670412 0.5709269662921348 0.7319756554307116 0.5689957865168539 0.7446161048689138 0.5582865168539326 0.7521067415730337 0.5502106741573034 0.7511704119850188 0.5435393258426966 0.7455524344569289 0.5402036516853933 0.7378277153558053 0.538623595505618 0.7258895131086143 0.5389747191011236 0.7169943820224719 0.5428370786516854 0.7083333333333334 0.5572331460674157 0.702247191011236
0 0.5259831460674157 0.6970973782771536 0.530372191011236 0.6985018726591761 0.5370435393258427 0.7099719101123596 0.5384480337078652 0.7263576779026217 0.5370435393258427 0.7357209737827716 0.5294943820224719 0.7429775280898876 0.5224719101123596 0.7448501872659176 0.5154494382022472 0.7418071161048689 0.5103581460674157 0.7343164794007491 0.5084269662921348 0.7195692883895131 0.5093047752808989 0.7099719101123596 0.5149227528089888 0.7017790262172284 0.5258075842696629 0.6973314606741573
0 0.37412219101123595 0.6622191011235955 0.38009129213483145 0.665496254681648 0.3827247191011236 0.6713483146067416 0.37816011235955055 0.6860955056179775 0.3771067415730337 0.7029494382022472 0.3728932584269663 0.7085674157303371 0.36271067415730335 0.7125468164794008 0.3558637640449438 0.7106741573033708 0.3516502808988764 0.7064606741573034 0.34884129213483145 0.699438202247191 0.34901685393258425 0.6889044943820225 0.3518258426966292 0.6788389513108615 0.3576193820224719 0.6706460674157303 0.37394662921348315 0.6622191011235955
0 0.6732794943820225 0.5184925093632958 0.6831109550561798 0.5234082397003745 0.6869733146067416 0.5290262172284644 0.6887289325842697 0.5365168539325843 0.686622191011236 0.5529026217228464 0.6822331460674157 0.5582865168539326 0.6757373595505618 0.56062734082397 0.6634480337078652 0.5578183520599251 0.6555477528089888 0.5500936329588015 0.6541432584269663 0.5440074906367042 0.6560744382022472 0.5259831460674157 0.6648525280898876 0.5191947565543071 0.6731039325842697 0.5184925093632958
0 0.7096207865168539 0.6865636704119851 0.7162921348314607 0.6891385767790262 0.7219101123595506 0.6956928838951311 0.7266502808988764 0.7076310861423221 0.7241924157303371 0.7219101123595506 0.7203300561797753 0.7272940074906367 0.7136587078651685 0.7303370786516854 0.7061095505617978 0.7291666666666666 0.699438202247191 0.7240168539325843 0.6934691011235955 0.713249063670412 0.6918890449438202 0.7057584269662921 0.6915379213483146 0.6980337078651685 0.6961025280898876 0.6879681647940075 0.7094452247191011 0.6865636704119851
0 0.24508426966292135 0.5451779026217228 0.2535112359550562 0.5536048689138576 0.2519311797752809 0.5676498127340824 0.2535112359550562 0.5814606741573034 0.24473314606741572 0.5901217228464419 0.2303370786516854 0.5931647940074907 0.22735252808988765 0.5990168539325843 0.22401685393258428 0.5987827715355806 0.21910112359550563 0.5922284644194756 0.22296348314606743 0.5849719101123596 0.22103230337078653 0.5713951310861424 0.22226123595505617 0.5613295880149812 0.23086376404494383 0.5507958801498127 0.24490870786516855 0.5451779026217228
0 0.43293539325842695 0.6575374531835206 0.4394311797752809 0.6605805243445693 0.44434691011235955 0.6683052434456929 0.44452247191011235 0.6963951310861424 0.4396067415730337 0.704119850187266 0.430126404494382 0.7083333333333334 0.42275280898876405 0.7078651685393258 0.418188202247191 0.7031835205992509 0.4157303370786517 0.68562734082397 0.42433286516853935 0.6612827715355806 0.43275983146067415 0.6575374531835206
0 0.39764747191011235 0.5449438202247191 0.4044943820224719 0.552434456928839 0.40695224719101125 0.5720973782771536 0.4020365168539326 0.5816947565543071 0.394311797752809 0.586376404494382 0.386938202247191 0.5859082397003745 0.37991573033707865 0.5800561797752809 0.3765800561797753 0.5711610486891385 0.3769311797752809 0.5634363295880149 0.3790379213483146 0.5538389513108615 0.3825491573033708 0.5491573033707865 0.3904494382022472 0.5442415730337079 0.39747191011235955 0.5449438202247191
0 0.2517556179775281 0.6734550561797753 0.25860252808988765 0.6818820224719101 0.25667134831460675 0.6853932584269663 0.2554424157303371 0.709503745318352 0.24859550561797752 0.7137172284644194 0.23595505617977527 0.716058052434457 0.22928370786516855 0.7139513108614233 0.2243679775280899 0.7062265917602997 0.2243679775280899 0.7001404494382022 0.22998595505617977 0.6825842696629213 0.2515800561797753 0.6734550561797753
0 0.6650280898876404 0.6420880149812734 0.6857443820224719 0.6537921348314607 0.6917134831460674 0.6650280898876404 0.6936446629213483 0.6753277153558053 0.6925912921348315 0.6818820224719101 0.6876755617977528 0.6900749063670412 0.6822331460674157 0.6928838951310862 0.6752106741573034 0.6924157303370787 0.6669592696629213 0.6867977528089888 0.6539676966292135 0.6647940074906367 0.6534410112359551 0.6500468164794008 0.6576544943820225 0.6437265917602997 0.6648525280898876 0.6420880149812734
0 0.3144311797752809 0.5536048689138576 0.316186797752809 0.5578183520599251 0.3142556179775281 0.5781835205992509 0.3030196629213483 0.5959737827715356 0.2970505617977528 0.5999531835205992 0.29037921348314605 0.6004213483146067 0.2749297752808989 0.5936329588014981 0.2719452247191011 0.5838014981273408 0.27282303370786515 0.5749063670411985 0.2793188202247191 0.5632022471910112 0.28651685393258425 0.5571161048689138 0.300561797752809 0.5578183520599251 0.30740870786516855 0.5538389513108615 0.3142556179775281 0.5536048689138576
0 0.5847963483146067 0.6512172284644194 0.597436797752809 0.6577715355805244 0.6016502808988764 0.6683052434456929 0.6037570224719101 0.68562734082397 0.5991924157303371 0.6961610486891385 0.5953300561797753 0.6980337078651685 0.577247191011236 0.6938202247191011 0.5696980337078652 0.6821161048689138 0.5679424157303371 0.6647940074906367 0.5693469101123596 0.6591760299625468 0.5746137640449438 0.6533239700374532 0.5846207865168539 0.6512172284644194
0 0.6058637640449438 0.5664794007490637 0.6172752808988764 0.5704588014981273 0.6223665730337079 0.5751404494382022 0.6246488764044944 0.5812265917602997 0.6253511235955056 0.5924625468164794 0.6232443820224719 0.599250936329588 0.6192064606741573 0.6058052434456929 0.613061797752809 0.608380149812734 0.5984901685393258 0.6067415730337079 0.5909410112359551 0.5884831460674157 0.5909410112359551 0.5779494382022472 0.59375 0.5711610486891385 0.5988412921348315 0.5664794007490637 0.605688202247191 0.5664794007490637
0 0.4922752808988764 0.6544943820224719 0.4982443820224719 0.6582397003745318 0.5021067415730337 0.6680711610486891 0.504564606741573 0.6889044943820225 0.5012289325842697 0.702247191011236 0.4905196629213483 0.7057584269662921 0.4841994382022472 0.7048220973782772 0.47981039325842695 0.6996722846441947 0.476123595505618 0.6910112359550562 0.47577247191011235 0.6823501872659176 0.480688202247191 0.6594101123595506 0.48683286516853935 0.6544943820224719 0.4920997191011236 0.6544943820224719
0 0.31144662921348315 0.6713483146067416 0.31899578651685395 0.6786048689138576 0.31776685393258425 0.7102059925093633 0.31530898876404495 0.713249063670412 0.30407303370786515 0.7148876404494382 0.2947682584269663 0.7099719101123596 0.2893258426966292 0.6933520599250936 0.2891502808988764 0.6839887640449438 0.29441713483146065 0.6753277153558053 0.31127106741573035 0.6713483146067416
0 0.24683988764044945 0.6360018726591761 0.2554424157303371 0.6371722846441947 0.2522823033707865 0.649812734082397 0.25298455056179775 0.6685393258426966 0.2461376404494382 0.675561797752809 0.23595505617977527 0.6790730337078652 0.22752808988764045 0.6769662921348315 0.22384129213483145 0.6713483146067416 0.22138342696629212 0.6615168539325843 0.22226123595505617 0.6509831460674157 0.22594803370786518 0.6437265917602997 0.234375 0.6371722846441947 0.24666432584269662 0.6360018726591761
0 0.41941713483146065 0.5383895131086143 0.42643960674157305 0.540496254681648 0.4331109550561798 0.5468164794007491 0.4376755617977528 0.5603932584269663 0.43662219101123595 0.5770131086142322 0.4259129213483146 0.5840355805243446 0.4180126404494382 0.5840355805243446 0.41151685393258425 0.5774812734082397 0.40572331460674155 0.5571161048689138 0.40537219101123595 0.5503277153558053 0.4078300561797753 0.5433052434456929 0.4123946629213483 0.5390917602996255 0.41924157303370785 0.5383895131086143
0 0.4043188202247191 0.6603464419475655 0.4104634831460674 0.6647940074906367 0.41274578651685395 0.6706460674157303 0.41292134831460675 0.6788389513108615 0.40888342696629215 0.6968632958801498 0.40168539325842695 0.7052902621722846 0.38816713483146065 0.7109082397003745 0.3788623595505618 0.7029494382022472 0.37956460674157305 0.6828183520599251 0.386938202247191 0.6685393258426966 0.39712078651685395 0.6610486891385767 0.4041432584269663 0.6603464419475655
0 0.7175210674157303 0.5933988764044944 0.7229634831460674 0.5997191011235955 0.7182233146067416 0.6088483146067416 0.7206811797752809 0.6198501872659176 0.7201544943820225 0.6301498127340824 0.7124297752808989 0.641619850187266 0.6961025280898876 0.6460674157303371 0.6904845505617978 0.6427902621722846 0.6857443820224719 0.6282771535580525 0.6781952247191011 0.62312734082397 0.6773174157303371 0.6163389513108615 0.6795997191011236 0.6053370786516854 0.6887289325842697 0.5971441947565543 0.7099719101123596 0.6015917602996255 0.7173455056179775 0.5933988764044944
0 0.6114817415730337 0.6872659176029963 0.6239466292134831 0.6963951310861424 0.6299157303370787 0.7130149812734082 0.6274578651685393 0.7268258426966292 0.6230688202247191 0.7315074906367042 0.6162219101123596 0.7336142322097379 0.6027036516853933 0.7270599250936329 0.5976123595505618 0.7066947565543071 0.5988412921348315 0.699438202247191 0.6051615168539326 0.6889044943820225 0.6113061797752809 0.6872659176029963
0 0.3360252808988764 0.5475187265917603 0.3419943820224719 0.5498595505617978 0.3458567415730337 0.5547752808988764 0.3455056179775281 0.5784176029962547 0.34111657303370785 0.5866104868913857 0.32952949438202245 0.5889513108614233 0.3242626404494382 0.5884831460674157 0.31724016853932585 0.5819288389513109 0.31513342696629215 0.5674157303370787 0.3202247191011236 0.552434456928839 0.3277738764044944 0.5479868913857678 0.3358497191011236 0.5475187265917603
0 0.27650983146067415 0.5962078651685393 0.28985252808988765 0.6034644194756554 0.29195926966292135 0.6090823970037453 0.29160814606741575 0.6161048689138576 0.28774578651685395 0.62687265917603 0.2814255617977528 0.6343632958801498 0.27598314606741575 0.637874531835206 0.2679073033707865 0.6383426966292135 0.26070926966292135 0.6374063670411985 0.25509129213483145 0.6308520599250936 0.2542134831460674 0.613061797752809 0.26088483146067415 0.6020599250936329 0.27633426966292135 0.5962078651685393
0 0.46172752808988765 0.7043539325842697 0.4671699438202247 0.7048220973782772 0.47384129213483145 0.7099719101123596 0.4762991573033708 0.7350187265917603 0.4750702247191011 0.7408707865168539 0.4683988764044944 0.7497659176029963 0.46348314606741575 0.7516385767790262 0.45049157303370785 0.7448501872659176 0.4455758426966292 0.7354868913857678 0.44610252808988765 0.7202715355805244 0.44856039325842695 0.7109082397003745 0.45365168539325845 0.7052902621722846 0.46155196629213485 0.7043539325842697
0 0.6318469101123596 0.514747191011236 0.6485252808988764 0.5210674157303371 0.6534410112359551 0.5327715355805244 0.652563202247191 0.5514981273408239 0.6465941011235955 0.5580524344569289 0.6385182584269663 0.5596910112359551 0.6271067415730337 0.5552434456928839 0.6239466292134831 0.5500936329588015 0.6244733146067416 0.5423689138576779 0.621313202247191 0.5301966292134831 0.6221910112359551 0.5224719101123596 0.6262289325842697 0.5168539325842697 0.6316713483146067 0.514747191011236
0 0.27791432584269665 0.6811797752808989 0.28634129213483145 0.6839887640449438 0.29389044943820225 0.7134831460674157 0.28985252808988765 0.716058052434457 0.2794943820224719 0.7148876404494382 0.27036516853932585 0.7181647940074907 0.26439606741573035 0.7174625468164794 0.2600070224719101 0.7134831460674157 0.25719803370786515 0.7038857677902621 0.257373595505618 0.6858614232209738 0.26246488764044945 0.6825842696629213 0.2777387640449438 0.6811797752808989
0 0.3397120786516854 0.588249063670412 0.35024578651685395 0.5924625468164794 0.3532303370786517 0.6018258426966292 0.352001404494382 0.6163389513108615 0.34427668539325845 0.6273408239700374 0.328125 0.6329588014981273 0.31706460674157305 0.6287453183520599 0.3144311797752809 0.62312734082397 0.3147823033707865 0.6158707865168539 0.3237359550561798 0.5945692883895131 0.33058286516853935 0.5889513108614233 0.3395365168539326 0.588249063670412
0 0.7094452247191011 0.5213014981273408 0.7168188202247191 0.5301966292134831 0.7185744382022472 0.5456460674157303 0.7148876404494382 0.5552434456928839 0.706811797752809 0.5613295880149812 0.6962780898876404 0.5596910112359551 0.6887289325842697 0.5533707865168539 0.6892556179775281 0.5390917602996255 0.686622191011236 0.5259831460674157 0.6961025280898876 0.5201310861423221 0.7092696629213483 0.5213014981273408
1 0.2412254213483146 0.6123455056179775 0.029499648876404494 0.049597378277153555
1 0.307406952247191 0.6080196629213483 0.029608497191011236 0.03938670411985019
1 0.461811797752809 0.6440449438202247 0.26284585674157307 0.03652855805243446
1 0.47390098314606743 0.6161399812734083 0.23501931179775282 0.047825374531835205
1 0.48518258426966293 0.6115823970037453 0.20842696629213484 0.0511938202247191
1 0.5154476825842697 0.6060299625468165 0.15191537921348314 0.0650561797752809
1 0.6376790730337079 0.5781390449438202 0.02184691011235955 0.032682584269662925
1 0.6275754915730337 0.6632467228464419 0.05431004213483146 0.039040262172284644
1 0.6664571629213483 0.6203230337078651 0.02088307584269663 0.03434222846441948
1 0.7040115870786517 0.5786212546816479 0.029276685393258426 0.032085674157303366
0 0.22805477528089887 0.7329119850187266 0.22823033707865167 0.737125468164794 0.2305126404494382 0.7485955056179775 0.23349719101123595 0.7528089887640449 0.23735955056179775 0.7563202247191011 0.24122191011235955 0.7577247191011236 0.2480688202247191 0.7567883895131086 0.25070224719101125 0.7551498127340824 0.253686797752809 0.7507022471910112 0.2561446629213483 0.7373595505617978 0.2557935393258427 0.7310393258426966 0.253686797752809 0.726123595505618 0.2498244382022472 0.721441947565543 0.24455758426966293 0.7202715355805244 0.234375 0.7240168539325843 0.22963483146067415 0.7275280898876404
2 0.2185744382022472 0.5442415730337079 0.722436797752809 0.5173220973782772 0.7259480337078652 0.7315074906367042 0.22823033707865167 0.7584269662921348