0 0.46207865168539325 0.30243445692883897 0.4706811797752809 0.3092228464419476 0.4741924157303371 0.324438202247191 0.4703300561797753 0.33403558052434457 0.4606741573033708 0.33824906367041196 0.44978932584269665 0.3366104868913858 0.44469803370786515 0.3279494382022472 0.4410112359550562 0.31413857677902624 0.44434691011235955 0.30711610486891383 0.46190308988764045 0.30243445692883897
0 0.3981741573033708 0.487125468164794 0.40765449438202245 0.49180711610486894 0.4101123595505618 0.5063202247191011 0.40888342696629215 0.5152153558052435 0.39782303370786515 0.5227059925093633 0.38992275280898875 0.5203651685393258 0.38535814606741575 0.5161516853932584 0.3830758426966292 0.5016385767790262 0.38728932584269665 0.49157303370786515 0.397998595505618 0.487125468164794
0 0.6188553370786517 0.45271535580524347 0.6248244382022472 0.47401685393258425 0.6214887640449438 0.48408239700374533 0.6127106741573034 0.49087078651685395 0.6049859550561798 0.4892322097378277 0.5981390449438202 0.48197565543071164 0.5972612359550562 0.46652621722846443 0.6021769662921348 0.45669475655430714 0.6186797752808989 0.45271535580524347
0 0.5888342696629213 0.32045880149812733 0.5963834269662921 0.3279494382022472 0.5988412921348315 0.3410580524344569 0.5932233146067416 0.35603932584269665 0.5858497191011236 0.36142322097378277 0.5779494382022472 0.36025280898876405 0.5705758426966292 0.35346441947565543 0.5688202247191011 0.33754681647940077 0.5709269662921348 0.33029026217228463 0.5754915730337079 0.32420411985018727 0.5814606741573034 0.32045880149812733 0.5886587078651685 0.32045880149812733
0 0.5496839887640449 0.3972378277153558 0.5607443820224719 0.4033239700374532 0.5653089887640449 0.4143258426966292 0.5646067415730337 0.4250936329588015 0.5610955056179775 0.43258426966292135 0.5509129213483146 0.43937265917602997 0.543188202247191 0.43679775280898875 0.5391502808988764 0.43258426966292135 0.5363412921348315 0.4131554307116105 0.5414325842696629 0.3972378277153558 0.5495084269662921 0.3972378277153558
0 0.5189606741573034 0.3604868913857678 0.5263342696629213 0.3651685393258427 0.5307233146067416 0.37312734082397003 0.5300210674157303 0.3836610486891386 0.5273876404494382 0.3899812734082397 0.5221207865168539 0.3951310861423221 0.511938202247191 0.3955992509363296 0.507373595505618 0.3913857677902622 0.5049157303370787 0.3836610486891386 0.5050912921348315 0.37312734082397003 0.5079002808988764 0.36587078651685395 0.5187851123595506 0.3607209737827715
0 0.3751755617977528 0.5215355805243446 0.38202247191011235 0.5294943820224719 0.3843047752808989 0.5430711610486891 0.3813202247191011 0.5533707865168539 0.3734199438202247 0.5589887640449438 0.3649929775280899 0.5573501872659176 0.355688202247191 0.5503277153558053 0.3539325842696629 0.5423689138576779 0.3637640449438202 0.5245786516853933 0.375 0.5215355805243446
0 0.5503862359550562 0.3616573033707865 0.5558286516853933 0.3647003745318352 0.5614466292134831 0.3728932584269663 0.5610955056179775 0.3881086142322097 0.5567064606741573 0.39419475655430714 0.5398525280898876 0.39489700374531833 0.5352879213483146 0.38459737827715357 0.5345856741573034 0.3728932584269663 0.539501404494382 0.3642322097378277 0.5502106741573034 0.3616573033707865
0 0.5291432584269663 0.4487359550561798 0.5363412921348315 0.4583333333333333 0.5372191011235955 0.47027153558052437 0.5338834269662921 0.4803370786516854 0.5263342696629213 0.48525280898876405 0.5205407303370787 0.4845505617977528 0.5133426966292135 0.4782303370786517 0.5108848314606742 0.4721441947565543 0.5103581460674157 0.45997191011235955 0.5143960674157303 0.4524812734082397 0.5187851123595506 0.44920411985018727 0.5289676966292135 0.4487359550561798
0 0.36657303370786515 0.3099250936329588 0.37359550561797755 0.31741573033707865 0.3751755617977528 0.32841760299625467 0.3714887640449438 0.33918539325842695 0.3632373595505618 0.3443352059925094 0.35814606741573035 0.3431647940074906 0.35235252808988765 0.337312734082397 0.3500702247191011 0.32397003745318353 0.3558637640449438 0.3125 0.36639747191011235 0.3099250936329588
0 0.4905196629213483 0.5271535580524345 0.4984199438202247 0.5320692883895131 0.5026334269662921 0.5472846441947565 0.5014044943820225 0.5531367041198502 0.49543539325842695 0.5625 0.4884129213483146 0.5655430711610487 0.48103932584269665 0.56437265917603 0.47717696629213485 0.5608614232209738 0.4729634831460674 0.5440074906367042 0.4764747191011236 0.5327715355805244 0.4801615168539326 0.5290262172284644 0.4903441011235955 0.5271535580524345
0 0.3941362359550562 0.3113295880149813 0.40168539325842695 0.3136704119850187 0.4078300561797753 0.3211610486891386 0.4085323033707865 0.33146067415730335 0.4060744382022472 0.33918539325842695 0.4018609550561798 0.34363295880149813 0.39378511235955055 0.34527153558052437 0.386938202247191 0.34269662921348315 0.38360252808988765 0.33824906367041196 0.382373595505618 0.32092696629213485 0.38606039325842695 0.3155430711610487 0.39396067415730335 0.311563670411985
0 0.49122191011235955 0.39653558052434457 0.49912219101123595 0.40379213483146065 0.5012289325842697 0.4147940074906367 0.49877106741573035 0.424625468164794 0.49490870786516855 0.42930711610486894 0.48911516853932585 0.4311797752808989 0.4840238764044944 0.4309456928838951 0.4780547752808989 0.4250936329588015 0.476123595505618 0.41151685393258425 0.47963483146067415 0.40074906367041196 0.49104634831460675 0.39653558052434457
0 0.5856741573033708 0.6491104868913857 0.5930477528089888 0.6521535580524345 0.598314606741573 0.6757958801498127 0.59375 0.68562734082397 0.5819873595505618 0.6900749063670412 0.5742626404494382 0.6858614232209738 0.5746137640449438 0.6821161048689138 0.5675912921348315 0.6676029962546817 0.5763693820224719 0.6509831460674157 0.585498595505618 0.6491104868913857
0 0.5558286516853933 0.45107677902621723 0.5651334269662921 0.460440074906367 0.5674157303370787 0.4716760299625468 0.5646067415730337 0.48220973782771537 0.5545997191011236 0.4892322097378277 0.5454705056179775 0.4850187265917603 0.5421348314606742 0.48010299625468167 0.5409058988764045 0.47191011235955055 0.543188202247191 0.4538857677902622 0.5556530898876404 0.45107677902621723
0 0.5783005617977528 0.3609550561797753 0.5883075842696629 0.3647003745318352 0.5933988764044944 0.37219101123595505 0.5933988764044944 0.38717228464419473 0.5851474719101124 0.39442883895131087 0.5751404494382022 0.39115168539325845 0.5686446629213483 0.3815543071161049 0.5695224719101124 0.3686797752808989 0.578125 0.3609550561797753
0 0.616748595505618 0.36493445692883897 0.6239466292134831 0.36961610486891383 0.6274578651685393 0.37640449438202245 0.6281601123595506 0.3838951310861423 0.625 0.39419475655430714 0.6162219101123596 0.4002808988764045 0.6090238764044944 0.398876404494382 0.6037570224719101 0.39396067415730335 0.6018258426966292 0.38974719101123595 0.6012991573033708 0.37663857677902624 0.6069171348314607 0.3686797752808989 0.6165730337078652 0.36493445692883897
0 0.36639747191011235 0.5603932584269663 0.3793890449438202 0.5629681647940075 0.3830758426966292 0.574438202247191 0.3825491573033708 0.5835674157303371 0.3769311797752809 0.5908239700374532 0.37043539325842695 0.5933988764044944 0.36622191011235955 0.5933988764044944 0.3609550561797753 0.5894194756554307 0.3555126404494382 0.5732677902621723 0.35867275280898875 0.5629681647940075 0.36622191011235955 0.5603932584269663
0 0.3944873595505618 0.3506554307116105 0.40308988764044945 0.35463483146067415 0.4081811797752809 0.36282771535580527 0.40326544943820225 0.3822565543071161 0.3948384831460674 0.3857677902621723 0.38606039325842695 0.38202247191011235 0.3827247191011236 0.37570224719101125 0.3813202247191011 0.36680711610486894 0.38395365168539325 0.35557116104868913 0.394311797752809 0.3506554307116105
0 0.5540730337078652 0.3188202247191011 0.561622191011236 0.32303370786516855 0.5665379213483146 0.33497191011235955 0.5646067415730337 0.3485486891385768 0.5574087078651685 0.3553370786516854 0.5461727528089888 0.3506554307116105 0.5409058988764045 0.34176029962546817 0.542310393258427 0.32724719101123595 0.5479283707865169 0.3202247191011236 0.5538974719101124 0.3188202247191011
0 0.6199087078651685 0.6203183520599251 0.6279845505617978 0.6259363295880149 0.6307935393258427 0.6364700374531835 0.6292134831460674 0.6477059925093633 0.6202598314606742 0.6549625468164794 0.6091994382022472 0.6519194756554307 0.6055126404494382 0.6474719101123596 0.6037570224719101 0.6374063670411985 0.6086727528089888 0.6252340823970037 0.6127106741573034 0.6214887640449438 0.6197331460674157 0.6203183520599251
0 0.4334620786516854 0.45318352059925093 0.44030898876404495 0.4585674157303371 0.4432935393258427 0.47331460674157305 0.4390800561797753 0.4845505617977528 0.43223314606741575 0.48852996254681647 0.4220505617977528 0.4859550561797753 0.4178370786516854 0.48080524344569286 0.4174859550561798 0.46676029962546817 0.4216994382022472 0.4538857677902622 0.4332865168539326 0.45318352059925093
0 0.42907303370786515 0.40379213483146065 0.4353932584269663 0.4068352059925094 0.4376755617977528 0.41058052434456926 0.44048455056179775 0.41853932584269665 0.44066011235955055 0.4288389513108614 0.4355688202247191 0.43609550561797755 0.42521067415730335 0.43703183520599254 0.4176615168539326 0.43375468164794007 0.4157303370786517 0.4178370786516854 0.4201193820224719 0.40730337078651685 0.42889747191011235 0.40379213483146065
0 0.4882373595505618 0.3562734082397004 0.49894662921348315 0.3618913857677903 0.5031601123595506 0.3728932584269663 0.5014044943820225 0.38717228464419473 0.49157303370786515 0.39302434456928836 0.48103932584269665 0.3904494382022472 0.47770365168539325 0.3794475655430712 0.47928370786516855 0.36540262172284643 0.488061797752809 0.3562734082397004
0 0.46769662921348315 0.5259831460674157 0.4706811797752809 0.5264513108614233 0.47366573033707865 0.5325374531835206 0.4705056179775281 0.56062734082397 0.4633075842696629 0.5716292134831461 0.44803370786516855 0.5786516853932584 0.4415379213483146 0.5760767790262172 0.4376755617977528 0.5692883895131086 0.44452247191011235 0.5353464419475655 0.44627808988764045 0.5313670411985019 0.45259831460674155 0.5276217228464419 0.46348314606741575 0.5290262172284644 0.46752106741573035 0.5259831460674157
0 0.40133426966292135 0.4431179775280899 0.4080056179775281 0.4447565543071161 0.41134129213483145 0.4482677902621723 0.41467696629213485 0.4595037453183521 0.41134129213483145 0.47448501872659177 0.40361657303370785 0.4798689138576779 0.39115168539325845 0.47448501872659177 0.38728932584269665 0.46348314606741575 0.38992275280898875 0.450374531835206 0.39729634831460675 0.44358614232209737 0.40115870786516855 0.4431179775280899
0 0.4001053370786517 0.3967696629213483 0.40765449438202245 0.4002808988764045 0.41134129213483145 0.4049625468164794 0.4125702247191011 0.41713483146067415 0.40870786516853935 0.4297752808988764 0.397998595505618 0.4344569288389513 0.3904494382022472 0.4332865168539326 0.38553370786516855 0.42837078651685395 0.3827247191011236 0.41385767790262173 0.38974719101123595 0.3991104868913858 0.3999297752808989 0.3967696629213483
0 0.5265098314606742 0.31203183520599254 0.5305477528089888 0.31320224719101125 0.5366924157303371 0.32045880149812733 0.5393258426966292 0.33380149812734083 0.5338834269662921 0.3487827715355805 0.5228230337078652 0.35697565543071164 0.5086025280898876 0.35135767790262173 0.5080758426966292 0.33497191011235955 0.5108848314606742 0.3213951310861423 0.5143960674157303 0.3160112359550562 0.519311797752809 0.3125 0.5263342696629213 0.31203183520599254
0 0.46383426966292135 0.3946629213483146 0.47173455056179775 0.4028558052434457 0.4729634831460674 0.4147940074906367 0.47138342696629215 0.42275280898876405 0.4608497191011236 0.4302434456928839 0.4515449438202247 0.42532771535580527 0.4476825842696629 0.4110486891385768 0.44838483146067415 0.4044943820224719 0.4515449438202247 0.3991104868913858 0.4566362359550562 0.39536516853932585 0.46365870786516855 0.3946629213483146
0 0.3634129213483146 0.43726591760299627 0.37394662921348315 0.4417134831460674 0.3769311797752809 0.45318352059925093 0.375 0.46348314606741575 0.36815308988764045 0.47073970037453183 0.3628862359550562 0.47237827715355807 0.3555126404494382 0.4691011235955056 0.3518258426966292 0.46418539325842695 0.35024578651685395 0.4529494382022472 0.3516502808988764 0.4452247191011236 0.3553370786516854 0.43984082397003743 0.3632373595505618 0.43726591760299627
0 0.45821629213483145 0.34784644194756553 0.46558988764044945 0.35252808988764045 0.4685744382022472 0.36329588014981273 0.46418539325842695 0.37734082397003743 0.4571629213483146 0.3822565543071161 0.44610252808988765 0.38038389513108617 0.44276685393258425 0.36118913857677903 0.44610252808988765 0.35135767790262173 0.4527738764044944 0.3476123595505618 0.45804073033707865 0.34784644194756553
0 0.5242275280898876 0.5259831460674157 0.5301966292134831 0.5276217228464419 0.5351123595505618 0.5323033707865169 0.5380969101123596 0.5447097378277154 0.5366924157303371 0.5580524344569289 0.53125 0.5641385767790262 0.5259831460674157 0.5662453183520599 0.5187851123595506 0.5653089887640449 0.5124648876404494 0.56062734082397 0.5080758426966292 0.549625468164794 0.5086025280898876 0.5393258426966292 0.5114115168539326 0.5306647940074907 0.5240519662921348 0.5259831460674157
0 0.6148174157303371 0.3232677902621723 0.6211376404494382 0.32631086142322097 0.6260533707865169 0.337312734082397 0.6227176966292135 0.35346441947565543 0.6163974719101124 0.3579119850187266 0.609375 0.35720973782771537 0.6049859550561798 0.35346441947565543 0.6004213483146067 0.3429307116104869 0.6005969101123596 0.33497191011235955 0.6041081460674157 0.3279494382022472 0.6091994382022472 0.3237359550561798 0.6146418539325843 0.3232677902621723
0 0.3669241573033708 0.350187265917603 0.37447331460674155 0.3595505617977528 0.375 0.37312734082397003 0.37025983146067415 0.38108614232209737 0.3628862359550562 0.38459737827715357 0.352001404494382 0.37780898876404495 0.3495435393258427 0.36352996254681647 0.3514747191011236 0.3553370786516854 0.35463483146067415 0.35135767790262173 0.366748595505618 0.350187265917603
0 0.42679073033707865 0.3506554307116105 0.43679775280898875 0.35908239700374533 0.43802668539325845 0.3698501872659176 0.4332865168539326 0.3813202247191011 0.42643960674157305 0.38459737827715357 0.4216994382022472 0.38459737827715357 0.4155547752808989 0.3801498127340824 0.4125702247191011 0.36587078651685395 0.41678370786516855 0.3541666666666667 0.42661516853932585 0.3506554307116105
0 0.6142907303370787 0.536750936329588 0.6228932584269663 0.5423689138576779 0.6271067415730337 0.5536048689138576 0.6239466292134831 0.5676498127340824 0.6165730337078652 0.5735018726591761 0.604810393258427 0.5692883895131086 0.5997191011235955 0.5573501872659176 0.6012991573033708 0.5433052434456929 0.6065660112359551 0.538623595505618 0.6141151685393258 0.536750936329588
0 0.5849719101123596 0.45107677902621723 0.5935744382022472 0.45669475655430714 0.5944522471910112 0.46629213483146065 0.5926966292134831 0.47869850187265917 0.585498595505618 0.48431647940074907 0.5746137640449438 0.4815074906367041 0.5705758426966292 0.47401685393258425 0.5728581460674157 0.45575842696629215 0.5779494382022472 0.4515449438202247 0.5847963483146067 0.45107677902621723
0 0.49525983146067415 0.311563670411985 0.5035112359550562 0.31741573033707865 0.5066713483146067 0.33192883895131087 0.5014044943820225 0.3433988764044944 0.49508426966292135 0.34620786516853935 0.484375 0.34176029962546817 0.48139044943820225 0.3279494382022472 0.4840238764044944 0.3155430711610487 0.49508426966292135 0.311563670411985
0 0.5196629213483146 0.40472846441947563 0.5263342696629213 0.40730337078651685 0.5310744382022472 0.4147940074906367 0.532127808988764 0.4288389513108614 0.5310744382022472 0.43586142322097376 0.5277387640449438 0.4407771535580524 0.519311797752809 0.4447565543071161 0.5121137640449438 0.4431179775280899 0.5084269662921348 0.43937265917602997 0.5049157303370787 0.42837078651685395 0.5086025280898876 0.4131554307116105 0.5122893258426966 0.40777153558052437 0.5194873595505618 0.40472846441947563
0 0.6200842696629213 0.579119850187266 0.6237710674157303 0.5812265917602997 0.6278089887640449 0.588249063670412 0.6278089887640449 0.6025280898876404 0.6228932584269663 0.6109550561797753 0.6134129213483146 0.6135299625468165 0.6037570224719101 0.6072097378277154 0.6012991573033708 0.599250936329588 0.602001404494382 0.5905898876404494 0.6077949438202247 0.5802902621722846 0.6199087078651685 0.579119850187266
0 0.49912219101123595 0.44545880149812733 0.5049157303370787 0.4499063670411985 0.5086025280898876 0.45997191011235955 0.5063202247191011 0.47401685393258425 0.5021067415730337 0.47963483146067415 0.4956109550561798 0.48267790262172283 0.484375 0.4794007490636704 0.4808637640449438 0.4721441947565543 0.47945926966292135 0.4627808988764045 0.484375 0.44897003745318353 0.4878862359550562 0.44592696629213485 0.49894662921348315 0.44545880149812733
0 0.45382724719101125 0.4854868913857678 0.4648876404494382 0.48993445692883897 0.46822331460674155 0.5011704119850188 0.46383426966292135 0.5163857677902621 0.45646067415730335 0.5208333333333334 0.4455758426966292 0.5163857677902621 0.4417134831460674 0.5053838951310862 0.44417134831460675 0.4913389513108614 0.4496137640449438 0.4859550561797753 0.45365168539325845 0.4854868913857678
0 0.37043539325842695 0.48197565543071164 0.37394662921348315 0.4833801498127341 0.3809691011235955 0.4943820224719101 0.38009129213483145 0.5093632958801498 0.3765800561797753 0.5168539325842697 0.359375 0.5149812734082397 0.35217696629213485 0.5053838951310862 0.3539325842696629 0.4943820224719101 0.3574438202247191 0.487125468164794 0.36271067415730335 0.4829119850187266 0.37025983146067415 0.48197565543071164
0 0.3707865168539326 0.3967696629213483 0.3806179775280899 0.4033239700374532 0.38219803370786515 0.4152621722846442 0.3811446629213483 0.4220505617977528 0.3765800561797753 0.4302434456928839 0.36657303370786515 0.43375468164794007 0.36077949438202245 0.43258426966292135 0.3558637640449438 0.4276685393258427 0.35287921348314605 0.4147940074906367 0.3549859550561798 0.4080056179775281 0.3614817415730337 0.40004681647940077 0.3706109550561798 0.3967696629213483
0 0.4274929775280899 0.31484082397003743 0.43627106741573035 0.32069288389513106 0.4397823033707865 0.3347378277153558 0.4376755617977528 0.34363295880149813 0.43240870786516855 0.34901685393258425 0.4202949438202247 0.34620786516853935 0.4164325842696629 0.34222846441947563 0.4139747191011236 0.3345037453183521 0.4143258426966292 0.32467228464419473 0.4180126404494382 0.31858614232209737 0.4273174157303371 0.31484082397003743
0 0.46787219101123595 0.4442883895131086 0.4762991573033708 0.45552434456928836 0.4768258426966292 0.4669943820224719 0.47138342696629215 0.4777621722846442 0.46225421348314605 0.4798689138576779 0.4529494382022472 0.4737827715355805 0.44978932584269665 0.45646067415730335 0.45417837078651685 0.4487359550561798 0.4631320224719101 0.4440543071161049 0.46769662921348315 0.4442883895131086
0 0.620435393258427 0.6551966292134831 0.6244733146067416 0.6566011235955056 0.6300912921348315 0.6647940074906367 0.6318469101123596 0.6823501872659176 0.6276334269662921 0.6931179775280899 0.6199087078651685 0.6973314606741573 0.6125351123595506 0.6970973782771536 0.6065660112359551 0.6926498127340824 0.6021769662921348 0.6858614232209738 0.6000702247191011 0.6753277153558053 0.6018258426966292 0.665496254681648 0.6053370786516854 0.6591760299625468 0.6123595505617978 0.6551966292134831 0.6202598314606742 0.6551966292134831
0 0.582689606741573 0.4044943820224719 0.5897120786516854 0.40941011235955055 0.5939255617977528 0.4199438202247191 0.5919943820224719 0.43562734082397003 0.5819873595505618 0.44335205992509363 0.570751404494382 0.4396067415730337 0.5667134831460674 0.4328183520599251 0.5660112359550562 0.42134831460674155 0.5667134831460674 0.4143258426966292 0.5704002808988764 0.40777153558052437 0.5825140449438202 0.4044943820224719
0 0.6153441011235955 0.4943820224719101 0.6248244382022472 0.5021067415730337 0.624122191011236 0.522003745318352 0.6163974719101124 0.5323033707865169 0.6030547752808989 0.5332397003745318 0.5995435393258427 0.5327715355805244 0.601123595505618 0.5292602996254682 0.5965589887640449 0.5191947565543071 0.6000702247191011 0.5014044943820225 0.6058637640449438 0.4953183520599251 0.6151685393258427 0.4943820224719101
0 0.4573384831460674 0.5334737827715356 0.4652387640449438 0.5388576779026217 0.46962780898876405 0.5500936329588015 0.46734550561797755 0.5639044943820225 0.46014747191011235 0.5695224719101124 0.44856039325842695 0.5650749063670412 0.4431179775280899 0.5538389513108615 0.44610252808988765 0.536750936329588 0.4496137640449438 0.533941947565543 0.4571629213483146 0.5334737827715356
0 0.4887640449438202 0.488998127340824 0.49929775280898875 0.49461610486891383 0.5019311797752809 0.5086610486891385 0.49754213483146065 0.5196629213483146 0.48771067415730335 0.523876404494382 0.47928370786516855 0.5189606741573034 0.4762991573033708 0.5121722846441947 0.476123595505618 0.5014044943820225 0.4808637640449438 0.49087078651685395 0.4885884831460674 0.488998127340824
0 0.6163974719101124 0.4101123595505618 0.6239466292134831 0.4169007490636704 0.6257022471910112 0.4250936329588015 0.6244733146067416 0.43375468164794007 0.6163974719101124 0.44499063670411987 0.605688202247191 0.4447565543071161 0.598314606741573 0.43258426966292135 0.6021769662921348 0.412687265917603 0.6076193820224719 0.40987827715355807 0.6162219101123596 0.4101123595505618
0 0.40554775280898875 0.5341760299625468 0.41274578651685395 0.5381554307116105 0.41678370786516855 0.5470505617977528 0.41151685393258425 0.5641385767790262 0.4044943820224719 0.5674157303370787 0.39396067415730335 0.56437265917603 0.3904494382022472 0.5526685393258427 0.3948384831460674 0.5390917602996255 0.4008075842696629 0.5344101123595506 0.40537219101123595 0.5341760299625468
2 0.6372893258426966 0.31054939138576776 0.34868223314606744 0.30508426966292135 0.3429741924157303 0.6935454119850187 0.6343541081460674 0.7004672284644196
1 0.42969803370786513 0.5027762172284644 0.022550912921348313 0.02865168539325843
1 0.5207742275280899 0.5025655430711611 0.025632022471910113 0.03290964419475655
1 0.5490976123595506 0.5034878277153558 0.02141502808988764 0.034756554307116105
1 0.5784006320224719 0.5028487827715356 0.021501053370786515 0.033476123595505614
1 0.580029845505618 0.5419101123595506 0.02358848314606742 0.032008426966292136
1 0.5471681882022472 0.5419897003745319 0.022240168539325846 0.03216760299625468
1 0.4324332865168539 0.5391175093632959 0.023342696629213483 0.027982209737827717
1 0.40017907303370787 0.5786048689138578 0.02086376404494382 0.02580992509363296
1 0.4296067415730337 0.5791830524344569 0.022368328651685393 0.023848314606741573
1 0.4619434691011236 0.5811587078651685 0.02149929775280899 0.019997659176029966
1 0.49045646067415727 0.5803417602996255 0.024685744382022475 0.027724719101123594
1 0.5181987359550562 0.5797588951310861 0.022821278089887643 0.026558988764044944
1 0.5483567415730337 0.5830898876404494 0.022275280898876405 0.028541666666666667
1 0.57953125 0.5825046816479401 0.024933286516853934 0.033609550561797756
1 0.5803862359550562 0.6223572097378277 0.0248560393258427 0.022804307116104868
1 0.3701158707865168 0.6184831460674157 0.016915379213483146 0.025980805243445693
1 0.36906074438202247 0.657125468164794 0.020660112359550564 0.020554775280898878
1 0.3991924157303371 0.6576100187265917 0.021232443820224718 0.023085205992509364
1 0.3983426966292135 0.6172120786516854 0.021871488764044943 0.024995318352059925
1 0.4287078651685393 0.6194569288389513 0.025252808988764044 0.024803370786516853
1 0.4288307584269663 0.6570903558052434 0.023158356741573034 0.023607209737827713
1 0.4604160814606742 0.6185159176029963 0.02195751404494382 0.027605337078651686
1 0.4596857443820225 0.6582092696629214 0.025177317415730337 0.022722378277153555
1 0.48914150280898877 0.6590941011235956 0.0255688202247191 0.021371722846441947
1 0.4886113061797753 0.6208029026217229 0.02450491573033708 0.027497659176029962
1 0.5172120786516854 0.6212336142322097 0.02435744382022472 0.02367743445692884
1 0.5177808988764045 0.6581273408239701 0.023156601123595508 0.020997191011235955
1 0.548251404494382 0.6222729400749063 0.022064606741573036 0.022633426966292135
1 0.5487306882022472 0.6615800561797752 0.02653616573033708 0.023223314606741572