2 0.34995312500000003 0.29650444756554306 0.6466525632022472 0.30820856741573033 0.6361188553370787 0.7053682116104869 0.33883426966292135 0.6913232677902622
0 0.35059691011235955 0.31109550561797755 0.35042134831460675 0.32092696629213485 0.35217696629213485 0.3279494382022472 0.3549859550561798 0.3326310861423221 0.3595505617977528 0.336376404494382 0.3656952247191011 0.33824906367041196 0.36973314606741575 0.33754681647940077 0.375 0.3347378277153558 0.3765800561797753 0.33146067415730335 0.37622893258426965 0.32982209737827717 0.37833567415730335 0.3237359550561798 0.37816011235955055 0.31062734082397003 0.3765800561797753 0.3061797752808989 0.37254213483146065 0.30032771535580527 0.3693820224719101 0.2982209737827715 0.36393960674157305 0.2970505617977528 0.35867275280898875 0.2982209737827715 0.3549859550561798 0.30032771535580527 0.35235252808988765 0.30407303370786515
0 0.3532303370786517 0.36282771535580527 0.3530547752808989 0.36680711610486894 0.3549859550561798 0.37312734082397003 0.3616573033707865 0.3822565543071161 0.36622191011235955 0.3848314606741573 0.37359550561797755 0.38670411985018727 0.3748244382022472 0.3836610486891386 0.3785112359550562 0.3817883895131086 0.38009129213483145 0.37897940074906367 0.38149578651685395 0.3782771535580524 0.3829002808988764 0.37336142322097376 0.38360252808988765 0.37312734082397003 0.38395365168539325 0.36587078651685395 0.38009129213483145 0.3574438202247191 0.3751755617977528 0.35135767790262173 0.36990870786516855 0.34808052434456926 0.36622191011235955 0.34737827715355807 0.363061797752809 0.34808052434456926 0.35884831460674155 0.3508895131086142 0.35691713483146065 0.35346441947565543
0 0.3539325842696629 0.40262172284644193 0.3537570224719101 0.40823970037453183 0.355688202247191 0.4147940074906367 0.36253511235955055 0.42532771535580527 0.36639747191011235 0.425561797752809 0.37236657303370785 0.4241573033707865 0.3767556179775281 0.42181647940074907 0.3807935393258427 0.41830524344569286 0.37974016853932585 0.41198501872659177 0.37991573033707865 0.4033239700374532 0.3788623595505618 0.39747191011235955 0.37622893258426965 0.39325842696629215 0.37377106741573035 0.3913857677902622 0.36639747191011235 0.38857677902621723 0.36271067415730335 0.3890449438202247 0.3574438202247191 0.39396067415730335
0 0.3537570224719101 0.4386704119850187 0.3535814606741573 0.4461610486891386 0.35481039325842695 0.45107677902621723 0.3570926966292135 0.45575842696629215 0.3614817415730337 0.4595037453183521 0.3628862359550562 0.4618445692883895 0.3707865168539326 0.45903558052434457 0.37377106741573035 0.45552434456928836 0.37552668539325845 0.45482209737827717 0.37991573033707865 0.44592696629213485 0.37974016853932585 0.4396067415730337 0.37816011235955055 0.43515917602996257 0.36973314606741575 0.4276685393258427 0.36271067415730335 0.42696629213483145 0.359375 0.42813670411985016 0.35621488764044945 0.43164794007490637
0 0.3518258426966292 0.49719101123595505 0.3516502808988764 0.5016385767790262 0.35235252808988765 0.5037453183520599 0.35797050561797755 0.5088951310861424 0.3634129213483146 0.5102996254681648 0.37008426966292135 0.5086610486891385 0.37640449438202245 0.5039794007490637 0.3809691011235955 0.4953183520599251 0.38412921348314605 0.487125468164794 0.3846558988764045 0.48080524344569286 0.38412921348314605 0.47752808988764045 0.37956460674157305 0.4683988764044944 0.36464185393258425 0.46769662921348315 0.3597261235955056 0.4695692883895131 0.3553370786516854 0.476123595505618
0 0.3500702247191011 0.5297284644194756 0.3497191011235955 0.536750936329588 0.3518258426966292 0.5463483146067416 0.35674157303370785 0.552434456928839 0.36271067415730335 0.5545411985018727 0.3711376404494382 0.5522003745318352 0.3767556179775281 0.5475187265917603 0.3793890449438202 0.536750936329588 0.38026685393258425 0.5252808988764045 0.37956460674157305 0.5222378277153558 0.3772823033707865 0.5184925093632958 0.36973314606741575 0.514747191011236 0.36604634831460675 0.5140449438202247 0.3590238764044944 0.5163857677902621 0.3549859550561798 0.5187265917602997 0.351123595505618 0.5250468164794008
0 0.3479634831460674 0.5742041198501873 0.3479634831460674 0.5805243445692884 0.3491924157303371 0.5852059925093633 0.35235252808988765 0.5908239700374532 0.35691713483146065 0.5941011235955056 0.363061797752809 0.5945692883895131 0.36780196629213485 0.5931647940074907 0.37219101123595505 0.5903558052434457 0.3753511235955056 0.5849719101123596 0.3727176966292135 0.5805243445692884 0.3728932584269663 0.5723314606741573 0.3746488764044944 0.5676498127340824 0.3707865168539326 0.5603932584269663 0.36639747191011235 0.5580524344569289 0.359375 0.5578183520599251 0.3551615168539326 0.5596910112359551 0.35042134831460675 0.56437265917603
0 0.34129213483146065 0.6226591760299626 0.34094101123595505 0.6301498127340824 0.34445224719101125 0.6367041198501873 0.34884129213483145 0.641619850187266 0.3649929775280899 0.6381086142322098 0.3688553370786517 0.6352996254681648 0.3714887640449438 0.6313202247191011 0.3730688202247191 0.6266385767790262 0.37236657303370785 0.6200842696629213 0.37394662921348315 0.613061797752809 0.37377106741573035 0.6090823970037453 0.3728932584269663 0.6060393258426966 0.37043539325842695 0.6025280898876404 0.36622191011235955 0.5987827715355806 0.363061797752809 0.5976123595505618 0.35621488764044945 0.5978464419475655 0.35428370786516855 0.5990168539325843 0.35270365168539325 0.6020599250936329 0.34708567415730335 0.6058052434456929 0.34269662921348315 0.6163389513108615
0 0.34638342696629215 0.6610486891385767 0.3460323033707865 0.6753277153558053 0.34831460674157305 0.6832865168539326 0.34831460674157305 0.68562734082397 0.35603932584269665 0.6870318352059925 0.359375 0.6865636704119851 0.36622191011235955 0.6837546816479401 0.3732443820224719 0.6757958801498127 0.37570224719101125 0.6577715355805244 0.37429775280898875 0.6533239700374532 0.3714887640449438 0.648876404494382 0.3674508426966292 0.6448970037453183 0.36271067415730335 0.6430243445692884 0.35235252808988765 0.6467696629213483 0.34884129213483145 0.6519194756554307
0 0.3767556179775281 0.6633895131086143 0.3772823033707865 0.6757958801498127 0.378686797752809 0.6821161048689138 0.38377808988764045 0.6863295880149812 0.3904494382022472 0.6879681647940075 0.3941362359550562 0.6865636704119851 0.398876404494382 0.6825842696629213 0.40291432584269665 0.6753277153558053 0.4041432584269663 0.6640917602996255 0.40133426966292135 0.650749063670412 0.39975421348314605 0.648876404494382 0.39360955056179775 0.647003745318352 0.38728932584269665 0.6479400749063671 0.383251404494382 0.649812734082397 0.3793890449438202 0.6537921348314607
0 0.3728932584269663 0.6334269662921348 0.37377106741573035 0.637874531835206 0.3727176966292135 0.6404494382022472 0.37587780898876405 0.6474719101123596 0.3772823033707865 0.6486423220973783 0.3806179775280899 0.648876404494382 0.3844803370786517 0.6474719101123596 0.3888693820224719 0.6441947565543071 0.3962429775280899 0.6409176029962547 0.3983497191011236 0.636938202247191 0.3969452247191011 0.6341292134831461 0.397998595505618 0.6324906367041199 0.40115870786516855 0.6338951310861424 0.4004564606741573 0.6306179775280899 0.4018609550561798 0.6266385767790262 0.4002808988764045 0.6163389513108615 0.3983497191011236 0.6123595505617978 0.3983497191011236 0.6093164794007491 0.3871137640449438 0.6060393258426966 0.3829002808988764 0.6076779026217228 0.378686797752809 0.6123595505617978 0.37570224719101125 0.6179775280898876
0 0.37816011235955055 0.5781835205992509 0.37798455056179775 0.5833333333333334 0.3769311797752809 0.588249063670412 0.3772823033707865 0.5917602996254682 0.3825491573033708 0.5990168539325843 0.38360252808988765 0.6022940074906367 0.3909761235955056 0.6041666666666666 0.40115870786516855 0.600187265917603 0.40625 0.5966760299625468 0.4104634831460674 0.5884831460674157 0.41099016853932585 0.574438202247191 0.40905898876404495 0.5678838951310862 0.40941011235955055 0.5669475655430711 0.41134129213483145 0.5662453183520599 0.4123946629213483 0.56437265917603 0.4120435393258427 0.5603932584269663 0.4078300561797753 0.5566479400749064 0.4039676966292135 0.5617977528089888 0.39360955056179775 0.5601591760299626 0.3871137640449438 0.56062734082397 0.3827247191011236 0.5671816479400749
0 0.37991573033707865 0.5468164794007491 0.38009129213483145 0.5512640449438202 0.3871137640449438 0.5587546816479401 0.39764747191011235 0.5596910112359551 0.4039676966292135 0.5575842696629213 0.40888342696629215 0.5522003745318352 0.4116924157303371 0.5470505617977528 0.4122191011235955 0.5409644194756554 0.4116924157303371 0.5280898876404494 0.4080056179775281 0.5217696629213483 0.4043188202247191 0.5189606741573034 0.3948384831460674 0.5175561797752809 0.38939606741573035 0.5189606741573034 0.38588483146067415 0.5224719101123596 0.3813202247191011 0.5430711610486891
0 0.3862359550561798 0.48525280898876405 0.38535814606741575 0.4911048689138577 0.3830758426966292 0.49812734082397003 0.38360252808988765 0.5051498127340824 0.386938202247191 0.510065543071161 0.38974719101123595 0.5112359550561798 0.3925561797752809 0.513810861423221 0.3967696629213483 0.514747191011236 0.40484550561797755 0.5140449438202247 0.4081811797752809 0.5093632958801498 0.4102879213483146 0.5025749063670412 0.40958567415730335 0.49157303370786515 0.4081811797752809 0.48431647940074907 0.39729634831460675 0.47752808988764045 0.38922050561797755 0.4803370786516854 0.3871137640449438 0.4824438202247191
0 0.3864115168539326 0.4396067415730337 0.38570926966292135 0.4426498127340824 0.386938202247191 0.44756554307116103 0.3890449438202247 0.4658239700374532 0.39202949438202245 0.4735486891385768 0.4006320224719101 0.47752808988764045 0.41116573033707865 0.476123595505618 0.41292134831460675 0.4737827715355805 0.41344803370786515 0.47027153558052437 0.41485252808988765 0.4669943820224719 0.4160814606741573 0.45341760299625467 0.4143258426966292 0.4463951310861423 0.4123946629213483 0.4421816479400749 0.4083567415730337 0.438436329588015 0.4023876404494382 0.4375 0.39747191011235955 0.43515917602996257 0.390625 0.4349250936329588 0.38728932584269665 0.43773408239700373
0 0.3904494382022472 0.398876404494382 0.3886938202247191 0.40074906367041196 0.38939606741573035 0.40191947565543074 0.38974719101123595 0.40613295880149813 0.3890449438202247 0.40777153558052437 0.38974719101123595 0.4190074906367041 0.3902738764044944 0.4220505617977528 0.3929073033707865 0.42743445692883897 0.39747191011235955 0.43258426966292135 0.39957865168539325 0.4328183520599251 0.4043188202247191 0.43562734082397003 0.41081460674157305 0.43375468164794007 0.4162570224719101 0.42602996254681647 0.4178370786516854 0.42064606741573035 0.4183637640449438 0.4112827715355805 0.4159058988764045 0.40262172284644193 0.4125702247191011 0.39840823970037453 0.4085323033707865 0.39653558052434457 0.4018609550561798 0.3958333333333333 0.39378511235955055 0.39630149812734083
0 0.38922050561797755 0.3677434456928839 0.3888693820224719 0.374063670411985 0.38974719101123595 0.3796816479400749 0.3927317415730337 0.3857677902621723 0.3964185393258427 0.38974719101123595 0.4006320224719101 0.3916198501872659 0.4066011235955056 0.39068352059925093 0.4101123595505618 0.387874531835206 0.41292134831460675 0.3817883895131086 0.4139747191011236 0.37687265917602997 0.41292134831460675 0.3663389513108614 0.4078300561797753 0.35580524344569286 0.4008075842696629 0.35510299625468167 0.39589185393258425 0.35814606741573035 0.39202949438202245 0.3618913857677903
0 0.38149578651685395 0.335440074906367 0.3811446629213483 0.33918539325842695 0.38219803370786515 0.3455056179775281 0.38535814606741575 0.3476123595505618 0.39202949438202245 0.35580524344569286 0.39396067415730335 0.35674157303370785 0.3987008426966292 0.35603932584269665 0.40765449438202245 0.3518258426966292 0.4106390449438202 0.3485486891385768 0.4118679775280899 0.3455056179775281 0.41274578651685395 0.3389513108614232 0.4122191011235955 0.3345037453183521 0.41309691011235955 0.3291198501872659 0.41274578651685395 0.32467228464419473 0.4102879213483146 0.3211610486891386 0.40625 0.3190543071161049 0.40098314606741575 0.3136704119850187 0.3909761235955056 0.31484082397003743 0.38360252808988765 0.3270131086142322
0 0.4202949438202247 0.32607677902621723 0.41941713483146065 0.3309925093632959 0.4197682584269663 0.337312734082397 0.4215238764044944 0.34386704119850187 0.42450842696629215 0.3487827715355805 0.42854634831460675 0.3506554307116105 0.4331109550561798 0.35135767790262173 0.43820224719101125 0.350187265917603 0.4410112359550562 0.34808052434456926 0.4432935393258427 0.34058988764044945 0.44434691011235955 0.3309925093632959 0.44206460674157305 0.32256554307116103 0.4396067415730337 0.3190543071161049 0.43469101123595505 0.31647940074906367 0.42872191011235955 0.3157771535580524 0.42310393258426965 0.31999063670411987
0 0.41695926966292135 0.38342696629213485 0.41660814606741575 0.3883426966292135 0.4176615168539326 0.3920880149812734 0.41906601123595505 0.39396067415730335 0.42521067415730335 0.39840823970037453 0.42872191011235955 0.3977059925093633 0.4317064606741573 0.39536516853932585 0.4353932584269663 0.39419475655430714 0.44610252808988765 0.3937265917602996 0.44803370786516855 0.39068352059925093 0.44785814606741575 0.386938202247191 0.4510182584269663 0.3775749063670412 0.4513693820224719 0.3682116104868914 0.45031601123595505 0.36282771535580527 0.4469803370786517 0.35767790262172283 0.44276685393258425 0.3544007490636704 0.4396067415730337 0.3532303370786517 0.4318820224719101 0.3532303370786517 0.4278441011235955 0.35463483146067415 0.4241573033707865 0.3574438202247191 0.421875 0.362125468164794 0.41906601123595505 0.37663857677902624
0 0.42099719101123595 0.4178370786516854 0.42099719101123595 0.42602996254681647 0.425561797752809 0.4328183520599251 0.4315308988764045 0.43469101123595505 0.4432935393258427 0.4349250936329588 0.44645365168539325 0.4342228464419476 0.4515449438202247 0.42907303370786515 0.453125 0.4220505617977528 0.45242275280898875 0.4091760299625468 0.449438202247191 0.4012172284644195 0.44417134831460675 0.3960674157303371 0.4396067415730337 0.3946629213483146 0.43275983146067415 0.3958333333333333 0.43047752808988765 0.3972378277153558 0.4239817415730337 0.4075374531835206
0 0.41660814606741575 0.4602059925093633 0.41660814606741575 0.4691011235955056 0.418188202247191 0.47284644194756553 0.4215238764044944 0.47495318352059923 0.425561797752809 0.4747191011235955 0.4315308988764045 0.47752808988764045 0.4396067415730337 0.4772940074906367 0.444873595505618 0.47495318352059923 0.4471558988764045 0.4721441947565543 0.45049157303370785 0.46324906367041196 0.4511938202247191 0.4529494382022472 0.453125 0.449438202247191 0.45259831460674155 0.4461610486891386 0.45172050561797755 0.44358614232209737 0.45031601123595505 0.4421816479400749 0.4397823033707865 0.43562734082397003 0.4313553370786517 0.4349250936329588 0.42521067415730335 0.43609550561797755 0.42240168539325845 0.4396067415730337 0.42047050561797755 0.44569288389513106 0.41853932584269665 0.45646067415730335
0 0.4137991573033708 0.49391385767790263 0.413623595505618 0.5056179775280899 0.414501404494382 0.510065543071161 0.4162570224719101 0.5121722846441947 0.4183637640449438 0.5194288389513109 0.4216994382022472 0.5175561797752809 0.4336376404494382 0.5154494382022472 0.4352176966292135 0.5121722846441947 0.44013342696629215 0.5056179775280899 0.4415379213483146 0.499063670411985 0.44048455056179775 0.48782771535580527 0.4371488764044944 0.4845505617977528 0.4359199438202247 0.48057116104868913 0.43293539325842695 0.47963483146067415 0.4216994382022472 0.48010299625468167 0.4178370786516854 0.4824438202247191 0.4160814606741573 0.48431647940074907 0.41467696629213485 0.4875936329588015
0 0.4137991573033708 0.5308988764044944 0.4141502808988764 0.5571161048689138 0.41485252808988765 0.5582865168539326 0.4178370786516854 0.5594569288389513 0.42450842696629215 0.5554775280898876 0.43223314606741575 0.5559456928838952 0.43451544943820225 0.5547752808988764 0.43662219101123595 0.5529026217228464 0.4376755617977528 0.5500936329588015 0.44013342696629215 0.5475187265917603 0.44083567415730335 0.5428370786516854 0.4432935393258427 0.5395599250936329 0.4438202247191011 0.5327715355805244 0.4413623595505618 0.5259831460674157 0.4390800561797753 0.5243445692883895 0.43644662921348315 0.5205992509363296 0.43223314606741575 0.5189606741573034 0.42521067415730335 0.5187265917602997 0.41906601123595505 0.5213014981273408 0.4160814606741573 0.5245786516853933
0 0.4143258426966292 0.5692883895131086 0.4139747191011236 0.574438202247191 0.41467696629213485 0.5809925093632958 0.4159058988764045 0.5849719101123596 0.4201193820224719 0.5926966292134831 0.4257373595505618 0.5971441947565543 0.4318820224719101 0.599250936329588 0.43697331460674155 0.5990168539325843 0.441186797752809 0.596441947565543 0.4469803370786517 0.5887172284644194 0.44662921348314605 0.5676498127340824 0.44276685393258425 0.5617977528089888 0.4397823033707865 0.5589887640449438 0.4357443820224719 0.5573501872659176 0.421875 0.5571161048689138 0.4174859550561798 0.56062734082397
0 0.4027387640449438 0.6018258426966292 0.4022120786516854 0.6022940074906367 0.40326544943820225 0.6036985018726592 0.40712780898876405 0.6051029962546817 0.40537219101123595 0.6193820224719101 0.4058988764044944 0.62687265917603 0.40730337078651685 0.6301498127340824 0.4122191011235955 0.6355337078651685 0.41906601123595505 0.6392790262172284 0.42907303370786515 0.6399812734082397 0.43223314606741575 0.6383426966292135 0.4334620786516854 0.6364700374531835 0.43697331460674155 0.6343632958801498 0.44030898876404495 0.6308520599250936 0.43995786516853935 0.6264044943820225 0.44083567415730335 0.62312734082397 0.4417134831460674 0.6128277153558053 0.44013342696629215 0.6088483146067416 0.43679775280898875 0.6044007490636704 0.43416432584269665 0.6022940074906367 0.4220505617977528 0.5978464419475655 0.40923455056179775 0.6020599250936329 0.40730337078651685 0.6022940074906367 0.40537219101123595 0.6008895131086143
0 0.40537219101123595 0.650749063670412 0.40537219101123595 0.6601123595505618 0.4060744382022472 0.665496254681648 0.40502106741573035 0.6711142322097379 0.40502106741573035 0.6769662921348315 0.40519662921348315 0.6783707865168539 0.4078300561797753 0.6823501872659176 0.41134129213483145 0.6851591760299626 0.41485252808988765 0.68562734082397 0.42099719101123595 0.6828183520599251 0.43065308988764045 0.6750936329588015 0.4320575842696629 0.6718164794007491 0.4317064606741573 0.6704119850187266 0.4339887640449438 0.6615168539325843 0.4339887640449438 0.6544943820224719 0.4311797752808989 0.6446629213483146 0.42854634831460675 0.6409176029962547 0.421875 0.6385767790262172 0.4143258426966292 0.638810861423221 0.4097612359550562 0.6423220973782772 0.4064255617977528 0.6474719101123596
0 0.4352176966292135 0.6474719101123596 0.43504213483146065 0.6615168539325843 0.4357443820224719 0.6683052434456929 0.4375 0.6722846441947565 0.44206460674157305 0.677434456928839 0.4455758426966292 0.6795411985018727 0.4566362359550562 0.6797752808988764 0.4585674157303371 0.6760299625468165 0.4594452247191011 0.6701779026217228 0.46594101123595505 0.6577715355805244 0.46611657303370785 0.6509831460674157 0.4648876404494382 0.6474719101123596 0.4594452247191011 0.6434925093632958 0.45242275280898875 0.6409176029962547 0.44627808988764045 0.6341292134831461 0.44259129213483145 0.6343632958801498 0.44030898876404495 0.6371722846441947 0.4396067415730337 0.641619850187266 0.4378511235955056 0.6425561797752809
0 0.44399578651685395 0.6165730337078652 0.44434691011235955 0.6235955056179775 0.4475070224719101 0.6331928838951311 0.45172050561797755 0.6399812734082397 0.4566362359550562 0.6418539325842697 0.4629564606741573 0.6413857677902621 0.4671699438202247 0.6371722846441947 0.47015449438202245 0.6317883895131086 0.4726123595505618 0.6196161048689138 0.47138342696629215 0.6109550561797753 0.4685744382022472 0.6048689138576779 0.4645365168539326 0.6020599250936329 0.4566362359550562 0.5999531835205992 0.45242275280898875 0.6006554307116105 0.4473314606741573 0.6048689138576779 0.4450491573033708 0.6093164794007491
0 0.45066713483146065 0.5786516853932584 0.45049157303370785 0.5852059925093633 0.45172050561797755 0.5903558052434457 0.4548806179775281 0.596441947565543 0.4587429775280899 0.5985486891385767 0.46629213483146065 0.6006554307116105 0.4703300561797753 0.5999531835205992 0.4743679775280899 0.5948033707865169 0.4766502808988764 0.5887172284644194 0.47770365168539325 0.5779494382022472 0.47524578651685395 0.5676498127340824 0.47120786516853935 0.5627340823970037 0.4669943820224719 0.56062734082397 0.45575842696629215 0.5636704119850188 0.45259831460674155 0.5676498127340824
0 0.44417134831460675 0.5400280898876404 0.4438202247191011 0.5435393258426966 0.4455758426966292 0.5512640449438202 0.4452247191011236 0.5573501872659176 0.4529494382022472 0.5608614232209738 0.45997191011235955 0.5603932584269663 0.46576544943820225 0.5575842696629213 0.4683988764044944 0.5552434456928839 0.4710323033707865 0.550561797752809 0.47208567415730335 0.5472846441947565 0.4726123595505618 0.536750936329588 0.47208567415730335 0.5294943820224719 0.4689255617977528 0.5255149812734082 0.46365870786516855 0.522003745318352 0.4571629213483146 0.5213014981273408 0.449438202247191 0.522003745318352 0.44610252808988765 0.5259831460674157 0.4468047752808989 0.5294943820224719
0 0.445751404494382 0.4978932584269663 0.44610252808988765 0.5021067415730337 0.4455758426966292 0.5056179775280899 0.4469803370786517 0.5088951310861424 0.4476825842696629 0.5154494382022472 0.4492626404494382 0.5173220973782772 0.4529494382022472 0.5182584269662921 0.460498595505618 0.5182584269662921 0.47208567415730335 0.5161516853932584 0.47331460674157305 0.5152153558052435 0.47401685393258425 0.5131086142322098 0.4722612359550562 0.5030430711610487 0.4743679775280899 0.49508426966292135 0.47366573033707865 0.487125468164794 0.4745435393258427 0.48431647940074907 0.47384129213483145 0.4833801498127341 0.4703300561797753 0.4824438202247191 0.46962780898876405 0.4812734082397004 0.4606741573033708 0.4798689138576779 0.45628511235955055 0.4798689138576779 0.453125 0.48197565543071164 0.4496137640449438 0.4812734082397004 0.44785814606741575 0.48408239700374533 0.44803370786516855 0.48993445692883897
0 0.45417837078651685 0.45669475655430714 0.4534761235955056 0.4627808988764045 0.45417837078651685 0.4705056179775281 0.4554073033707865 0.47425093632958804 0.45979634831460675 0.4779962546816479 0.4652387640449438 0.4794007490636704 0.46962780898876405 0.47869850187265917 0.47542134831460675 0.47448501872659177 0.47787921348314605 0.47027153558052437 0.47910814606741575 0.4639513108614232 0.4785814606741573 0.4550561797752809 0.476123595505618 0.4477996254681648 0.4743679775280899 0.4461610486891386 0.4708567415730337 0.44499063670411987 0.4626053370786517 0.4447565543071161 0.45768960674157305 0.44920411985018727 0.4552317415730337 0.45318352059925093
0 0.4566362359550562 0.4112827715355805 0.45786516853932585 0.41924157303370785 0.45646067415730335 0.42579588014981273 0.4575140449438202 0.42813670411985016 0.45768960674157305 0.43211610486891383 0.45997191011235955 0.43469101123595505 0.46172752808988765 0.43913857677902624 0.46541432584269665 0.4417134831460674 0.47384129213483145 0.44288389513108617 0.4787570224719101 0.4410112359550562 0.4824438202247191 0.43609550561797755 0.48367275280898875 0.43211610486891383 0.4840238764044944 0.4147940074906367 0.48121488764044945 0.40847378277153557 0.47770365168539325 0.40426029962546817 0.4741924157303371 0.40262172284644193 0.4691011235955056 0.4023876404494382 0.4669943820224719 0.4012172284644195 0.46225421348314605 0.40191947565543074 0.45839185393258425 0.4049625468164794
0 0.4547050561797753 0.3698501872659176 0.45365168539325845 0.37312734082397003 0.4552317415730337 0.38412921348314605 0.45628511235955055 0.3874063670411985 0.45997191011235955 0.3937265917602996 0.4671699438202247 0.3951310861423221 0.47384129213483145 0.3925561797752809 0.47735252808988765 0.3899812734082397 0.47963483146067415 0.3801498127340824 0.47963483146067415 0.3728932584269663 0.4784058988764045 0.3682116104868914 0.47401685393258425 0.3609550561797753 0.46769662921348315 0.3583801498127341 0.4627808988764045 0.35931647940074907 0.45979634831460675 0.36142322097378277 0.45593398876404495 0.36657303370786515
0 0.4490870786516854 0.32724719101123595 0.4492626404494382 0.33497191011235955 0.44996488764044945 0.3377808988764045 0.44838483146067415 0.34901685393258425 0.45172050561797755 0.3544007490636704 0.45997191011235955 0.35814606741573035 0.4664676966292135 0.35580524344569286 0.476123595505618 0.3485486891385768 0.47787921348314605 0.34176029962546817 0.4780547752808989 0.33497191011235955 0.47559691011235955 0.32162921348314605 0.47401685393258425 0.3188202247191011 0.46980337078651685 0.3157771535580524 0.46365870786516855 0.3136704119850187 0.4566362359550562 0.31484082397003743 0.4510182584269663 0.32092696629213485
0 0.48332162921348315 0.3270131086142322 0.48332162921348315 0.3342696629213483 0.4847261235955056 0.33941947565543074 0.48718398876404495 0.3445692883895131 0.48735955056179775 0.3487827715355805 0.49104634831460675 0.3508895131086142 0.49473314606741575 0.35135767790262173 0.5015800561797753 0.3508895131086142 0.5022823033707865 0.350187265917603 0.5071980337078652 0.3387172284644195 0.5089536516853933 0.33192883895131087 0.5087780898876404 0.3265449438202247 0.5068469101123596 0.31835205992509363 0.5040379213483146 0.3150749063670412 0.4984199438202247 0.31179775280898875 0.4943820224719101 0.311563670411985 0.4903441011235955 0.31320224719101125 0.48753511235955055 0.3155430711610487 0.4841994382022472 0.32092696629213485
0 0.48349719101123595 0.3719569288389513 0.48349719101123595 0.38108614232209737 0.4801615168539326 0.39489700374531833 0.48121488764044945 0.39840823970037453 0.48542837078651685 0.40262172284644193 0.48771067415730335 0.4070692883895131 0.48946629213483145 0.4056647940074906 0.49473314606741575 0.4044943820224719 0.5057935393258427 0.40004681647940077 0.5112359550561798 0.3920880149812734 0.5117626404494382 0.39068352059925093 0.5117626404494382 0.3796816479400749 0.5103581460674157 0.3717228464419476 0.5086025280898876 0.3661048689138577 0.5054424157303371 0.36282771535580527 0.5050912921348315 0.36118913857677903 0.4978932584269663 0.36142322097378277 0.49087078651685395 0.36329588014981273 0.48700842696629215 0.36587078651685395 0.48384831460674155 0.3698501872659176
0 0.48753511235955055 0.4131554307116105 0.48911516853932585 0.43211610486891383 0.49350421348314605 0.43703183520599254 0.4980688202247191 0.4386704119850187 0.5049157303370787 0.438436329588015 0.5091292134831461 0.43586142322097376 0.511938202247191 0.43211610486891383 0.5129915730337079 0.42532771535580527 0.5128160112359551 0.41760299625468167 0.5114115168539326 0.4112827715355805 0.5079002808988764 0.40613295880149813 0.5050912921348315 0.40402621722846443 0.4964887640449438 0.4044943820224719 0.49157303370786515 0.40730337078651685 0.4878862359550562 0.4112827715355805
0 0.4827949438202247 0.4524812734082397 0.4822682584269663 0.4559925093632959 0.4827949438202247 0.4669943820224719 0.4841994382022472 0.47425093632958804 0.49332865168539325 0.47846441947565543 0.5017556179775281 0.4791666666666667 0.5066713483146067 0.475187265917603 0.5091292134831461 0.4705056179775281 0.5098314606741573 0.46348314606741575 0.5089536516853933 0.4559925093632959 0.5068469101123596 0.44967228464419473 0.5038623595505618 0.44569288389513106 0.4956109550561798 0.4417134831460674 0.4882373595505618 0.4426498127340824 0.484375 0.44569288389513106
0 0.4764747191011236 0.49812734082397003 0.4762991573033708 0.5042134831460674 0.47717696629213485 0.5095973782771536 0.4785814606741573 0.5131086142322098 0.48156601123595505 0.5161516853932584 0.48771067415730335 0.5191947565543071 0.49473314606741575 0.5180243445692884 0.4982443820224719 0.5163857677902621 0.5015800561797753 0.5121722846441947 0.5028089887640449 0.5058520599250936 0.5024578651685393 0.49812734082397003 0.5015800561797753 0.49508426966292135 0.4980688202247191 0.488061797752809 0.49139747191011235 0.4833801498127341 0.4841994382022472 0.4845505617977528 0.4824438202247191 0.4859550561797753 0.4789325842696629 0.49063670411985016 0.47717696629213485 0.4943820224719101
0 0.47524578651685395 0.5362827715355806 0.4750702247191011 0.5440074906367042 0.476123595505618 0.550561797752809 0.47770365168539325 0.5554775280898876 0.480688202247191 0.5587546816479401 0.48735955056179775 0.5613295880149812 0.49297752808988765 0.5599250936329588 0.49701544943820225 0.5573501872659176 0.5 0.5507958801498127 0.5015800561797753 0.5395599250936329 0.4998244382022472 0.5337078651685393 0.49912219101123595 0.5259831460674157 0.49666432584269665 0.5234082397003745 0.491748595505618 0.522003745318352 0.4841994382022472 0.5222378277153558 0.4799859550561798 0.5262172284644194
0 0.4824438202247191 0.576310861423221 0.4808637640449438 0.5814606741573034 0.48103932584269665 0.5887172284644194 0.48332162921348315 0.5990168539325843 0.48700842696629215 0.6022940074906367 0.4924508426966292 0.6039325842696629 0.4978932584269663 0.6034644194756554 0.5038623595505618 0.5985486891385767 0.5063202247191011 0.5952715355805244 0.507373595505618 0.5875468164794008 0.5057935393258427 0.5781835205992509 0.5031601123595506 0.5706928838951311 0.4982443820224719 0.5657771535580525 0.49122191011235955 0.5653089887640449 0.4878862359550562 0.5669475655430711 0.4866573033707865 0.5678838951310862
0 0.47524578651685395 0.6196161048689138 0.4743679775280899 0.6247659176029963 0.4762991573033708 0.6367041198501873 0.4750702247191011 0.6404494382022472 0.4764747191011236 0.6420880149812734 0.4799859550561798 0.6439606741573034 0.4887640449438202 0.6455992509363296 0.49280196629213485 0.6444288389513109 0.49859550561797755 0.6402153558052435 0.5001755617977528 0.6338951310861424 0.4998244382022472 0.6226591760299626 0.49666432584269665 0.6151685393258427 0.49157303370786515 0.6097846441947565 0.4841994382022472 0.6081460674157303 0.47735252808988765 0.6154026217228464
0 0.46594101123595505 0.6711142322097379 0.46594101123595505 0.6753277153558053 0.46787219101123595 0.6821161048689138 0.47191011235955055 0.6860955056179775 0.47717696629213485 0.6867977528089888 0.4878862359550562 0.6842228464419475 0.49104634831460675 0.6821161048689138 0.4936797752808989 0.6783707865168539 0.4957865168539326 0.6718164794007491 0.49719101123595505 0.6650280898876404 0.4964887640449438 0.6563670411985019 0.4942064606741573 0.6509831460674157 0.49139747191011235 0.647003745318352 0.48156601123595505 0.6453651685393258 0.47735252808988765 0.6455992509363296 0.4747191011235955 0.6474719101123596 0.472436797752809 0.6509831460674157 0.46980337078651685 0.6650280898876404 0.46804775280898875 0.6666666666666666
0 0.504564606741573 0.6673689138576779 0.5043890449438202 0.6750936329588015 0.5052668539325843 0.6804775280898876 0.5077247191011236 0.6858614232209738 0.5126404494382022 0.6891385767790262 0.5161516853932584 0.6900749063670412 0.5228230337078652 0.6896067415730337 0.5258075842696629 0.6872659176029963 0.5284410112359551 0.6818820224719101 0.5293188202247191 0.6786048689138576 0.5286165730337079 0.6647940074906367 0.5261587078651685 0.6584737827715356 0.522998595505618 0.6551966292134831 0.5189606741573034 0.6530898876404494 0.5159761235955056 0.6544943820224719 0.5121137640449438 0.6547284644194756 0.5086025280898876 0.6566011235955056 0.5056179775280899 0.6619850187265918
0 0.5028089887640449 0.6093164794007491 0.5026334269662921 0.6154026217228464 0.503686797752809 0.6271067415730337 0.5049157303370787 0.6324906367041199 0.5077247191011236 0.638810861423221 0.5140449438202247 0.6444288389513109 0.5172050561797753 0.6453651685393258 0.5231741573033708 0.6446629213483146 0.5279143258426966 0.641619850187266 0.5305477528089888 0.6383426966292135 0.5328300561797753 0.6334269662921348 0.5340589887640449 0.6280430711610487 0.5347612359550562 0.6193820224719101 0.5328300561797753 0.6132958801498127 0.5301966292134831 0.6088483146067416 0.5259831460674157 0.6053370786516854 0.5189606741573034 0.6034644194756554 0.5158005617977528 0.601123595505618 0.5126404494382022 0.601123595505618 0.5075491573033708 0.6020599250936329 0.5038623595505618 0.6058052434456929
0 0.5100070224719101 0.5674157303370787 0.5101825842696629 0.5703417602996255 0.508251404494382 0.5749063670411985 0.5093047752808989 0.5765449438202247 0.5098314606741573 0.5814606741573034 0.5117626404494382 0.5833333333333334 0.5131671348314607 0.5866104868913857 0.5140449438202247 0.5952715355805244 0.5161516853932584 0.5990168539325843 0.5221207865168539 0.6025280898876404 0.527563202247191 0.6015917602996255 0.5333567415730337 0.598314606741573 0.5372191011235955 0.5933988764044944 0.5402036516853933 0.5833333333333334 0.5407303370786517 0.577247191011236 0.5403792134831461 0.574438202247191 0.538623595505618 0.5718632958801498 0.5368679775280899 0.5660112359550562 0.5294943820224719 0.5608614232209738 0.5224719101123596 0.5599250936329588 0.5126404494382022 0.5641385767790262
0 0.5056179775280899 0.5327715355805244 0.5050912921348315 0.5510299625468165 0.5056179775280899 0.5538389513108615 0.5086025280898876 0.5592228464419475 0.5128160112359551 0.5615636704119851 0.5161516853932584 0.5620318352059925 0.5252808988764045 0.5575842696629213 0.5293188202247191 0.5571161048689138 0.5338834269662921 0.5503277153558053 0.5368679775280899 0.5395599250936329 0.5375702247191011 0.5292602996254682 0.5354634831460674 0.5231741573033708 0.5356390449438202 0.5121722846441947 0.5326544943820225 0.5098314606741573 0.527563202247191 0.5133426966292135 0.5186095505617978 0.514747191011236 0.5133426966292135 0.5180243445692884 0.5112359550561798 0.5198970037453183 0.5084269662921348 0.5243445692883895
0 0.5064957865168539 0.48735955056179775 0.5063202247191011 0.4913389513108614 0.5086025280898876 0.5044475655430711 0.5149227528089888 0.5112359550561798 0.5222963483146067 0.5114700374531835 0.5259831460674157 0.5098314606741573 0.5284410112359551 0.5070224719101124 0.5317766853932584 0.5049157303370787 0.5333567415730337 0.4948501872659176 0.5328300561797753 0.48735955056179775 0.5308988764044944 0.4824438202247191 0.5258075842696629 0.47635767790262173 0.5205407303370787 0.4747191011235955 0.5140449438202247 0.476123595505618 0.5096558988764045 0.4794007490636704 0.5071980337078652 0.4836142322097378
0 0.5108848314606742 0.4452247191011236 0.5112359550561798 0.45669475655430714 0.5133426966292135 0.46465355805243447 0.5166783707865169 0.4693352059925094 0.5258075842696629 0.4721441947565543 0.5291432584269663 0.47120786516853935 0.5333567415730337 0.4679307116104869 0.5407303370786517 0.45271535580524347 0.5442415730337079 0.4499063670411985 0.5456460674157303 0.4473314606741573 0.5479283707865169 0.4461610486891386 0.5433637640449438 0.4438202247191011 0.5400280898876404 0.4452247191011236 0.5382724719101124 0.4442883895131086 0.5333567415730337 0.43679775280898875 0.5263342696629213 0.4342228464419476 0.5222963483146067 0.4342228464419476 0.5189606741573034 0.43562734082397003 0.511938202247191 0.44241573033707865
0 0.5145716292134831 0.40777153558052437 0.5149227528089888 0.42158239700374533 0.5168539325842697 0.4267322097378277 0.5191362359550562 0.4302434456928839 0.5259831460674157 0.43258426966292135 0.53125 0.4309456928838951 0.5352879213483146 0.42696629213483145 0.5380969101123596 0.41830524344569286 0.5382724719101124 0.41058052434456926 0.5372191011235955 0.40472846441947563 0.5331811797752809 0.3977059925093633 0.5268609550561798 0.3958333333333333 0.5226474719101124 0.39630149812734083 0.5189606741573034 0.3993445692883895
0 0.5143960674157303 0.3728932584269663 0.5140449438202247 0.3794475655430712 0.5166783707865169 0.3862359550561798 0.5210674157303371 0.3899812734082397 0.5251053370786517 0.39115168539325845 0.5296699438202247 0.39115168539325845 0.5333567415730337 0.3892790262172285 0.5373946629213483 0.3838951310861423 0.539501404494382 0.37687265917602997 0.5396769662921348 0.36914794007490637 0.5379213483146067 0.36235955056179775 0.5344101123595506 0.3565074906367041 0.5326544943820225 0.35510299625468167 0.5259831460674157 0.3548689138576779 0.5205407303370787 0.35720973782771537 0.5175561797752809 0.36142322097378277 0.515625 0.3661048689138577
0 0.5129915730337079 0.3279494382022472 0.5128160112359551 0.33169475655430714 0.5159761235955056 0.34480337078651685 0.5135182584269663 0.3487827715355805 0.5149227528089888 0.3522940074906367 0.5203651685393258 0.3532303370786517 0.5294943820224719 0.3522940074906367 0.5337078651685393 0.3508895131086142 0.5363412921348315 0.3487827715355805 0.5387991573033708 0.3419943820224719 0.5389747191011236 0.33824906367041196 0.5403792134831461 0.3347378277153558 0.5405547752808989 0.33169475655430714 0.5402036516853933 0.3211610486891386 0.5389747191011236 0.31741573033707865 0.5368679775280899 0.31437265917602997 0.5298455056179775 0.31109550561797755 0.5222963483146067 0.31203183520599254 0.5189606741573034 0.31413857677902624 0.5166783707865169 0.3176498127340824 0.5135182584269663 0.324438202247191
0 0.5447682584269663 0.3345037453183521 0.5445926966292135 0.34620786516853935 0.545997191011236 0.352059925093633 0.5498595505617978 0.35580524344569286 0.5605688202247191 0.3562734082397004 0.5640800561797753 0.3539325842696629 0.5675912921348315 0.3476123595505618 0.5691713483146067 0.34012172284644193 0.5695224719101124 0.33146067415730335 0.5682935393258427 0.32631086142322097 0.5660112359550562 0.3211610486891386 0.5609199438202247 0.3181179775280899 0.5565308988764045 0.31788389513108617 0.5519662921348315 0.3197565543071161 0.5484550561797753 0.3237359550561798 0.545997191011236 0.32818352059925093
0 0.5421348314606742 0.37663857677902624 0.542310393258427 0.38295880149812733 0.5454705056179775 0.39279026217228463 0.5479283707865169 0.39536516853932585 0.5538974719101124 0.3967696629213483 0.5609199438202247 0.39536516853932585 0.5640800561797753 0.3934925093632959 0.5660112359550562 0.3890449438202247 0.5682935393258427 0.3796816479400749 0.5689957865168539 0.37265917602996257 0.5684691011235955 0.36961610486891383 0.5646067415730337 0.3637640449438202 0.561622191011236 0.3607209737827715 0.557935393258427 0.3595505617977528 0.5526685393258427 0.3595505617977528 0.5495084269662921 0.3604868913857678 0.5456460674157303 0.36446629213483145 0.5426615168539326 0.3724250936329588
0 0.5440660112359551 0.41385767790262173 0.5435393258426966 0.43141385767790263 0.5445926966292135 0.4386704119850187 0.5461727528089888 0.4417134831460674 0.5445926966292135 0.4461610486891386 0.5461727528089888 0.44686329588014984 0.5558637640449438 0.4461610486891386 0.5610955056179775 0.44709737827715357 0.5651334269662921 0.4442883895131086 0.5682935393258427 0.43984082397003743 0.5704002808988764 0.42907303370786515 0.5700491573033708 0.41409176029962547 0.5689957865168539 0.4112827715355805 0.5607443820224719 0.40636704119850187 0.5502106741573034 0.4058988764044944 0.5458216292134831 0.40870786516853935 0.5444171348314607 0.4112827715355805
0 0.5380969101123596 0.4653558052434457 0.5379213483146067 0.47401685393258425 0.5396769662921348 0.48103932584269665 0.5445926966292135 0.48408239700374533 0.5440660112359551 0.4875936329588015 0.5445926966292135 0.488061797752809 0.5540730337078652 0.488061797752809 0.5589887640449438 0.4857209737827715 0.5621488764044944 0.4833801498127341 0.5654845505617978 0.4772940074906367 0.5656601123595506 0.4637172284644195 0.5642556179775281 0.45646067415730335 0.5609199438202247 0.4515449438202247 0.5572331460674157 0.44920411985018727 0.5495084269662921 0.44920411985018727 0.5435393258426966 0.45224719101123595 0.5393258426966292 0.45997191011235955
0 0.5409058988764045 0.5014044943820225 0.5407303370786517 0.5056179775280899 0.5396769662921348 0.5086610486891385 0.5403792134831461 0.5102996254681648 0.5405547752808989 0.5159176029962547 0.5421348314606742 0.5210674157303371 0.5449438202247191 0.5243445692883895 0.5521418539325843 0.5269194756554307 0.5568820224719101 0.526685393258427 0.5609199438202247 0.523876404494382 0.5644311797752809 0.5184925093632958 0.5658356741573034 0.5126404494382022 0.5663623595505618 0.5011704119850188 0.5651334269662921 0.49719101123595505 0.5607443820224719 0.48946629213483145 0.5503862359550562 0.4901685393258427 0.5465238764044944 0.49204119850187267 0.543188202247191 0.4953183520599251
0 0.5366924157303371 0.5468164794007491 0.5363412921348315 0.5538389513108615 0.5372191011235955 0.5575842696629213 0.5416081460674157 0.5709269662921348 0.5430126404494382 0.572565543071161 0.5484550561797753 0.5695224719101124 0.5567064606741573 0.5669475655430711 0.5630266853932584 0.56062734082397 0.5640800561797753 0.5536048689138576 0.5635533707865169 0.5498595505617978 0.5646067415730337 0.5470505617977528 0.5639044943820225 0.5395599250936329 0.5617977528089888 0.5330056179775281 0.5586376404494382 0.5304307116104869 0.554248595505618 0.528558052434457 0.547752808988764 0.5276217228464419 0.5449438202247191 0.5283239700374532 0.5393258426966292 0.5360486891385767
0 0.5435393258426966 0.5807584269662921 0.5449438202247191 0.5987827715355806 0.5481039325842697 0.602996254681648 0.5531952247191011 0.6065074906367042 0.5563553370786517 0.6072097378277154 0.5614466292134831 0.6072097378277154 0.5665379213483146 0.6034644194756554 0.5695224719101124 0.5955056179775281 0.5695224719101124 0.5912921348314607 0.5681179775280899 0.5784176029962547 0.5647823033707865 0.5739700374531835 0.5582865168539326 0.5699906367041199 0.5537219101123596 0.5695224719101124 0.5458216292134831 0.574438202247191
0 0.5405547752808989 0.6189138576779026 0.5403792134831461 0.62687265917603 0.5410814606741573 0.6299157303370787 0.539501404494382 0.6331928838951311 0.5398525280898876 0.6364700374531835 0.5384480337078652 0.6406835205992509 0.5407303370786517 0.6444288389513109 0.547752808988764 0.6463014981273408 0.5605688202247191 0.6533239700374532 0.5642556179775281 0.6512172284644194 0.5651334269662921 0.648876404494382 0.5675912921348315 0.6467696629213483 0.5696980337078652 0.6406835205992509 0.5702247191011236 0.6306179775280899 0.5696980337078652 0.6196161048689138 0.5675912921348315 0.612125468164794 0.5630266853932584 0.6088483146067416 0.5533707865168539 0.6095505617977528 0.5503862359550562 0.6081460674157303 0.546875 0.6081460674157303 0.5447682584269663 0.6097846441947565 0.5438904494382022 0.6125936329588015 0.5417837078651685 0.6147003745318352
0 0.5328300561797753 0.6676029962546817 0.5328300561797753 0.675561797752809 0.5361657303370787 0.6835205992509363 0.5365168539325843 0.6858614232209738 0.5396769662921348 0.6891385767790262 0.5440660112359551 0.6905430711610487 0.547752808988764 0.6905430711610487 0.5528441011235955 0.6891385767790262 0.5570575842696629 0.6858614232209738 0.5589887640449438 0.6825842696629213 0.5630266853932584 0.6718164794007491 0.561622191011236 0.6612827715355806 0.558813202247191 0.6558988764044944 0.5537219101123596 0.6509831460674157 0.5470505617977528 0.6477059925093633 0.5421348314606742 0.6479400749063671 0.5398525280898876 0.6491104868913857 0.5379213483146067 0.6514513108614233 0.534936797752809 0.6563670411985019 0.5333567415730337 0.6612827715355806
0 0.5684691011235955 0.6605805243445693 0.5682935393258427 0.6720505617977528 0.5674157303370787 0.6748595505617978 0.5679424157303371 0.6779026217228464 0.5637289325842697 0.68562734082397 0.5654845505617978 0.6872659176029963 0.5658356741573034 0.6891385767790262 0.5716292134831461 0.6905430711610487 0.5746137640449438 0.6926498127340824 0.5783005617977528 0.6928838951310862 0.5849719101123596 0.6912453183520599 0.5884831460674157 0.68937265917603 0.5919943820224719 0.68562734082397 0.5933988764044944 0.6821161048689138 0.5941011235955056 0.6715823970037453 0.59375 0.6647940074906367 0.5907654494382022 0.6580056179775281 0.5867275280898876 0.6547284644194756 0.5774227528089888 0.6509831460674157 0.5719803370786517 0.6540262172284644 0.569873595505618 0.6566011235955056
0 0.5723314606741573 0.6221910112359551 0.5725070224719101 0.641619850187266 0.5737359550561798 0.6437265917602997 0.5795294943820225 0.648876404494382 0.5860252808988764 0.6519194756554307 0.5919943820224719 0.6528558052434457 0.5976123595505618 0.6500468164794008 0.6002457865168539 0.6455992509363296 0.6027036516853933 0.6385767790262172 0.6028792134831461 0.6320224719101124 0.601123595505618 0.62312734082397 0.5988412921348315 0.6168071161048689 0.5960323033707865 0.6118913857677902 0.5953300561797753 0.6114232209737828 0.5919943820224719 0.6128277153558053 0.5809339887640449 0.612125468164794 0.5763693820224719 0.6137640449438202 0.5737359550561798 0.6163389513108615
0 0.5726825842696629 0.5779494382022472 0.5716292134831461 0.5812265917602997 0.5728581460674157 0.5908239700374532 0.5721558988764045 0.599250936329588 0.574438202247191 0.6058052434456929 0.5788272471910112 0.6097846441947565 0.5872542134831461 0.6123595505617978 0.59375 0.6114232209737828 0.5979634831460674 0.6069756554307116 0.5995435393258427 0.6025280898876404 0.5998946629213483 0.5980805243445693 0.5981390449438202 0.5812265917602997 0.5958567415730337 0.5774812734082397 0.5916432584269663 0.5739700374531835 0.5879564606741573 0.572565543071161 0.5770716292134831 0.5730337078651685 0.5751404494382022 0.5742041198501873
0 0.5667134831460674 0.5348782771535581 0.5660112359550562 0.5362827715355806 0.5660112359550562 0.5400280898876404 0.5667134831460674 0.5449438202247191 0.5677668539325843 0.5468164794007491 0.5674157303370787 0.550561797752809 0.5696980337078652 0.5629681647940075 0.5693469101123596 0.5641385767790262 0.5709269662921348 0.5653089887640449 0.5725070224719101 0.5683520599250936 0.5721558988764045 0.5697565543071161 0.5709269662921348 0.5706928838951311 0.5711025280898876 0.5716292134831461 0.5862008426966292 0.5713951310861424 0.5919943820224719 0.5688202247191011 0.5962078651685393 0.5639044943820225 0.5977879213483146 0.5587546816479401 0.5981390449438202 0.5538389513108615 0.5970856741573034 0.5498595505617978 0.597436797752809 0.5430711610486891 0.5951544943820225 0.5374531835205992 0.5886587078651685 0.5323033707865169 0.5833918539325843 0.5318352059925093 0.5749648876404494 0.5292602996254682 0.5711025280898876 0.5301966292134831
0 0.569873595505618 0.5046816479400749 0.5691713483146067 0.5152153558052435 0.5696980337078652 0.5189606741573034 0.570751404494382 0.5217696629213483 0.5747893258426966 0.526685393258427 0.5846207865168539 0.5299625468164794 0.5884831460674157 0.5299625468164794 0.5925210674157303 0.5259831460674157 0.5955056179775281 0.5198970037453183 0.5965589887640449 0.5156835205992509 0.5958567415730337 0.5025749063670412 0.5941011235955056 0.49812734082397003 0.5881320224719101 0.49204119850187267 0.5849719101123596 0.49063670411985016 0.5788272471910112 0.49087078651685395 0.573560393258427 0.49391385767790263 0.5709269662921348 0.4978932584269663
0 0.567064606741573 0.45341760299625467 0.5665379213483146 0.4576310861423221 0.5674157303370787 0.4669943820224719 0.5689957865168539 0.47401685393258425 0.5718047752808989 0.48057116104868913 0.5721558988764045 0.48525280898876405 0.5716292134831461 0.48782771535580527 0.5739115168539326 0.488998127340824 0.5877808988764045 0.48829588014981273 0.5921699438202247 0.48408239700374533 0.5948033707865169 0.4768258426966292 0.5956811797752809 0.46652621722846443 0.594627808988764 0.46301498127340823 0.5956811797752809 0.45997191011235955 0.5919943820224719 0.4550561797752809 0.5888342696629213 0.4517790262172285 0.5805828651685393 0.4477996254681648 0.5749648876404494 0.44662921348314605 0.5702247191011236 0.4487359550561798
0 0.5726825842696629 0.43211610486891383 0.5725070224719101 0.4396067415730337 0.581811797752809 0.44662921348314605 0.5884831460674157 0.4473314606741573 0.5916432584269663 0.4461610486891386 0.5955056179775281 0.44288389513108617 0.5988412921348315 0.4426498127340824 0.601123595505618 0.43890449438202245 0.6025280898876404 0.43211610486891383 0.6023525280898876 0.42837078651685395 0.6030547752808989 0.4250936329588015 0.6016502808988764 0.4178370786516854 0.6002457865168539 0.4143258426966292 0.5969101123595506 0.4101123595505618 0.5923455056179775 0.4070692883895131 0.5884831460674157 0.4070692883895131 0.5807584269662921 0.40987827715355807 0.5774227528089888 0.41245318352059923 0.5758426966292135 0.4147940074906367 0.5747893258426966 0.4286048689138577
0 0.5733848314606742 0.37265917602996257 0.5740870786516854 0.38717228464419473 0.5709269662921348 0.39396067415730335 0.5728581460674157 0.39536516853932585 0.5732092696629213 0.39747191011235955 0.5825140449438202 0.4002808988764045 0.5837429775280899 0.40426029962546817 0.5847963483146067 0.4049625468164794 0.5860252808988764 0.4044943820224719 0.5869030898876404 0.4023876404494382 0.5918188202247191 0.40098314606741575 0.5955056179775281 0.39747191011235955 0.5960323033707865 0.39396067415730335 0.5976123595505618 0.39091760299625467 0.598314606741573 0.3796816479400749 0.5969101123595506 0.3728932584269663 0.5935744382022472 0.36797752808988765 0.5883075842696629 0.3651685393258427 0.5812851123595506 0.3647003745318352 0.5770716292134831 0.3661048689138577 0.5740870786516854 0.36961610486891383
0 0.5730337078651685 0.33848314606741575 0.573560393258427 0.34925093632958804 0.574438202247191 0.35252808988764045 0.5763693820224719 0.35580524344569286 0.5814606741573034 0.35978464419475653 0.5888342696629213 0.3618913857677903 0.5970856741573034 0.35580524344569286 0.6009480337078652 0.34597378277153557 0.6023525280898876 0.33497191011235955 0.6007724719101124 0.3279494382022472 0.5972612359550562 0.3227996254681648 0.5941011235955056 0.32045880149812733 0.5877808988764045 0.3192883895131086 0.5828651685393258 0.32069288389513106 0.5777738764044944 0.325374531835206 0.574438202247191 0.3312265917602996
0 0.6041081460674157 0.3356741573033708 0.6034058988764045 0.3431647940074906 0.6009480337078652 0.35580524344569286 0.604810393258427 0.36025280898876405 0.6090238764044944 0.3618913857677903 0.6125351123595506 0.36540262172284643 0.6158707865168539 0.3637640449438202 0.6232443820224719 0.36282771535580527 0.6264044943820225 0.3609550561797753 0.6307935393258427 0.35603932584269665 0.6327247191011236 0.352059925093633 0.6337780898876404 0.34573970037453183 0.6330758426966292 0.34222846441947563 0.633251404494382 0.33801498127340823 0.6314957865168539 0.33146067415730335 0.6316713483146067 0.3279494382022472 0.6302668539325843 0.32514044943820225 0.6248244382022472 0.32467228464419473 0.6179775280898876 0.32256554307116103 0.6128862359550562 0.3237359550561798 0.6090238764044944 0.3258426966292135 0.6072682584269663 0.3279494382022472
0 0.6062148876404494 0.3728932584269663 0.6049859550561798 0.38553370786516855 0.6051615168539326 0.39396067415730335 0.6091994382022472 0.39747191011235955 0.6155196629213483 0.399812734082397 0.6232443820224719 0.39957865168539325 0.6285112359550562 0.39536516853932585 0.6321980337078652 0.3904494382022472 0.6329002808988764 0.38764044943820225 0.632373595505618 0.37687265917602997 0.6306179775280899 0.3719569288389513 0.6269311797752809 0.3677434456928839 0.621313202247191 0.36493445692883897 0.6160463483146067 0.3651685393258427 0.608497191011236 0.36961610486891383
0 0.6060393258426966 0.4211142322097378 0.6053370786516854 0.4288389513108614 0.6060393258426966 0.4353932584269663 0.6160463483146067 0.4407771535580524 0.6230688202247191 0.44030898876404495 0.6278089887640449 0.4375 0.6311446629213483 0.43258426966292135 0.6321980337078652 0.4286048689138577 0.6321980337078652 0.4211142322097378 0.6299157303370787 0.41151685393258425 0.6267556179775281 0.40777153558052437 0.6228932584269663 0.4058988764044944 0.6195575842696629 0.4054307116104869 0.6163974719101124 0.40613295880149813 0.6090238764044944 0.41081460674157305 0.6069171348314607 0.414559925093633
0 0.5995435393258427 0.4674625468164794 0.5993679775280899 0.47401685393258425 0.6002457865168539 0.48057116104868913 0.6023525280898876 0.48431647940074907 0.6030547752808989 0.48782771535580527 0.6055126404494382 0.49157303370786515 0.6141151685393258 0.49157303370786515 0.6232443820224719 0.48829588014981273 0.6279845505617978 0.4850187265917603 0.6283356741573034 0.48408239700374533 0.6274578651685393 0.48080524344569286 0.6302668539325843 0.476123595505618 0.6304424157303371 0.47284644194756553 0.6281601123595506 0.4576310861423221 0.6293890449438202 0.4545880149812734 0.6313202247191011 0.4529494382022472 0.632373595505618 0.449438202247191 0.6302668539325843 0.44569288389513106 0.6265800561797753 0.44662921348314605 0.6225421348314607 0.450374531835206 0.6200842696629213 0.449438202247191 0.6079705056179775 0.44967228464419473 0.6058637640449438 0.44897003745318353 0.6035814606741573 0.45341760299625467
0 0.6021769662921348 0.5533707865168539 0.602001404494382 0.5571161048689138 0.6042837078651685 0.5641385767790262 0.6088483146067416 0.5711610486891385 0.6121839887640449 0.5723314606741573 0.6239466292134831 0.5720973782771536 0.6283356741573034 0.5655430711610487 0.6306179775280899 0.5573501872659176 0.6302668539325843 0.5503277153558053 0.6281601123595506 0.5447097378277154 0.6211376404494382 0.5374531835205992 0.6163974719101124 0.5353464419475655 0.6132373595505618 0.5365168539325843 0.6091994382022472 0.5362827715355806 0.6065660112359551 0.5400280898876404 0.6055126404494382 0.5442415730337079 0.6041081460674157 0.545880149812734
0 0.6014747191011236 0.5901217228464419 0.602001404494382 0.599250936329588 0.6034058988764045 0.6051029962546817 0.6127106741573034 0.6144662921348315 0.6232443820224719 0.6128277153558053 0.6253511235955056 0.6090823970037453 0.629564606741573 0.6055711610486891 0.6314957865168539 0.600187265917603 0.6316713483146067 0.5924625468164794 0.6283356741573034 0.5821629213483146 0.6232443820224719 0.576310861423221 0.6197331460674157 0.5746722846441947 0.6123595505617978 0.574438202247191 0.6083216292134831 0.5765449438202247 0.604810393258427 0.5802902621722846 0.6021769662921348 0.5849719101123596
0 0.6063904494382022 0.62312734082397 0.6070926966292135 0.6271067415730337 0.6062148876404494 0.6303838951310862 0.6070926966292135 0.6345973782771536 0.6055126404494382 0.6402153558052435 0.6055126404494382 0.6439606741573034 0.6125351123595506 0.6544943820224719 0.6260533707865169 0.6549625468164794 0.6292134831460674 0.6537921348314607 0.6318469101123596 0.6505149812734082 0.6321980337078652 0.6472378277153558 0.6337780898876404 0.6441947565543071 0.6350070224719101 0.6352996254681648 0.6346558988764045 0.6273408239700374 0.6336025280898876 0.6247659176029963 0.6246488764044944 0.6177434456928839 0.6202598314606742 0.6156367041198502 0.613061797752809 0.6165730337078652 0.6091994382022472 0.6182116104868914
0 0.6023525280898876 0.6683052434456929 0.6023525280898876 0.6800093632958801 0.604810393258427 0.6872659176029963 0.6088483146067416 0.6935861423220974 0.6141151685393258 0.6966292134831461 0.6232443820224719 0.6973314606741573 0.6288623595505618 0.6942883895131086 0.6320224719101124 0.6903089887640449 0.6336025280898876 0.68562734082397 0.6329002808988764 0.6715823970037453 0.6311446629213483 0.6640917602996255 0.6267556179775281 0.6582397003745318 0.6197331460674157 0.6563670411985019 0.6120084269662921 0.6568352059925093 0.6076193820224719 0.6596441947565543 0.6037570224719101 0.6647940074906367
0 0.5967345505617978 0.5224719101123596 0.5965589887640449 0.5297284644194756 0.5986657303370787 0.5332397003745318 0.6074438202247191 0.5341760299625468 0.6202598314606742 0.5325374531835206 0.6267556179775281 0.5259831460674157 0.6271067415730337 0.522003745318352 0.628686797752809 0.5191947565543071 0.6281601123595506 0.5077247191011236 0.628686797752809 0.5016385767790262 0.6279845505617978 0.49929775280898875 0.6232443820224719 0.49461610486891383 0.6163974719101124 0.4932116104868914 0.6091994382022472 0.4936797752808989 0.6039325842696629 0.4957865168539326 0.6000702247191011 0.5002340823970037 0.598314606741573 0.5046816479400749 0.5977879213483146 0.5180243445692884