0 0.30372191011235955 0.701310861423221 0.3107443820224719 0.7038857677902621 0.3182935393258427 0.7134831460674157 0.31372893258426965 0.7446161048689138 0.3146067415730337 0.7492977528089888 0.3107443820224719 0.7509363295880149 0.2952949438202247 0.7446161048689138 0.28967696629213485 0.7375936329588015 0.28985252808988765 0.7240168539325843 0.2872191011235955 0.7176966292134831 0.288623595505618 0.7127808988764045 0.293188202247191 0.7059925093632958 0.30354634831460675 0.7015449438202247
0 0.3651685393258427 0.5781835205992509 0.3709620786516854 0.5814606741573034 0.37254213483146065 0.5852059925093633 0.37219101123595505 0.6125936329588015 0.3649929775280899 0.6200842696629213 0.35797050561797755 0.6219569288389513 0.3476123595505618 0.6161048689138576 0.34058988764044945 0.5990168539325843 0.34094101123595505 0.5884831460674157 0.3456811797752809 0.5793539325842697 0.3649929775280899 0.5781835205992509
0 0.4887640449438202 0.6844569288389513 0.5017556179775281 0.7001404494382022 0.503686797752809 0.716058052434457 0.49947331460674155 0.7308052434456929 0.4945575842696629 0.7354868913857678 0.4878862359550562 0.7373595505617978 0.480688202247191 0.7345505617977528 0.47594803370786515 0.7294007490636704 0.47401685393258425 0.7235486891385767 0.47366573033707865 0.7083333333333334 0.4799859550561798 0.6891385767790262 0.4885884831460674 0.6844569288389513
0 0.5746137640449438 0.610252808988764 0.5870786516853933 0.6191479400749064 0.589185393258427 0.6371722846441947 0.5853230337078652 0.6463014981273408 0.5740870786516854 0.6547284644194756 0.5677668539325843 0.6566011235955056 0.5605688202247191 0.6537921348314607 0.5568820224719101 0.648876404494382 0.5561797752808989 0.6299157303370787 0.5619733146067416 0.6147003745318352 0.574438202247191 0.610252808988764
0 0.5751404494382022 0.5692883895131086 0.581811797752809 0.5706928838951311 0.5884831460674157 0.5781835205992509 0.5933988764044944 0.5957397003745318 0.594627808988764 0.6022940074906367 0.5926966292134831 0.6076779026217228 0.585498595505618 0.6151685393258427 0.5749648876404494 0.6107209737827716 0.5665379213483146 0.610252808988764 0.5602176966292135 0.6018258426966292 0.5610955056179775 0.5809925093632958 0.5582865168539326 0.574438202247191 0.5596910112359551 0.5678838951310862 0.5626755617977528 0.5676498127340824 0.5640800561797753 0.5713951310861424 0.5749648876404494 0.5692883895131086
0 0.520189606741573 0.5170880149812734 0.5261587078651685 0.5203651685393258 0.5294943820224719 0.5259831460674157 0.5273876404494382 0.5533707865168539 0.5214185393258427 0.5615636704119851 0.5124648876404494 0.5639044943820225 0.4996488764044944 0.5573501872659176 0.49754213483146065 0.5330056179775281 0.5080758426966292 0.5210674157303371 0.5200140449438202 0.5170880149812734
0 0.4669943820224719 0.6526217228464419 0.47594803370786515 0.6575374531835206 0.4780547752808989 0.6692415730337079 0.47155898876404495 0.6896067415730337 0.4612008426966292 0.6961610486891385 0.44978932584269665 0.6942883895131086 0.44434691011235955 0.68937265917603 0.44259129213483145 0.6718164794007491 0.4454002808988764 0.661750936329588 0.449438202247191 0.6577715355805244 0.4668188202247191 0.6526217228464419
0 0.43451544943820225 0.7027153558052435 0.43995786516853935 0.7106741573033708 0.44083567415730335 0.7268258426966292 0.4357443820224719 0.7429775280898876 0.4260884831460674 0.75 0.4183637640449438 0.7490636704119851 0.41134129213483145 0.7411048689138576 0.40888342696629215 0.7312734082397003 0.40941011235955055 0.7237827715355806 0.413623595505618 0.709503745318352 0.4180126404494382 0.7045880149812734 0.42485955056179775 0.7010767790262172 0.43433988764044945 0.7027153558052435
0 0.5475772471910112 0.6430243445692884 0.5509129213483146 0.6542602996254682 0.5575842696629213 0.6643258426966292 0.5602176966292135 0.6753277153558053 0.5584620786516854 0.68562734082397 0.5509129213483146 0.7029494382022472 0.5470505617977528 0.7050561797752809 0.5363412921348315 0.7024812734082397 0.5289676966292135 0.6821161048689138 0.5286165730337079 0.675561797752809 0.5316011235955056 0.6594101123595506 0.5410814606741573 0.6500468164794008 0.542310393258427 0.6439606741573034 0.5474016853932584 0.6430243445692884
0 0.42521067415730335 0.5758426966292135 0.4297752808988764 0.5777153558052435 0.4339887640449438 0.5847378277153558 0.43644662921348315 0.6058052434456929 0.42714185393258425 0.6168071161048689 0.4202949438202247 0.6184456928838952 0.41502808988764045 0.6177434456928839 0.40905898876404495 0.611189138576779 0.40677668539325845 0.600187265917603 0.40730337078651685 0.589185393258427 0.41099016853932585 0.5805243445692884 0.42503511235955055 0.5758426966292135
0 0.3491924157303371 0.6601123595505618 0.3534058988764045 0.6645599250936329 0.3537570224719101 0.6694756554307116 0.34884129213483145 0.6860955056179775 0.3439255617977528 0.6966292134831461 0.33655196629213485 0.7031835205992509 0.3302317415730337 0.7048220973782772 0.32303370786516855 0.7036516853932584 0.31706460674157305 0.6961610486891385 0.31566011235955055 0.6886704119850188 0.31741573033707865 0.6711142322097379 0.324438202247191 0.6657303370786517 0.34901685393258425 0.6601123595505618
0 0.6894311797752809 0.6367041198501873 0.7087429775280899 0.6439606741573034 0.7169943820224719 0.6509831460674157 0.7203300561797753 0.6573033707865169 0.7205056179775281 0.6713483146067416 0.7180477528089888 0.6786048689138576 0.7134831460674157 0.6839887640449438 0.7071629213483146 0.6865636704119851 0.6954002808988764 0.6832865168539326 0.6876755617977528 0.674625468164794 0.6864466292134831 0.6591760299625468 0.6803019662921348 0.6437265917602997 0.6857443820224719 0.6374063670411985 0.6892556179775281 0.6367041198501873
0 0.45628511235955055 0.5259831460674157 0.46348314606741575 0.5334737827715356 0.4683988764044944 0.5538389513108615 0.46804775280898875 0.5603932584269663 0.4652387640449438 0.5646067415730337 0.4573384831460674 0.5678838951310862 0.4415379213483146 0.5646067415730337 0.4352176966292135 0.5550093632958801 0.4339887640449438 0.5470505617977528 0.43433988764044945 0.5388576779026217 0.4390800561797753 0.5294943820224719 0.44610252808988765 0.5245786516853933 0.45610955056179775 0.5259831460674157
0 0.4878862359550562 0.6118913857677902 0.49543539325842695 0.6186797752808989 0.5021067415730337 0.6420880149812734 0.49877106741573035 0.6551966292134831 0.4922752808988764 0.6603464419475655 0.4768258426966292 0.6563670411985019 0.4685744382022472 0.6484082397003745 0.46611657303370785 0.6411516853932584 0.4669943820224719 0.6266385767790262 0.46980337078651685 0.6198501872659176 0.48771067415730335 0.6118913857677902
0 0.2777387640449438 0.7104400749063671 0.28265449438202245 0.7130149812734082 0.28634129213483145 0.7207397003745318 0.2875702247191011 0.7378277153558053 0.2793188202247191 0.7478932584269663 0.26860955056179775 0.7553838951310862 0.2621137640449438 0.7537453183520599 0.257373595505618 0.7478932584269663 0.25702247191011235 0.7209737827715356 0.2635182584269663 0.7118445692883895 0.277563202247191 0.7104400749063671
0 0.24841994382022473 0.7073970037453183 0.2557935393258427 0.7165262172284644 0.2542134831460674 0.7312734082397003 0.2482443820224719 0.7446161048689138 0.23577949438202248 0.7511704119850188 0.22770365168539325 0.7495318352059925 0.22313904494382023 0.7448501872659176 0.2205056179775281 0.7366573033707865 0.2205056179775281 0.7272940074906367 0.2245435393258427 0.7172284644194756 0.230688202247191 0.7109082397003745 0.24069522471910113 0.7071629213483146 0.2482443820224719 0.7073970037453183
0 0.27668539325842695 0.6226591760299626 0.2828300561797753 0.6261704119850188 0.2847612359550562 0.6299157303370787 0.28072331460674155 0.6544943820224719 0.2733497191011236 0.6622191011235955 0.265625 0.6650280898876404 0.2535112359550562 0.6624531835205992 0.24877106741573032 0.6544943820224719 0.24666432584269662 0.6439606741573034 0.25070224719101125 0.6308520599250936 0.25526685393258425 0.6247659176029963 0.27650983146067415 0.6226591760299626
0 0.31109550561797755 0.5800561797752809 0.3167134831460674 0.5816947565543071 0.319873595505618 0.5880149812734082 0.31320224719101125 0.6128277153558053 0.30740870786516855 0.6186797752808989 0.29424157303370785 0.62312734082397 0.28827247191011235 0.6205524344569289 0.28230337078651685 0.6128277153558053 0.28247893258426965 0.5952715355805244 0.2924859550561798 0.5830992509363296 0.3109199438202247 0.5800561797752809
0 0.41151685393258425 0.5273876404494382 0.42714185393258425 0.5325374531835206 0.4332865168539326 0.5411985018726592 0.43416432584269665 0.5545411985018727 0.43258426966292135 0.5641385767790262 0.42889747191011235 0.5690543071161048 0.41924157303370785 0.5730337078651685 0.4106390449438202 0.5704588014981273 0.40344101123595505 0.5568820224719101 0.40098314606741575 0.5397940074906367 0.4044943820224719 0.5313670411985019 0.41134129213483145 0.5273876404494382
0 0.3611306179775281 0.5362827715355806 0.36797752808988765 0.538623595505618 0.37183988764044945 0.5428370786516854 0.37254213483146065 0.5641385767790262 0.37043539325842695 0.5711610486891385 0.36622191011235955 0.5756086142322098 0.35656601123595505 0.5779494382022472 0.3453300561797753 0.5751404494382022 0.34094101123595505 0.56062734082397 0.34076544943820225 0.5531367041198502 0.34287219101123595 0.5465823970037453 0.34866573033707865 0.5390917602996255 0.3609550561797753 0.5362827715355806
0 0.6590589887640449 0.6835205992509363 0.6767907303370787 0.6882022471910112 0.6853932584269663 0.6999063670411985 0.6864466292134831 0.7200374531835206 0.6822331460674157 0.7272940074906367 0.6750351123595506 0.7308052434456929 0.6685393258426966 0.7298689138576779 0.6629213483146067 0.725187265917603 0.657127808988764 0.7167602996254682 0.6509831460674157 0.6996722846441947 0.6515098314606742 0.6891385767790262 0.6537921348314607 0.6851591760299626 0.6588834269662921 0.6835205992509363
0 0.5440660112359551 0.5699906367041199 0.5510884831460674 0.5723314606741573 0.5572331460674157 0.5779494382022472 0.5593398876404494 0.5903558052434457 0.5553019662921348 0.6069756554307116 0.5519662921348315 0.6104868913857678 0.5435393258426966 0.6125936329588015 0.5326544943820225 0.6058052434456929 0.5291432584269663 0.5985486891385767 0.5284410112359551 0.5877808988764045 0.5352879213483146 0.572565543071161 0.5438904494382022 0.5699906367041199
0 0.3140800561797753 0.6193820224719101 0.31952247191011235 0.6266385767790262 0.3160112359550562 0.6512172284644194 0.3107443820224719 0.6594101123595506 0.29740168539325845 0.665496254681648 0.2870435393258427 0.6601123595505618 0.28370786516853935 0.6544943820224719 0.2828300561797753 0.6451310861423221 0.2852879213483146 0.6343632958801498 0.2933637640449438 0.6252340823970037 0.31390449438202245 0.6193820224719101
0 0.39712078651685395 0.5742041198501873 0.40537219101123595 0.5849719101123596 0.40747893258426965 0.608380149812734 0.40537219101123595 0.6161048689138576 0.4004564606741573 0.6203183520599251 0.383251404494382 0.6139981273408239 0.37622893258426965 0.6036985018726592 0.3748244382022472 0.5962078651685393 0.3767556179775281 0.5795880149812734 0.3886938202247191 0.5735018726591761 0.3969452247191011 0.5742041198501873
0 0.3923806179775281 0.6196161048689138 0.4044943820224719 0.6226591760299626 0.40695224719101125 0.6296816479400749 0.40712780898876405 0.6385767790262172 0.4060744382022472 0.6472378277153558 0.402563202247191 0.6542602996254682 0.39150280898876405 0.6619850187265918 0.3792134831460674 0.6577715355805244 0.3751755617977528 0.6512172284644194 0.37377106741573035 0.6427902621722846 0.37798455056179775 0.6261704119850188 0.3829002808988764 0.6214887640449438 0.3922050561797753 0.6196161048689138
0 0.2694873595505618 0.5379213483146067 0.27440308988764045 0.5397940074906367 0.27844101123595505 0.5456460674157303 0.27844101123595505 0.5704588014981273 0.27212078651685395 0.5779494382022472 0.2621137640449438 0.5798220973782772 0.2554424157303371 0.5781835205992509 0.2503511235955056 0.5730337078651685 0.24736657303370788 0.5568820224719101 0.24912219101123595 0.5468164794007491 0.25263342696629215 0.5428370786516854 0.25895365168539325 0.5388576779026217 0.269311797752809 0.5379213483146067
0 0.2700140449438202 0.6659644194756554 0.27668539325842695 0.6676029962546817 0.2828300561797753 0.673689138576779 0.2856390449438202 0.6898408239700374 0.2828300561797753 0.7010767790262172 0.2777387640449438 0.7076310861423221 0.26632724719101125 0.7102059925093633 0.25912921348314605 0.7066947565543071 0.2538623595505618 0.700374531835206 0.25105337078651685 0.6783707865168539 0.2535112359550562 0.6711142322097379 0.25719803370786515 0.6678370786516854 0.2698384831460674 0.6659644194756554
0 0.48507724719101125 0.5704588014981273 0.4940308988764045 0.5751404494382022 0.4964887640449438 0.5990168539325843 0.48929073033707865 0.6097846441947565 0.4748946629213483 0.6137640449438202 0.4722612359550562 0.6123595505617978 0.46752106741573035 0.5884831460674157 0.46787219101123595 0.5819288389513109 0.47366573033707865 0.5723314606741573 0.48490168539325845 0.5704588014981273
0 0.3871137640449438 0.5334737827715356 0.39536516853932585 0.5355805243445693 0.40115870786516855 0.5421348314606742 0.4027387640449438 0.5608614232209738 0.3981741573033708 0.5695224719101124 0.3941362359550562 0.5730337078651685 0.3830758426966292 0.5735018726591761 0.3748244382022472 0.5674157303370787 0.3730688202247191 0.5580524344569289 0.3748244382022472 0.5407303370786517 0.37974016853932585 0.5355805243445693 0.386938202247191 0.5337078651685393
0 0.5293188202247191 0.6477059925093633 0.5296699438202247 0.6544943820224719 0.5265098314606742 0.6605805243445693 0.5284410112359551 0.6699438202247191 0.5277387640449438 0.6823501872659176 0.5231741573033708 0.6898408239700374 0.5019311797752809 0.6989700374531835 0.49297752808988765 0.68562734082397 0.4978932584269663 0.663623595505618 0.503686797752809 0.6528558052434457 0.5117626404494382 0.6484082397003745 0.5226474719101124 0.6523876404494382 0.5293188202247191 0.6479400749063671
0 0.45382724719101125 0.6956928838951311 0.46611657303370785 0.6987359550561798 0.4722612359550562 0.7097378277153558 0.472436797752809 0.7265917602996255 0.46945224719101125 0.737125468164794 0.4722612359550562 0.7448501872659176 0.4669943820224719 0.7504681647940075 0.46365870786516855 0.7434456928838952 0.44996488764044945 0.7411048689138576 0.44417134831460675 0.7343164794007491 0.4413623595505618 0.7064606741573034 0.44592696629213485 0.697565543071161 0.45365168539325845 0.6956928838951311
0 0.6627457865168539 0.6395131086142322 0.680126404494382 0.648876404494382 0.6873244382022472 0.6612827715355806 0.6867977528089888 0.6750936329588015 0.6815308988764045 0.6828183520599251 0.6752106741573034 0.6865636704119851 0.6646769662921348 0.6844569288389513 0.6583567415730337 0.6790730337078652 0.6494030898876404 0.6575374531835206 0.6499297752808989 0.6474719101123596 0.657127808988764 0.6399812734082397 0.6625702247191011 0.6395131086142322
0 0.34691011235955055 0.6977996254681648 0.35252808988764045 0.7029494382022472 0.35287921348314605 0.7167602996254682 0.3455056179775281 0.7382958801498127 0.33865870786516855 0.7467228464419475 0.3323384831460674 0.7492977528089888 0.324438202247191 0.7485955056179775 0.31706460674157305 0.7413389513108615 0.3182935393258427 0.7200374531835206 0.32320926966292135 0.711376404494382 0.34673455056179775 0.6977996254681648
0 0.23858848314606743 0.5395599250936329 0.24490870786516855 0.5416666666666666 0.24894662921348315 0.5465823970037453 0.24771769662921347 0.5578183520599251 0.2501755617977528 0.5711610486891385 0.24332865168539325 0.5788857677902621 0.234375 0.5812265917602997 0.22735252808988765 0.5802902621722846 0.22033005617977527 0.5742041198501873 0.2169943820224719 0.5676498127340824 0.2168188202247191 0.5559456928838952 0.22033005617977527 0.5470505617977528 0.2245435393258427 0.5433052434456929 0.2384129213483146 0.5395599250936329
0 0.33918539325842695 0.5788857677902621 0.34287219101123595 0.5814606741573034 0.34041432584269665 0.5955056179775281 0.3453300561797753 0.6132958801498127 0.3419943820224719 0.6179775280898876 0.331811797752809 0.6212546816479401 0.31776685393258425 0.6193820224719101 0.3142556179775281 0.6142322097378277 0.3140800561797753 0.6100187265917603 0.3223314606741573 0.5830992509363296 0.33900983146067415 0.5788857677902621
0 0.2420997191011236 0.6640917602996255 0.24719101123595505 0.6650280898876404 0.25122893258426965 0.6697097378277154 0.2503511235955056 0.6800093632958801 0.2522823033707865 0.6980337078651685 0.24578651685393257 0.7043539325842697 0.23700842696629212 0.7076310861423221 0.23086376404494383 0.7071629213483146 0.22682584269662923 0.7031835205992509 0.22366573033707865 0.6963951310861424 0.2226123595505618 0.6851591760299626 0.22981039325842698 0.6701779026217228 0.24192415730337077 0.6640917602996255
0 0.4436446629213483 0.6147003745318352 0.4633075842696629 0.6238295880149812 0.4647120786516854 0.6371722846441947 0.46348314606741575 0.6441947565543071 0.4589185393258427 0.651685393258427 0.4390800561797753 0.660814606741573 0.43223314606741575 0.6577715355805244 0.42837078651685395 0.6472378277153558 0.4339887640449438 0.62312734082397 0.4434691011235955 0.6147003745318352
0 0.30021067415730335 0.5369850187265918 0.31144662921348315 0.545880149812734 0.31109550561797755 0.56437265917603 0.30933988764044945 0.5709269662921348 0.30530196629213485 0.5751404494382022 0.29582162921348315 0.5788857677902621 0.28967696629213485 0.5784176029962547 0.28054775280898875 0.5709269662921348 0.2789676966292135 0.5536048689138576 0.28388342696629215 0.5416666666666666 0.30003511235955055 0.5369850187265918
0 0.42889747191011235 0.658941947565543 0.4394311797752809 0.6690074906367042 0.44030898876404495 0.6858614232209738 0.43293539325842695 0.6970973782771536 0.421875 0.699438202247191 0.41678370786516855 0.6963951310861424 0.41134129213483145 0.6830524344569289 0.41151685393258425 0.6790730337078652 0.4183637640449438 0.662687265917603 0.42872191011235955 0.658941947565543
0 0.23911516853932585 0.5821629213483146 0.24683988764044945 0.5842696629213483 0.25122893258426965 0.5884831460674157 0.2503511235955056 0.6125936329588015 0.24525983146067415 0.6200842696629213 0.23490168539325842 0.6238295880149812 0.22226123595505617 0.6205524344569289 0.21716994382022473 0.6090823970037453 0.2169943820224719 0.602996254681648 0.22033005617977527 0.5915262172284644 0.22401685393258428 0.5861423220973783 0.2305126404494382 0.5826310861423221 0.23893960674157302 0.5821629213483146
0 0.3456811797752809 0.6203183520599251 0.35235252808988765 0.6240636704119851 0.35235252808988765 0.6367041198501873 0.34322331460674155 0.6558988764044944 0.3316362359550562 0.6631554307116105 0.3225070224719101 0.6619850187265918 0.3165379213483146 0.6542602996254682 0.3186446629213483 0.62312734082397 0.3455056179775281 0.6203183520599251
0 0.6901334269662921 0.6809456928838952 0.7085674157303371 0.6882022471910112 0.7169943820224719 0.699438202247191 0.7182233146067416 0.7104400749063671 0.7168188202247191 0.7186329588014981 0.7106741573033708 0.7272940074906367 0.7050561797752809 0.7291666666666666 0.695751404494382 0.7277621722846442 0.6878511235955056 0.7146535580524345 0.6845154494382022 0.6963951310861424 0.6810042134831461 0.6889044943820225 0.6857443820224719 0.6818820224719101 0.6899578651685393 0.6809456928838952
0 0.5856741573033708 0.648876404494382 0.5958567415730337 0.6566011235955056 0.6023525280898876 0.6701779026217228 0.6025280898876404 0.6760299625468165 0.5993679775280899 0.68562734082397 0.5958567415730337 0.68937265917603 0.5853230337078652 0.6912453183520599 0.5760182584269663 0.6900749063670412 0.5704002808988764 0.6858614232209738 0.5674157303370787 0.6793071161048689 0.5656601123595506 0.6647940074906367 0.5691713483146067 0.6577715355805244 0.585498595505618 0.648876404494382
0 0.33110955056179775 0.5365168539325843 0.34076544943820225 0.5435393258426966 0.3402387640449438 0.5674157303370787 0.33128511235955055 0.575374531835206 0.3246137640449438 0.5777153558052435 0.31759129213483145 0.5758426966292135 0.31320224719101125 0.5697565543071161 0.31109550561797755 0.5613295880149812 0.3121488764044944 0.5470505617977528 0.31776685393258425 0.538623595505618 0.33093398876404495 0.5365168539325843
0 0.5753160112359551 0.523876404494382 0.5870786516853933 0.5332397003745318 0.5890098314606742 0.5472846441947565 0.5849719101123596 0.5592228464419475 0.574438202247191 0.5653089887640449 0.5644311797752809 0.5617977528089888 0.5596910112359551 0.5536048689138576 0.5586376404494382 0.5451779026217228 0.5596910112359551 0.5346441947565543 0.5635533707865169 0.5273876404494382 0.5751404494382022 0.523876404494382
0 0.48507724719101125 0.5231741573033708 0.49508426966292135 0.5327715355805244 0.49701544943820225 0.5465823970037453 0.49139747191011235 0.5641385767790262 0.48771067415730335 0.5683520599250936 0.4799859550561798 0.5695224719101124 0.47401685393258425 0.5681179775280899 0.47015449438202245 0.56062734082397 0.46576544943820225 0.5360486891385767 0.4683988764044944 0.5299625468164794 0.47349016853932585 0.5252808988764045 0.480688202247191 0.5217696629213483 0.48490168539325845 0.5231741573033708
0 0.45786516853932585 0.5711610486891385 0.4624297752808989 0.5739700374531835 0.4666432584269663 0.5807584269662921 0.47015449438202245 0.6022940074906367 0.46997893258426965 0.6123595505617978 0.46383426966292135 0.6200842696629213 0.4592696629213483 0.6198501872659176 0.44276685393258425 0.610252808988764 0.43820224719101125 0.6034644194756554 0.43644662921348315 0.5952715355805244 0.4378511235955056 0.5805243445692884 0.44224016853932585 0.5742041198501873 0.45207162921348315 0.5704588014981273 0.45768960674157305 0.5711610486891385
0 0.5184339887640449 0.5685861423220974 0.526685393258427 0.5781835205992509 0.5273876404494382 0.598314606741573 0.5231741573033708 0.6062734082397003 0.5138693820224719 0.6104868913857678 0.5056179775280899 0.6093164794007491 0.4996488764044944 0.6025280898876404 0.49754213483146065 0.5819288389513109 0.5050912921348315 0.5704588014981273 0.5182584269662921 0.5685861423220974
0 0.28423455056179775 0.5809925093632958 0.288623595505618 0.5852059925093633 0.2830056179775281 0.5941011235955056 0.2796699438202247 0.6158707865168539 0.2735252808988764 0.6203183520599251 0.26299157303370785 0.6219569288389513 0.25474016853932585 0.6196161048689138 0.2503511235955056 0.6132958801498127 0.25 0.6027621722846442 0.2535112359550562 0.5868445692883895 0.2614115168539326 0.5809925093632958 0.28405898876404495 0.5809925093632958
0 0.40098314606741575 0.6914794007490637 0.4085323033707865 0.6968632958801498 0.4102879213483146 0.7099719101123596 0.40677668539325845 0.7270599250936329 0.40133426966292135 0.7382958801498127 0.397998595505618 0.7427434456928839 0.3923806179775281 0.7450842696629213 0.38360252808988765 0.7429775280898876 0.378686797752809 0.7375936329588015 0.37605337078651685 0.7301029962546817 0.37570224719101125 0.7207397003745318 0.378686797752809 0.7099719101123596 0.38342696629213485 0.7031835205992509 0.3967696629213483 0.6921816479400749 0.4008075842696629 0.6914794007490637
0 0.5438904494382022 0.5276217228464419 0.5523174157303371 0.5318352059925093 0.5567064606741573 0.5430711610486891 0.5575842696629213 0.5578183520599251 0.5560042134831461 0.5639044943820225 0.5535463483146067 0.5674157303370787 0.5470505617977528 0.5690543071161048 0.5363412921348315 0.5685861423220974 0.5319522471910112 0.5639044943820225 0.5284410112359551 0.5538389513108615 0.53125 0.5346441947565543 0.5366924157303371 0.5292602996254682 0.5437148876404494 0.5276217228464419
0 0.28651685393258425 0.658941947565543 0.2965238764044944 0.6643258426966292 0.30723314606741575 0.6619850187265918 0.3144311797752809 0.6685393258426966 0.3140800561797753 0.6919475655430711 0.31004213483146065 0.697565543071161 0.29775280898876405 0.7017790262172284 0.28967696629213485 0.6996722846441947 0.2868679775280899 0.6926498127340824 0.2814255617977528 0.6685393258426966 0.28370786516853935 0.6610486891385767 0.28634129213483145 0.658941947565543
1 0.23495962078651683 0.644311797752809 0.028089887640449437 0.037062265917603
1 0.3661920646067416 0.6353394194756554 0.02838307584269663 0.030039794007490638
1 0.36999648876404495 0.6706460674157303 0.02838307584269663 0.030430711610486893
1 0.3982320926966292 0.671622191011236 0.030430126404494384 0.03394194756554307
1 0.36999648876404495 0.7106343632958801 0.035990168539325844 0.04564606741573034
1 0.42559164325842697 0.6380688202247191 0.030723314606741572 0.04174391385767791
1 0.5149806882022472 0.62812031835206 0.03160112359550562 0.03745318352059925
1 0.546875 0.6271465355805244 0.028674508426966294 0.0378441011235955
1 0.4877686095505618 0.6679143258426966 0.026334269662921347 0.03667368913857678
1 0.5158584971910112 0.7094639513108614 0.026334269662921347 0.030039794007490638
1 0.5454125702247191 0.704002808988764 0.029260884831460672 0.04018492509363296
1 0.5765747893258427 0.7067345505617978 0.02779669943820225 0.03394194756554307
1 0.6007145365168539 0.5424859550561798 0.026918890449438203 0.03394194756554307
1 0.6293890449438202 0.5415098314606741 0.028674508426966294 0.033551029962546816
1 0.6583567415730337 0.5385838014981273 0.02750526685393258 0.037062265917603
1 0.6868855337078652 0.537998595505618 0.02604108146067416 0.03667368913857678
1 0.601592345505618 0.5815004681647941 0.026334269662921347 0.034721441947565546
1 0.6307057584269663 0.5795482209737828 0.026627457865168538 0.037062265917603
1 0.6583567415730337 0.5777926029962547 0.028089887640449437 0.034332865168539325
1 0.6867398174157303 0.5742813670411985 0.031016502808988763 0.03901451310861423
1 0.6017380617977528 0.618368445692884 0.025456460674157303 0.03901451310861423
1 0.6302668539325843 0.6168071161048689 0.026918890449438203 0.03667368913857678
1 0.6592345505617978 0.6146605805243446 0.029260884831460672 0.034721441947565546
1 0.6898121488764045 0.6152457865168539 0.030138693820224716 0.03823267790262173
1 0.6045172050561798 0.6579658239700374 0.025163272471910116 0.03394194756554307
1 0.6331934691011236 0.6558216292134832 0.029260884831460672 0.03745318352059925
1 0.6043714887640449 0.6987359550561798 0.02428546348314607 0.03901451310861423
1 0.6327545646067416 0.6971746254681648 0.02955231741573034 0.04057350187265918
2 0.22413395365168537 0.5344880617977529 0.7186329002808989 0.5173220973782772 0.7198033707865169 0.7256554307116105 0.2223783356741573 0.7404805711610487