0 0.42064606741573035 0.6474719101123596 0.43258426966292135 0.6512172284644194 0.44030898876404495 0.6612827715355806 0.44083567415730335 0.6825842696629213 0.43820224719101125 0.6907771535580525 0.43469101123595505 0.6947565543071161 0.4259129213483146 0.6963951310861424 0.4183637640449438 0.6942883895131086 0.41327247191011235 0.6889044943820225 0.40712780898876405 0.6643258426966292 0.4083567415730337 0.6493445692883895 0.41134129213483145 0.6467696629213483 0.42047050561797755 0.6474719101123596
0 0.6109550561797753 0.5489232209737828 0.624122191011236 0.5533707865168539 0.6314957865168539 0.5639044943820225 0.6311446629213483 0.5814606741573034 0.6262289325842697 0.588249063670412 0.6199087078651685 0.5919943820224719 0.6086727528089888 0.589185393258427 0.601123595505618 0.5814606741573034 0.5979634831460674 0.5746722846441947 0.5970856741573034 0.5667134831460674 0.5988412921348315 0.5566479400749064 0.6051615168539326 0.5493913857677902 0.6107794943820225 0.5489232209737828
0 0.6135884831460674 0.5919943820224719 0.6264044943820225 0.598314606741573 0.6329002808988764 0.6161048689138576 0.6300912921348315 0.6303838951310862 0.6197331460674157 0.6376404494382022 0.6081460674157303 0.6334269662921348 0.6016502808988764 0.6245318352059925 0.5991924157303371 0.6170411985018727 0.6012991573033708 0.5987827715355806 0.6060393258426966 0.5941011235955056 0.6134129213483146 0.5919943820224719
0 0.5466994382022472 0.6650280898876404 0.5567064606741573 0.670880149812734 0.5619733146067416 0.6814138576779026 0.5621488764044944 0.6989700374531835 0.5581109550561798 0.7064606741573034 0.5537219101123596 0.7109082397003745 0.5433637640449438 0.711376404494382 0.5326544943820225 0.6996722846441947 0.5326544943820225 0.6772003745318352 0.5398525280898876 0.6666666666666666 0.5465238764044944 0.6652621722846442
0 0.561622191011236 0.5016385767790262 0.5689957865168539 0.5077247191011236 0.5718047752808989 0.5156835205992509 0.5719803370786517 0.523876404494382 0.5693469101123596 0.5344101123595506 0.5591643258426966 0.5430711610486891 0.550561797752809 0.540496254681648 0.5451193820224719 0.5348782771535581 0.5417837078651685 0.5292602996254682 0.5412570224719101 0.5182584269662921 0.5417837078651685 0.511938202247191 0.5463483146067416 0.5042134831460674 0.5614466292134831 0.5016385767790262
0 0.46787219101123595 0.6495786516853933 0.47384129213483145 0.6544943820224719 0.4748946629213483 0.6683052434456929 0.46822331460674155 0.6853932584269663 0.46225421348314605 0.6926498127340824 0.4569873595505618 0.6949906367041199 0.4476825842696629 0.6940543071161048 0.44259129213483145 0.6891385767790262 0.4417134831460674 0.6580056179775281 0.4438202247191011 0.6537921348314607 0.4510182584269663 0.6505149812734082 0.46769662921348315 0.6495786516853933
0 0.3472612359550562 0.5482209737827716 0.35235252808988765 0.5536048689138576 0.34901685393258425 0.56062734082397 0.35428370786516855 0.5706928838951311 0.35235252808988765 0.5896535580524345 0.34866573033707865 0.5987827715355806 0.33883426966292135 0.6090823970037453 0.33514747191011235 0.6097846441947565 0.32689606741573035 0.6060393258426966 0.32478932584269665 0.6022940074906367 0.3242626404494382 0.5709269662921348 0.32742275280898875 0.5639044943820225 0.33514747191011235 0.5571161048689138 0.33918539325842695 0.5564138576779026 0.3419943820224719 0.5482209737827716 0.34708567415730335 0.5482209737827716
0 0.624122191011236 0.6612827715355806 0.6330758426966292 0.6666666666666666 0.6441362359550562 0.6647940074906367 0.6455407303370787 0.6750936329588015 0.6544943820224719 0.6942883895131086 0.6527387640449438 0.7134831460674157 0.6474719101123596 0.7230805243445693 0.6416783707865169 0.7256554307116105 0.6325491573033708 0.7240168539325843 0.6235955056179775 0.7029494382022472 0.6225421348314607 0.6891385767790262 0.617626404494382 0.670880149812734 0.6192064606741573 0.6647940074906367 0.6239466292134831 0.6612827715355806
0 0.5581109550561798 0.5840355805243446 0.5656601123595506 0.5917602996254682 0.5686446629213483 0.6093164794007491 0.5639044943820225 0.6205524344569289 0.555126404494382 0.6257022471910112 0.5482794943820225 0.6240636704119851 0.5421348314606742 0.6179775280898876 0.5373946629213483 0.5978464419475655 0.538623595505618 0.5919943820224719 0.5445926966292135 0.5847378277153558 0.557935393258427 0.5840355805243446
0 0.6788974719101124 0.5491573033707865 0.6918890449438202 0.5566479400749064 0.6955758426966292 0.5706928838951311 0.6927668539325843 0.5838014981273408 0.6885533707865169 0.5889513108614233 0.6831109550561798 0.5905898876404494 0.6683637640449438 0.5875468164794008 0.6587078651685393 0.5779494382022472 0.6550210674157303 0.5699906367041199 0.6573033707865169 0.5571161048689138 0.6720505617977528 0.5498595505617978 0.6787219101123596 0.5491573033707865
0 0.6683637640449438 0.49812734082397003 0.6859199438202247 0.5086610486891385 0.6908356741573034 0.5154494382022472 0.6922401685393258 0.5234082397003745 0.6892556179775281 0.5409644194756554 0.6827598314606742 0.5472846441947565 0.6760884831460674 0.547752808988764 0.6685393258426966 0.5461142322097379 0.663623595505618 0.5402621722846442 0.6573033707865169 0.5168539325842697 0.657127808988764 0.5086610486891385 0.6620435393258427 0.5016385767790262 0.668188202247191 0.49836142322097376
0 0.40115870786516855 0.5676498127340824 0.41116573033707865 0.5739700374531835 0.41485252808988765 0.5852059925093633 0.41134129213483145 0.6020599250936329 0.398876404494382 0.6104868913857678 0.3909761235955056 0.6097846441947565 0.38606039325842695 0.6053370786516854 0.3830758426966292 0.5955056179775281 0.3830758426966292 0.5880149812734082 0.38606039325842695 0.576310861423221 0.3888693820224719 0.5727996254681648 0.40098314606741575 0.5676498127340824
0 0.5300210674157303 0.49953183520599254 0.5398525280898876 0.5077247191011236 0.5412570224719101 0.5217696629213483 0.5363412921348315 0.5332397003745318 0.526685393258427 0.5383895131086143 0.5150983146067416 0.5332397003745318 0.5117626404494382 0.5229400749063671 0.511938202247191 0.5156835205992509 0.5143960674157303 0.5063202247191011 0.5177317415730337 0.5023408239700374 0.5222963483146067 0.49953183520599254 0.5298455056179775 0.49953183520599254
0 0.6739817415730337 0.5898876404494382 0.6860955056179775 0.5926966292134831 0.6936446629213483 0.6062734082397003 0.6941713483146067 0.6238295880149812 0.6913623595505618 0.6280430711610487 0.6822331460674157 0.6322565543071161 0.6680126404494382 0.6292134831460674 0.6583567415730337 0.6090823970037453 0.6590589887640449 0.5987827715355806 0.6639747191011236 0.5915262172284644 0.6738061797752809 0.5898876404494382
0 0.6537921348314607 0.6683052434456929 0.6695926966292135 0.673689138576779 0.6804775280898876 0.6809456928838952 0.6864466292134831 0.6889044943820225 0.6892556179775281 0.6996722846441947 0.686622191011236 0.7125468164794008 0.6822331460674157 0.7176966292134831 0.6731039325842697 0.7202715355805244 0.6641502808988764 0.7155898876404494 0.6569522471910112 0.704119850187266 0.6509831460674157 0.6821161048689138 0.6502808988764045 0.6748595505617978 0.6537921348314607 0.6685393258426966
0 0.36973314606741575 0.5664794007490637 0.38149578651685395 0.5746722846441947 0.38360252808988765 0.6022940074906367 0.3767556179775281 0.613061797752809 0.3769311797752809 0.6242977528089888 0.37043539325842695 0.6261704119850188 0.36639747191011235 0.6154026217228464 0.355688202247191 0.6079119850187266 0.352001404494382 0.5969101123595506 0.35691713483146065 0.5711610486891385 0.3632373595505618 0.5669475655430711 0.3695575842696629 0.5664794007490637
0 0.3140800561797753 0.48103932584269665 0.32320926966292135 0.488061797752809 0.32566713483146065 0.49765917602996257 0.3225070224719101 0.5154494382022472 0.31109550561797755 0.522003745318352 0.30354634831460675 0.5208333333333334 0.29582162921348315 0.5159176029962547 0.2928370786516854 0.5112359550561798 0.29213483146067415 0.4967228464419476 0.2945926966292135 0.48852996254681647 0.29968398876404495 0.4836142322097378 0.30547752808988765 0.48080524344569286 0.31390449438202245 0.48103932584269665
0 0.43293539325842695 0.49157303370786515 0.4410112359550562 0.4967228464419476 0.4455758426966292 0.5086610486891385 0.4417134831460674 0.5255149812734082 0.43644662921348315 0.5301966292134831 0.4297752808988764 0.5316011235955056 0.4239817415730337 0.5294943820224719 0.4178370786516854 0.5231741573033708 0.4164325842696629 0.5032771535580525 0.4216994382022472 0.4936797752808989 0.43275983146067415 0.49157303370786515
0 0.3753511235955056 0.488061797752809 0.3813202247191011 0.4911048689138577 0.38570926966292135 0.49812734082397003 0.38535814606741575 0.5159176029962547 0.3806179775280899 0.5234082397003745 0.371313202247191 0.5273876404494382 0.36271067415730335 0.5264513108614233 0.35656601123595505 0.5191947565543071 0.35428370786516855 0.5121722846441947 0.35445926966292135 0.49929775280898875 0.35691713483146065 0.49204119850187267 0.36271067415730335 0.48735955056179775 0.3751755617977528 0.488061797752809
0 0.40098314606741575 0.4794007490636704 0.40923455056179775 0.48197565543071164 0.4162570224719101 0.5014044943820225 0.41485252808988765 0.5259831460674157 0.4058988764044944 0.5318352059925093 0.40484550561797755 0.5430711610486891 0.4004564606741573 0.5440074906367042 0.39712078651685395 0.5414325842696629 0.3960674157303371 0.5311329588014981 0.38974719101123595 0.5245786516853933 0.3867626404494382 0.5161516853932584 0.3883426966292135 0.4978932584269663 0.39185393258426965 0.487125468164794 0.39554073033707865 0.48080524344569286 0.4008075842696629 0.47963483146067415
0 0.27598314606741575 0.5461142322097379 0.2794943820224719 0.5557116104868914 0.29213483146067415 0.5676498127340824 0.2907303370786517 0.599250936329588 0.28651685393258425 0.6072097378277154 0.2777387640449438 0.6097846441947565 0.2719452247191011 0.6069756554307116 0.26264044943820225 0.5884831460674157 0.2638693820224719 0.5709269662921348 0.26843398876404495 0.56062734082397 0.2677317415730337 0.5500936329588015 0.2712429775280899 0.5465823970037453 0.2758075842696629 0.5461142322097379
0 0.5254564606741573 0.5814606741573034 0.5337078651685393 0.591058052434457 0.5372191011235955 0.6095505617977528 0.5333567415730337 0.6210205992509363 0.5249297752808989 0.6264044943820225 0.5154494382022472 0.6247659176029963 0.5107092696629213 0.6198501872659176 0.5084269662921348 0.613061797752809 0.5080758426966292 0.5955056179775281 0.5126404494382022 0.5842696629213483 0.5186095505617978 0.5809925093632958 0.5252808988764045 0.5814606741573034
0 0.6999648876404494 0.6374063670411985 0.7134831460674157 0.6425561797752809 0.7220856741573034 0.6544943820224719 0.7236657303370787 0.6645599250936329 0.7222612359550562 0.6715823970037453 0.7169943820224719 0.6809456928838952 0.7134831460674157 0.6821161048689138 0.6987359550561798 0.6795411985018727 0.6913623595505618 0.6718164794007491 0.6892556179775281 0.6580056179775281 0.6897823033707865 0.6437265917602997 0.6915379213483146 0.6406835205992509 0.6997893258426966 0.6374063670411985
0 0.2816011235955056 0.4768258426966292 0.28967696629213485 0.48080524344569286 0.2933637640449438 0.48782771535580527 0.29160814606741575 0.5114700374531835 0.2830056179775281 0.5173220973782772 0.27212078651685395 0.5159176029962547 0.26299157303370785 0.5086610486891385 0.2636938202247191 0.48408239700374533 0.27229634831460675 0.4772940074906367 0.2814255617977528 0.4768258426966292
0 0.460498595505618 0.5742041198501873 0.4671699438202247 0.5765449438202247 0.47138342696629215 0.5812265917602997 0.47366573033707865 0.5884831460674157 0.47401685393258425 0.6022940074906367 0.4669943820224719 0.6156367041198502 0.4608497191011236 0.6182116104868914 0.45242275280898875 0.6168071161048689 0.44838483146067415 0.6135299625468165 0.4450491573033708 0.6090823970037453 0.4438202247191011 0.5999531835205992 0.44434691011235955 0.588249063670412 0.44803370786516855 0.5802902621722846 0.46032303370786515 0.5742041198501873
0 0.34655898876404495 0.47752808988764045 0.35235252808988765 0.4812734082397004 0.3537570224719101 0.4850187265917603 0.35410814606741575 0.5184925093632958 0.3397120786516854 0.5323033707865169 0.33848314606741575 0.5397940074906367 0.33146067415730335 0.5414325842696629 0.32882724719101125 0.538623595505618 0.33110955056179775 0.5259831460674157 0.32549157303370785 0.5124063670411985 0.32672050561797755 0.49812734082397003 0.33848314606741575 0.47869850187265917 0.34638342696629215 0.47752808988764045
0 0.24648876404494383 0.5566479400749064 0.253686797752809 0.5596910112359551 0.2593047752808989 0.5674157303370787 0.2600070224719101 0.5814606741573034 0.25509129213483145 0.5915262172284644 0.24139747191011235 0.5985486891385767 0.23402387640449437 0.5976123595505618 0.22594803370786518 0.5917602996254682 0.22313904494382023 0.5819288389513109 0.22331460674157302 0.5739700374531835 0.22524578651685392 0.5674157303370787 0.23086376404494383 0.56062734082397 0.23788623595505617 0.5571161048689138 0.246313202247191 0.5566479400749064
0 0.6615168539325843 0.6203183520599251 0.6680126404494382 0.6303838951310862 0.6841643258426966 0.6336610486891385 0.6882022471910112 0.6402153558052435 0.6885533707865169 0.6683052434456929 0.6860955056179775 0.6722846441947565 0.6788974719101124 0.6760299625468165 0.6604634831460674 0.6650280898876404 0.6541432584269663 0.6542602996254682 0.6522120786516854 0.6439606741573034 0.6530898876404494 0.6303838951310862 0.6560744382022472 0.62312734082397 0.6613412921348315 0.6203183520599251
0 0.49525983146067415 0.4897003745318352 0.5070224719101124 0.49812734082397003 0.5108848314606742 0.5110018726591761 0.5057935393258427 0.5355805243445693 0.49877106741573035 0.5395599250936329 0.49104634831460675 0.5381554307116105 0.48735955056179775 0.5341760299625468 0.47910814606741575 0.5161516853932584 0.4805126404494382 0.49836142322097376 0.48964185393258425 0.48993445692883897 0.49508426966292135 0.4897003745318352
0 0.425561797752809 0.5669475655430711 0.4299508426966292 0.5746722846441947 0.4357443820224719 0.5749063670411985 0.43995786516853935 0.579119850187266 0.44417134831460675 0.5884831460674157 0.44259129213483145 0.6161048689138576 0.4390800561797753 0.6233614232209738 0.43258426966292135 0.6273408239700374 0.4278441011235955 0.6261704119850188 0.4183637640449438 0.6165730337078652 0.4137991573033708 0.6055711610486891 0.4159058988764045 0.5849719101123596 0.41941713483146065 0.5779494382022472 0.41889044943820225 0.5709269662921348 0.4215238764044944 0.5667134831460674 0.4253862359550562 0.5669475655430711
0 0.3146067415730337 0.5482209737827716 0.31741573033707865 0.5503277153558053 0.31759129213483145 0.56062734082397 0.32320926966292135 0.5711610486891385 0.3226825842696629 0.5877808988764045 0.31934691011235955 0.5962078651685393 0.3107443820224719 0.6067415730337079 0.30407303370786515 0.6090823970037453 0.296875 0.6065074906367042 0.2945926966292135 0.6022940074906367 0.2924859550561798 0.5735018726591761 0.29599719101123595 0.5655430711610487 0.3067064606741573 0.5578183520599251 0.3089887640449438 0.548689138576779 0.3144311797752809 0.5482209737827716
0 0.48964185393258425 0.6566011235955056 0.4982443820224719 0.663623595505618 0.5022823033707865 0.6816479400749064 0.49912219101123595 0.6999063670411985 0.49508426966292135 0.7055243445692884 0.4898174157303371 0.7076310861423221 0.484375 0.7076310861423221 0.4766502808988764 0.7031835205992509 0.47120786516853935 0.6860955056179775 0.4727879213483146 0.6741573033707865 0.4787570224719101 0.6615168539325843 0.4841994382022472 0.6563670411985019 0.48946629213483145 0.6566011235955056
0 0.7103230337078652 0.6879681647940075 0.7180477528089888 0.6961610486891385 0.7199789325842697 0.7071629213483146 0.7176966292134831 0.7167602996254682 0.7101474719101124 0.721441947565543 0.7034761235955056 0.7205056179775281 0.698560393258427 0.7167602996254682 0.6954002808988764 0.7090355805243446 0.6941713483146067 0.6970973782771536 0.7010182584269663 0.6886704119850188 0.7101474719101124 0.6879681647940075
0 0.46875 0.4953183520599251 0.4741924157303371 0.499063670411985 0.47787921348314605 0.5084269662921348 0.4785814606741573 0.5227059925093633 0.4726123595505618 0.5332397003745318 0.4569873595505618 0.5423689138576779 0.449438202247191 0.5402621722846442 0.44627808988764045 0.5330056179775281 0.44856039325842695 0.5060861423220974 0.4552317415730337 0.49719101123595505 0.4685744382022472 0.4953183520599251
0 0.24912219101123595 0.47401685393258425 0.25860252808988765 0.4772940074906367 0.26281601123595505 0.48384831460674155 0.2615870786516854 0.5084269662921348 0.2515800561797753 0.5140449438202247 0.24122191011235955 0.5133426966292135 0.2345505617977528 0.5095973782771536 0.23156601123595505 0.5051498127340824 0.22945926966292135 0.4948501872659176 0.23086376404494383 0.4857209737827715 0.234375 0.4791666666666667 0.24157303370786518 0.47425093632958804 0.24894662921348315 0.47401685393258425
0 0.5844452247191011 0.5856741573033708 0.592872191011236 0.5898876404494382 0.5986657303370787 0.6018258426966292 0.5963834269662921 0.62312734082397 0.5921699438202247 0.6273408239700374 0.5851474719101124 0.6289794007490637 0.5777738764044944 0.62687265917603 0.5709269662921348 0.6198501872659176 0.5686446629213483 0.6006554307116105 0.5702247191011236 0.5919943820224719 0.5733848314606742 0.5880149812734082 0.5842696629213483 0.5856741573033708
0 0.6529143258426966 0.5156835205992509 0.6581811797752809 0.5213014981273408 0.6616924157303371 0.5397940074906367 0.6597612359550562 0.5475187265917603 0.6518609550561798 0.5610955056179775 0.6446629213483146 0.5657771535580525 0.6365870786516854 0.5641385767790262 0.6330758426966292 0.5585205992509363 0.6288623595505618 0.5400280898876404 0.628686797752809 0.5273876404494382 0.6341292134831461 0.5156835205992509 0.6487008426966292 0.5102996254681648 0.6476474719101124 0.5049157303370787 0.6515098314606742 0.5051498127340824 0.6523876404494382 0.5086610486891385 0.6501053370786517 0.511938202247191 0.6527387640449438 0.5156835205992509
0 0.4924508426966292 0.5758426966292135 0.5014044943820225 0.5809925093632958 0.5070224719101124 0.5950374531835206 0.5066713483146067 0.6137640449438202 0.5021067415730337 0.6210205992509363 0.4984199438202247 0.6226591760299626 0.4827949438202247 0.6170411985018727 0.47577247191011235 0.6053370786516854 0.4762991573033708 0.5809925093632958 0.4922752808988764 0.5758426966292135
0 0.7099719101123596 0.5133426966292135 0.7164676966292135 0.5154494382022472 0.7212078651685393 0.5208333333333334 0.7247191011235955 0.5334737827715356 0.7213834269662921 0.5498595505617978 0.7108497191011236 0.5543071161048689 0.6980337078651685 0.5503277153558053 0.691186797752809 0.5400280898876404 0.694873595505618 0.5198970037453183 0.7001404494382022 0.5149812734082397 0.7097963483146067 0.5133426966292135
0 0.40098314606741575 0.6495786516853933 0.40484550561797755 0.6523876404494382 0.4120435393258427 0.6891385767790262 0.4080056179775281 0.6945224719101124 0.3909761235955056 0.7064606741573034 0.38360252808988765 0.7024812734082397 0.37991573033707865 0.6959269662921348 0.382373595505618 0.6718164794007491 0.38799157303370785 0.6598782771535581 0.3964185393258427 0.650749063670412 0.4008075842696629 0.6495786516853933
2 0.22120786516853932 0.4705056179775281 0.7338483146067416 0.5126404494382022 0.7241924157303371 0.7432116104868914 0.2071629213483146 0.7010767790262172
1 0.6144662921348315 0.5249297752808989 0.028089887640449437 0.043305243445692886
1 0.5833040730337079 0.5208333333333334 0.027212078651685394 0.0351123595505618
1 0.5797928370786517 0.5647237827715356 0.030723314606741572 0.02691947565543071
1 0.5490695224719101 0.5647237827715356 0.028967696629213485 0.03394194756554307
1 0.5196629213483146 0.5571161048689138 0.02457865168539326 0.03277153558052434
1 0.49508426966292135 0.5577013108614233 0.026334269662921347 0.038623595505617975
1 0.46567766853932585 0.5577013108614233 0.03247893258426966 0.02691947565543071
1 0.43627106741573035 0.5500936329588015 0.026334269662921347 0.04447565543071161
1 0.4059866573033708 0.5465823970037453 0.03247893258426966 0.0351123595505618
1 0.37570224719101125 0.5407303370786517 0.03160112359550562 0.03745318352059925
1 0.34629564606741575 0.5419007490636704 0.028967696629213485 0.03277153558052434
1 0.30986657303370785 0.5383895131086143 0.029845505617977528 0.039794007490636704
1 0.27431530898876405 0.5378043071161048 0.025456460674157303 0.040964419475655434
1 0.2462254213483146 0.5366338951310862 0.025456460674157303 0.038623595505617975
1 0.6429950842696629 0.5787687265917603 0.025456460674157303 0.03628277153558052
1 0.7079529494382022 0.5723314606741573 0.025456460674157303 0.03745318352059925
1 0.7101474719101124 0.6132958801498127 0.02457865168539326 0.042134831460674156
1 0.643872893258427 0.6132958801498127 0.027212078651685394 0.042134831460674156
1 0.6359726123595506 0.6489934456928839 0.028967696629213485 0.040964419475655434
1 0.6078827247191011 0.6530898876404494 0.027212078651685394 0.03277153558052434
1 0.5771594101123596 0.6448970037453183 0.025456460674157303 0.0351123595505618
1 0.547752808988764 0.6390449438202247 0.029845505617977528 0.039794007490636704
1 0.5187851123595506 0.637874531835206 0.03160112359550562 0.03277153558052434
1 0.48762289325842695 0.6367041198501873 0.03247893258426966 0.0351123595505618
1 0.45997191011235955 0.6337780898876404 0.026334269662921347 0.03394194756554307
1 0.429248595505618 0.6285112359550562 0.029845505617977528 0.025749063670411985
1 0.39720856741573035 0.6290964419475655 0.03247893258426966 0.03160112359550562
1 0.37043539325842695 0.6343632958801498 0.02457865168539326 0.028089887640449437
1 0.33268960674157305 0.6279260299625468 0.028089887640449437 0.038623595505617975
1 0.6039325842696629 0.6940543071161048 0.026334269662921347 0.04447565543071161
1 0.5749648876404494 0.6870318352059925 0.028089887640449437 0.04447565543071161
1 0.5157127808988764 0.6841058052434457 0.030723314606741572 0.04564606741573034
1 0.30416081460674155 0.631437265917603 0.03247893258426966 0.038623595505617975
1 0.27036516853932585 0.6290964419475655 0.03160112359550562 0.03628277153558052
1 0.2383251404494382 0.6290964419475655 0.025456460674157303 0.040964419475655434
1 0.36648525280898875 0.6729868913857678 0.025456460674157303 0.039794007490636704
1 0.3340063202247191 0.6770833333333334 0.027212078651685394 0.038623595505617975
1 0.29977176966292135 0.6688904494382022 0.023700842696629212 0.03394194756554307
1 0.2690484550561798 0.6683052434456929 0.027212078651685394 0.042134831460674156
1 0.23569171348314608 0.6694756554307116 0.030723314606741572 0.039794007490636704