0 0.5696980337078652 0.674625468164794 0.5842696629213483 0.6760299625468165 0.5919943820224719 0.6804775280898876 0.5953300561797753 0.6970973782771536 0.5923455056179775 0.7169943820224719 0.5881320224719101 0.7237827715355806 0.5768960674157303 0.7282303370786517 0.5746137640449438 0.7382958801498127 0.5647823033707865 0.7343164794007491 0.5677668539325843 0.7235486891385767 0.5628511235955056 0.7097378277153558 0.5600421348314607 0.6928838951310862 0.5603932584269663 0.68562734082397 0.5640800561797753 0.6772003745318352 0.5695224719101124 0.674625468164794
0 0.6448384831460674 0.6100187265917603 0.6546699438202247 0.6189138576779026 0.6576544943820225 0.6294475655430711 0.6546699438202247 0.6467696629213483 0.6508075842696629 0.6512172284644194 0.6448384831460674 0.6530898876404494 0.636938202247191 0.6519194756554307 0.6306179775280899 0.6474719101123596 0.6264044943820225 0.6404494382022472 0.6246488764044944 0.6280430711610487 0.6255266853932584 0.6177434456928839 0.6285112359550562 0.6128277153558053 0.6371137640449438 0.6088483146067416 0.6446629213483146 0.6100187265917603
0 0.3044241573033708 0.6425561797752809 0.31741573033707865 0.6544943820224719 0.31548455056179775 0.6793071161048689 0.3107443820224719 0.6891385767790262 0.31144662921348315 0.6999063670411985 0.3044241573033708 0.7038857677902621 0.30214185393258425 0.7027153558052435 0.29933286516853935 0.6914794007490637 0.28774578651685395 0.6818820224719101 0.2852879213483146 0.6697097378277154 0.2852879213483146 0.6612827715355806 0.2891502808988764 0.6481741573033708 0.2966994382022472 0.6418539325842697 0.304248595505618 0.6425561797752809
0 0.6448384831460674 0.6732209737827716 0.6492275280898876 0.6783707865168539 0.6476474719101124 0.6860955056179775 0.6509831460674157 0.6996722846441947 0.6513342696629213 0.7158239700374532 0.6404494382022472 0.7310393258426966 0.6350070224719101 0.7340823970037453 0.6267556179775281 0.7315074906367042 0.6235955056179775 0.7272940074906367 0.6193820224719101 0.7071629213483146 0.6186797752808989 0.6926498127340824 0.6160463483146067 0.68562734082397 0.6218398876404494 0.6776685393258427 0.636938202247191 0.6814138576779026 0.640625 0.672752808988764 0.6446629213483146 0.6732209737827716
0 0.6148174157303371 0.5196629213483146 0.6195575842696629 0.522003745318352 0.6244733146067416 0.5292602996254682 0.6288623595505618 0.5430711610486891 0.6285112359550562 0.5536048689138576 0.6239466292134831 0.56437265917603 0.6235955056179775 0.5749063670411985 0.6183286516853933 0.5767790262172284 0.6162219101123596 0.5767790262172284 0.6134129213483146 0.5702247191011236 0.6023525280898876 0.5627340823970037 0.5988412921348315 0.5573501872659176 0.5976123595505618 0.5503277153558053 0.602001404494382 0.524812734082397 0.605688202247191 0.5208333333333334 0.6146418539325843 0.5196629213483146
0 0.24473314606741572 0.4829119850187266 0.25140449438202245 0.48431647940074907 0.26492275280898875 0.49461610486891383 0.2654494382022472 0.5053838951310862 0.2633426966292135 0.516619850187266 0.24332865168539325 0.5250468164794008 0.23384831460674158 0.5224719101123596 0.22752808988764045 0.5081928838951311 0.2205056179775281 0.5056179775280899 0.21997893258426968 0.5016385767790262 0.22155898876404495 0.49414794007490637 0.22735252808988765 0.49391385767790263 0.2345505617977528 0.4859550561797753 0.24455758426966293 0.4829119850187266
0 0.550561797752809 0.6399812734082397 0.5605688202247191 0.6463014981273408 0.5651334269662921 0.6575374531835206 0.5644311797752809 0.6687734082397003 0.5581109550561798 0.68937265917603 0.5516151685393258 0.6931179775280899 0.5430126404494382 0.6903089887640449 0.5351123595505618 0.6734550561797753 0.5326544943820225 0.6629213483146067 0.5328300561797753 0.6570692883895131 0.5373946629213483 0.6460674157303371 0.5433637640449438 0.6411516853932584 0.5503862359550562 0.6399812734082397
0 0.7099719101123596 0.5751404494382022 0.7205056179775281 0.5793539325842697 0.7273525280898876 0.5887172284644194 0.7266502808988764 0.6058052434456929 0.7203300561797753 0.6132958801498127 0.7140098314606742 0.6158707865168539 0.6990870786516854 0.6114232209737828 0.6943469101123596 0.6027621722846442 0.6950491573033708 0.5798220973782772 0.7001404494382022 0.5760767790262172 0.7097963483146067 0.5751404494382022
0 0.5245786516853933 0.5966760299625468 0.5340589887640449 0.6025280898876404 0.5379213483146067 0.6093164794007491 0.5391502808988764 0.6175093632958801 0.5370435393258427 0.6324906367041199 0.5330056179775281 0.6383426966292135 0.5272120786516854 0.6409176029962547 0.5150983146067416 0.6374063670411985 0.5112359550561798 0.6313202247191011 0.5077247191011236 0.6182116104868914 0.5121137640449438 0.5994850187265918 0.5244030898876404 0.5966760299625468
0 0.4375 0.5042134831460674 0.44838483146067415 0.5152153558052435 0.4489115168539326 0.5292602996254682 0.44592696629213485 0.5393258426966292 0.43469101123595505 0.5440074906367042 0.42872191011235955 0.5433052434456929 0.4220505617977528 0.5362827715355806 0.41941713483146065 0.5290262172284644 0.41941713483146065 0.5203651685393258 0.42064606741573035 0.5133426966292135 0.42468398876404495 0.5074906367041199 0.4315308988764045 0.5037453183520599 0.4373244382022472 0.5042134831460674
0 0.34901685393258425 0.49204119850187267 0.35481039325842695 0.49461610486891383 0.35691713483146065 0.49836142322097376 0.3590238764044944 0.5297284644194756 0.35656601123595505 0.535814606741573 0.3433988764044944 0.5461142322097379 0.3418188202247191 0.5519662921348315 0.3376053370786517 0.5500936329588015 0.33146067415730335 0.5332397003745318 0.3319873595505618 0.5051498127340824 0.3418188202247191 0.49180711610486894 0.34884129213483145 0.49204119850187267
0 0.6975070224719101 0.6558988764044944 0.7131320224719101 0.6605805243445693 0.7205056179775281 0.6722846441947565 0.7217345505617978 0.6816479400749064 0.7191011235955056 0.6926498127340824 0.7143609550561798 0.6982677902621723 0.7073384831460674 0.7006086142322098 0.6927668539325843 0.6940543071161048 0.6806530898876404 0.6722846441947565 0.6824087078651685 0.6647940074906367 0.6925912921348315 0.6568352059925093 0.6973314606741573 0.6558988764044944
0 0.3283005617977528 0.6519194756554307 0.347436797752809 0.6540262172284644 0.35270365168539325 0.6643258426966292 0.34708567415730335 0.6790730337078652 0.34515449438202245 0.6921816479400749 0.34638342696629215 0.7064606741573034 0.3418188202247191 0.7102059925093633 0.33848314606741575 0.7088014981273408 0.33514747191011235 0.7010767790262172 0.328125 0.7008426966292135 0.32110252808988765 0.6968632958801498 0.3167134831460674 0.6891385767790262 0.3167134831460674 0.661750936329588 0.32092696629213485 0.6551966292134831 0.328125 0.6519194756554307
0 0.6776685393258427 0.614934456928839 0.6908356741573034 0.625 0.6946980337078652 0.6336610486891385 0.6946980337078652 0.6509831460674157 0.6822331460674157 0.661750936329588 0.6685393258426966 0.6547284644194756 0.6592345505617978 0.6395131086142322 0.6602879213483146 0.6198501872659176 0.6652036516853933 0.6161048689138576 0.6774929775280899 0.614934456928839
0 0.27018960674157305 0.5699906367041199 0.2831811797752809 0.5746722846441947 0.2905547752808989 0.5802902621722846 0.2887991573033708 0.5997191011235955 0.29406601123595505 0.6163389513108615 0.28967696629213485 0.6219569288389513 0.28651685393258425 0.6219569288389513 0.28247893258426965 0.6168071161048689 0.26896067415730335 0.6142322097378277 0.2614115168539326 0.6055711610486891 0.2594803370786517 0.5784176029962547 0.26492275280898875 0.5704588014981273 0.2700140449438202 0.5699906367041199
0 0.6648525280898876 0.5683520599250936 0.682935393258427 0.5727996254681648 0.6906601123595506 0.5798220973782772 0.6939957865168539 0.5856741573033708 0.6938202247191011 0.6090823970037453 0.6857443820224719 0.6137640449438202 0.6753862359550562 0.613061797752809 0.6685393258426966 0.6100187265917603 0.657127808988764 0.5966760299625468 0.6537921348314607 0.5887172284644194 0.6537921348314607 0.5781835205992509 0.6590589887640449 0.5711610486891385 0.6646769662921348 0.5685861423220974
0 0.6543188202247191 0.6807116104868914 0.6803019662921348 0.6954588014981273 0.6869733146067416 0.7055243445692884 0.6896067415730337 0.7162921348314607 0.6880266853932584 0.7270599250936329 0.6825842696629213 0.7345505617977528 0.6757373595505618 0.7368913857677902 0.6683637640449438 0.7354868913857678 0.6630969101123596 0.7308052434456929 0.6539676966292135 0.7137172284644194 0.6492275280898876 0.6853932584269663 0.6509831460674157 0.6800093632958801 0.6541432584269663 0.6807116104868914
0 0.31144662921348315 0.575374531835206 0.319873595505618 0.5802902621722846 0.3223314606741573 0.5875468164794008 0.3218047752808989 0.5955056179775281 0.3146067415730337 0.613061797752809 0.304248595505618 0.6179775280898876 0.29634831460674155 0.6172752808988764 0.2933637640449438 0.6144662921348315 0.2891502808988764 0.6027621722846442 0.2893258426966292 0.5919943820224719 0.29599719101123595 0.5795880149812734 0.31127106741573035 0.575374531835206
0 0.30723314606741575 0.4845505617977528 0.31179775280898875 0.4964887640449438 0.324438202247191 0.49953183520599254 0.3302317415730337 0.5081928838951311 0.3302317415730337 0.5365168539325843 0.3258426966292135 0.5437734082397003 0.3186446629213483 0.5470505617977528 0.30565308988764045 0.5374531835205992 0.2984550561797753 0.5241104868913857 0.2986306179775281 0.5124063670411985 0.3023174157303371 0.50187265917603 0.2988061797752809 0.4911048689138577 0.3070575842696629 0.4845505617977528
0 0.49508426966292135 0.5140449438202247 0.5049157303370787 0.5180243445692884 0.515625 0.5182584269662921 0.5173806179775281 0.5227059925093633 0.5128160112359551 0.5287921348314607 0.5114115168539326 0.5435393258426966 0.5059691011235955 0.5529026217228464 0.4982443820224719 0.5573501872659176 0.48525280898876405 0.5585205992509363 0.48103932584269665 0.5571161048689138 0.477001404494382 0.5510299625468165 0.476123595505618 0.540496254681648 0.48560393258426965 0.5196629213483146 0.49490870786516855 0.5140449438202247
0 0.40519662921348315 0.5023408239700374 0.41520365168539325 0.5072565543071161 0.41906601123595505 0.5194288389513109 0.41889044943820225 0.5297284644194756 0.4159058988764045 0.536750936329588 0.40502106741573035 0.5433052434456929 0.39747191011235955 0.5423689138576779 0.39308286516853935 0.5381554307116105 0.38939606741573035 0.5294943820224719 0.3888693820224719 0.5198970037453183 0.38974719101123595 0.511938202247191 0.3923806179775281 0.5074906367041199 0.40502106741573035 0.5023408239700374
0 0.37833567415730335 0.5004681647940075 0.38799157303370785 0.5084269662921348 0.3888693820224719 0.5273876404494382 0.3843047752808989 0.5369850187265918 0.37605337078651685 0.5419007490636704 0.36604634831460675 0.5402621722846442 0.3613061797752809 0.5362827715355806 0.35849719101123595 0.5154494382022472 0.3609550561797753 0.5077247191011236 0.36622191011235955 0.5023408239700374 0.37816011235955055 0.5004681647940075
0 0.28634129213483145 0.6484082397003745 0.28809691011235955 0.6509831460674157 0.2847612359550562 0.6596441947565543 0.28581460674157305 0.6786048689138576 0.28423455056179775 0.6853932584269663 0.27422752808988765 0.6959269662921348 0.2658005617977528 0.6989700374531835 0.2577247191011236 0.6959269662921348 0.25280898876404495 0.6886704119850188 0.2522823033707865 0.6790730337078652 0.25456460674157305 0.6676029962546817 0.2614115168539326 0.6580056179775281 0.2672050561797753 0.6540262172284644 0.28616573033707865 0.6484082397003745
0 0.6706460674157303 0.5173220973782772 0.6875 0.5290262172284644 0.6922401685393258 0.5400280898876404 0.6890800561797753 0.5622659176029963 0.6773174157303371 0.5671816479400749 0.6697682584269663 0.5662453183520599 0.6648525280898876 0.5610955056179775 0.6609901685393258 0.5503277153558053 0.6583567415730337 0.5327715355805244 0.6613412921348315 0.5215355805243446 0.6704705056179775 0.5173220973782772
0 0.2575491573033708 0.6458333333333334 0.26439606741573035 0.6500468164794008 0.26492275280898875 0.6542602996254682 0.2543890449438202 0.6690074906367042 0.24877106741573032 0.6889044943820225 0.2345505617977528 0.6961610486891385 0.22735252808988765 0.6940543071161048 0.22296348314606743 0.6891385767790262 0.21997893258426968 0.6781367041198502 0.22120786516853932 0.6683052434456929 0.23402387640449437 0.653558052434457 0.24508426966292135 0.651685393258427 0.2521067415730337 0.6455992509363296 0.257373595505618 0.6458333333333334
0 0.28458567415730335 0.4892322097378277 0.29950842696629215 0.49719101123595505 0.30179073033707865 0.5051498127340824 0.2989817415730337 0.5124063670411985 0.2986306179775281 0.525749063670412 0.2933637640449438 0.5299625468164794 0.2833567415730337 0.5325374531835206 0.2758075842696629 0.5306647940074907 0.2700140449438202 0.5255149812734082 0.26685393258426965 0.5187265917602997 0.26615168539325845 0.5081928838951311 0.2673806179775281 0.5016385767790262 0.27212078651685395 0.49414794007490637 0.28441011235955055 0.4892322097378277
0 0.26228932584269665 0.5690543071161048 0.26457162921348315 0.5711610486891385 0.2600070224719101 0.5774812734082397 0.2596558988764045 0.5941011235955056 0.2575491573033708 0.6022940074906367 0.24859550561797752 0.6097846441947565 0.24122191011235955 0.6118913857677902 0.2341994382022472 0.6109550561797753 0.22629915730337077 0.6058052434456929 0.22331460674157302 0.5955056179775281 0.22524578651685392 0.5814606741573034 0.22963483146067415 0.5756086142322098 0.23771067415730338 0.5706928838951311 0.2621137640449438 0.5690543071161048
0 0.3319873595505618 0.5706928838951311 0.3377808988764045 0.5800561797752809 0.34901685393258425 0.579119850187266 0.3539325842696629 0.5814606741573034 0.3591994382022472 0.5915262172284644 0.3576193820224719 0.6060393258426966 0.35287921348314605 0.6214887640449438 0.34831460674157305 0.62687265917603 0.3419943820224719 0.6296816479400749 0.33497191011235955 0.6273408239700374 0.32285814606741575 0.611189138576779 0.3221558988764045 0.6008895131086143 0.32689606741573035 0.5849719101123596 0.3246137640449438 0.575374531835206 0.331811797752809 0.5706928838951311
0 0.6971558988764045 0.6144662921348315 0.7134831460674157 0.6179775280898876 0.7231390449438202 0.6301498127340824 0.7247191011235955 0.6390449438202247 0.7234901685393258 0.6472378277153558 0.7201544943820225 0.6533239700374532 0.7136587078651685 0.6582397003745318 0.7013693820224719 0.6554307116104869 0.6950491573033708 0.6491104868913857 0.6941713483146067 0.6336610486891385 0.6864466292134831 0.6196161048689138 0.6892556179775281 0.6156367041198502 0.6969803370786517 0.6144662921348315
0 0.6339536516853933 0.5152153558052435 0.6386938202247191 0.522003745318352 0.6522120786516854 0.5245786516853933 0.6588834269662921 0.5351123595505618 0.663623595505618 0.5610955056179775 0.6592345505617978 0.5683520599250936 0.6511587078651685 0.5723314606741573 0.6358848314606742 0.5617977528089888 0.6306179775280899 0.5531367041198502 0.6293890449438202 0.5426029962546817 0.6311446629213483 0.5327715355805244 0.6264044943820225 0.5224719101123596 0.6337780898876404 0.5152153558052435
0 0.6927668539325843 0.6963951310861424 0.7131320224719101 0.7090355805243446 0.7173455056179775 0.7167602996254682 0.7173455056179775 0.7343164794007491 0.7134831460674157 0.739934456928839 0.7082162921348315 0.7418071161048689 0.6996137640449438 0.7401685393258427 0.6915379213483146 0.7272940074906367 0.6910112359550562 0.7179307116104869 0.6853932584269663 0.699438202247191 0.6925912921348315 0.6963951310861424
0 0.5012289325842697 0.5580524344569289 0.5063202247191011 0.5676498127340824 0.5063202247191011 0.5833333333333334 0.5021067415730337 0.5924625468164794 0.49473314606741575 0.5969101123595506 0.48735955056179775 0.5966760299625468 0.48139044943820225 0.5919943820224719 0.47717696629213485 0.5816947565543071 0.477001404494382 0.5711610486891385 0.4841994382022472 0.5596910112359551 0.5010533707865169 0.5580524344569289
0 0.4705056179775281 0.5007022471910112 0.47981039325842695 0.511938202247191 0.48174157303370785 0.5262172284644194 0.4748946629213483 0.5426029962546817 0.4645365168539326 0.550561797752809 0.4566362359550562 0.548689138576779 0.45242275280898875 0.5433052434456929 0.45031601123595505 0.5198970037453183 0.45207162921348315 0.5114700374531835 0.45646067415730335 0.5051498127340824 0.4703300561797753 0.5007022471910112
0 0.3765800561797753 0.6551966292134831 0.3804424157303371 0.6582397003745318 0.38342696629213485 0.6722846441947565 0.37377106741573035 0.6980337078651685 0.36393960674157305 0.7064606741573034 0.3549859550561798 0.7064606741573034 0.34849016853932585 0.7008426966292135 0.34638342696629215 0.68562734082397 0.34884129213483145 0.6743913857677902 0.3539325842696629 0.6669007490636704 0.36657303370786515 0.6580056179775281 0.37640449438202245 0.6554307116104869
0 0.7082162921348315 0.5334737827715356 0.7175210674157303 0.5362827715355806 0.7229634831460674 0.5433052434456929 0.7250702247191011 0.5507958801498127 0.7240168539325843 0.5641385767790262 0.719627808988764 0.5711610486891385 0.7136587078651685 0.574438202247191 0.6989115168539326 0.5716292134831461 0.6913623595505618 0.56062734082397 0.6941713483146067 0.5395599250936329 0.6996137640449438 0.5348782771535581 0.7080407303370787 0.5334737827715356
2 0.22384129213483145 0.47869850187265917 0.7338483146067416 0.5325374531835206 0.723314606741573 0.7537453183520599 0.215063202247191 0.6963951310861424
1 0.22120786516853932 0.526685393258427 0.48191713483146065 0.5512640449438202 0.4801615168539326 0.5945692883895131 0.5064957865168539 0.6004213483146067 0.507373595505618 0.6331928838951311 0.5345856741573034 0.6425561797752809 0.5337078651685393 0.6764981273408239 0.5635533707865169 0.6952247191011236 0.5547752808988764 0.7326779026217228 0.3730688202247191 0.7092696629213483 0.37745786516853935 0.6566011235955056 0.21769662921348315 0.6484082397003745 0.21945224719101122 0.6168071161048689 0.35463483146067415 0.6296816479400749 0.35814606741573035 0.5781835205992509 0.2168188202247191 0.5653089887640449
1 0.5143960674157303 0.5091292134831461 0.6065660112359551 0.5231741573033708 0.6004213483146067 0.5770131086142322 0.6539676966292135 0.5887172284644194 0.6530898876404494 0.6086142322097379 0.6223665730337079 0.6074438202247191 0.6223665730337079 0.6448970037453183 0.6820575842696629 0.6554307116104869 0.683813202247191 0.6870318352059925 0.6214887640449438 0.6788389513108615 0.6197331460674157 0.7315074906367042 0.5960323033707865 0.7315074906367042 0.5933988764044944 0.6764981273408239 0.5688202247191011 0.6729868913857678 0.5635533707865169 0.6355337078651685 0.5398525280898876 0.6296816479400749 0.5389747191011236 0.5969101123595506 0.5108848314606742 0.5898876404494382