0 0.46348314606741575 0.30032771535580527 0.4705056179775281 0.3026685393258427 0.4750702247191011 0.3080524344569288 0.4780547752808989 0.3211610486891386 0.4747191011235955 0.3295880149812734 0.4706811797752809 0.33380149812734083 0.4631320224719101 0.33614232209737827 0.45558286516853935 0.33029026217228463 0.45242275280898875 0.32467228464419473 0.4511938202247191 0.3171816479400749 0.4527738764044944 0.31086142322097376 0.4573384831460674 0.30313670411985016 0.4633075842696629 0.300561797752809
0 0.43679775280898875 0.6390449438202247 0.4397823033707865 0.6406835205992509 0.44978932584269665 0.6376404494382022 0.45804073033707865 0.6404494382022472 0.46383426966292135 0.6512172284644194 0.4610252808988764 0.6631554307116105 0.453125 0.6748595505617978 0.44662921348314605 0.6757958801498127 0.43995786516853935 0.6718164794007491 0.4357443820224719 0.6612827715355806 0.43451544943820225 0.6437265917602997 0.43662219101123595 0.6390449438202247
0 0.3843047752808989 0.648876404494382 0.3871137640449438 0.6491104868913857 0.3946629213483146 0.6580056179775281 0.39729634831460675 0.6683052434456929 0.39571629213483145 0.6788389513108615 0.39150280898876405 0.6849250936329588 0.3851825842696629 0.6884363295880149 0.3734199438202247 0.6839887640449438 0.3709620786516854 0.6694756554307116 0.3728932584269663 0.6596441947565543 0.37991573033707865 0.650749063670412 0.38412921348314605 0.648876404494382
0 0.5919943820224719 0.3190543071161049 0.5998946629213483 0.324438202247191 0.6035814606741573 0.33169475655430714 0.6039325842696629 0.33941947565543074 0.5997191011235955 0.35252808988764045 0.5905898876404494 0.35908239700374533 0.5783005617977528 0.35580524344569286 0.5746137640449438 0.34831460674157305 0.5740870786516854 0.33801498127340823 0.5793539325842697 0.32420411985018727 0.5846207865168539 0.3197565543071161 0.5918188202247191 0.3190543071161049
0 0.6163974719101124 0.40777153558052437 0.6272823033707865 0.4154962546816479 0.6297401685393258 0.4286048689138577 0.6228932584269663 0.4440543071161049 0.6137640449438202 0.44803370786516855 0.6044592696629213 0.436563670411985 0.6018258426966292 0.4241573033707865 0.6058637640449438 0.412687265917603 0.6114817415730337 0.4080056179775281 0.6162219101123596 0.40777153558052437
0 0.5919943820224719 0.5283239700374532 0.602001404494382 0.5397940074906367 0.6021769662921348 0.5538389513108615 0.5995435393258427 0.5615636704119851 0.5939255617977528 0.5676498127340824 0.5849719101123596 0.5688202247191011 0.5728581460674157 0.5543071161048689 0.5761938202247191 0.5388576779026217 0.5849719101123596 0.5297284644194756 0.5918188202247191 0.528558052434457
0 0.5482794943820225 0.6558988764044944 0.5572331460674157 0.6596441947565543 0.5625 0.6715823970037453 0.5605688202247191 0.68562734082397 0.5572331460674157 0.6900749063670412 0.5502106741573034 0.6933520599250936 0.5400280898876404 0.6882022471910112 0.5359901685393258 0.6750936329588015 0.5365168539325843 0.6680711610486891 0.5403792134831461 0.6584737827715356 0.5481039325842697 0.6558988764044944
0 0.36973314606741575 0.301498127340824 0.37763342696629215 0.30641385767790263 0.38149578651685395 0.3157771535580524 0.37833567415730335 0.3321629213483146 0.3706109550561798 0.3366104868913858 0.3590238764044944 0.3330992509363296 0.355688202247191 0.3232677902621723 0.3558637640449438 0.313436329588015 0.3590238764044944 0.30547752808988765 0.3695575842696629 0.301498127340824
0 0.5179073033707865 0.5880149812734082 0.5305477528089888 0.6020599250936329 0.5345856741573034 0.6123595505617978 0.5338834269662921 0.6228932584269663 0.530372191011236 0.6296816479400749 0.5265098314606742 0.6343632958801498 0.5189606741573034 0.6376404494382022 0.5108848314606742 0.635065543071161 0.5049157303370787 0.6266385767790262 0.5028089887640449 0.6067415730337079 0.5047401685393258 0.5908239700374532 0.5087780898876404 0.5877808988764045 0.5177317415730337 0.5880149812734082
0 0.48103932584269665 0.6446629213483146 0.49280196629213485 0.6495786516853933 0.4964887640449438 0.6551966292134831 0.4978932584269663 0.6640917602996255 0.4982443820224719 0.6720505617977528 0.49490870786516855 0.6788389513108615 0.4841994382022472 0.68562734082397 0.47717696629213485 0.68562734082397 0.46997893258426965 0.6821161048689138 0.46822331460674155 0.6783707865168539 0.47173455056179775 0.6750936329588015 0.46734550561797755 0.6725187265917603 0.46594101123595505 0.6687734082397003 0.47384129213483145 0.648876404494382 0.4808637640449438 0.6446629213483146
0 0.4041432584269663 0.3047752808988764 0.4123946629213483 0.31320224719101125 0.4141502808988764 0.3256086142322097 0.4085323033707865 0.335440074906367 0.40115870786516855 0.3387172284644195 0.390625 0.3352059925093633 0.38781601123595505 0.3192883895131086 0.38922050561797755 0.31226591760299627 0.3925561797752809 0.3078183520599251 0.39729634831460675 0.3047752808988764 0.4039676966292135 0.3047752808988764
0 0.41924157303370785 0.5941011235955056 0.4274929775280899 0.5997191011235955 0.43100421348314605 0.6128277153558053 0.42661516853932585 0.6261704119850188 0.41502808988764045 0.6308520599250936 0.4041432584269663 0.6240636704119851 0.4022120786516854 0.6090823970037453 0.4041432584269663 0.6018258426966292 0.40870786516853935 0.5952715355805244 0.41906601123595505 0.5941011235955056
0 0.5837429775280899 0.6434925093632958 0.5923455056179775 0.648876404494382 0.5951544943820225 0.6577715355805244 0.5918188202247191 0.6786048689138576 0.5860252808988764 0.6816479400749064 0.5747893258426966 0.6786048689138576 0.5665379213483146 0.6687734082397003 0.567064606741573 0.6563670411985019 0.5700491573033708 0.6495786516853933 0.5777738764044944 0.6434925093632958 0.5835674157303371 0.6434925093632958
0 0.5909410112359551 0.40402621722846443 0.5965589887640449 0.41245318352059923 0.5962078651685393 0.4323501872659176 0.5919943820224719 0.4396067415730337 0.5819873595505618 0.44358614232209737 0.5751404494382022 0.4426498127340824 0.577247191011236 0.43913857677902624 0.5686446629213483 0.42532771535580527 0.5679424157303371 0.41807116104868913 0.5704002808988764 0.40987827715355807 0.5742626404494382 0.4056647940074906 0.5807584269662921 0.40308988764044945 0.5907654494382022 0.40402621722846443
0 0.5237008426966292 0.6530898876404494 0.5305477528089888 0.658941947565543 0.5335323033707865 0.6718164794007491 0.5291432584269663 0.6844569288389513 0.520189606741573 0.68937265917603 0.5108848314606742 0.6842228464419475 0.5077247191011236 0.6762640449438202 0.5075491573033708 0.6640917602996255 0.5089536516853933 0.6575374531835206 0.5186095505617978 0.6528558052434457 0.5235252808988764 0.6530898876404494
0 0.36622191011235955 0.42696629213483145 0.37429775280898875 0.4309456928838951 0.3807935393258427 0.43913857677902624 0.3804424157303371 0.44967228464419473 0.37587780898876405 0.4592696629213483 0.36973314606741575 0.462312734082397 0.36077949438202245 0.4616104868913858 0.355688202247191 0.4571629213483146 0.3534058988764045 0.4506086142322097 0.3532303370786517 0.43913857677902624 0.3555126404494382 0.4328183520599251 0.36604634831460675 0.4272003745318352
0 0.49122191011235955 0.6079119850187266 0.49701544943820225 0.611189138576779 0.5019311797752809 0.62312734082397 0.5021067415730337 0.6320224719101124 0.49947331460674155 0.6406835205992509 0.49490870786516855 0.6444288389513109 0.4847261235955056 0.6448970037453183 0.4803370786516854 0.6423220973782772 0.476123595505618 0.6341292134831461 0.4762991573033708 0.6224250936329588 0.47910814606741575 0.6151685393258427 0.49104634831460675 0.6081460674157303
0 0.5614466292134831 0.3176498127340824 0.5684691011235955 0.3237359550561798 0.5719803370786517 0.3352059925093633 0.5675912921348315 0.34784644194756553 0.5577598314606742 0.352059925093633 0.5491573033707865 0.34784644194756553 0.5458216292134831 0.3345037453183521 0.551439606741573 0.32045880149812733 0.5568820224719101 0.3171816479400749 0.5612710674157303 0.3176498127340824
0 0.6221910112359551 0.6205524344569289 0.6300912921348315 0.6289794007490637 0.6313202247191011 0.6404494382022472 0.6285112359550562 0.648876404494382 0.6228932584269663 0.6537921348314607 0.6125351123595506 0.653558052434457 0.6046348314606742 0.6441947565543071 0.6030547752808989 0.637874531835206 0.6127106741573034 0.6207865168539326 0.6220154494382022 0.6205524344569289
0 0.4631320224719101 0.35135767790262173 0.4705056179775281 0.3562734082397004 0.4741924157303371 0.363998127340824 0.4748946629213483 0.37102059925093633 0.47208567415730335 0.3801498127340824 0.4606741573033708 0.3862359550561798 0.45646067415730335 0.3852996254681648 0.4496137640449438 0.37663857677902624 0.44856039325842695 0.363998127340824 0.4527738764044944 0.3548689138576779 0.4629564606741573 0.35135767790262173
0 0.5366924157303371 0.3522940074906367 0.5433637640449438 0.3544007490636704 0.5472261235955056 0.3595505617977528 0.5496839887640449 0.3714887640449438 0.547752808988764 0.38038389513108617 0.5363412921348315 0.38974719101123595 0.5328300561797753 0.3890449438202247 0.5242275280898876 0.3801498127340824 0.5231741573033708 0.3625936329588015 0.5294943820224719 0.35557116104868913 0.5365168539325843 0.3522940074906367
0 0.3941362359550562 0.5168539325842697 0.40502106741573035 0.5201310861423221 0.4106390449438202 0.5327715355805244 0.4078300561797753 0.5463483146067416 0.39764747191011235 0.5545411985018727 0.39396067415730335 0.5545411985018727 0.38535814606741575 0.547752808988764 0.38219803370786515 0.538623595505618 0.38360252808988765 0.5222378277153558 0.39396067415730335 0.5168539325842697
0 0.4020365168539326 0.4779962546816479 0.40941011235955055 0.4803370786516854 0.4139747191011236 0.488061797752809 0.4120435393258427 0.5067883895131086 0.40625 0.5124063670411985 0.40115870786516855 0.513810861423221 0.39589185393258425 0.5124063670411985 0.38816713483146065 0.5051498127340824 0.38728932584269665 0.49040262172284643 0.38957162921348315 0.4836142322097378 0.4018609550561798 0.4779962546816479
0 0.3732443820224719 0.386001872659176 0.38026685393258425 0.38764044943820225 0.3846558988764045 0.39232209737827717 0.38764044943820225 0.40379213483146065 0.3848314606741573 0.4169007490636704 0.37991573033707865 0.42181647940074907 0.3730688202247191 0.42392322097378277 0.36622191011235955 0.42158239700374533 0.36183286516853935 0.41502808988764045 0.3595505617977528 0.4044943820224719 0.3613061797752809 0.3967696629213483 0.36657303370786515 0.3899812734082397 0.3730688202247191 0.3862359550561798
0 0.6146418539325843 0.4550561797752809 0.6200842696629213 0.4580992509363296 0.6253511235955056 0.46676029962546817 0.6246488764044944 0.4782303370786517 0.6211376404494382 0.48525280898876405 0.6099016853932584 0.48852996254681647 0.6009480337078652 0.48174157303370785 0.5991924157303371 0.46676029962546817 0.6055126404494382 0.45552434456928836 0.6144662921348315 0.4550561797752809
0 0.530372191011236 0.30969101123595505 0.5365168539325843 0.31296816479400746 0.5393258426966292 0.31741573033707865 0.5405547752808989 0.3312265917602996 0.5379213483146067 0.3387172284644195 0.5338834269662921 0.3429307116104869 0.5263342696629213 0.3450374531835206 0.5219452247191011 0.3443352059925094 0.5145716292134831 0.33754681647940077 0.5142205056179775 0.3213951310861423 0.5191362359550562 0.31320224719101125 0.5301966292134831 0.30969101123595505
0 0.6237710674157303 0.36446629213483145 0.6300912921348315 0.3693820224719101 0.6337780898876404 0.38249063670411987 0.6304424157303371 0.3937265917602996 0.6234199438202247 0.39957865168539325 0.609375 0.3977059925093633 0.6072682584269663 0.39396067415730335 0.605688202247191 0.37640449438202245 0.6116573033707865 0.36704119850187267 0.6235955056179775 0.36446629213483145
0 0.397998595505618 0.34386704119850187 0.40765449438202245 0.3487827715355805 0.41099016853932585 0.35580524344569286 0.40888342696629215 0.37336142322097376 0.40537219101123595 0.3775749063670412 0.397998595505618 0.3796816479400749 0.390625 0.37687265917602997 0.3848314606741573 0.363061797752809 0.3865870786516854 0.3497191011235955 0.3929073033707865 0.3443352059925094 0.39782303370786515 0.34386704119850187
0 0.36639747191011235 0.6060393258426966 0.3730688202247191 0.6090823970037453 0.37640449438202245 0.6135299625468165 0.3788623595505618 0.6252340823970037 0.37570224719101125 0.6360018726591761 0.3669241573033708 0.6420880149812734 0.3555126404494382 0.638810861423221 0.35217696629213485 0.6336610486891385 0.35059691011235955 0.6240636704119851 0.355688202247191 0.6086142322097379 0.36622191011235955 0.6060393258426966
0 0.5461727528089888 0.6093164794007491 0.5575842696629213 0.6109550561797753 0.5623244382022472 0.6156367041198502 0.5654845505617978 0.62312734082397 0.5663623595505618 0.6306179775280899 0.5646067415730337 0.638810861423221 0.5607443820224719 0.6448970037453183 0.5538974719101124 0.6479400749063671 0.5428370786516854 0.6423220973782772 0.5393258426966292 0.6336610486891385 0.5407303370786517 0.6198501872659176 0.5475772471910112 0.6125936329588015 0.5463483146067416 0.6093164794007491
0 0.6235955056179775 0.4887640449438202 0.6283356741573034 0.4913389513108614 0.6329002808988764 0.49836142322097376 0.6350070224719101 0.5121722846441947 0.6309691011235955 0.5229400749063671 0.6232443820224719 0.5276217228464419 0.6151685393258427 0.526685393258427 0.6058637640449438 0.5189606741573034 0.6058637640449438 0.5042134831460674 0.6127106741573034 0.4913389513108614 0.6234199438202247 0.4887640449438202
0 0.6200842696629213 0.32303370786516855 0.6278089887640449 0.3267790262172285 0.6311446629213483 0.33146067415730335 0.632373595505618 0.3387172284644195 0.6257022471910112 0.3529962546816479 0.6188553370786517 0.35697565543071164 0.6128862359550562 0.35580524344569286 0.608497191011236 0.3518258426966292 0.6053370786516854 0.3368445692883895 0.609375 0.32724719101123595 0.6199087078651685 0.32303370786516855
0 0.41906601123595505 0.6360018726591761 0.42503511235955055 0.638810861423221 0.42854634831460675 0.6439606741573034 0.4311797752808989 0.6622191011235955 0.42503511235955055 0.6718164794007491 0.4155547752808989 0.6753277153558053 0.41502808988764045 0.6786048689138576 0.40379213483146065 0.6598782771535581 0.40308988764044945 0.6486423220973783 0.40747893258426965 0.639747191011236 0.41889044943820225 0.6360018726591761
0 0.3628862359550562 0.34176029962546817 0.3730688202247191 0.3441011235955056 0.37798455056179775 0.3487827715355805 0.38009129213483145 0.3607209737827715 0.37745786516853935 0.3705524344569288 0.37447331460674155 0.3738295880149813 0.3656952247191011 0.3761704119850187 0.355688202247191 0.3693820224719101 0.3535814606741573 0.36282771535580527 0.35428370786516855 0.35159176029962547 0.35849719101123595 0.3443352059925094 0.36271067415730335 0.3419943820224719
0 0.43065308988764045 0.34620786516853935 0.4394311797752809 0.35252808988764045 0.44259129213483145 0.3637640449438202 0.4394311797752809 0.374063670411985 0.4297752808988764 0.3796816479400749 0.41889044943820225 0.37336142322097376 0.41713483146067415 0.3616573033707865 0.4215238764044944 0.3497191011235955 0.43047752808988765 0.34620786516853935
0 0.35674157303370785 0.6439606741573034 0.36393960674157305 0.6474719101123596 0.36973314606741575 0.6577715355805244 0.36657303370786515 0.6748595505617978 0.35691713483146065 0.6804775280898876 0.3481390449438202 0.677434456928839 0.3435744382022472 0.6657303370786517 0.34480337078651685 0.6542602996254682 0.3481390449438202 0.6477059925093633 0.35656601123595505 0.6439606741573034
0 0.6211376404494382 0.5311329588014981 0.6311446629213483 0.5397940074906367 0.6329002808988764 0.552434456928839 0.6297401685393258 0.5627340823970037 0.6197331460674157 0.5681179775280899 0.6086727528089888 0.5608614232209738 0.6063904494382022 0.5468164794007491 0.6095505617977528 0.5360486891385767 0.6162219101123596 0.5313670411985019 0.6209620786516854 0.5311329588014981
0 0.5019311797752809 0.3073501872659176 0.5086025280898876 0.311563670411985 0.5124648876404494 0.32092696629213485 0.5105337078651685 0.3326310861423221 0.5021067415730337 0.3408239700374532 0.49315308988764045 0.33965355805243447 0.48771067415730335 0.3342696629213483 0.4861306179775281 0.3291198501872659 0.48929073033707865 0.3136704119850187 0.4945575842696629 0.30852059925093633 0.5017556179775281 0.3073501872659176
0 0.6227176966292135 0.5730337078651685 0.6306179775280899 0.5800561797752809 0.632373595505618 0.5931647940074907 0.629564606741573 0.602996254681648 0.6199087078651685 0.6081460674157303 0.6090238764044944 0.602996254681648 0.6055126404494382 0.5856741573033708 0.609375 0.575374531835206 0.6225421348314607 0.5730337078651685
0 0.40115870786516855 0.436563670411985 0.41485252808988765 0.4421816479400749 0.41853932584269665 0.4520131086142322 0.41520365168539325 0.4674625468164794 0.4044943820224719 0.47425093632958804 0.4008075842696629 0.4737827715355805 0.39396067415730335 0.46558988764044945 0.3908005617977528 0.45318352059925093 0.3941362359550562 0.44147940074906367 0.40098314606741575 0.436563670411985
0 0.4529494382022472 0.5980805243445693 0.46400983146067415 0.6022940074906367 0.46594101123595505 0.612125468164794 0.46365870786516855 0.6266385767790262 0.46014747191011235 0.6306179775280899 0.4529494382022472 0.6327247191011236 0.441186797752809 0.6285112359550562 0.43802668539325845 0.6170411985018727 0.43837780898876405 0.6088483146067416 0.4415379213483146 0.6020599250936329 0.4527738764044944 0.5980805243445693
0 0.3730688202247191 0.511938202247191 0.3788623595505618 0.5323033707865169 0.3769311797752809 0.5451779026217228 0.371313202247191 0.5514981273408239 0.36271067415730335 0.5526685393258427 0.3576193820224719 0.549625468164794 0.3530547752808989 0.536750936329588 0.3534058988764045 0.523876404494382 0.36271067415730335 0.5161516853932584 0.3711376404494382 0.5156835205992509 0.3728932584269663 0.5121722846441947
0 0.4081811797752809 0.39442883895131087 0.41485252808988765 0.39630149812734083 0.41889044943820225 0.40074906367041196 0.4215238764044944 0.41502808988764045 0.4162570224719101 0.426498127340824 0.4066011235955056 0.43047752808988765 0.40098314606741575 0.42907303370786515 0.3946629213483146 0.42158239700374533 0.39396067415730335 0.40777153558052437 0.3999297752808989 0.3972378277153558 0.4080056179775281 0.39442883895131087
0 0.4334620786516854 0.3082865168539326 0.4415379213483146 0.3136704119850187 0.44469803370786515 0.32982209737827717 0.4431179775280899 0.336376404494382 0.4355688202247191 0.3429307116104869 0.42521067415730335 0.34058988764044945 0.4215238764044944 0.335440074906367 0.42082162921348315 0.32982209737827717 0.42064606741573035 0.32092696629213485 0.42292837078651685 0.31413857677902624 0.4276685393258427 0.3094569288389513 0.4332865168539326 0.3082865168539326
0 0.6192064606741573 0.6549625468164794 0.6271067415730337 0.660814606741573 0.6302668539325843 0.6694756554307116 0.6311446629213483 0.6814138576779026 0.6262289325842697 0.6933520599250936 0.6165730337078652 0.6970973782771536 0.609375 0.6949906367041199 0.6042837078651685 0.6898408239700374 0.601123595505618 0.6830524344569289 0.6000702247191011 0.6734550561797753 0.6018258426966292 0.6643258426966292 0.605688202247191 0.6580056179775281 0.6125351123595506 0.6544943820224719 0.6190308988764045 0.6549625468164794
0 0.5228230337078652 0.39091760299625467 0.532127808988764 0.40004681647940077 0.5338834269662921 0.4096441947565543 0.5308988764044944 0.4173689138576779 0.5203651685393258 0.4232209737827715 0.5112359550561798 0.41947565543071164 0.508251404494382 0.41409176029962547 0.5075491573033708 0.40379213483146065 0.5117626404494382 0.3934925093632959 0.5186095505617978 0.3899812734082397 0.5226474719101124 0.39091760299625467
0 0.5064957865168539 0.3497191011235955 0.511938202247191 0.351123595505618 0.5166783707865169 0.35603932584269665 0.5196629213483146 0.36282771535580527 0.5198384831460674 0.3698501872659176 0.5154494382022472 0.38295880149812733 0.5087780898876404 0.3895131086142322 0.5021067415730337 0.3920880149812734 0.4943820224719101 0.3916198501872659 0.4885884831460674 0.386938202247191 0.48771067415730335 0.37102059925093633 0.4905196629213483 0.35931647940074907 0.4936797752808989 0.3548689138576779 0.5063202247191011 0.3497191011235955
0 0.5538974719101124 0.3895131086142322 0.5610955056179775 0.3937265917602996 0.5656601123595506 0.40379213483146065 0.5639044943820225 0.4157303370786517 0.554248595505618 0.42275280898876405 0.5442415730337079 0.4190074906367041 0.5391502808988764 0.41175093632958804 0.5387991573033708 0.4080056179775281 0.5402036516853933 0.40004681647940077 0.5437148876404494 0.39396067415730335 0.5537219101123596 0.3895131086142322
0 0.5860252808988764 0.4866573033707865 0.5926966292134831 0.49063670411985016 0.5963834269662921 0.49812734082397003 0.597436797752809 0.5065543071161048 0.5956811797752809 0.5182584269662921 0.5858497191011236 0.5273876404494382 0.5733848314606742 0.5236423220973783 0.5702247191011236 0.5191947565543071 0.5675912921348315 0.5084269662921348 0.5689957865168539 0.49812734082397003 0.5723314606741573 0.49087078651685395 0.578125 0.4868913857677903 0.5858497191011236 0.4866573033707865
0 0.5909410112359551 0.3609550561797753 0.5997191011235955 0.37102059925093633 0.6000702247191011 0.38459737827715357 0.5955056179775281 0.39442883895131087 0.5856741573033708 0.39747191011235955 0.5798806179775281 0.3951310861423221 0.5754915730337079 0.3892790262172285 0.573560393258427 0.36961610486891383 0.5793539325842697 0.36282771535580527 0.5907654494382022 0.3609550561797753
0 0.3734199438202247 0.5531367041198502 0.3811446629213483 0.5587546816479401 0.38412921348314605 0.5746722846441947 0.3827247191011236 0.5814606741573034 0.37763342696629215 0.5894194756554307 0.36973314606741575 0.5926966292134831 0.35849719101123595 0.5884831460674157 0.35445926966292135 0.5814606741573034 0.3537570224719101 0.5720973782771536 0.35656601123595505 0.5601591760299626 0.3732443820224719 0.5531367041198502
0 0.3746488764044944 0.4737827715355805 0.3827247191011236 0.4772940074906367 0.38570926966292135 0.487125468164794 0.3846558988764045 0.5007022471910112 0.3767556179775281 0.5121722846441947 0.3706109550561798 0.5072565543071161 0.3613061797752809 0.5044475655430711 0.35674157303370785 0.49461610486891383 0.3628862359550562 0.47846441947565543 0.37447331460674155 0.4737827715355805
0 0.5228230337078652 0.5976123595505618 0.5308988764044944 0.6041666666666666 0.5331811797752809 0.6093164794007491 0.5337078651685393 0.6198501872659176 0.5293188202247191 0.6301498127340824 0.5191362359550562 0.6357677902621723 0.5121137640449438 0.6341292134831461 0.5084269662921348 0.6299157303370787 0.5054424157303371 0.6125936329588015 0.5124648876404494 0.6018258426966292 0.5226474719101124 0.5976123595505618
2 0.6425561797752809 0.31289021535580525 0.3550874297752809 0.29769311797752807 0.34165976123595504 0.6847123127340824 0.631389220505618 0.6980318352059925
1 0.4367573735955056 0.41414559925093636 0.022624648876404495 0.03241104868913858
1 0.5574771769662921 0.38102059925093634 0.020619733146067416 0.023902153558052433
1 0.469561095505618 0.4163693820224719 0.019176615168539326 0.030615636704119847
1 0.49609726123595504 0.41939840823970037 0.0242626404494382 0.028874063670411985
1 0.43558813202247193 0.4550117041198502 0.02379740168539326 0.0329939138576779
1 0.46805828651685394 0.45849016853932584 0.02085498595505618 0.03214653558052435
1 0.49408707865168544 0.4596465355805243 0.022586025280898876 0.02978230337078652
1 0.5221137640449438 0.45998361423220974 0.02128862359550562 0.03357209737827715
1 0.5530161516853933 0.46251170411985015 0.022231390449438202 0.03394897003745318
1 0.5827071629213483 0.464314138576779 0.019582162921348317 0.03287219101123596
1 0.5810287921348315 0.5835931647940075 0.020907654494382023 0.02798689138576779
1 0.5796453651685393 0.6227200374531836 0.022821278089887643 0.028211610486891386
1 0.5499016853932583 0.5806835205992509 0.021853932584269663 0.02996956928838951
1 0.5497138342696629 0.5401521535580525 0.020305477528089887 0.0300561797752809
1 0.551841643258427 0.5020365168539326 0.02222436797752809 0.03185159176029962
1 0.5205161516853933 0.5012336142322097 0.022775632022471907 0.031804775280898874
1 0.5201685393258427 0.5391970973782771 0.019738412921348317 0.03126638576779026
1 0.5192169943820225 0.5785908239700374 0.0190063202247191 0.02578183520599251
1 0.4909234550561798 0.5767392322097378 0.02444873595505618 0.026760299625468165
1 0.49151509831460677 0.5378160112359551 0.0232935393258427 0.02850187265917603
1 0.4935165028089888 0.4991104868913857 0.02261587078651685 0.030681179775280898
1 0.4662903792134831 0.49656367041198507 0.01965941011235955 0.028705524344569286
1 0.4635797050561798 0.5371348314606741 0.022429775280898876 0.02714185393258427
1 0.46216116573033705 0.5758965355805243 0.021932935393258426 0.023515917602996254
1 0.4314132724719101 0.5738529962546817 0.02247015449438202 0.02567181647940075
1 0.3986060393258427 0.6095763108614233 0.017715941011235956 0.02533239700374532
1 0.4015502106741573 0.5726264044943821 0.01775456460674157 0.026336610486891388
1 0.43327247191011237 0.534309456928839 0.0215063202247191 0.02929073033707865
1 0.4343574438202247 0.4955407303370786 0.023678019662921348 0.029784644194756554