0 0.43820224719101125 0.6413857677902621 0.4469803370786517 0.6465355805243446 0.449438202247191 0.6584737827715356 0.44399578651685395 0.6797752808988764 0.4357443820224719 0.6860955056179775 0.4281952247191011 0.68562734082397 0.4234550561797753 0.6823501872659176 0.41906601123595505 0.6750936329588015 0.418188202247191 0.6676029962546817 0.4241573033707865 0.6472378277153558 0.4318820224719101 0.6418539325842697 0.43802668539325845 0.6413857677902621
0 0.688377808988764 0.5847378277153558 0.7003160112359551 0.5901217228464419 0.7043539325842697 0.6027621722846442 0.7018960674157303 0.6163389513108615 0.6927668539325843 0.6266385767790262 0.6746839887640449 0.6191479400749064 0.6701193820224719 0.6097846441947565 0.6760884831460674 0.588249063670412 0.6817064606741573 0.5847378277153558 0.6882022471910112 0.5847378277153558
0 0.3688553370786517 0.6371722846441947 0.383251404494382 0.6385767790262172 0.3883426966292135 0.6465355805243446 0.3883426966292135 0.6587078651685393 0.38553370786516855 0.6683052434456929 0.37991573033707865 0.675561797752809 0.37359550561797755 0.6788389513108615 0.3628862359550562 0.6757958801498127 0.35814606741573035 0.6598782771535581 0.36007724719101125 0.6425561797752809 0.3686797752808989 0.6371722846441947
0 0.47717696629213485 0.47073970037453183 0.4884129213483146 0.48197565543071164 0.4866573033707865 0.49602059925093633 0.4887640449438202 0.5110018726591761 0.48700842696629215 0.5149812734082397 0.48156601123595505 0.5175561797752809 0.46927668539325845 0.5156835205992509 0.46190308988764045 0.5030430711610487 0.46190308988764045 0.47752808988764045 0.46875 0.4705056179775281 0.477001404494382 0.47073970037453183
0 0.5549508426966292 0.6523876404494382 0.5626755617977528 0.6551966292134831 0.5681179775280899 0.660814606741573 0.5718047752808989 0.6781367041198502 0.5696980337078652 0.6926498127340824 0.5644311797752809 0.697565543071161 0.557935393258427 0.699438202247191 0.5465238764044944 0.6935861423220974 0.5428370786516854 0.68562734082397 0.5424859550561798 0.6596441947565543 0.5466994382022472 0.6537921348314607 0.5547752808988764 0.6523876404494382
0 0.6202598314606742 0.5760767790262172 0.6321980337078652 0.5809925093632958 0.6385182584269663 0.5901217228464419 0.6381671348314607 0.6097846441947565 0.6311446629213483 0.6179775280898876 0.6276334269662921 0.6189138576779026 0.6144662921348315 0.6151685393258427 0.6100772471910112 0.6072097378277154 0.608497191011236 0.5814606741573034 0.6127106741573034 0.5767790262172284 0.6200842696629213 0.5760767790262172
0 0.5444171348314607 0.4794007490636704 0.5475772471910112 0.48080524344569286 0.5517907303370787 0.48782771535580527 0.5509129213483146 0.5028089887640449 0.5442415730337079 0.5184925093632958 0.5345856741573034 0.5229400749063671 0.5261587078651685 0.5198970037453183 0.5203651685393258 0.5131086142322098 0.5187851123595506 0.5044475655430711 0.5205407303370787 0.49087078651685395 0.5235252808988764 0.48431647940074907 0.5289676966292135 0.48010299625468167 0.5442415730337079 0.4794007490636704
0 0.6544943820224719 0.5816947565543071 0.6690660112359551 0.5842696629213483 0.6731039325842697 0.5884831460674157 0.6659058988764045 0.6161048689138576 0.6548455056179775 0.6257022471910112 0.645189606741573 0.6228932584269663 0.6371137640449438 0.6257022471910112 0.633251404494382 0.62312734082397 0.6330758426966292 0.6168071161048689 0.6386938202247191 0.6086142322097379 0.6399227528089888 0.5870786516853933 0.6432584269662921 0.5838014981273408 0.6543188202247191 0.5819288389513109
0 0.613061797752809 0.6577715355805244 0.6283356741573034 0.6661985018726592 0.6334269662921348 0.6769662921348315 0.6336025280898876 0.6860955056179775 0.6304424157303371 0.6961610486891385 0.620435393258427 0.7027153558052435 0.6114817415730337 0.7006086142322098 0.6032303370786517 0.6884363295880149 0.6030547752808989 0.6683052434456929 0.604810393258427 0.6640917602996255 0.6128862359550562 0.6577715355805244
0 0.5310744382022472 0.5622659176029963 0.5419592696629213 0.5662453183520599 0.5445926966292135 0.5765449438202247 0.5445926966292135 0.5978464419475655 0.5379213483146067 0.6062734082397003 0.5335323033707865 0.6081460674157303 0.5219452247191011 0.6069756554307116 0.5152738764044944 0.5990168539325843 0.5138693820224719 0.589185393258427 0.5143960674157303 0.5781835205992509 0.5184339887640449 0.5706928838951311 0.5254564606741573 0.5632022471910112 0.5308988764044944 0.5622659176029963
0 0.30196629213483145 0.4426498127340824 0.30372191011235955 0.44569288389513106 0.3023174157303371 0.45435393258426965 0.3063553370786517 0.45997191011235955 0.3065308988764045 0.48431647940074907 0.3044241573033708 0.48993445692883897 0.29160814606741575 0.5035112359550562 0.2828300561797753 0.5032771535580525 0.2793188202247191 0.49929775280898875 0.2768609550561798 0.4658239700374532 0.28072331460674155 0.4595037453183521 0.2914325842696629 0.4515449438202247 0.29441713483146065 0.44241573033707865 0.30179073033707865 0.4426498127340824
0 0.522998595505618 0.6072097378277154 0.5382724719101124 0.6114232209737828 0.5424859550561798 0.6163389513108615 0.5444171348314607 0.6301498127340824 0.5379213483146067 0.6439606741573034 0.5194873595505618 0.6528558052434457 0.5152738764044944 0.6512172284644194 0.5105337078651685 0.6439606741573034 0.5143960674157303 0.6306179775280899 0.5135182584269663 0.614934456928839 0.5228230337078652 0.6072097378277154
0 0.4689255617977528 0.6455992509363296 0.4745435393258427 0.6514513108614233 0.47735252808988765 0.6584737827715356 0.47910814606741575 0.6783707865168539 0.47735252808988765 0.6853932584269663 0.46804775280898875 0.6959269662921348 0.4708567415730337 0.6992041198501873 0.4705056179775281 0.7029494382022472 0.46804775280898875 0.7034176029962547 0.46348314606741575 0.7034176029962547 0.4652387640449438 0.6961610486891385 0.4534761235955056 0.6889044943820225 0.4490870786516854 0.6823501872659176 0.44820926966292135 0.6769662921348315 0.45224719101123595 0.6505149812734082 0.4566362359550562 0.6460674157303371 0.46875 0.6455992509363296
0 0.38412921348314605 0.46863295880149813 0.3944873595505618 0.47401685393258425 0.3981741573033708 0.48267790262172283 0.39712078651685395 0.49812734082397003 0.39132724719101125 0.5063202247191011 0.3846558988764045 0.5091292134831461 0.3730688202247191 0.5051498127340824 0.3690308988764045 0.49812734082397003 0.3674508426966292 0.4901685393258427 0.3688553370786517 0.4791666666666667 0.3732443820224719 0.47097378277153557 0.38395365168539325 0.46863295880149813
0 0.6244733146067416 0.6205524344569289 0.6300912921348315 0.6214887640449438 0.6383426966292135 0.6287453183520599 0.6441362359550562 0.641619850187266 0.6444873595505618 0.6514513108614233 0.6418539325842697 0.6577715355805244 0.6307935393258427 0.6664325842696629 0.613061797752809 0.6563670411985019 0.6107794943820225 0.6472378277153558 0.6118328651685393 0.6266385767790262 0.6160463483146067 0.6221910112359551 0.6242977528089888 0.6205524344569289
0 0.648876404494382 0.6598782771535581 0.6604634831460674 0.6664325842696629 0.6637991573033708 0.6772003745318352 0.6623946629213483 0.6956928838951311 0.651685393258427 0.7034176029962547 0.6430828651685393 0.7010767790262172 0.6381671348314607 0.6961610486891385 0.6336025280898876 0.6760299625468165 0.6336025280898876 0.6706460674157303 0.6371137640449438 0.6643258426966292 0.641502808988764 0.6603464419475655 0.6487008426966292 0.6598782771535581
0 0.7173455056179775 0.5465823970037453 0.7289325842696629 0.549625468164794 0.734375 0.5559456928838952 0.7366573033707865 0.5636704119850188 0.7341994382022472 0.5819288389513109 0.7215589887640449 0.5875468164794008 0.710498595505618 0.5852059925093633 0.7013693820224719 0.5746722846441947 0.7054073033707865 0.5538389513108615 0.7089185393258427 0.5484550561797753 0.7171699438202247 0.5465823970037453
0 0.5086025280898876 0.47448501872659177 0.5140449438202247 0.477059925093633 0.520189606741573 0.48431647940074907 0.5207162921348315 0.49204119850187267 0.5175561797752809 0.5105337078651685 0.5121137640449438 0.5163857677902621 0.5077247191011236 0.5175561797752809 0.4982443820224719 0.5163857677902621 0.4945575842696629 0.5133426966292135 0.48753511235955055 0.49976591760299627 0.48700842696629215 0.49297752808988765 0.4884129213483146 0.48431647940074907 0.49139747191011235 0.48080524344569286 0.5015800561797753 0.47495318352059923 0.5084269662921348 0.47448501872659177
0 0.3202247191011236 0.62687265917603 0.32514044943820225 0.6301498127340824 0.32917837078651685 0.6437265917602997 0.32566713483146065 0.6645599250936329 0.320751404494382 0.6683052434456929 0.3007373595505618 0.6692415730337079 0.2966994382022472 0.6687734082397003 0.29371488764044945 0.6612827715355806 0.29740168539325845 0.6439606741573034 0.308813202247191 0.6282771535580525 0.3200491573033708 0.62687265917603
0 0.6292134831460674 0.5360486891385767 0.636060393258427 0.5400280898876404 0.6418539325842697 0.5533707865168539 0.6411516853932584 0.5683520599250936 0.6371137640449438 0.5749063670411985 0.6309691011235955 0.5781835205992509 0.6135884831460674 0.5730337078651685 0.6065660112359551 0.5536048689138576 0.6077949438202247 0.5449438202247191 0.6123595505617978 0.538623595505618 0.6290379213483146 0.5360486891385767
0 0.49139747191011235 0.6458333333333334 0.5038623595505618 0.6495786516853933 0.5084269662921348 0.6563670411985019 0.5096558988764045 0.6640917602996255 0.5098314606741573 0.6720505617977528 0.5070224719101124 0.6818820224719101 0.49543539325842695 0.68937265917603 0.484375 0.6849250936329588 0.4801615168539326 0.6725187265917603 0.4799859550561798 0.661750936329588 0.4826193820224719 0.6530898876404494 0.49122191011235955 0.6458333333333334
0 0.2593047752808989 0.45365168539325845 0.27089185393258425 0.45903558052434457 0.27633426966292135 0.47331460674157305 0.2756320224719101 0.488061797752809 0.2598314606741573 0.4943820224719101 0.24490870786516855 0.48852996254681647 0.24122191011235955 0.48408239700374533 0.23929073033707865 0.476123595505618 0.24051966292134833 0.4637172284644195 0.24315308988764045 0.45880149812734083 0.2515800561797753 0.45365168539325845 0.25912921348314605 0.45365168539325845
0 0.2698384831460674 0.6228932584269663 0.27598314606741575 0.6254681647940075 0.29353932584269665 0.6240636704119851 0.2986306179775281 0.6310861423220974 0.2991573033707865 0.636938202247191 0.29213483146067415 0.6612827715355806 0.28054775280898875 0.6657303370786517 0.2751053370786517 0.6647940074906367 0.26825842696629215 0.6577715355805244 0.26053370786516855 0.6385767790262172 0.26299157303370785 0.6257022471910112 0.265625 0.6224250936329588 0.2696629213483146 0.6228932584269663
0 0.27650983146067415 0.5419007490636704 0.29020365168539325 0.5456460674157303 0.2984550561797753 0.5533707865168539 0.29792837078651685 0.5709269662921348 0.29371488764044945 0.5821629213483146 0.2777387640449438 0.5868445692883895 0.27282303370786515 0.5856741573033708 0.2677317415730337 0.5774812734082397 0.26492275280898875 0.5613295880149812 0.26615168539325845 0.5470505617977528 0.27229634831460675 0.5419007490636704 0.27633426966292135 0.5419007490636704
0 0.32110252808988765 0.5442415730337079 0.33479634831460675 0.5536048689138576 0.33900983146067415 0.5599250936329588 0.33532303370786515 0.5692883895131086 0.32110252808988765 0.5830992509363296 0.30407303370786515 0.5809925093632958 0.2989817415730337 0.5718632958801498 0.2991573033707865 0.5561797752808989 0.30214185393258425 0.5489232209737828 0.3103932584269663 0.5440074906367042 0.32092696629213485 0.5442415730337079
0 0.3532303370786517 0.46301498127340823 0.36271067415730335 0.4674625468164794 0.36815308988764045 0.4772940074906367 0.366748595505618 0.4911048689138577 0.36393960674157305 0.49859550561797755 0.3539325842696629 0.5049157303370787 0.34129213483146065 0.5007022471910112 0.3374297752808989 0.49461610486891383 0.3362008426966292 0.4824438202247191 0.34111657303370785 0.46676029962546817 0.3530547752808989 0.46301498127340823
0 0.4452247191011236 0.5177902621722846 0.4527738764044944 0.522003745318352 0.4554073033707865 0.5264513108614233 0.45558286516853935 0.5468164794007491 0.45031601123595505 0.5543071161048689 0.4392556179775281 0.5585205992509363 0.4331109550561798 0.5573501872659176 0.4273174157303371 0.5500936329588015 0.4253862359550562 0.5428370786516854 0.4274929775280899 0.5287921348314607 0.430126404494382 0.523876404494382 0.4392556179775281 0.5173220973782772 0.4450491573033708 0.5177902621722846
0 0.6604634831460674 0.5393258426966292 0.6701193820224719 0.5444756554307116 0.6732794943820225 0.5491573033707865 0.6743328651685393 0.5571161048689138 0.672752808988764 0.5688202247191011 0.6659058988764045 0.5781835205992509 0.6615168539325843 0.5798220973782772 0.6508075842696629 0.5781835205992509 0.6432584269662921 0.5713951310861424 0.6416783707865169 0.5468164794007491 0.6471207865168539 0.5395599250936329 0.6602879213483146 0.5393258426966292
0 0.38377808988764045 0.5955056179775281 0.38764044943820225 0.5973782771535581 0.39132724719101125 0.6097846441947565 0.390625 0.6334269662921348 0.3871137640449438 0.6324906367041199 0.3843047752808989 0.6355337078651685 0.3748244382022472 0.6374063670411985 0.36639747191011235 0.6364700374531835 0.36007724719101125 0.6299157303370787 0.36025280898876405 0.6093164794007491 0.36446629213483145 0.6015917602996255 0.38360252808988765 0.5955056179775281
0 0.31917134831460675 0.5028089887640449 0.3284761235955056 0.5077247191011236 0.3319873595505618 0.511938202247191 0.33304073033707865 0.5182584269662921 0.3319873595505618 0.5334737827715356 0.32496488764044945 0.5433052434456929 0.3084620786516854 0.5414325842696629 0.3044241573033708 0.5388576779026217 0.3024929775280899 0.5337078651685393 0.30354634831460675 0.511938202247191 0.3105688202247191 0.5051498127340824 0.31899578651685395 0.5028089887640449
0 0.6027036516853933 0.4913389513108614 0.6104283707865169 0.49812734082397003 0.6111306179775281 0.5149812734082397 0.6074438202247191 0.5259831460674157 0.5990168539325843 0.5306647940074907 0.5919943820224719 0.5306647940074907 0.5840941011235955 0.5224719101123596 0.5816362359550562 0.5049157303370787 0.5835674157303371 0.49812734082397003 0.5877808988764045 0.4934456928838951 0.5955056179775281 0.49063670411985016 0.6025280898876404 0.4913389513108614
0 0.6924157303370787 0.5409644194756554 0.7029494382022472 0.5428370786516854 0.7066362359550562 0.5503277153558053 0.6992626404494382 0.575374531835206 0.6892556179775281 0.5816947565543071 0.671875 0.5786516853932584 0.6731039325842697 0.574438202247191 0.6716994382022472 0.5711610486891385 0.6745084269662921 0.5608614232209738 0.6748595505617978 0.5470505617977528 0.6824087078651685 0.5409644194756554 0.6922401685393258 0.5409644194756554
0 0.46348314606741575 0.5512640449438202 0.47717696629213485 0.5603932584269663 0.48349719101123595 0.574438202247191 0.48367275280898875 0.5821629213483146 0.4808637640449438 0.5924625468164794 0.46787219101123595 0.600187265917603 0.45979634831460675 0.5999531835205992 0.4566362359550562 0.5971441947565543 0.449438202247191 0.5816947565543071 0.45259831460674155 0.5564138576779026 0.45646067415730335 0.5522003745318352 0.4633075842696629 0.5512640449438202
0 0.6688904494382022 0.663623595505618 0.6896067415730337 0.6718164794007491 0.6929424157303371 0.6800093632958801 0.6945224719101124 0.6875 0.6932935393258427 0.701310861423221 0.6890800561797753 0.7066947565543071 0.682935393258427 0.7088014981273408 0.6739817415730337 0.7069288389513109 0.6655547752808989 0.699438202247191 0.6639747191011236 0.674625468164794 0.6664325842696629 0.6678370786516854 0.6646769662921348 0.6647940074906367 0.6687148876404494 0.663623595505618
0 0.3498946629213483 0.5905898876404494 0.3576193820224719 0.5955056179775281 0.36025280898876405 0.6022940074906367 0.3597261235955056 0.6090823970037453 0.35621488764044945 0.6266385767790262 0.3455056179775281 0.6345973782771536 0.33268960674157305 0.6301498127340824 0.32935393258426965 0.6228932584269663 0.32900280898876405 0.6163389513108615 0.3340941011235955 0.5952715355805244 0.3497191011235955 0.5905898876404494
0 0.3495435393258427 0.5065543071161048 0.355688202247191 0.510065543071161 0.36077949438202245 0.5170880149812734 0.3634129213483146 0.5402621722846442 0.3572682584269663 0.547752808988764 0.3419943820224719 0.5566479400749064 0.3316362359550562 0.5465823970037453 0.33146067415730335 0.5365168539325843 0.3377808988764045 0.5117041198501873 0.3493679775280899 0.5065543071161048
0 0.47945926966292135 0.5969101123595506 0.484375 0.6025280898876404 0.48507724719101125 0.6303838951310862 0.4820926966292135 0.6371722846441947 0.4708567415730337 0.6423220973782772 0.4612008426966292 0.6392790262172284 0.45628511235955055 0.6324906367041199 0.4566362359550562 0.6137640449438202 0.4585674157303371 0.6055711610486891 0.4624297752808989 0.601123595505618 0.4703300561797753 0.6008895131086143 0.47928370786516855 0.5969101123595506
0 0.47155898876404495 0.5191947565543071 0.4801615168539326 0.5224719101123596 0.48577949438202245 0.533941947565543 0.48507724719101125 0.5498595505617978 0.4822682584269663 0.5557116104868914 0.4780547752808989 0.5585205992509363 0.4590941011235955 0.5479868913857678 0.45768960674157305 0.5451779026217228 0.45768960674157305 0.5259831460674157 0.46365870786516855 0.5201310861423221 0.47138342696629215 0.5191947565543071
0 0.331811797752809 0.6303838951310862 0.3532303370786517 0.637874531835206 0.3570926966292135 0.6439606741573034 0.36042837078651685 0.6786048689138576 0.3549859550561798 0.68562734082397 0.35024578651685395 0.6872659176029963 0.3356741573033708 0.6788389513108615 0.32865168539325845 0.6683052434456929 0.32759831460674155 0.6610486891385767 0.3297050561797753 0.6474719101123596 0.32689606741573035 0.6341292134831461 0.3316362359550562 0.6303838951310862
0 0.4417134831460674 0.47073970037453183 0.45435393258426965 0.47752808988764045 0.46014747191011235 0.4845505617977528 0.4612008426966292 0.49836142322097376 0.45786516853932585 0.5095973782771536 0.4476825842696629 0.516619850187266 0.43697331460674155 0.513810861423221 0.4294241573033708 0.5011704119850188 0.42907303370786515 0.4772940074906367 0.4357443820224719 0.47073970037453183 0.4415379213483146 0.47073970037453183
0 0.5298455056179775 0.6533239700374532 0.5387991573033708 0.660814606741573 0.5409058988764045 0.6676029962546817 0.5412570224719101 0.6809456928838952 0.5370435393258427 0.6926498127340824 0.5272120786516854 0.6966292134831461 0.5222963483146067 0.6959269662921348 0.514747191011236 0.6891385767790262 0.5121137640449438 0.6821161048689138 0.5112359550561798 0.6680711610486891 0.5173806179775281 0.6561329588014981 0.5231741573033708 0.6530898876404494 0.5296699438202247 0.6533239700374532
0 0.5647823033707865 0.611189138576779 0.5746137640449438 0.6168071161048689 0.5793539325842697 0.6261704119850188 0.5816362359550562 0.6509831460674157 0.5712780898876404 0.6615168539325843 0.5675912921348315 0.6615168539325843 0.5537219101123596 0.6521535580524345 0.5493328651685393 0.6446629213483146 0.546875 0.6338951310861424 0.5496839887640449 0.6193820224719101 0.5574087078651685 0.6123595505617978 0.5646067415730337 0.611189138576779
0 0.714185393258427 0.588249063670412 0.7296348314606742 0.5945692883895131 0.7322682584269663 0.6048689138576779 0.7320926966292135 0.6154026217228464 0.7284058988764045 0.6242977528089888 0.7238412921348315 0.6289794007490637 0.7064606741573034 0.6308520599250936 0.7029494382022472 0.6306179775280899 0.6990870786516854 0.6240636704119851 0.7043539325842697 0.6093164794007491 0.7027738764044944 0.5950374531835206 0.7061095505617978 0.5905898876404494 0.7140098314606742 0.588249063670412
0 0.7173455056179775 0.6296816479400749 0.7301615168539326 0.6399812734082397 0.7338483146067416 0.651685393258427 0.7310393258426966 0.6645599250936329 0.7203300561797753 0.6732209737827716 0.7090941011235955 0.6683052434456929 0.702247191011236 0.661750936329588 0.7025983146067416 0.6362359550561798 0.7097963483146067 0.6303838951310862 0.7171699438202247 0.6296816479400749
0 0.40888342696629215 0.5117041198501873 0.42257724719101125 0.5154494382022472 0.425561797752809 0.5205992509363296 0.42679073033707865 0.5294943820224719 0.425561797752809 0.5393258426966292 0.4220505617977528 0.5468164794007491 0.4083567415730337 0.552434456928839 0.4018609550561798 0.5512640449438202 0.3960674157303371 0.5447097378277154 0.3941362359550562 0.5283239700374532 0.3960674157303371 0.5208333333333334 0.40115870786516855 0.5145131086142322 0.40870786516853935 0.5117041198501873
0 0.265625 0.5774812734082397 0.27054073033707865 0.5887172284644194 0.26439606741573035 0.6036985018726592 0.2636938202247191 0.6128277153558053 0.2482443820224719 0.6200842696629213 0.24122191011235955 0.6182116104868914 0.23683286516853932 0.6125936329588015 0.23858848314606743 0.5849719101123596 0.24455758426966293 0.5795880149812734 0.2654494382022472 0.5774812734082397
0 0.5003511235955056 0.5667134831460674 0.5091292134831461 0.5704588014981273 0.5133426966292135 0.5788857677902621 0.5126404494382022 0.5955056179775281 0.5094803370786517 0.6027621722846442 0.5049157303370787 0.6067415730337079 0.49122191011235955 0.6039325842696629 0.4841994382022472 0.5908239700374532 0.4866573033707865 0.5713951310861424 0.4945575842696629 0.5664794007490637 0.5001755617977528 0.5667134831460674
0 0.5851474719101124 0.6163389513108615 0.6028792134831461 0.6189138576779026 0.6095505617977528 0.6294475655430711 0.610252808988764 0.6542602996254682 0.5993679775280899 0.6629213483146067 0.5851474719101124 0.6556647940074907 0.5812851123595506 0.6453651685393258 0.5791783707865169 0.6224250936329588 0.5849719101123596 0.6163389513108615
0 0.6690660112359551 0.6210205992509363 0.6790730337078652 0.62312734082397 0.6996137640449438 0.6343632958801498 0.7024227528089888 0.6500468164794008 0.7017205056179775 0.6587078651685393 0.6975070224719101 0.6669007490636704 0.6925912921348315 0.6701779026217228 0.6750351123595506 0.6638576779026217 0.6690660112359551 0.6530898876404494 0.660814606741573 0.6439606741573034 0.6594101123595506 0.6362359550561798 0.6611657303370787 0.62687265917603 0.664501404494382 0.6219569288389513 0.6688904494382022 0.6210205992509363
0 0.3751755617977528 0.5561797752808989 0.38377808988764045 0.5589887640449438 0.38799157303370785 0.5634363295880149 0.39132724719101125 0.5706928838951311 0.39115168539325845 0.5805243445692884 0.38412921348314605 0.5926966292134831 0.37043539325842695 0.5997191011235955 0.36411516853932585 0.5985486891385767 0.3590238764044944 0.5926966292134831 0.355688202247191 0.5847378277153558 0.3555126404494382 0.5781835205992509 0.36235955056179775 0.5613295880149812 0.375 0.5561797752808989
0 0.4529494382022472 0.5922284644194756 0.4571629213483146 0.6022940074906367 0.45417837078651685 0.62312734082397 0.45031601123595505 0.6303838951310862 0.4431179775280899 0.6345973782771536 0.43451544943820225 0.6336610486891385 0.42714185393258425 0.6266385767790262 0.42485955056179775 0.6165730337078652 0.42503511235955055 0.6036985018726592 0.4299508426966292 0.5955056179775281 0.44206460674157305 0.5877808988764045 0.4496137640449438 0.5861423220973783 0.4527738764044944 0.5922284644194756
0 0.31776685393258425 0.5833333333333334 0.32917837078651685 0.5884831460674157 0.33268960674157305 0.5952715355805244 0.328125 0.62687265917603 0.3246137640449438 0.6303838951310862 0.32127808988764045 0.6273408239700374 0.30793539325842695 0.6252340823970037 0.29985955056179775 0.6125936329588015 0.29775280898876405 0.5962078651685393 0.29933286516853935 0.591058052434457 0.30723314606741575 0.5842696629213483 0.31759129213483145 0.5833333333333334
0 0.3792134831460674 0.5105337078651685 0.3902738764044944 0.5161516853932584 0.3948384831460674 0.5231741573033708 0.39308286516853935 0.5507958801498127 0.3960674157303371 0.5575842696629213 0.39396067415730335 0.5629681647940075 0.390625 0.5641385767790262 0.3843047752808989 0.5582865168539326 0.371313202247191 0.5543071161048689 0.3653441011235955 0.5435393258426966 0.36271067415730335 0.5234082397003745 0.36411516853932585 0.5170880149812734 0.3707865168539326 0.5110018726591761 0.3790379213483146 0.5105337078651685
0 0.2554424157303371 0.5365168539325843 0.26685393258426965 0.5433052434456929 0.26492275280898875 0.5536048689138576 0.265625 0.5713951310861424 0.25860252808988765 0.5784176029962547 0.2501755617977528 0.5798220973782772 0.24473314606741572 0.5793539325842697 0.23771067415730338 0.5727996254681648 0.23402387640449437 0.5639044943820225 0.2341994382022472 0.5538389513108615 0.2364817415730337 0.5468164794007491 0.24262640449438203 0.5393258426966292 0.25526685393258425 0.5365168539325843
0 0.4157303370786517 0.4705056179775281 0.425561797752809 0.4777621722846442 0.4280196629213483 0.4901685393258427 0.4257373595505618 0.5046816479400749 0.4222261235955056 0.5091292134831461 0.41660814606741575 0.5112359550561798 0.40765449438202245 0.5098314606741573 0.4018609550561798 0.5056179775280899 0.3987008426966292 0.49180711610486894 0.39957865168539325 0.4815074906367041 0.402563202247191 0.4756554307116105 0.4155547752808989 0.4705056179775281
0 0.5869030898876404 0.6568352059925093 0.5970856741573034 0.662687265917603 0.6025280898876404 0.6783707865168539 0.6018258426966292 0.6884363295880149 0.5988412921348315 0.6961610486891385 0.5916432584269663 0.701310861423221 0.5812851123595506 0.6980337078651685 0.5723314606741573 0.6849250936329588 0.5716292134831461 0.6718164794007491 0.5733848314606742 0.6666666666666666 0.5812851123595506 0.6580056179775281 0.5867275280898876 0.6568352059925093
0 0.7054073033707865 0.6680711610486891 0.7183988764044944 0.6741573033707865 0.7273525280898876 0.6830524344569289 0.7292837078651685 0.6896067415730337 0.7301615168539326 0.6987359550561798 0.7271769662921348 0.7099719101123596 0.7236657303370787 0.7139513108614233 0.7171699438202247 0.716058052434457 0.7075140449438202 0.7134831460674157 0.6982092696629213 0.7031835205992509 0.6955758426966292 0.6968632958801498 0.6952247191011236 0.6875 0.6922401685393258 0.6788389513108615 0.6931179775280899 0.6753277153558053 0.6962780898876404 0.670880149812734 0.7052317415730337 0.6680711610486891
0 0.40502106741573035 0.5929307116104869 0.41713483146067415 0.5976123595505618 0.4236306179775281 0.6069756554307116 0.42450842696629215 0.6205524344569289 0.42275280898876405 0.6282771535580525 0.41889044943820225 0.6341292134831461 0.41485252808988765 0.6357677902621723 0.40098314606741575 0.6348314606741573 0.3962429775280899 0.6301498127340824 0.39396067415730335 0.6228932584269663 0.39308286516853935 0.6020599250936329 0.397998595505618 0.5950374531835206 0.40484550561797755 0.5929307116104869
0 0.5409058988764045 0.5255149812734082 0.5481039325842697 0.5320692883895131 0.5526685393258427 0.545880149812734 0.5521418539325843 0.5674157303370787 0.5466994382022472 0.5756086142322098 0.5438904494382022 0.574438202247191 0.5428370786516854 0.5674157303370787 0.5403792134831461 0.5650749063670412 0.5226474719101124 0.5620318352059925 0.5198384831460674 0.5522003745318352 0.5200140449438202 0.5437734082397003 0.5245786516853933 0.5316011235955056 0.5407303370786517 0.5255149812734082
0 0.3184691011235955 0.4487359550561798 0.3223314606741573 0.45646067415730335 0.33497191011235955 0.46301498127340823 0.3383075842696629 0.47027153558052437 0.3360252808988764 0.4803370786516854 0.3362008426966292 0.4978932584269663 0.33462078651685395 0.5014044943820225 0.3283005617977528 0.5039794007490637 0.32092696629213485 0.5030430711610487 0.3160112359550562 0.49953183520599254 0.30933988764044945 0.49204119850187267 0.30723314606741575 0.4845505617977528 0.3082865168539326 0.47027153558052437 0.3128511235955056 0.45997191011235955 0.31162219101123595 0.45271535580524347 0.3140800561797753 0.4487359550561798 0.3182935393258427 0.4487359550561798
0 0.6566011235955056 0.4913389513108614 0.6699438202247191 0.49812734082397003 0.6759129213483146 0.5084269662921348 0.6746839887640449 0.5348782771535581 0.6620435393258427 0.5379213483146067 0.6544943820224719 0.5372191011235955 0.648876404494382 0.5334737827715356 0.6439606741573034 0.5231741573033708 0.6453651685393258 0.49836142322097376 0.6508075842696629 0.4922752808988764 0.6564255617977528 0.4913389513108614
0 0.7254213483146067 0.5030430711610487 0.7347261235955056 0.5093632958801498 0.7392907303370787 0.5224719101123596 0.7384129213483146 0.5330056179775281 0.7345505617977528 0.5430711610486891 0.7255969101123596 0.5454119850187266 0.7148876404494382 0.5440074906367042 0.7069873595505618 0.5365168539325843 0.7097963483146067 0.5241104868913857 0.7094452247191011 0.5084269662921348 0.7162921348314607 0.5037453183520599 0.7252457865168539 0.5030430711610487
0 0.5972612359550562 0.575374531835206 0.6072682584269663 0.5819288389513109 0.6100772471910112 0.5973782771535581 0.6079705056179775 0.6095505617977528 0.6027036516853933 0.6161048689138576 0.5991924157303371 0.6170411985018727 0.5884831460674157 0.6154026217228464 0.5816362359550562 0.6088483146067416 0.5768960674157303 0.5931647940074907 0.5783005617977528 0.5840355805243446 0.5835674157303371 0.5760767790262172 0.5970856741573034 0.575374531835206
0 0.5681179775280899 0.48782771535580527 0.5749648876404494 0.49087078651685395 0.5791783707865169 0.4974250936329588 0.5809339887640449 0.5049157303370787 0.5797050561797753 0.5189606741573034 0.5726825842696629 0.5269194756554307 0.5582865168539326 0.5290262172284644 0.5496839887640449 0.5191947565543071 0.5500351123595506 0.5065543071161048 0.5547752808988764 0.4901685393258427 0.5679424157303371 0.48782771535580527
0 0.5057935393258427 0.5250468164794008 0.511938202247191 0.5292602996254682 0.5154494382022472 0.5360486891385767 0.5166783707865169 0.550561797752809 0.5138693820224719 0.5592228464419475 0.5066713483146067 0.5655430711610487 0.5021067415730337 0.5664794007490637 0.4945575842696629 0.5648408239700374 0.4901685393258427 0.5608614232209738 0.48700842696629215 0.5538389513108615 0.4866573033707865 0.5426029962546817 0.48771067415730335 0.5360486891385767 0.4922752808988764 0.5290262172284644 0.5056179775280899 0.5250468164794008
0 0.28985252808988765 0.5044475655430711 0.30389747191011235 0.511938202247191 0.3012640449438202 0.536750936329588 0.29757724719101125 0.5414325842696629 0.28985252808988765 0.5447097378277154 0.27440308988764045 0.5407303370786517 0.2691362359550562 0.5273876404494382 0.27071629213483145 0.5156835205992509 0.2752808988764045 0.5086610486891385 0.2828300561797753 0.5044475655430711 0.28967696629213485 0.5044475655430711
0 0.5849719101123596 0.5280898876404494 0.5881320224719101 0.5294943820224719 0.5888342696629213 0.5327715355805244 0.5837429775280899 0.5327715355805244 0.5851474719101124 0.5355805243445693 0.5835674157303371 0.5393258426966292 0.5846207865168539 0.550561797752809 0.5819873595505618 0.56437265917603 0.5737359550561798 0.5718632958801498 0.5568820224719101 0.5716292134831461 0.5521418539325843 0.5639044943820225 0.5519662921348315 0.5433052434456929 0.5524929775280899 0.5395599250936329 0.5605688202247191 0.5306647940074907 0.5746137640449438 0.528558052434457 0.5814606741573034 0.5308988764044944 0.5847963483146067 0.5283239700374532
0 0.6285112359550562 0.4934456928838951 0.639747191011236 0.49812734082397003 0.6446629213483146 0.5121722846441947 0.6427317415730337 0.5269194756554307 0.6325491573033708 0.5337078651685393 0.6178019662921348 0.5301966292134831 0.6123595505617978 0.5196629213483146 0.6125351123595506 0.5060861423220974 0.6155196629213483 0.49859550561797755 0.6202598314606742 0.49461610486891383 0.6283356741573034 0.4934456928838951
0 0.42450842696629215 0.552434456928839 0.43100421348314605 0.56062734082397 0.43100421348314605 0.5678838951310862 0.4262640449438202 0.5849719101123596 0.4155547752808989 0.5948033707865169 0.40712780898876405 0.5941011235955056 0.39957865168539325 0.5898876404494382 0.3962429775280899 0.5849719101123596 0.39554073033707865 0.5674157303370787 0.4044943820224719 0.5554775280898876 0.42433286516853935 0.552434456928839
0 0.5047401685393258 0.6076779026217228 0.5126404494382022 0.6154026217228464 0.5140449438202247 0.6310861423220974 0.5096558988764045 0.6425561797752809 0.5021067415730337 0.6477059925093633 0.49315308988764045 0.6451310861423221 0.48718398876404495 0.6402153558052435 0.48560393258426965 0.6217228464419475 0.4899929775280899 0.6104868913857678 0.49490870786516855 0.6072097378277154 0.504564606741573 0.6076779026217228
0 0.6962780898876404 0.49929775280898875 0.7029494382022472 0.5009363295880149 0.7069873595505618 0.5051498127340824 0.7096207865168539 0.5201310861423221 0.7066362359550562 0.533941947565543 0.6962780898876404 0.5400280898876404 0.6831109550561798 0.5374531835205992 0.6759129213483146 0.5294943820224719 0.6769662921348315 0.5117041198501873 0.6804775280898876 0.5051498127340824 0.6871488764044944 0.5002340823970037 0.6961025280898876 0.49929775280898875
0 0.4044943820224719 0.6360018726591761 0.4143258426966292 0.6395131086142322 0.4195926966292135 0.6502808988764045 0.4155547752808989 0.6718164794007491 0.4044943820224719 0.6790730337078652 0.39150280898876405 0.6753277153558053 0.38922050561797755 0.6718164794007491 0.3888693820224719 0.6640917602996255 0.3902738764044944 0.6463014981273408 0.3967696629213483 0.637874531835206 0.4043188202247191 0.6360018726591761
1 0.5942766853932584 0.5528253745318352 0.02282303370786517 0.04759597378277154
1 0.5594575140449438 0.5867673220973783 0.03745259831460675 0.05149812734082397
1 0.4447559691011236 0.5746722846441947 0.036283356741573035 0.04759597378277154
1 0.3525860252808989 0.5688202247191011 0.04037921348314607 0.04525514981273408
1 0.2595382724719101 0.5169311797752809 0.04037921348314607 0.04603698501872659
1 0.2481267556179775 0.6452879213483146 0.030430126404494384 0.05149812734082397
1 0.6501632724719101 0.6386540262172284 0.02457865168539326 0.04915730337078652
0 0.2654494382022472 0.6048689138576779 0.265625 0.612125468164794 0.2677317415730337 0.6182116104868914 0.27054073033707865 0.62312734082397 0.2752808988764045 0.6252340823970037 0.28002106741573035 0.6254681647940075 0.2854634831460674 0.6235955056179775 0.293188202247191 0.6186797752808989 0.296875 0.6125936329588015 0.2972261235955056 0.6053370786516854 0.2951193820224719 0.6022940074906367 0.296875 0.599250936329588 0.2966994382022472 0.5978464419475655 0.29389044943820225 0.5955056179775281 0.2912570224719101 0.5952715355805244 0.2856390449438202 0.5896535580524345 0.2791432584269663 0.5884831460674157 0.27457865168539325 0.5905898876404494 0.2679073033707865 0.5978464419475655
2 0.23934919241573036 0.449438202247191 0.741455933988764 0.5009363295880149 0.7326778441011236 0.7256554307116105 0.22003739466292135 0.6663546348314606 0.23759357443820225 0.44787757490636704