2 0.22559691011235955 0.475187265917603 0.7347261235955056 0.526685393258427 0.7241924157303371 0.7432116104868914 0.21594101123595505 0.6952247191011236
0 0.397998595505618 0.6420880149812734 0.4006320224719101 0.6448970037453183 0.4002808988764045 0.6542602996254682 0.4064255617977528 0.6610486891385767 0.4080056179775281 0.6685393258426966 0.40502106741573035 0.6886704119850188 0.390625 0.7071629213483146 0.3792134831460674 0.7024812734082397 0.37570224719101125 0.6858614232209738 0.37570224719101125 0.665496254681648 0.37974016853932585 0.658941947565543 0.39115168539325845 0.6509831460674157 0.39202949438202245 0.6427902621722846 0.39782303370786515 0.6420880149812734
0 0.6588834269662921 0.6809456928838952 0.6790730337078652 0.6926498127340824 0.6855688202247191 0.7045880149812734 0.6869733146067416 0.7130149812734082 0.6857443820224719 0.7216760299625468 0.6787219101123596 0.7312734082397003 0.672752808988764 0.7329119850187266 0.6646769662921348 0.7308052434456929 0.6532654494382022 0.7137172284644194 0.6508075842696629 0.6919475655430711 0.6534410112359551 0.6837546816479401 0.6587078651685393 0.6809456928838952
0 0.2814255617977528 0.648876404494382 0.288623595505618 0.650749063670412 0.2868679775280899 0.6568352059925093 0.28651685393258425 0.6783707865168539 0.28370786516853935 0.6842228464419475 0.2768609550561798 0.6903089887640449 0.26825842696629215 0.6942883895131086 0.2600070224719101 0.6926498127340824 0.25333567415730335 0.68562734082397 0.25474016853932585 0.6582397003745318 0.26246488764044945 0.6500468164794008 0.28125 0.648876404494382
0 0.31109550561797755 0.639747191011236 0.31952247191011235 0.6432584269662921 0.32338483146067415 0.650749063670412 0.3221558988764045 0.6650280898876404 0.3182935393258427 0.6753277153558053 0.3107443820224719 0.6844569288389513 0.29353932584269665 0.6863295880149812 0.28985252808988765 0.6921816479400749 0.2854634831460674 0.6832865168539326 0.28809691011235955 0.675561797752809 0.289501404494382 0.653558052434457 0.2945926966292135 0.6455992509363296 0.3109199438202247 0.639747191011236
0 0.5619733146067416 0.5124063670411985 0.5689957865168539 0.5196629213483146 0.5696980337078652 0.5365168539325843 0.5682935393258427 0.5433052434456929 0.5647823033707865 0.5479868913857678 0.5581109550561798 0.5517322097378277 0.5447682584269663 0.547752808988764 0.5396769662921348 0.5423689138576779 0.5380969101123596 0.5362827715355806 0.5402036516853933 0.5259831460674157 0.5458216292134831 0.5149812734082397 0.5524929775280899 0.5110018726591761 0.5617977528089888 0.5124063670411985
0 0.6402738764044944 0.675561797752809 0.6427317415730337 0.6783707865168539 0.6432584269662921 0.6872659176029963 0.6492275280898876 0.6959269662921348 0.6522120786516854 0.7097378277153558 0.651685393258427 0.7205056179775281 0.6478230337078652 0.7308052434456929 0.6404494382022472 0.7373595505617978 0.6334269662921348 0.7366573033707865 0.6267556179775281 0.7282303370786517 0.621313202247191 0.7130149812734082 0.6185042134831461 0.6863295880149812 0.6200842696629213 0.6779026217228464 0.6400983146067416 0.675561797752809
0 0.5821629213483146 0.5056179775280899 0.5884831460674157 0.5086610486891385 0.6005969101123596 0.5294943820224719 0.6004213483146067 0.5400280898876404 0.5953300561797753 0.5536048689138576 0.5967345505617978 0.56437265917603 0.5923455056179775 0.5692883895131086 0.5881320224719101 0.5681179775280899 0.5853230337078652 0.5587546816479401 0.5761938202247191 0.5543071161048689 0.5691713483146067 0.5433052434456929 0.570751404494382 0.5135767790262172 0.5746137640449438 0.5086610486891385 0.5819873595505618 0.5056179775280899
0 0.25087780898876405 0.4791666666666667 0.26053370786516855 0.48384831460674155 0.2635182584269663 0.49391385767790263 0.2612359550561798 0.5126404494382022 0.2521067415730337 0.5196629213483146 0.23788623595505617 0.5170880149812734 0.23139044943820225 0.5091292134831461 0.22998595505617977 0.499063670411985 0.23086376404494383 0.4911048689138577 0.23595505617977527 0.48314606741573035 0.24122191011235955 0.47963483146067415 0.25070224719101125 0.4791666666666667
0 0.4669943820224719 0.6615168539325843 0.47138342696629215 0.6645599250936329 0.4743679775280899 0.6718164794007491 0.46787219101123595 0.6959269662921348 0.4569873595505618 0.7043539325842697 0.44803370786516855 0.7029494382022472 0.4417134831460674 0.6980337078651685 0.43872893258426965 0.6839887640449438 0.4396067415730337 0.6743913857677902 0.4454002808988764 0.6647940074906367 0.45997191011235955 0.6659644194756554 0.4668188202247191 0.661750936329588
0 0.33883426966292135 0.4859550561797753 0.3558637640449438 0.5004681647940075 0.3591994382022472 0.5065543071161048 0.3577949438202247 0.5224719101123596 0.3514747191011236 0.5327715355805244 0.35445926966292135 0.5435393258426966 0.34901685393258425 0.547752808988764 0.34480337078651685 0.5456460674157303 0.34252106741573035 0.538623595505618 0.3304073033707865 0.5320692883895131 0.32514044943820225 0.5205992509363296 0.3260182584269663 0.4943820224719101 0.33110955056179775 0.4887640449438202 0.33865870786516855 0.4859550561797753
0 0.5433637640449438 0.6729868913857678 0.5540730337078652 0.6781367041198502 0.5607443820224719 0.6879681647940075 0.5623244382022472 0.7029494382022472 0.557935393258427 0.7155898876404494 0.551439606741573 0.7202715355805244 0.543188202247191 0.7207397003745318 0.5366924157303371 0.7158239700374532 0.5317766853932584 0.7064606741573034 0.5301966292134831 0.6973314606741573 0.5324789325842697 0.6849250936329588 0.5370435393258427 0.6764981273408239 0.543188202247191 0.6732209737827716
0 0.7073384831460674 0.5678838951310862 0.7203300561797753 0.5718632958801498 0.7273525280898876 0.5856741573033708 0.7238412921348315 0.6022940074906367 0.7203300561797753 0.6069756554307116 0.7138342696629213 0.6093164794007491 0.7017205056179775 0.6062734082397003 0.6934691011235955 0.5955056179775281 0.6927668539325843 0.5830992509363296 0.6952247191011236 0.5749063670411985 0.7011938202247191 0.5685861423220974 0.7071629213483146 0.5678838951310862
0 0.5830407303370787 0.5957397003745318 0.5932233146067416 0.6008895131086143 0.5997191011235955 0.6161048689138576 0.5963834269662921 0.6336610486891385 0.589185393258427 0.6390449438202247 0.5807584269662921 0.6385767790262172 0.5739115168539326 0.6348314606741573 0.5695224719101124 0.6278089887640449 0.5665379213483146 0.6168071161048689 0.5668890449438202 0.6055711610486891 0.5711025280898876 0.5987827715355806 0.5828651685393258 0.5957397003745318
0 0.6165730337078652 0.514747191011236 0.6248244382022472 0.5224719101123596 0.6302668539325843 0.5454119850187266 0.6283356741573034 0.5540730337078652 0.6206109550561798 0.5639044943820225 0.6209620786516854 0.5730337078651685 0.6172752808988764 0.5751404494382022 0.6128862359550562 0.574438202247191 0.6120084269662921 0.5660112359550562 0.6032303370786517 0.5578183520599251 0.5993679775280899 0.549625468164794 0.601123595505618 0.5297284644194756 0.604810393258427 0.5187265917602997 0.6091994382022472 0.5154494382022472 0.6163974719101124 0.514747191011236
0 0.6722261235955056 0.510065543071161 0.6873244382022472 0.5222378277153558 0.6918890449438202 0.5327715355805244 0.6894311797752809 0.5573501872659176 0.6822331460674157 0.5615636704119851 0.6660814606741573 0.5573501872659176 0.6615168539325843 0.5433052434456929 0.6595856741573034 0.5191947565543071 0.6650280898876404 0.511938202247191 0.6720505617977528 0.510065543071161
0 0.23700842696629212 0.6008895131086143 0.258251404494382 0.6036985018726592 0.261938202247191 0.6055711610486891 0.26246488764044945 0.608380149812734 0.2554424157303371 0.6264044943820225 0.25509129213483145 0.641619850187266 0.24174859550561797 0.6448970037453183 0.22963483146067415 0.6404494382022472 0.22384129213483145 0.625 0.22384129213483145 0.6065074906367042 0.2305126404494382 0.600187265917603 0.23683286516853932 0.6008895131086143
0 0.2700140449438202 0.5615636704119851 0.2828300561797753 0.5662453183520599 0.2875702247191011 0.5720973782771536 0.2893258426966292 0.5814606741573034 0.2868679775280899 0.6095505617977528 0.26860955056179775 0.6074438202247191 0.2612359550561798 0.5976123595505618 0.2598314606741573 0.5683520599250936 0.26439606741573035 0.5622659176029963 0.2698384831460674 0.5615636704119851
0 0.3144311797752809 0.4868913857677903 0.324438202247191 0.49461610486891383 0.32549157303370785 0.5056179775280899 0.3221558988764045 0.5243445692883895 0.31127106741573035 0.5297284644194756 0.3024929775280899 0.5280898876404494 0.2966994382022472 0.5231741573033708 0.2928370786516854 0.5161516853932584 0.29213483146067415 0.5072565543071161 0.29353932584269665 0.49812734082397003 0.2984550561797753 0.49063670411985016 0.3044241573033708 0.48735955056179775 0.3142556179775281 0.4868913857677903
0 0.6996137640449438 0.6479400749063671 0.7154143258426966 0.6542602996254682 0.7203300561797753 0.6661985018726592 0.7203300561797753 0.6828183520599251 0.7171699438202247 0.6891385767790262 0.7103230337078652 0.6931179775280899 0.7033005617977528 0.6924157303370787 0.6936446629213483 0.6860955056179775 0.6815308988764045 0.6652621722846442 0.6824087078651685 0.6591760299625468 0.6859199438202247 0.6544943820224719 0.6927668539325843 0.6491104868913857 0.699438202247191 0.6479400749063671
0 0.3081109550561798 0.5723314606741573 0.3163623595505618 0.5758426966292135 0.3225070224719101 0.5849719101123596 0.32110252808988765 0.5987827715355806 0.3186446629213483 0.6058052434456929 0.3146067415730337 0.6095505617977528 0.30196629213483145 0.6137640449438202 0.29231039325842695 0.6100187265917603 0.28774578651685395 0.6034644194756554 0.28844803370786515 0.5854400749063671 0.2912570224719101 0.5798220973782772 0.29933286516853935 0.5737359550561798 0.30793539325842695 0.5723314606741573
0 0.672752808988764 0.5634363295880149 0.6790730337078652 0.5648408239700374 0.6867977528089888 0.5709269662921348 0.6917134831460674 0.5816947565543071 0.6894311797752809 0.5999531835205992 0.686622191011236 0.6039325842696629 0.6788974719101124 0.6076779026217228 0.6716994382022472 0.6062734082397003 0.6611657303370787 0.5987827715355806 0.657127808988764 0.5931647940074907 0.6532654494382022 0.5812265917602997 0.6537921348314607 0.5711610486891385 0.6573033707865169 0.5674157303370787 0.6613412921348315 0.5646067415730337 0.6725772471910112 0.5634363295880149
0 0.27650983146067415 0.6081460674157303 0.28634129213483145 0.6132958801498127 0.29371488764044945 0.6125936329588015 0.296875 0.6235955056179775 0.28441011235955055 0.6439606741573034 0.27036516853932585 0.6512172284644194 0.26457162921348315 0.6502808988764045 0.2577247191011236 0.6427902621722846 0.25509129213483145 0.6299157303370787 0.2598314606741573 0.6151685393258427 0.27036516853932585 0.6088483146067416 0.27633426966292135 0.6081460674157303
0 0.29037921348314605 0.5213014981273408 0.2970505617977528 0.526685393258427 0.2991573033707865 0.536750936329588 0.29441713483146065 0.5475187265917603 0.2930126404494382 0.5571161048689138 0.2830056179775281 0.5646067415730337 0.26439606741573035 0.5571161048689138 0.2638693820224719 0.5360486891385767 0.2659761235955056 0.5292602996254682 0.27229634831460675 0.524812734082397 0.29020365168539325 0.5213014981273408
0 0.46752106741573035 0.49812734082397003 0.47173455056179775 0.49953183520599254 0.47752808988764045 0.5086610486891385 0.4782303370786517 0.5259831460674157 0.47384129213483145 0.5360486891385767 0.4573384831460674 0.5472846441947565 0.44838483146067415 0.5397940074906367 0.44662921348314605 0.5292602996254682 0.4473314606741573 0.5114700374531835 0.45452949438202245 0.5009363295880149 0.46734550561797755 0.49812734082397003
0 0.24157303370786518 0.6484082397003745 0.2480688202247191 0.6509831460674157 0.25333567415730335 0.6577715355805244 0.2522823033707865 0.6788389513108615 0.25105337078651685 0.6823501872659176 0.24262640449438203 0.6889044943820225 0.2345505617977528 0.6910112359550562 0.22717696629213482 0.68937265917603 0.22349016853932585 0.68562734082397 0.2205056179775281 0.6687734082397003 0.2227879213483146 0.6601123595505618 0.22735252808988765 0.6537921348314607 0.234375 0.6491104868913857 0.24139747191011235 0.6484082397003745
0 0.28054775280898875 0.48220973782771537 0.29002808988764045 0.48618913857677903 0.29406601123595505 0.4913389513108614 0.29424157303370785 0.4948501872659176 0.2907303370786517 0.5156835205992509 0.2875702247191011 0.5189606741573034 0.27615870786516855 0.5224719101123596 0.26878511235955055 0.5208333333333334 0.2638693820224719 0.5154494382022472 0.2638693820224719 0.4911048689138577 0.2710674157303371 0.4836142322097378 0.28037219101123595 0.48220973782771537
0 0.43433988764044945 0.5004681647940075 0.44241573033707865 0.5049157303370787 0.44592696629213485 0.511938202247191 0.445751404494382 0.5290262172284644 0.44083567415730335 0.5365168539325843 0.42907303370786515 0.5411985018726592 0.4238061797752809 0.5402621722846442 0.4180126404494382 0.5351123595505618 0.41485252808988765 0.5170880149812734 0.41731039325842695 0.5084269662921348 0.4215238764044944 0.5035112359550562 0.43416432584269665 0.5004681647940075
0 0.324438202247191 0.5306647940074907 0.3300561797752809 0.5362827715355806 0.3321629213483146 0.5468164794007491 0.32514044943820225 0.5646067415730337 0.31583567415730335 0.5730337078651685 0.30003511235955055 0.5695224719101124 0.2947682584269663 0.56062734082397 0.2952949438202247 0.5465823970037453 0.30372191011235955 0.5344101123595506 0.3242626404494382 0.5306647940074907
0 0.23683286516853932 0.5632022471910112 0.25526685393258425 0.5671816479400749 0.2575491573033708 0.5699906367041199 0.25877808988764045 0.5919943820224719 0.25667134831460675 0.5957397003745318 0.24841994382022473 0.6006554307116105 0.22945926966292135 0.5994850187265918 0.2247191011235955 0.5922284644194756 0.2245435393258427 0.574438202247191 0.230688202247191 0.5650749063670412 0.23665730337078653 0.5632022471910112
0 0.4887640449438202 0.6645599250936329 0.49719101123595505 0.672752808988764 0.5 0.6961610486891385 0.496313202247191 0.7099719101123596 0.49139747191011235 0.7151217228464419 0.48507724719101125 0.7169943820224719 0.47384129213483145 0.7106741573033708 0.46962780898876405 0.6980337078651685 0.4729634831460674 0.6772003745318352 0.4808637640449438 0.6657303370786517 0.4885884831460674 0.6645599250936329
0 0.6973314606741573 0.6076779026217228 0.7162921348314607 0.6114232209737828 0.7219101123595506 0.6184456928838952 0.7247191011235955 0.6294475655430711 0.7238412921348315 0.639747191011236 0.7201544943820225 0.6467696629213483 0.714185393258427 0.6502808988764045 0.703125 0.6484082397003745 0.6936446629213483 0.6411516853932584 0.6934691011235955 0.6299157303370787 0.6848665730337079 0.6125936329588015 0.6890800561797753 0.6074438202247191 0.6971558988764045 0.6076779026217228
0 0.706811797752809 0.7001404494382022 0.7134831460674157 0.7038857677902621 0.7185744382022472 0.7176966292134831 0.7169943820224719 0.7284644194756554 0.7097963483146067 0.7345505617977528 0.7029494382022472 0.7343164794007491 0.6971558988764045 0.7308052434456929 0.6889044943820225 0.7099719101123596 0.6892556179775281 0.7064606741573034 0.6939957865168539 0.7034176029962547 0.7066362359550562 0.7001404494382022
0 0.6750351123595506 0.6088483146067416 0.6836376404494382 0.6132958801498127 0.692064606741573 0.62312734082397 0.6945224719101124 0.6296816479400749 0.6943469101123596 0.6404494382022472 0.692064606741573 0.6474719101123596 0.6855688202247191 0.653558052434457 0.679248595505618 0.6556647940074907 0.6695926966292135 0.6514513108614233 0.6632724719101124 0.6444288389513109 0.6578300561797753 0.6336610486891385 0.6569522471910112 0.6273408239700374 0.6567766853932584 0.6203183520599251 0.6590589887640449 0.6156367041198502 0.668188202247191 0.6086142322097379 0.6748595505617978 0.6088483146067416
0 0.49473314606741575 0.49414794007490637 0.5064957865168539 0.5053838951310862 0.5108848314606742 0.5177902621722846 0.5098314606741573 0.5290262172284644 0.5052668539325843 0.5416666666666666 0.49877106741573035 0.5484550561797753 0.48771067415730335 0.5456460674157303 0.4789325842696629 0.5245786516853933 0.47981039325842695 0.5107677902621723 0.49139747191011235 0.4953183520599251 0.4945575842696629 0.49414794007490637
0 0.23086376404494383 0.5145131086142322 0.23700842696629212 0.5196629213483146 0.2517556179775281 0.522003745318352 0.2600070224719101 0.5283239700374532 0.2621137640449438 0.5433052434456929 0.25860252808988765 0.5634363295880149 0.24122191011235955 0.5632022471910112 0.234375 0.5601591760299626 0.230688202247191 0.5554775280898876 0.22735252808988765 0.5435393258426966 0.23139044943820225 0.5255149812734082 0.230688202247191 0.514747191011236
0 0.4311797752808989 0.6528558052434457 0.43872893258426965 0.6587078651685393 0.43697331460674155 0.68937265917603 0.43082865168539325 0.6996722846441947 0.41889044943820225 0.7038857677902621 0.41485252808988765 0.7118445692883895 0.40695224719101125 0.7066947565543071 0.4104634831460674 0.6996722846441947 0.4066011235955056 0.6846910112359551 0.40695224719101125 0.6718164794007491 0.41099016853932585 0.6645599250936329 0.4216994382022472 0.6544943820224719 0.43100421348314605 0.6528558052434457
0 0.6374648876404494 0.5049157303370787 0.6427317415730337 0.5145131086142322 0.655372191011236 0.5203651685393258 0.6594101123595506 0.5294943820224719 0.6623946629213483 0.5575842696629213 0.6597612359550562 0.5627340823970037 0.6509831460674157 0.5681179775280899 0.6379915730337079 0.5573501872659176 0.6318469101123596 0.5482209737827716 0.6293890449438202 0.5400280898876404 0.629564606741573 0.5292602996254682 0.6343047752808989 0.5191947565543071 0.6313202247191011 0.5086610486891385 0.6372893258426966 0.5049157303370787
0 0.46032303370786515 0.62312734082397 0.46594101123595505 0.6261704119850188 0.4710323033707865 0.6331928838951311 0.47208567415730335 0.6474719101123596 0.4671699438202247 0.6603464419475655 0.45804073033707865 0.665496254681648 0.44610252808988765 0.6629213483146067 0.4417134831460674 0.6544943820224719 0.441186797752809 0.647003745318352 0.44592696629213485 0.6266385767790262 0.46014747191011235 0.62312734082397
0 0.7140098314606742 0.526685393258427 0.7227879213483146 0.5365168539325843 0.7247191011235955 0.550561797752809 0.7199789325842697 0.5622659176029963 0.710498595505618 0.5678838951310862 0.6950491573033708 0.5617977528089888 0.6913623595505618 0.5571161048689138 0.6910112359550562 0.5503277153558053 0.6924157303370787 0.5381554307116105 0.695751404494382 0.5301966292134831 0.7054073033707865 0.5259831460674157 0.7138342696629213 0.526685393258427
0 0.3261938202247191 0.5945692883895131 0.32496488764044945 0.5990168539325843 0.32566713483146065 0.6058052434456929 0.3279494382022472 0.6109550561797753 0.3316362359550562 0.6147003745318352 0.33497191011235955 0.6168071161048689 0.3418188202247191 0.6161048689138576 0.34638342696629215 0.6139981273408239 0.34866573033707865 0.611189138576779 0.3500702247191011 0.5985486891385767 0.3476123595505618 0.5903558052434457 0.34462780898876405 0.5859082397003745 0.34041432584269665 0.5840355805243446 0.3335674157303371 0.5856741573033708 0.32935393258426965 0.5894194756554307
1 0.31118328651685395 0.6255852059925093 0.028967696629213485 0.05032771535580524
1 0.34673455056179775 0.5582865168539326 0.042134831460674156 0.05149812734082397
1 0.34497893258426965 0.6337780898876404 0.033356741573033706 0.043305243445692886
1 0.33883426966292135 0.6724016853932584 0.04037921348314607 0.038623595505617975
1 0.36999648876404495 0.6741573033707865 0.03247893258426966 0.042134831460674156
1 0.38009129213483145 0.513810861423221 0.028089887640449437 0.039794007490636704
1 0.40730337078651685 0.5179073033707865 0.029845505617977528 0.043305243445692886
1 0.37789676966292135 0.5536048689138576 0.03247893258426966 0.042134831460674156
1 0.4081811797752809 0.5530196629213483 0.028089887640449437 0.04564606741573034
1 0.3735077247191011 0.5881320224719101 0.03247893258426966 0.040964419475655434
1 0.37394662921348315 0.6290964419475655 0.033356741573033706 0.038623595505617975
1 0.40159761235955055 0.6302668539325843 0.03247893258426966 0.038623595505617975
1 0.40335323033707865 0.5945692883895131 0.027212078651685394 0.03745318352059925
1 0.4358321629213483 0.5588717228464419 0.025456460674157303 0.040964419475655434
1 0.43451544943820225 0.5969101123595506 0.029845505617977528 0.03277153558052434
1 0.4261762640449438 0.6349485018726592 0.027212078651685394 0.040964419475655434
1 0.4612886235955056 0.5600421348314607 0.023700842696629212 0.03628277153558052
1 0.45997191011235955 0.5998361423220974 0.029845505617977528 0.040964419475655434
1 0.49288974719101125 0.5653089887640449 0.030723314606741572 0.03745318352059925
1 0.4906952247191011 0.605688202247191 0.028089887640449437 0.03628277153558052
1 0.4863061797752809 0.644311797752809 0.03160112359550562 0.040964419475655434
1 0.5262464887640449 0.5261001872659176 0.027212078651685394 0.043305243445692886
1 0.5227352528089888 0.5647237827715356 0.030723314606741572 0.03628277153558052
1 0.5205407303370787 0.6004213483146067 0.028089887640449437 0.04681647940074907
1 0.5205407303370787 0.6408005617977528 0.028089887640449437 0.043305243445692886
1 0.5165905898876404 0.6887874531835206 0.030723314606741572 0.05032771535580524
1 0.5525807584269663 0.571746254681648 0.027212078651685394 0.040964419475655434
1 0.547313904494382 0.6097846441947565 0.03774578651685393 0.042134831460674156
1 0.5517029494382022 0.6454822097378277 0.03247893258426966 0.038623595505617975
1 0.5793539325842697 0.5729166666666666 0.029845505617977528 0.040964419475655434
1 0.6105161516853933 0.5752574906367042 0.030723314606741572 0.03628277153558052
1 0.6386060393258427 0.5752574906367042 0.030723314606741572 0.040964419475655434
1 0.6131495786516854 0.6150514981273408 0.027212078651685394 0.040964419475655434
1 0.6416783707865169 0.6203183520599251 0.03160112359550562 0.05149812734082397
1 0.5815484550561798 0.6519194756554307 0.027212078651685394 0.0351123595505618
1 0.5767205056179775 0.6946395131086143 0.026334269662921347 0.040964419475655434
1 0.6070049157303371 0.6987359550561798 0.027212078651685394 0.056179775280898875
1 0.6083216292134831 0.6542602996254682 0.03160112359550562 0.04447565543071161
1 0.6381671348314607 0.6577715355805244 0.021067415730337078 0.03277153558052434
1 0.6724016853932584 0.6677200374531835 0.03160112359550562 0.040964419475655434