0 0.4664676966292135 0.5779494382022472 0.47384129213483145 0.5852059925093633 0.47594803370786515 0.596441947565543 0.47138342696629215 0.6093164794007491 0.4645365168539326 0.6123595505617978 0.4552317415730337 0.6093164794007491 0.45066713483146065 0.5978464419475655 0.45365168539325845 0.5847378277153558 0.4631320224719101 0.5777153558052435 0.46629213483146065 0.5779494382022472
0 0.5565308988764045 0.40168539325842695 0.5647823033707865 0.4075374531835206 0.5667134831460674 0.4199438202247191 0.5642556179775281 0.43164794007490637 0.5540730337078652 0.4386704119850187 0.5465238764044944 0.43586142322097376 0.5421348314606742 0.4302434456928839 0.5403792134831461 0.41385767790262173 0.5433637640449438 0.40262172284644193 0.5563553370786517 0.40168539325842695
0 0.5821629213483146 0.36282771535580527 0.5886587078651685 0.36587078651685395 0.5932233146067416 0.3728932584269663 0.5935744382022472 0.38974719101123595 0.5919943820224719 0.39442883895131087 0.5886587078651685 0.3960674157303371 0.5775983146067416 0.3946629213483146 0.573560393258427 0.39115168539325845 0.5686446629213483 0.3806179775280899 0.5704002808988764 0.3686797752808989 0.5775983146067416 0.36282771535580527 0.5819873595505618 0.36282771535580527
0 0.5194873595505618 0.3616573033707865 0.5265098314606742 0.36657303370786515 0.5301966292134831 0.37734082397003743 0.5272120786516854 0.3899812734082397 0.519311797752809 0.3960674157303371 0.5122893258426966 0.3955992509363296 0.5080758426966292 0.3925561797752809 0.5043890449438202 0.38108614232209737 0.5052668539325843 0.37312734082397003 0.5089536516853933 0.36587078651685395 0.519311797752809 0.3616573033707865
0 0.4044943820224719 0.526685393258427 0.4125702247191011 0.5318352059925093 0.41678370786516855 0.5433052434456929 0.4123946629213483 0.5571161048689138 0.4039676966292135 0.5622659176029963 0.39360955056179775 0.5571161048689138 0.38992275280898875 0.5430711610486891 0.3922050561797753 0.5362827715355806 0.390625 0.5327715355805244 0.4043188202247191 0.526685393258427
0 0.5279143258426966 0.48642322097378277 0.5335323033707865 0.4913389513108614 0.5351123595505618 0.5030430711610487 0.5328300561797753 0.514747191011236 0.5259831460674157 0.5194288389513109 0.5121137640449438 0.5159176029962547 0.5086025280898876 0.5035112359550562 0.5121137640449438 0.49063670411985016 0.5189606741573034 0.4859550561797753 0.5277387640449438 0.48642322097378277
0 0.3656952247191011 0.3099250936329588 0.3734199438202247 0.3171816479400749 0.375 0.32841760299625467 0.3706109550561798 0.3398876404494382 0.3628862359550562 0.3443352059925094 0.35674157303370785 0.3419943820224719 0.35217696629213485 0.3368445692883895 0.35024578651685395 0.32420411985018727 0.3555126404494382 0.31320224719101125 0.3655196629213483 0.3099250936329588
0 0.49122191011235955 0.49040262172284643 0.49859550561797755 0.4969569288389513 0.5012289325842697 0.5086610486891385 0.4959620786516854 0.5215355805243446 0.48929073033707865 0.5264513108614233 0.4847261235955056 0.5259831460674157 0.47577247191011235 0.5189606741573034 0.4747191011235955 0.5058520599250936 0.4762991573033708 0.4978932584269663 0.4799859550561798 0.4934456928838951 0.49104634831460675 0.49040262172284643
0 0.4668188202247191 0.5353464419475655 0.47384129213483145 0.5426029962546817 0.47542134831460675 0.5514981273408239 0.4741924157303371 0.5601591760299626 0.4671699438202247 0.5681179775280899 0.4566362359550562 0.5657771535580525 0.45189606741573035 0.5575842696629213 0.4511938202247191 0.547752808988764 0.45435393258426965 0.5390917602996255 0.4666432584269663 0.5353464419475655
0 0.3985252808988764 0.3125 0.40554775280898875 0.3176498127340824 0.4081811797752809 0.33146067415730335 0.40537219101123595 0.3403558052434457 0.39764747191011235 0.34527153558052437 0.3864115168539326 0.34176029962546817 0.3827247191011236 0.3352059925093633 0.382373595505618 0.3267790262172285 0.38588483146067415 0.3167134831460674 0.3904494382022472 0.31320224719101125 0.3983497191011236 0.3125
0 0.49122191011235955 0.39840823970037453 0.4984199438202247 0.40379213483146065 0.5014044943820225 0.4112827715355805 0.5017556179775281 0.41924157303370785 0.49947331460674155 0.426498127340824 0.49543539325842695 0.4309456928838951 0.48735955056179775 0.43352059925093633 0.4805126404494382 0.4288389513108614 0.4766502808988764 0.42134831460674155 0.4789325842696629 0.40402621722846443 0.48314606741573035 0.40004681647940077 0.49104634831460675 0.39864232209737827
0 0.5581109550561798 0.4932116104868914 0.566186797752809 0.49836142322097376 0.5688202247191011 0.5124063670411985 0.5651334269662921 0.5243445692883895 0.5574087078651685 0.5290262172284644 0.546875 0.5245786516853933 0.543188202247191 0.5187265917602997 0.5419592696629213 0.5117041198501873 0.5447682584269663 0.49812734082397003 0.5498595505617978 0.4943820224719101 0.557935393258427 0.4932116104868914
0 0.6179775280898876 0.363998127340824 0.6269311797752809 0.3719569288389513 0.6285112359550562 0.38342696629213485 0.6239466292134831 0.3946629213483146 0.6128862359550562 0.3991104868913858 0.6041081460674157 0.3913857677902622 0.6014747191011236 0.37359550561797755 0.6091994382022472 0.3661048689138577 0.6178019662921348 0.363998127340824
0 0.4629564606741573 0.3099250936329588 0.4705056179775281 0.31413857677902624 0.4745435393258427 0.31999063670411987 0.4764747191011236 0.33192883895131087 0.47155898876404495 0.34620786516853935 0.460498595505618 0.350187265917603 0.45593398876404495 0.34901685393258425 0.44838483146067415 0.33848314606741575 0.44610252808988765 0.32045880149812733 0.45646067415730335 0.31062734082397003 0.4627808988764045 0.3099250936329588
0 0.4612008426966292 0.48642322097378277 0.46734550561797755 0.49040262172284643 0.4708567415730337 0.49765917602996257 0.47138342696629215 0.5124063670411985 0.4669943820224719 0.5187265917602997 0.4590941011235955 0.5213014981273408 0.45172050561797755 0.5203651685393258 0.4455758426966292 0.5135767790262172 0.44417134831460675 0.5011704119850188 0.45189606741573035 0.48735955056179775 0.4610252808988764 0.48642322097378277
0 0.42907303370786515 0.31484082397003743 0.43697331460674155 0.32045880149812733 0.44048455056179775 0.33169475655430714 0.43890449438202245 0.34269662921348315 0.4320575842696629 0.34901685393258425 0.42099719101123595 0.3464419475655431 0.4141502808988764 0.3352059925093633 0.4141502808988764 0.3274812734082397 0.4180126404494382 0.3192883895131086 0.421875 0.3157771535580524 0.42889747191011235 0.31484082397003743
0 0.5270365168539326 0.4477996254681648 0.5338834269662921 0.45318352059925093 0.5363412921348315 0.46418539325842695 0.5335323033707865 0.47542134831460675 0.5259831460674157 0.48197565543071164 0.5143960674157303 0.47846441947565543 0.5103581460674157 0.47073970037453183 0.5093047752808989 0.45997191011235955 0.5112359550561798 0.45365168539325845 0.515625 0.44897003745318353 0.5268609550561798 0.4477996254681648
0 0.6163974719101124 0.323501872659176 0.624122191011236 0.3300561797752809 0.6267556179775281 0.3387172284644195 0.6221910112359551 0.3532303370786517 0.6146418539325843 0.35767790262172283 0.609375 0.35720973782771537 0.6041081460674157 0.3522940074906367 0.6007724719101124 0.34573970037453183 0.6002457865168539 0.33801498127340823 0.6014747191011236 0.33146067415730335 0.604810393258427 0.3267790262172285 0.6162219101123596 0.323501872659176
0 0.5895365168539326 0.32162921348314605 0.5955056179775281 0.32771535580524347 0.598314606741573 0.34176029962546817 0.5925210674157303 0.35674157303370785 0.5853230337078652 0.3609550561797753 0.577247191011236 0.35978464419475653 0.5709269662921348 0.35369850187265917 0.5686446629213483 0.3455056179775281 0.5691713483146067 0.33497191011235955 0.5718047752808989 0.32818352059925093 0.5779494382022472 0.32209737827715357 0.5893609550561798 0.32162921348314605
0 0.3711376404494382 0.6502808988764045 0.37833567415730335 0.6584737827715356 0.37798455056179775 0.6788389513108615 0.3734199438202247 0.68562734082397 0.3632373595505618 0.6910112359550562 0.3555126404494382 0.68937265917603 0.34901685393258425 0.6818820224719101 0.3477879213483146 0.6647940074906367 0.35042134831460675 0.6577715355805244 0.3558637640449438 0.651685393258427 0.3709620786516854 0.6502808988764045
0 0.3960674157303371 0.351123595505618 0.4039676966292135 0.35580524344569286 0.40747893258426965 0.36329588014981273 0.4066011235955056 0.37336142322097376 0.40326544943820225 0.3813202247191011 0.3944873595505618 0.38553370786516855 0.386938202247191 0.38319288389513106 0.383251404494382 0.3775749063670412 0.3811446629213483 0.36235955056179775 0.3865870786516854 0.35346441947565543 0.39589185393258425 0.351123595505618
0 0.43469101123595505 0.5346441947565543 0.44276685393258425 0.5411985018726592 0.44469803370786515 0.5573501872659176 0.44276685393258425 0.5646067415730337 0.43223314606741575 0.5702247191011236 0.425561797752809 0.5683520599250936 0.4215238764044944 0.5641385767790262 0.41941713483146065 0.5491573033707865 0.421875 0.5397940074906367 0.43451544943820225 0.5346441947565543
0 0.5544241573033708 0.3192883895131086 0.5609199438202247 0.32303370786516855 0.566186797752809 0.3342696629213483 0.5644311797752809 0.3485486891385768 0.5605688202247191 0.3532303370786517 0.5560042134831461 0.3544007490636704 0.5440660112359551 0.3497191011235955 0.5402036516853933 0.3403558052434457 0.542310393258427 0.3270131086142322 0.5493328651685393 0.3197565543071161 0.554248595505618 0.3192883895131086
0 0.4294241573033708 0.40426029962546817 0.43609550561797755 0.41034644194756553 0.43995786516853935 0.42064606741573035 0.43697331460674155 0.43352059925093633 0.4294241573033708 0.43796816479400746 0.41871488764044945 0.43703183520599254 0.41467696629213485 0.4220505617977528 0.41853932584269665 0.40847378277153557 0.429248595505618 0.40426029962546817
0 0.5272120786516854 0.3136704119850187 0.5363412921348315 0.32467228464419473 0.5366924157303371 0.3347378277153558 0.5294943820224719 0.34995318352059923 0.5261587078651685 0.3518258426966292 0.5115870786516854 0.3445692883895131 0.5089536516853933 0.3408239700374532 0.5084269662921348 0.3345037453183521 0.5101825842696629 0.32467228464419473 0.5143960674157303 0.31647940074906367 0.5191362359550562 0.31320224719101125 0.5270365168539326 0.3136704119850187
0 0.5816362359550562 0.4054307116104869 0.5907654494382022 0.41081460674157305 0.5933988764044944 0.42275280898876405 0.5925210674157303 0.42954119850187267 0.5825140449438202 0.43820224719101125 0.5742626404494382 0.4363295880149813 0.5688202247191011 0.42930711610486894 0.5700491573033708 0.41198501872659177 0.5746137640449438 0.4070692883895131 0.5814606741573034 0.4054307116104869
0 0.398876404494382 0.4868913857677903 0.40730337078651685 0.4934456928838951 0.409936797752809 0.5070224719101124 0.40765449438202245 0.5159176029962547 0.397998595505618 0.522003745318352 0.3908005617977528 0.5208333333333334 0.38588483146067415 0.516619850187266 0.38395365168539325 0.499063670411985 0.3904494382022472 0.4887640449438202 0.3987008426966292 0.4868913857677903
0 0.46172752808988765 0.398876404494382 0.47155898876404495 0.4066011235955056 0.47384129213483145 0.41924157303370785 0.47173455056179775 0.42696629213483145 0.46752106741573035 0.43211610486891383 0.460498595505618 0.4339887640449438 0.4554073033707865 0.43258426966292135 0.4513693820224719 0.42743445692883897 0.44803370786516855 0.42158239700374533 0.4473314606741573 0.4143258426966292 0.4511938202247191 0.40308988764044945 0.46155196629213485 0.398876404494382
0 0.4920997191011236 0.35884831460674155 0.5 0.36540262172284643 0.5026334269662921 0.374063670411985 0.500877808988764 0.38717228464419473 0.4982443820224719 0.39091760299625467 0.491748595505618 0.39279026217228463 0.4805126404494382 0.38857677902621723 0.47787921348314605 0.37265917602996257 0.47963483146067415 0.3663389513108614 0.4840238764044944 0.3609550561797753 0.4919241573033708 0.35884831460674155
0 0.39922752808988765 0.3958333333333333 0.4081811797752809 0.40074906367041196 0.41134129213483145 0.4056647940074906 0.4120435393258427 0.4187734082397004 0.4044943820224719 0.4307116104868914 0.39150280898876405 0.43258426966292135 0.386938202247191 0.4286048689138577 0.3843047752808989 0.42158239700374533 0.38395365168539325 0.4075374531835206 0.38992275280898875 0.39653558052434457 0.39905196629213485 0.3958333333333333
0 0.45646067415730335 0.3539325842696629 0.4668188202247191 0.36235955056179775 0.46752106741573035 0.3698501872659176 0.4645365168539326 0.3806179775280899 0.4533005617977528 0.38764044943820225 0.4454002808988764 0.3836610486891386 0.44241573033707865 0.37640449438202245 0.44206460674157305 0.3677434456928839 0.44610252808988765 0.3574438202247191 0.45628511235955055 0.3539325842696629
0 0.3734199438202247 0.5187265917602997 0.3813202247191011 0.5259831460674157 0.38377808988764045 0.5332397003745318 0.38395365168539325 0.5433052434456929 0.3765800561797753 0.5545411985018727 0.36990870786516855 0.5559456928838952 0.35797050561797755 0.5468164794007491 0.35797050561797755 0.5360486891385767 0.36218398876404495 0.5243445692883895 0.3732443820224719 0.5187265917602997
0 0.4984199438202247 0.5323033707865169 0.5047401685393258 0.5395599250936329 0.5061446629213483 0.5529026217228464 0.5024578651685393 0.5641385767790262 0.49490870786516855 0.5681179775280899 0.48332162921348315 0.5617977528089888 0.4803370786516854 0.5543071161048689 0.4803370786516854 0.5451779026217228 0.48735955056179775 0.5330056179775281 0.4982443820224719 0.5323033707865169
0 0.36271067415730335 0.3485486891385768 0.37008426966292135 0.3522940074906367 0.3753511235955056 0.362125468164794 0.3746488764044944 0.37359550561797755 0.37025983146067415 0.38108614232209737 0.36446629213483145 0.38412921348314605 0.359375 0.38342696629213485 0.35217696629213485 0.37780898876404495 0.3491924157303371 0.36704119850187267 0.3518258426966292 0.3541666666666667 0.3553370786516854 0.35042134831460675 0.36253511235955055 0.3485486891385768
0 0.42521067415730335 0.3506554307116105 0.4320575842696629 0.3541666666666667 0.4371488764044944 0.36142322097378277 0.4373244382022472 0.37312734082397003 0.43451544943820225 0.3794475655430712 0.4239817415730337 0.3848314606741573 0.4174859550561798 0.38249063670411987 0.4139747191011236 0.37780898876404495 0.4123946629213483 0.36891385767790263 0.4141502808988764 0.3579119850187266 0.41871488764044945 0.3527621722846442 0.42503511235955055 0.3508895131086142
0 0.36183286516853935 0.5585205992509363 0.37622893258426965 0.56437265917603 0.37780898876404495 0.5706928838951311 0.37780898876404495 0.5781835205992509 0.37429775280898875 0.5849719101123596 0.36393960674157305 0.5926966292134831 0.35691713483146065 0.5898876404494382 0.3514747191011236 0.5802902621722846 0.3493679775280899 0.5711610486891385 0.3539325842696629 0.5603932584269663 0.3616573033707865 0.5585205992509363
0 0.4647120786516854 0.44288389513108617 0.4727879213483146 0.44920411985018727 0.476123595505618 0.46676029962546817 0.47366573033707865 0.4747191011235955 0.46383426966292135 0.48010299625468167 0.45172050561797755 0.4737827715355805 0.4487359550561798 0.45646067415730335 0.45172050561797755 0.44920411985018727 0.4645365168539326 0.44288389513108617
0 0.5538974719101124 0.4506086142322097 0.5626755617977528 0.45880149812734083 0.5658356741573034 0.47191011235955055 0.5647823033707865 0.4779962546816479 0.5605688202247191 0.48478464419475653 0.5537219101123596 0.48782771535580527 0.5447682584269663 0.48431647940074907 0.5393258426966292 0.47401685393258425 0.5410814606741573 0.4571629213483146 0.5537219101123596 0.4506086142322097
0 0.49683988764044945 0.31179775280898875 0.503686797752809 0.3176498127340824 0.5061446629213483 0.33169475655430714 0.5015800561797753 0.34152621722846443 0.49490870786516855 0.3450374531835206 0.48771067415730335 0.3433988764044944 0.48349719101123595 0.3389513108614232 0.48174157303370785 0.32397003745318353 0.48314606741573035 0.3169475655430712 0.4859550561797753 0.3136704119850187 0.49666432584269665 0.31179775280898875
0 0.5242275280898876 0.40987827715355807 0.5310744382022472 0.414559925093633 0.5333567415730337 0.4288389513108614 0.5291432584269663 0.43984082397003743 0.5214185393258427 0.44335205992509363 0.5154494382022472 0.44335205992509363 0.5107092696629213 0.4386704119850187 0.5079002808988764 0.4323501872659176 0.5079002808988764 0.42181647940074907 0.5121137640449438 0.41151685393258425 0.5240519662921348 0.40987827715355807
0 0.40115870786516855 0.4431179775280899 0.4081811797752809 0.44592696629213485 0.41309691011235955 0.45646067415730335 0.41134129213483145 0.4700374531835206 0.4083567415730337 0.4747191011235955 0.40115870786516855 0.47846441947565543 0.390625 0.475187265917603 0.38606039325842695 0.4637172284644195 0.3890449438202247 0.450374531835206 0.40098314606741575 0.4431179775280899
0 0.37219101123595505 0.4794007490636704 0.37833567415730335 0.48478464419475653 0.38202247191011235 0.49765917602996257 0.3765800561797753 0.5142790262172284 0.37429775280898875 0.5149812734082397 0.3535814606741573 0.5102996254681648 0.35059691011235955 0.5053838951310862 0.35235252808988765 0.4955524344569288 0.3577949438202247 0.48408239700374533 0.363061797752809 0.47963483146067415 0.37201544943820225 0.4794007490636704
0 0.4373244382022472 0.4541198501872659 0.4429424157303371 0.46114232209737827 0.44434691011235955 0.47425093632958804 0.43662219101123595 0.4845505617977528 0.4297752808988764 0.48642322097378277 0.42503511235955055 0.48618913857677903 0.42064606741573035 0.4815074906367041 0.4178370786516854 0.47401685393258425 0.41731039325842695 0.4637172284644195 0.42275280898876405 0.45529026217228463 0.4371488764044944 0.4541198501872659
0 0.363061797752809 0.43679775280898875 0.3730688202247191 0.4405430711610487 0.3769311797752809 0.4529494382022472 0.37447331460674155 0.46418539325842695 0.367626404494382 0.47120786516853935 0.3634129213483146 0.47237827715355807 0.3539325842696629 0.4679307116104869 0.35094803370786515 0.46301498127340823 0.3497191011235955 0.4545880149812734 0.352001404494382 0.4426498127340824 0.35639044943820225 0.43820224719101125 0.3628862359550562 0.43679775280898875
0 0.4294241573033708 0.49180711610486894 0.4390800561797753 0.4969569288389513 0.441186797752809 0.5121722846441947 0.4353932584269663 0.523876404494382 0.42521067415730335 0.5290262172284644 0.41467696629213485 0.5163857677902621 0.4139747191011236 0.50187265917603 0.42082162921348315 0.4934456928838951 0.429248595505618 0.49180711610486894
0 0.3734199438202247 0.6076779026217228 0.3806179775280899 0.6132958801498127 0.38342696629213485 0.6310861423220974 0.3811446629213483 0.6404494382022472 0.36973314606741575 0.6493445692883895 0.3553370786516854 0.6474719101123596 0.34884129213483145 0.6411516853932584 0.3481390449438202 0.6336610486891385 0.3514747191011236 0.6280430711610487 0.3518258426966292 0.6228932584269663 0.3590238764044944 0.6123595505617978 0.36271067415730335 0.6088483146067416 0.3732443820224719 0.6076779026217228
0 0.49473314606741575 0.4461610486891386 0.5019311797752809 0.4487359550561798 0.5057935393258427 0.45435393258426965 0.503686797752809 0.47752808988764045 0.49719101123595505 0.48314606741573035 0.49104634831460675 0.48431647940074907 0.484375 0.48057116104868913 0.4805126404494382 0.4737827715355805 0.4808637640449438 0.45692883895131087 0.48700842696629215 0.448501872659176 0.4945575842696629 0.4463951310861423
0 0.37025983146067415 0.39630149812734083 0.37833567415730335 0.4028558052434457 0.3813202247191011 0.4091760299625468 0.3785112359550562 0.42579588014981273 0.3709620786516854 0.4309456928838951 0.35990168539325845 0.4286048689138577 0.35445926966292135 0.41502808988764045 0.35603932584269665 0.40426029962546817 0.363061797752809 0.3970037453183521 0.37008426966292135 0.39630149812734083
0 0.42117275280898875 0.5802902621722846 0.43065308988764045 0.5875468164794008 0.43486657303370785 0.5976123595505618 0.4320575842696629 0.6093164794007491 0.421875 0.6144662921348315 0.4137991573033708 0.6104868913857678 0.40747893258426965 0.5994850187265918 0.41134129213483145 0.5866104868913857 0.418188202247191 0.5800561797752809 0.42099719101123595 0.5802902621722846
0 0.5507373595505618 0.3616573033707865 0.5540730337078652 0.3625936329588015 0.5607443820224719 0.37265917602996257 0.5607443820224719 0.38506554307116103 0.5568820224719101 0.39185393258426965 0.5437148876404494 0.3955992509363296 0.5379213483146067 0.39091760299625467 0.5345856741573034 0.37312734082397003 0.5393258426966292 0.3647003745318352 0.550561797752809 0.3616573033707865
0 0.39150280898876405 0.5702247191011236 0.40133426966292135 0.5788857677902621 0.40379213483146065 0.5959737827715356 0.40115870786516855 0.6039325842696629 0.39115168539325845 0.6097846441947565 0.37991573033707865 0.6027621722846442 0.37833567415730335 0.5931647940074907 0.37974016853932585 0.5835674157303371 0.38342696629213485 0.576310861423221 0.3871137640449438 0.5713951310861424 0.39132724719101125 0.5702247191011236
2 0.6367041783707865 0.31054939138576776 0.34747752808988763 0.30508426966292135 0.34113851825842695 0.6940147471910113 0.6342742275280899 0.6997357209737828
1 0.6157917837078652 0.5489653558052434 0.033082865168539324 0.29580992509363296
1 0.5073560393258427 0.6539161985018727 0.24926088483146067 0.08592228464419475
1 0.5552018960674157 0.6321652621722846 0.15417661516853934 0.1329307116104869
1 0.572124297752809 0.6112617041198501 0.12364992977528089 0.17071161048689137
1 0.6004547050561798 0.5727668539325843 0.06443820224719102 0.24509831460674156