0 0.5019311797752809 0.30758426966292135 0.5086025280898876 0.31179775280898875 0.511938202247191 0.32092696629213485 0.5101825842696629 0.33380149812734083 0.5029845505617978 0.34129213483146065 0.4924508426966292 0.3398876404494382 0.48735955056179775 0.3352059925093633 0.48525280898876405 0.3258426966292135 0.48735955056179775 0.31647940074906367 0.49104634831460675 0.31086142322097376 0.5017556179775281 0.30758426966292135
0 0.5581109550561798 0.6128277153558053 0.5653089887640449 0.6233614232209738 0.5667134831460674 0.6374063670411985 0.5647823033707865 0.6451310861423221 0.5575842696629213 0.6523876404494382 0.5502106741573034 0.651685393258427 0.5454705056179775 0.6481741573033708 0.5421348314606742 0.6437265917602997 0.5409058988764045 0.6334269662921348 0.5433637640449438 0.6158707865168539 0.557935393258427 0.6128277153558053
0 0.4390800561797753 0.44147940074906367 0.4489115168539326 0.4508426966292135 0.44978932584269665 0.46652621722846443 0.44610252808988765 0.47869850187265917 0.43275983146067415 0.4845505617977528 0.42468398876404495 0.47237827715355807 0.42310393258426965 0.45575842696629215 0.4259129213483146 0.44803370786516855 0.43100421348314605 0.44241573033707865 0.43890449438202245 0.44147940074906367
0 0.6228932584269663 0.363998127340824 0.6304424157303371 0.36891385767790263 0.6341292134831461 0.38038389513108617 0.6293890449438202 0.3946629213483146 0.6209620786516854 0.3991104868913858 0.6148174157303371 0.39864232209737827 0.6079705056179775 0.39325842696629215 0.6062148876404494 0.37874531835205993 0.6121839887640449 0.36657303370786515 0.6227176966292135 0.363998127340824
0 0.5224719101123596 0.6505149812734082 0.5259831460674157 0.6509831460674157 0.5319522471910112 0.6582397003745318 0.534936797752809 0.670880149812734 0.5323033707865169 0.6849250936329588 0.5224719101123596 0.6900749063670412 0.5128160112359551 0.6858614232209738 0.5080758426966292 0.6732209737827716 0.5086025280898876 0.6643258426966292 0.511938202247191 0.6566011235955056 0.5170294943820225 0.651685393258427 0.5222963483146067 0.6505149812734082
0 0.41889044943820225 0.6376404494382022 0.42468398876404495 0.639747191011236 0.4273174157303371 0.6437265917602997 0.4299508426966292 0.6615168539325843 0.4234550561797753 0.6694756554307116 0.41485252808988765 0.673689138576779 0.4064255617977528 0.6661985018726592 0.40344101123595505 0.6509831460674157 0.40677668539325845 0.641619850187266 0.41871488764044945 0.6376404494382022
0 0.5301966292134831 0.31109550561797755 0.5384480337078652 0.31741573033707865 0.5393258426966292 0.33169475655430714 0.5370435393258427 0.34012172284644193 0.5328300561797753 0.3441011235955056 0.5265098314606742 0.3455056179775281 0.5208918539325843 0.34386704119850187 0.5138693820224719 0.33754681647940077 0.5131671348314607 0.3267790262172285 0.5142205056179775 0.32092696629213485 0.5191362359550562 0.313436329588015 0.5300210674157303 0.31109550561797755
0 0.5860252808988764 0.49157303370786515 0.5962078651685393 0.5021067415730337 0.597436797752809 0.5159176029962547 0.5925210674157303 0.5259831460674157 0.5825140449438202 0.5313670411985019 0.5768960674157303 0.5297284644194756 0.5700491573033708 0.5224719101123596 0.5688202247191011 0.5046816479400749 0.5730337078651685 0.4936797752808989 0.578125 0.4911048689138577 0.5858497191011236 0.49157303370786515
0 0.37043539325842695 0.3012640449438202 0.3807935393258427 0.3094569288389513 0.3825491573033708 0.3227996254681648 0.37816011235955055 0.3347378277153558 0.3695575842696629 0.3366104868913858 0.36253511235955055 0.33614232209737827 0.35814606741573035 0.33192883895131087 0.355688202247191 0.31390449438202245 0.35990168539325845 0.3038389513108614 0.37025983146067415 0.3012640449438202
0 0.491748595505618 0.5641385767790262 0.4982443820224719 0.5681179775280899 0.5024578651685393 0.5770131086142322 0.5029845505617978 0.5835674157303371 0.4996488764044944 0.5962078651685393 0.4905196629213483 0.6006554307116105 0.47981039325842695 0.5978464419475655 0.4764747191011236 0.5917602996254682 0.47594803370786515 0.5814606741573034 0.4766502808988764 0.5749063670411985 0.480688202247191 0.5674157303370787 0.49157303370786515 0.5641385767790262
0 0.49473314606741575 0.6072097378277154 0.5017556179775281 0.6228932584269663 0.5017556179775281 0.6294475655430711 0.4980688202247191 0.638810861423221 0.49122191011235955 0.6430243445692884 0.47735252808988765 0.6385767790262172 0.47331460674157305 0.6266385767790262 0.47401685393258425 0.6198501872659176 0.4784058988764045 0.6116573033707865 0.4945575842696629 0.6072097378277154
0 0.5019311797752809 0.48080524344569286 0.5075491573033708 0.48782771535580527 0.5086025280898876 0.5004681647940075 0.5052668539325843 0.5095973782771536 0.4984199438202247 0.514747191011236 0.4845505617977528 0.5095973782771536 0.48174157303370785 0.5016385767790262 0.48191713483146065 0.49461610486891383 0.48735955056179775 0.4824438202247191 0.49473314606741575 0.47963483146067415 0.5017556179775281 0.48080524344569286
0 0.40379213483146065 0.549625468164794 0.4125702247191011 0.5573501872659176 0.41520365168539325 0.572565543071161 0.4125702247191011 0.5828651685393258 0.40115870786516855 0.5931647940074907 0.39747191011235955 0.5926966292134831 0.3904494382022472 0.5840355805243446 0.3865870786516854 0.5849719101123596 0.38360252808988765 0.5678838951310862 0.3871137640449438 0.5559456928838952 0.40361657303370785 0.549625468164794
0 0.5779494382022472 0.6437265917602997 0.585498595505618 0.6509831460674157 0.5877808988764045 0.6647940074906367 0.5821629213483146 0.6783707865168539 0.5779494382022472 0.6795411985018727 0.569873595505618 0.677434456928839 0.5607443820224719 0.6652621722846442 0.5654845505617978 0.6502808988764045 0.5723314606741573 0.6439606741573034 0.5777738764044944 0.6437265917602997
0 0.460498595505618 0.3150749063670412 0.46962780898876405 0.3167134831460674 0.47401685393258425 0.32092696629213485 0.47735252808988765 0.33801498127340823 0.47384129213483145 0.34901685393258425 0.4610252808988764 0.35557116104868913 0.4510182584269663 0.3522940074906367 0.44645365168539325 0.3455056179775281 0.44627808988764045 0.34058988764044945 0.4487359550561798 0.3223314606741573 0.4550561797752809 0.3160112359550562 0.46032303370786515 0.3150749063670412
0 0.6134129213483146 0.45435393258426965 0.6200842696629213 0.45692883895131087 0.6237710674157303 0.46348314606741575 0.6260533707865169 0.4700374531835206 0.6251755617977528 0.48080524344569286 0.6221910112359551 0.4850187265917603 0.6097261235955056 0.4887640449438202 0.6012991573033708 0.48267790262172283 0.5997191011235955 0.46676029962546817 0.6058637640449438 0.45529026217228463 0.6132373595505618 0.45435393258426965
0 0.5300210674157303 0.48431647940074907 0.5380969101123596 0.4897003745318352 0.5410814606741573 0.5025749063670412 0.5375702247191011 0.5142790262172284 0.5293188202247191 0.5184925093632958 0.5184339887640449 0.5154494382022472 0.5149227528089888 0.5011704119850188 0.5180828651685393 0.4887640449438202 0.5298455056179775 0.48431647940074907
0 0.3613061797752809 0.6423220973782772 0.36622191011235955 0.6430243445692884 0.37008426966292135 0.6474719101123596 0.3732443820224719 0.6540262172284644 0.37359550561797755 0.6650280898876404 0.36815308988764045 0.6753277153558053 0.3558637640449438 0.6807116104868914 0.35024578651685395 0.6795411985018727 0.34655898876404495 0.6757958801498127 0.3433988764044944 0.6612827715355806 0.34884129213483145 0.6463014981273408 0.3555126404494382 0.6420880149812734 0.3611306179775281 0.6423220973782772
0 0.3950140449438202 0.47448501872659177 0.40502106741573035 0.4777621722846442 0.41081460674157305 0.4913389513108614 0.4102879213483146 0.49812734082397003 0.4066011235955056 0.5044475655430711 0.398876404494382 0.5088951310861424 0.3871137640449438 0.5060861423220974 0.3829002808988764 0.49812734082397003 0.3825491573033708 0.48642322097378277 0.3843047752808989 0.48080524344569286 0.38922050561797755 0.4758895131086142 0.3948384831460674 0.47448501872659177
0 0.4626053370786517 0.5664794007490637 0.46875 0.572565543071161 0.47138342696629215 0.5884831460674157 0.4685744382022472 0.5990168539325843 0.46014747191011235 0.602996254681648 0.4534761235955056 0.6022940074906367 0.4490870786516854 0.5987827715355806 0.44610252808988765 0.5955056179775281 0.444873595505618 0.5880149812734082 0.44592696629213485 0.5784176029962547 0.4496137640449438 0.5692883895131086 0.45593398876404495 0.5655430711610487 0.4624297752808989 0.5664794007490637
0 0.44645365168539325 0.6345973782771536 0.45804073033707865 0.6409176029962547 0.46190308988764045 0.6505149812734082 0.45997191011235955 0.661750936329588 0.45382724719101125 0.6741573033707865 0.44662921348314605 0.6762640449438202 0.4390800561797753 0.673689138576779 0.4352176966292135 0.6683052434456929 0.4318820224719101 0.6530898876404494 0.4336376404494382 0.6439606741573034 0.44627808988764045 0.6345973782771536
0 0.5795294943820225 0.4482677902621723 0.5907654494382022 0.4524812734082397 0.5948033707865169 0.45997191011235955 0.5933988764044944 0.4791666666666667 0.5853230337078652 0.48735955056179775 0.5767205056179775 0.48642322097378277 0.5723314606741573 0.4829119850187266 0.5674157303370787 0.47073970037453183 0.5675912921348315 0.4529494382022472 0.5711025280898876 0.44920411985018727 0.5793539325842697 0.4482677902621723
0 0.5382724719101124 0.3518258426966292 0.5475772471910112 0.35931647940074907 0.5500351123595506 0.3705524344569288 0.5472261235955056 0.3813202247191011 0.5365168539325843 0.3904494382022472 0.5226474719101124 0.3806179775280899 0.522998595505618 0.36282771535580527 0.5289676966292135 0.35510299625468167 0.5380969101123596 0.3518258426966292
0 0.5614466292134831 0.31788389513108617 0.5682935393258427 0.32420411985018727 0.5718047752808989 0.3356741573033708 0.567064606741573 0.34831460674157305 0.5572331460674157 0.3541666666666667 0.5537219101123596 0.35346441947565543 0.5466994382022472 0.34597378277153557 0.5449438202247191 0.3342696629213483 0.5491573033707865 0.3223314606741573 0.5568820224719101 0.31741573033707865 0.5612710674157303 0.31788389513108617
0 0.3871137640449438 0.5133426966292135 0.39712078651685395 0.5168539325842697 0.4023876404494382 0.5301966292134831 0.4020365168539326 0.5332397003745318 0.3941362359550562 0.5426029962546817 0.3850070224719101 0.5461142322097379 0.37640449438202245 0.5440074906367042 0.37183988764044945 0.5353464419475655 0.3751755617977528 0.5198970037453183 0.38202247191011235 0.513810861423221 0.386938202247191 0.5133426966292135
0 0.45786516853932585 0.4023876404494382 0.4648876404494382 0.40730337078651685 0.46734550561797755 0.4220505617977528 0.46400983146067415 0.43211610486891383 0.45452949438202245 0.43562734082397003 0.44627808988764045 0.4328183520599251 0.44224016853932585 0.42813670411985016 0.4410112359550562 0.414559925093633 0.4469803370786517 0.4033239700374532 0.45768960674157305 0.4023876404494382
0 0.4081811797752809 0.38202247191011235 0.41941713483146065 0.3925561797752809 0.42047050561797755 0.4033239700374532 0.41660814606741575 0.41596441947565543 0.41151685393258425 0.41970973782771537 0.40519662921348315 0.4204119850187266 0.39747191011235955 0.4187734082397004 0.39396067415730335 0.414559925093633 0.3904494382022472 0.4080056179775281 0.390625 0.40051498127340823 0.3929073033707865 0.3916198501872659 0.4046699438202247 0.38202247191011235 0.4080056179775281 0.38202247191011235
0 0.3904494382022472 0.5985486891385767 0.3965941011235955 0.6006554307116105 0.4002808988764045 0.6060393258426966 0.40344101123595505 0.6228932584269663 0.40098314606741575 0.6289794007490637 0.3948384831460674 0.6334269662921348 0.3904494382022472 0.6406835205992509 0.3771067415730337 0.6329588014981273 0.37254213483146065 0.6205524344569289 0.3728932584269663 0.6128277153558053 0.37780898876404495 0.6046348314606742 0.38553370786516855 0.5990168539325843 0.3902738764044944 0.5985486891385767
0 0.520189606741573 0.5868445692883895 0.5261587078651685 0.5903558052434457 0.5340589887640449 0.6008895131086143 0.5384480337078652 0.613061797752809 0.5365168539325843 0.6266385767790262 0.5259831460674157 0.6374063670411985 0.5152738764044944 0.6336610486891385 0.5080758426966292 0.62312734082397 0.5093047752808989 0.5952715355805244 0.5138693820224719 0.5884831460674157 0.5200140449438202 0.5868445692883895
0 0.6232443820224719 0.49040262172284643 0.6299157303370787 0.49414794007490637 0.6339536516853933 0.5023408239700374 0.6341292134831461 0.5154494382022472 0.6309691011235955 0.5222378277153558 0.6264044943820225 0.5262172284644194 0.6162219101123596 0.5264513108614233 0.6095505617977528 0.5224719101123596 0.6083216292134831 0.5191947565543071 0.6079705056179775 0.5065543071161048 0.6104283707865169 0.49953183520599254 0.6149929775280899 0.49414794007490637 0.6230688202247191 0.49063670411985016
0 0.429248595505618 0.5896535580524345 0.4355688202247191 0.5917602996254682 0.4418890449438202 0.5985486891385767 0.44610252808988765 0.62312734082397 0.4431179775280899 0.6320224719101124 0.43275983146067415 0.637874531835206 0.4180126404494382 0.6273408239700374 0.41309691011235955 0.6163389513108615 0.4143258426966292 0.598314606741573 0.42134831460674155 0.591058052434457 0.42907303370786515 0.5896535580524345
0 0.36990870786516855 0.4250936329588015 0.37991573033707865 0.43258426966292135 0.38202247191011235 0.44709737827715357 0.37605337078651685 0.4595037453183521 0.3670997191011236 0.46207865168539325 0.36007724719101125 0.4606741573033708 0.3553370786516854 0.45646067415730335 0.35270365168539325 0.4426498127340824 0.35603932584269665 0.4307116104868914 0.36973314606741575 0.4250936329588015
0 0.5884831460674157 0.6360018726591761 0.5932233146067416 0.6423220973782772 0.5898876404494382 0.6509831460674157 0.5921699438202247 0.6652621722846442 0.5890098314606742 0.6760299625468165 0.5791783707865169 0.68562734082397 0.5688202247191011 0.6905430711610487 0.5630266853932584 0.6891385767790262 0.5565308988764045 0.6788389513108615 0.5598665730337079 0.6577715355805244 0.5647823033707865 0.6479400749063671 0.5733848314606742 0.641619850187266 0.5846207865168539 0.6427902621722846 0.5883075842696629 0.6362359550561798
0 0.6200842696629213 0.5308988764044944 0.6271067415730337 0.533941947565543 0.632373595505618 0.5414325842696629 0.6334269662921348 0.5479868913857678 0.629564606741573 0.5617977528089888 0.6197331460674157 0.5683520599250936 0.609375 0.5622659176029963 0.6060393258426966 0.5529026217228464 0.6088483146067416 0.5365168539325843 0.6199087078651685 0.5308988764044944
0 0.4043188202247191 0.30407303370786515 0.4122191011235955 0.3099250936329588 0.41467696629213485 0.3211610486891386 0.41151685393258425 0.3326310861423221 0.40098314606741575 0.3387172284644195 0.3944873595505618 0.3368445692883895 0.38992275280898875 0.33169475655430714 0.3888693820224719 0.31390449438202245 0.39378511235955055 0.30500936329588013 0.4041432584269663 0.30407303370786515
0 0.5054424157303371 0.350187265917603 0.5168539325842697 0.35720973782771537 0.520189606741573 0.3703183520599251 0.5177317415730337 0.3801498127340824 0.5142205056179775 0.38506554307116103 0.5089536516853933 0.38881086142322097 0.5019311797752809 0.3892790262172285 0.4964887640449438 0.386938202247191 0.49859550561797755 0.38342696629213485 0.4957865168539326 0.37991573033707865 0.4938553370786517 0.37008426966292135 0.4956109550561798 0.36563670411985016 0.49473314606741575 0.35580524344569286 0.5052668539325843 0.350187265917603
0 0.5921699438202247 0.5269194756554307 0.601123595505618 0.5351123595505618 0.6028792134831461 0.5550093632958801 0.5972612359550562 0.5676498127340824 0.5879564606741573 0.5702247191011236 0.5823384831460674 0.5688202247191011 0.5770716292134831 0.5622659176029963 0.5733848314606742 0.5500936329588015 0.5779494382022472 0.5362827715355806 0.5919943820224719 0.5269194756554307
0 0.5284410112359551 0.43820224719101125 0.5373946629213483 0.4461610486891386 0.5389747191011236 0.45739700374531833 0.5356390449438202 0.4669943820224719 0.5261587078651685 0.4747191011235955 0.5175561797752809 0.4721441947565543 0.5128160112359551 0.4674625468164794 0.5105337078651685 0.4524812734082397 0.5152738764044944 0.44030898876404495 0.5282654494382022 0.43820224719101125
0 0.3649929775280899 0.5601591760299626 0.371313202247191 0.5655430711610487 0.37447331460674155 0.5746722846441947 0.37377106741573035 0.5779494382022472 0.3771067415730337 0.5819288389513109 0.3730688202247191 0.5854400749063671 0.37008426966292135 0.5945692883895131 0.3628862359550562 0.5985486891385767 0.3500702247191011 0.5952715355805244 0.3455056179775281 0.5856741573033708 0.3455056179775281 0.5809925093632958 0.3491924157303371 0.5676498127340824 0.3591994382022472 0.5603932584269663 0.3648174157303371 0.5601591760299626
0 0.37183988764044945 0.4791666666666667 0.37587780898876405 0.4812734082397004 0.3811446629213483 0.5065543071161048 0.3765800561797753 0.5154494382022472 0.36446629213483145 0.5229400749063671 0.3555126404494382 0.5189606741573034 0.35252808988764045 0.5095973782771536 0.35252808988764045 0.49812734082397003 0.3555126404494382 0.4875936329588015 0.3591994382022472 0.4836142322097378 0.36604634831460675 0.4794007490636704 0.37166432584269665 0.4791666666666667
0 0.5886587078651685 0.40730337078651685 0.5963834269662921 0.4133895131086142 0.5990168539325843 0.42532771535580527 0.5960323033707865 0.43890449438202245 0.5853230337078652 0.4452247191011236 0.5740870786516854 0.43679775280898875 0.5711025280898876 0.4243913857677903 0.5737359550561798 0.4131554307116105 0.5816362359550562 0.40823970037453183 0.5884831460674157 0.40730337078651685
0 0.48349719101123595 0.6439606741573034 0.49490870786516855 0.6484082397003745 0.4961376404494382 0.6622191011235955 0.491748595505618 0.6767322097378277 0.48174157303370785 0.6825842696629213 0.4722612359550562 0.6769662921348315 0.4683988764044944 0.6697097378277154 0.46787219101123595 0.6629213483146067 0.4706811797752809 0.6474719101123596 0.4768258426966292 0.6430243445692884 0.48332162921348315 0.6439606741573034
0 0.43293539325842695 0.31179775280898875 0.44066011235955055 0.3176498127340824 0.4434691011235955 0.32935393258426965 0.44048455056179775 0.34012172284644193 0.43258426966292135 0.3466760299625468 0.42503511235955055 0.34527153558052437 0.4201193820224719 0.3403558052434457 0.418188202247191 0.335440074906367 0.418188202247191 0.32420411985018727 0.4241573033707865 0.31296816479400746 0.43275983146067415 0.31179775280898875
0 0.456811797752809 0.48220973782771537 0.465063202247191 0.48993445692883897 0.4691011235955056 0.49859550561797755 0.4652387640449438 0.5152153558052435 0.4566362359550562 0.5217696629213483 0.4476825842696629 0.5189606741573034 0.4418890449438202 0.5072565543071161 0.44206460674157305 0.5007022471910112 0.44610252808988765 0.4911048689138577 0.4434691011235955 0.48782771535580527 0.449438202247191 0.48314606741573035 0.4566362359550562 0.48220973782771537
0 0.6199087078651685 0.4859550561797753 0.6300912921348315 0.4911048689138577 0.6367626404494382 0.5049157303370787 0.6316713483146067 0.5229400749063671 0.6234199438202247 0.528558052434457 0.6127106741573034 0.5280898876404494 0.6025280898876404 0.5201310861423221 0.5988412921348315 0.5124063670411985 0.602001404494382 0.4964887640449438 0.6128862359550562 0.488061797752809 0.6197331460674157 0.4859550561797753
0 0.589185393258427 0.3604868913857678 0.5953300561797753 0.3618913857677903 0.5998946629213483 0.3663389513108614 0.6032303370786517 0.37312734082397003 0.6035814606741573 0.38412921348314605 0.6023525280898876 0.3892790262172285 0.5990168539325843 0.39232209737827717 0.5888342696629213 0.39396067415730335 0.5833918539325843 0.39185393258426965 0.5749648876404494 0.37640449438202245 0.578125 0.3661048689138577 0.5890098314606742 0.3604868913857678
0 0.6165730337078652 0.6528558052434457 0.6276334269662921 0.6610486891385767 0.6316713483146067 0.6781367041198502 0.6274578651685393 0.6917134831460674 0.6230688202247191 0.6961610486891385 0.617626404494382 0.697565543071161 0.6118328651685393 0.6968632958801498 0.6049859550561798 0.6910112359550562 0.5997191011235955 0.6760299625468165 0.6032303370786517 0.6587078651685393 0.6163974719101124 0.6528558052434457
0 0.6209620786516854 0.3232677902621723 0.6311446629213483 0.3309925093632959 0.633251404494382 0.3419943820224719 0.6221910112359551 0.3574438202247191 0.6165730337078652 0.3583801498127341 0.6079705056179775 0.3527621722846442 0.604810393258427 0.337312734082397 0.6100772471910112 0.3265449438202247 0.6207865168539326 0.3232677902621723
0 0.6374648876404494 0.31741573033707865 0.6404494382022472 0.32467228464419473 0.6350070224719101 0.33146067415730335 0.636060393258427 0.34737827715355807 0.6321980337078652 0.3565074906367041 0.6248244382022472 0.36329588014981273 0.6127106741573034 0.3642322097378277 0.6090238764044944 0.363061797752809 0.6014747191011236 0.3541666666666667 0.6063904494382022 0.33146067415730335 0.613061797752809 0.323501872659176 0.6200842696629213 0.32209737827715357 0.6267556179775281 0.32420411985018727 0.6336025280898876 0.31741573033707865 0.6372893258426966 0.31741573033707865
0 0.5598665730337079 0.3904494382022472 0.5675912921348315 0.3970037453183521 0.5704002808988764 0.4044943820224719 0.5705758426966292 0.4122191011235955 0.5617977528089888 0.43211610486891383 0.5547752808988764 0.4342228464419476 0.545997191011236 0.43211610486891383 0.5419592696629213 0.40098314606741575 0.5438904494382022 0.3960674157303371 0.5502106741573034 0.39115168539325845 0.5596910112359551 0.3904494382022472
0 0.49894662921348315 0.39302434456928836 0.5066713483146067 0.3967696629213483 0.5103581460674157 0.40613295880149813 0.5089536516853933 0.41924157303370785 0.5050912921348315 0.4267322097378277 0.5012289325842697 0.42790262172284643 0.48929073033707865 0.42392322097378277 0.48384831460674155 0.41175093632958804 0.4878862359550562 0.3972378277153558 0.49877106741573035 0.39302434456928836
0 0.36832865168539325 0.34012172284644193 0.3771067415730337 0.34527153558052437 0.3807935393258427 0.3548689138576779 0.37798455056179775 0.36750936329588013 0.3734199438202247 0.37336142322097376 0.36990870786516855 0.37429775280898875 0.359375 0.37102059925093633 0.35463483146067415 0.3600187265917603 0.3553370786516854 0.3487827715355805 0.35814606741573035 0.34363295880149813 0.3628862359550562 0.3398876404494382 0.36815308988764045 0.34012172284644193
0 0.5261587078651685 0.3916198501872659 0.5352879213483146 0.39747191011235955 0.5375702247191011 0.40941011235955055 0.5363412921348315 0.42181647940074907 0.5272120786516854 0.42696629213483145 0.515625 0.42392322097378277 0.5108848314606742 0.40823970037453183 0.511060393258427 0.40426029962546817 0.5175561797752809 0.39302434456928836 0.5259831460674157 0.3916198501872659
0 0.5921699438202247 0.31952247191011235 0.5997191011235955 0.32467228464419473 0.6032303370786517 0.33192883895131087 0.6037570224719101 0.33824906367041196 0.5998946629213483 0.3522940074906367 0.5888342696629213 0.3600187265917603 0.5814606741573034 0.3583801498127341 0.5753160112359551 0.3522940074906367 0.573560393258427 0.33754681647940077 0.5800561797752809 0.3232677902621723 0.5847963483146067 0.3197565543071161 0.5919943820224719 0.31952247191011235
0 0.39747191011235955 0.424625468164794 0.4104634831460674 0.4276685393258427 0.4157303370786517 0.4344569288389513 0.41713483146067415 0.4463951310861423 0.4122191011235955 0.46090823970037453 0.40905898876404495 0.4637172284644195 0.4002808988764045 0.46465355805243447 0.38957162921348315 0.45646067415730335 0.38606039325842695 0.4431179775280899 0.386938202247191 0.4339887640449438 0.39729634831460675 0.42485955056179775
2 0.643141327247191 0.3113295880149813 0.353935393258427 0.2947336142322098 0.3388915028089888 0.685876638576779 0.6344959620786517 0.7007841760299626
1 0.4078897471910113 0.3716432584269663 0.023411165730337077 0.028553370786516853
1 0.440033356741573 0.37572097378277153 0.022155898876404494 0.03046816479400749
1 0.46806355337078653 0.3779705056179775 0.023204002808988763 0.028726591760299625
1 0.5587587780898876 0.3762757490636704 0.02552317415730337 0.033141385767790264
1 0.6156091994382022 0.42457865168539327 0.024524227528089887 0.032991573033707866
1 0.43769487359550563 0.4167626404494382 0.02098665730337079 0.03140215355805243
1 0.3788974719101123 0.4098244382022472 0.023948384831460674 0.030014044943820224
1 0.37115168539325843 0.5313881086142322 0.02601123595505618 0.034374999999999996
1 0.3688623595505618 0.6131367041198502 0.02260182584269663 0.029330524344569286
1 0.3973349719101123 0.6587312734082397 0.026878511235955055 0.031570692883895135
1 0.4321032303370787 0.5733356741573034 0.0238500702247191 0.030877808988764043
1 0.46128511235955055 0.6151334269662921 0.026034058988764045 0.027083333333333334
1 0.5489501404494382 0.6617322097378278 0.026971558988764043 0.02976825842696629
1 0.58000702247191 0.6213998127340824 0.02588307584269663 0.0286938202247191
1 0.6107268258426966 0.6236306179775281 0.024123946629213484 0.02847378277153558
1 0.6123261938202247 0.5824297752808989 0.023807935393258428 0.030339419475655435
1 0.5813799157303371 0.5812710674157303 0.02160990168539326 0.031144662921348317
1 0.5508795646067416 0.5797237827715356 0.023807935393258428 0.03116807116104869
1 0.5210498595505618 0.5796184456928839 0.023839536516853933 0.0325187265917603
1 0.43500877808988764 0.5338787453183521 0.02498068820224719 0.03467462546816479
1 0.4381179775280899 0.49620084269662923 0.02300561797752809 0.032661516853932586
1 0.4638360252808989 0.5353066479400749 0.021771418539325845 0.029726123595505617
1 0.49132022471910114 0.5360650749063671 0.02290379213483146 0.03124063670411985
1 0.5202212078651685 0.537439138576779 0.022185744382022473 0.030873127340823966
1 0.5504160814606742 0.5398455056179775 0.021711727528089888 0.03256320224719102
1 0.5531127106741573 0.5008497191011236 0.022422752808988766 0.031036985018726593
1 0.5536411516853933 0.4619920411985019 0.024652387640449434 0.03290964419475655
1 0.4948086376404494 0.45970505617977525 0.026369382022471907 0.03457865168539326
1 0.4662974016853933 0.458689138576779 0.025524929775280897 0.03098548689138577