2 0.23349719101123595 0.4744070692883895 0.7262406952247191 0.5181022940074906 0.7256553721910112 0.7303370786516854 0.22296348314606743 0.6889824438202248
1 0.46611657303370785 0.5163857677902621 0.028441011235955056 0.03838951310861423
1 0.5840941011235955 0.524812734082397 0.028441011235955056 0.03838951310861423
1 0.5837429775280899 0.5664794007490637 0.028441011235955056 0.03838951310861423
1 0.5567064606741573 0.5641385767790262 0.028441011235955056 0.03838951310861423
1 0.49315308988764045 0.5589887640449438 0.028441011235955056 0.03838951310861423
1 0.465063202247191 0.5566479400749064 0.028441011235955056 0.03838951310861423
1 0.4355688202247191 0.5529026217228464 0.028441011235955056 0.03838951310861423
1 0.4046699438202247 0.5510299625468165 0.028441011235955056 0.03838951310861423
1 0.37798455056179775 0.548689138576779 0.028441011235955056 0.03838951310861423
1 0.34708567415730335 0.5454119850187266 0.028441011235955056 0.03838951310861423
1 0.31548455056179775 0.5426029962546817 0.028441011235955056 0.03838951310861423
0 0.2636938202247191 0.5805243445692884 0.2635182584269663 0.5889513108614233 0.26439606741573035 0.5952715355805244 0.27264747191011235 0.6088483146067416 0.27598314606741575 0.6107209737827716 0.2791432584269663 0.6104868913857678 0.2854634831460674 0.6090823970037453 0.28774578651685395 0.6072097378277154 0.2909058988764045 0.5957397003745318 0.2909058988764045 0.5770131086142322 0.29178370786516855 0.5713951310861424 0.2910814606741573 0.5676498127340824 0.2891502808988764 0.56437265917603 0.2796699438202247 0.5589887640449438 0.27247191011235955 0.5578183520599251 0.26509831460674155 0.5678838951310862 0.2640449438202247 0.5709269662921348 0.26439606741573035 0.5781835205992509
1 0.28599016853932585 0.5397940074906367 0.028441011235955056 0.03838951310861423
1 0.2596558988764045 0.5351123595505618 0.028441011235955056 0.03838951310861423
1 0.2529266151685393 0.6147003745318352 0.028441011235955056 0.03838951310861423
1 0.28247893258426965 0.6170411985018727 0.028441011235955056 0.03838951310861423
1 0.3123244382022472 0.6170411985018727 0.028441011235955056 0.03838951310861423
1 0.3409989466292135 0.6236727528089887 0.028441011235955056 0.03838951310861423
1 0.3693820224719101 0.6287453183520599 0.028441011235955056 0.03838951310861423
1 0.40039852528089886 0.6306952247191011 0.028441011235955056 0.03838951310861423
1 0.43082865168539325 0.6330360486891385 0.028441011235955056 0.03838951310861423
1 0.4586253511235955 0.6361587078651686 0.028441011235955056 0.03838951310861423
1 0.42936622191011237 0.6697097378277154 0.028441011235955056 0.03838951310861423
1 0.4001053370786517 0.6681484082397003 0.028441011235955056 0.03838951310861423
1 0.36908883426966294 0.6661985018726592 0.028441011235955056 0.03838951310861423
1 0.3407075140449438 0.664248595505618 0.028441011235955056 0.03838951310861423
1 0.31115344101123593 0.6595669475655431 0.028441011235955056 0.03838951310861423
1 0.2514624297752809 0.6537148876404495 0.028441011235955056 0.03838951310861423
1 0.2816011235955056 0.6552738764044944 0.028441011235955056 0.03838951310861423
1 0.5519662921348315 0.6006554307116105 0.028441011235955056 0.03838951310861423
1 0.5806408005617978 0.6041666666666666 0.028441011235955056 0.03838951310861423
1 0.5493328651685393 0.6412289325842696 0.028441011235955056 0.03838951310861423
1 0.5159761235955056 0.6853160112359551 0.028441011235955056 0.03838951310861423
1 0.5446506320224719 0.6829751872659177 0.028441011235955056 0.03838951310861423
1 0.5765449438202247 0.6857045880149812 0.028441011235955056 0.03838951310861423
1 0.6069750702247191 0.6931179775280899 0.028441011235955056 0.03838951310861423
1 0.6423806179775281 0.5733450374531835 0.028441011235955056 0.03838951310861423
1 0.6453072331460674 0.6104096441947565 0.028441011235955056 0.03838951310861423
1 0.6417959971910112 0.6537148876404495 0.028441011235955056 0.03838951310861423
1 0.7102650983146067 0.5795880149812734 0.028441011235955056 0.03838951310861423
1 0.7047050561797753 0.6158707865168539 0.028441011235955056 0.03838951310861423
0 0.23086376404494383 0.49040262172284643 0.23103932584269662 0.49836142322097376 0.2341994382022472 0.5077247191011236 0.24069522471910113 0.511938202247191 0.2498244382022472 0.5135767790262172 0.25474016853932585 0.512874531835206 0.2593047752808989 0.5105337078651685 0.26106039325842695 0.5086610486891385 0.2621137640449438 0.5058520599250936 0.26299157303370785 0.5009363295880149 0.26053370786516855 0.49461610486891383 0.26264044943820225 0.48946629213483145 0.26316713483146065 0.48431647940074907 0.26228932584269665 0.4815074906367041 0.2580758426966292 0.4772940074906367 0.2515800561797753 0.475187265917603 0.24473314606741572 0.475187265917603 0.23788623595505617 0.477059925093633 0.234375 0.48080524344569286
0 0.26439606741573035 0.49087078651685395 0.26422050561797755 0.5084269662921348 0.2691362359550562 0.514747191011236 0.2758075842696629 0.5177902621722846 0.2828300561797753 0.5177902621722846 0.28792134831460675 0.5159176029962547 0.29178370786516855 0.5124063670411985 0.2928370786516854 0.5086610486891385 0.2926615168539326 0.48782771535580527 0.29195926966292135 0.48431647940074907 0.28967696629213485 0.4815074906367041 0.28002106741573035 0.47752808988764045 0.27264747191011235 0.4782303370786517 0.26843398876404495 0.48057116104868913 0.26509831460674155 0.48408239700374533
0 0.29406601123595505 0.49508426966292135 0.29353932584269665 0.5056179775280899 0.2945926966292135 0.511938202247191 0.2965238764044944 0.5161516853932584 0.29968398876404495 0.5194288389513109 0.30530196629213485 0.5224719101123596 0.3107443820224719 0.5231741573033708 0.3140800561797753 0.5224719101123596 0.3181179775280899 0.5201310861423221 0.3221558988764045 0.5154494382022472 0.32303370786516855 0.5121722846441947 0.32303370786516855 0.5077247191011236 0.32514044943820225 0.5016385767790262 0.32566713483146065 0.49461610486891383 0.32092696629213485 0.48782771535580527 0.3140800561797753 0.4836142322097378 0.30951544943820225 0.48267790262172283 0.30372191011235955 0.48314606741573035 0.296875 0.488061797752809
0 0.3261938202247191 0.5070224719101124 0.3260182584269663 0.5121722846441947 0.32672050561797755 0.5163857677902621 0.33093398876404495 0.525749063670412 0.3284761235955056 0.5397940074906367 0.33497191011235955 0.5419007490636704 0.3383075842696629 0.5407303370786517 0.3414676966292135 0.5299625468164794 0.3497191011235955 0.5259831460674157 0.3532303370786517 0.5229400749063671 0.3555126404494382 0.5189606741573034 0.3558637640449438 0.49461610486891383 0.3534058988764045 0.48431647940074907 0.3495435393258427 0.48080524344569286 0.34480337078651685 0.47869850187265917 0.3418188202247191 0.47846441947565543 0.33900983146067415 0.48080524344569286 0.336376404494382 0.48408239700374533 0.3342696629213483 0.48852996254681647 0.3279494382022472 0.4967228464419476
0 0.35691713483146065 0.4978932584269663 0.35656601123595505 0.5124063670411985 0.3576193820224719 0.5189606741573034 0.3591994382022472 0.5224719101123596 0.36235955056179775 0.5259831460674157 0.36604634831460675 0.5280898876404494 0.3769311797752809 0.5276217228464419 0.3827247191011236 0.5234082397003745 0.3848314606741573 0.5203651685393258 0.38606039325842695 0.5159176029962547 0.386938202247191 0.5014044943820225 0.38570926966292135 0.49719101123595505 0.3813202247191011 0.49204119850187267 0.37359550561797755 0.48829588014981273 0.36587078651685395 0.4887640449438202 0.3590238764044944 0.4932116104868914
0 0.3886938202247191 0.5084269662921348 0.3885182584269663 0.5156835205992509 0.38957162921348315 0.5217696629213483 0.39115168539325845 0.524812734082397 0.3922050561797753 0.5292602996254682 0.3950140449438202 0.5316011235955056 0.39712078651685395 0.5351123595505618 0.39764747191011235 0.5381554307116105 0.3969452247191011 0.5468164794007491 0.4046699438202247 0.5468164794007491 0.4060744382022472 0.5433052434456929 0.40572331460674155 0.5362827715355806 0.4078300561797753 0.533941947565543 0.41151685393258425 0.5332397003745318 0.41485252808988765 0.5297284644194756 0.4155547752808989 0.5252808988764045 0.4164325842696629 0.523876404494382 0.4164325842696629 0.5032771535580525 0.41485252808988765 0.4967228464419476 0.41116573033707865 0.48829588014981273 0.4081811797752809 0.48431647940074907 0.4046699438202247 0.4836142322097378 0.39747191011235955 0.48431647940074907 0.3941362359550562 0.48946629213483145 0.3908005617977528 0.49812734082397003
0 0.4180126404494382 0.5077247191011236 0.4180126404494382 0.5161516853932584 0.4195926966292135 0.5224719101123596 0.4238061797752809 0.5280898876404494 0.430126404494382 0.5323033707865169 0.43223314606741575 0.5327715355805244 0.4434691011235955 0.5292602996254682 0.44627808988764045 0.5259831460674157 0.4489115168539326 0.5154494382022472 0.44856039325842695 0.5088951310861424 0.44610252808988765 0.50187265917603 0.4410112359550562 0.49508426966292135 0.43627106741573035 0.49250936329588013 0.42854634831460675 0.49250936329588013 0.42468398876404495 0.4943820224719101 0.4199438202247191 0.499063670411985
0 0.22366573033707865 0.5727996254681648 0.22366573033707865 0.5819288389513109 0.22700140449438203 0.5922284644194756 0.22998595505617977 0.5955056179775281 0.23507724719101122 0.5976123595505618 0.2440308988764045 0.5978464419475655 0.2517556179775281 0.5941011235955056 0.2577247191011236 0.5884831460674157 0.2596558988764045 0.5819288389513109 0.2598314606741573 0.5711610486891385 0.25912921348314605 0.5681179775280899 0.25649578651685395 0.5636704119850188 0.25316011235955055 0.5601591760299626 0.24736657303370788 0.5578183520599251 0.24069522471910113 0.5571161048689138 0.23156601123595505 0.56062734082397 0.22629915730337077 0.5657771535580525
0 0.2933637640449438 0.577247191011236 0.293188202247191 0.5819288389513109 0.29424157303370785 0.5880149812734082 0.29353932584269665 0.5990168539325843 0.29547050561797755 0.6065074906367042 0.2991573033707865 0.610252808988764 0.30389747191011235 0.6116573033707865 0.30740870786516855 0.6109550561797753 0.3105688202247191 0.6090823970037453 0.32092696629213485 0.5945692883895131 0.32145365168539325 0.5915262172284644 0.32127808988764045 0.5814606741573034 0.3186446629213483 0.5683520599250936 0.3160112359550562 0.5632022471910112 0.31776685393258425 0.5571161048689138 0.31759129213483145 0.5536048689138576 0.3163623595505618 0.552434456928839 0.31109550561797755 0.5507958801498127 0.31004213483146065 0.5512640449438202 0.308813202247191 0.5536048689138576 0.308813202247191 0.5589887640449438 0.30775983146067415 0.5615636704119851 0.30021067415730335 0.5657771535580525 0.29634831460674155 0.5695224719101124 0.29389044943820225 0.574438202247191
0 0.3239115168539326 0.5711610486891385 0.3242626404494382 0.6013576779026217 0.32478932584269665 0.6041666666666666 0.3265449438202247 0.6072097378277154 0.331811797752809 0.6097846441947565 0.33479634831460675 0.6104868913857678 0.3379564606741573 0.6100187265917603 0.34269662921348315 0.6058052434456929 0.3456811797752809 0.6018258426966292 0.3495435393258427 0.5990168539325843 0.35024578651685395 0.5938670411985019 0.352001404494382 0.588249063670412 0.35445926966292135 0.5833333333333334 0.3551615168539326 0.574438202247191 0.3534058988764045 0.5685861423220974 0.3495435393258427 0.5634363295880149 0.3476123595505618 0.5582865168539326 0.34322331460674155 0.552434456928839 0.3418188202247191 0.5526685393258427 0.34094101123595505 0.5578183520599251 0.33497191011235955 0.5594569288389513 0.33058286516853935 0.5627340823970037 0.3260182584269663 0.5674157303370787
0 0.35217696629213485 0.5971441947565543 0.35235252808988765 0.6015917602996255 0.3537570224719101 0.6058052434456929 0.3590238764044944 0.6128277153558053 0.36393960674157305 0.6142322097378277 0.366748595505618 0.6165730337078652 0.36850421348314605 0.6207865168539326 0.3688553370786517 0.6261704119850188 0.3695575842696629 0.6273408239700374 0.37394662921348315 0.6275749063670412 0.3769311797752809 0.6264044943820225 0.37780898876404495 0.62312734082397 0.37640449438202245 0.6196161048689138 0.3765800561797753 0.6154026217228464 0.37816011235955055 0.6114232209737828 0.382373595505618 0.6067415730337079 0.383251404494382 0.6027621722846442 0.38184691011235955 0.596441947565543 0.38184691011235955 0.5877808988764045 0.3829002808988764 0.5812265917602997 0.3806179775280899 0.576310861423221 0.3732443820224719 0.5699906367041199 0.3695575842696629 0.5685861423220974 0.3656952247191011 0.5681179775280899 0.3614817415730337 0.5695224719101124 0.3572682584269663 0.5746722846441947 0.35603932584269665 0.584503745318352
0 0.382373595505618 0.5917602996254682 0.38219803370786515 0.5952715355805244 0.38360252808988765 0.6018258426966292 0.38764044943820225 0.6097846441947565 0.390625 0.612125468164794 0.39396067415730335 0.6132958801498127 0.40133426966292135 0.6132958801498127 0.40519662921348315 0.6109550561797753 0.40923455056179775 0.6069756554307116 0.41099016853932585 0.6039325842696629 0.4160814606741573 0.5849719101123596 0.41344803370786515 0.5793539325842697 0.409936797752809 0.574438202247191 0.40572331460674155 0.5718632958801498 0.4002808988764045 0.5702247191011236 0.39396067415730335 0.5718632958801498 0.38728932584269665 0.5765449438202247 0.38395365168539325 0.5847378277153558
0 0.4157303370786517 0.5919943820224719 0.4155547752808989 0.5999531835205992 0.4141502808988764 0.6058052434456929 0.41502808988764045 0.6125936329588015 0.4183637640449438 0.6186797752808989 0.4257373595505618 0.6264044943820225 0.42872191011235955 0.6285112359550562 0.4357443820224719 0.6282771535580525 0.4418890449438202 0.6228932584269663 0.4429424157303371 0.6198501872659176 0.44206460674157305 0.6041666666666666 0.44399578651685395 0.5957397003745318 0.44417134831460675 0.5919943820224719 0.4410112359550562 0.5816947565543071 0.43995786516853935 0.5802902621722846 0.4357443820224719 0.5767790262172284 0.43275983146067415 0.5781835205992509 0.42837078651685395 0.5767790262172284 0.4253862359550562 0.5786516853932584 0.42240168539325845 0.5788857677902621 0.42099719101123595 0.5819288389513109 0.4195926966292135 0.5828651685393258
0 0.4434691011235955 0.6027621722846442 0.44417134831460675 0.6135299625468165 0.4455758426966292 0.6172752808988764 0.44838483146067415 0.6210205992509363 0.45610955056179775 0.6247659176029963 0.46032303370786515 0.6252340823970037 0.46365870786516855 0.6245318352059925 0.46734550561797755 0.6214887640449438 0.47138342696629215 0.6144662921348315 0.47173455056179775 0.6076779026217228 0.47120786516853935 0.601123595505618 0.4722612359550562 0.5957397003745318 0.4722612359550562 0.5915262172284644 0.4685744382022472 0.5847378277153558 0.46418539325842695 0.5802902621722846 0.4594452247191011 0.5798220973782772 0.4533005617977528 0.5814606741573034 0.4492626404494382 0.5852059925093633 0.44627808988764045 0.5912921348314607
0 0.47366573033707865 0.5926966292134831 0.4741924157303371 0.613061797752809 0.47787921348314605 0.6182116104868914 0.4827949438202247 0.6214887640449438 0.4943820224719101 0.6259363295880149 0.4980688202247191 0.6264044943820225 0.5010533707865169 0.6240636704119851 0.5052668539325843 0.6168071161048689 0.5057935393258427 0.6123595505617978 0.5049157303370787 0.5962078651685393 0.5026334269662921 0.587312734082397 0.49912219101123595 0.5826310861423221 0.49122191011235955 0.5781835205992509 0.4882373595505618 0.579119850187266 0.4841994382022472 0.5788857677902621 0.47928370786516855 0.5812265917602997 0.47542134831460675 0.5875468164794008
0 0.5063202247191011 0.600187265917603 0.5061446629213483 0.6074438202247191 0.5071980337078652 0.6175093632958801 0.5100070224719101 0.62312734082397 0.5154494382022472 0.6289794007490637 0.5298455056179775 0.6266385767790262 0.535814606741573 0.6161048689138576 0.5366924157303371 0.6100187265917603 0.5361657303370787 0.6067415730337079 0.5366924157303371 0.6018258426966292 0.535814606741573 0.5959737827715356 0.5335323033707865 0.5917602996254682 0.5291432584269663 0.5884831460674157 0.5189606741573034 0.5842696629213483 0.5143960674157303 0.586376404494382 0.5114115168539326 0.5884831460674157 0.5089536516853933 0.5917602996254682
0 0.5028089887640449 0.649812734082397 0.5026334269662921 0.6542602996254682 0.5040379213483146 0.6612827715355806 0.5052668539325843 0.6629213483146067 0.5158005617977528 0.6683052434456929 0.5268609550561798 0.6692415730337079 0.5326544943820225 0.6673689138576779 0.5356390449438202 0.6650280898876404 0.5396769662921348 0.6577715355805244 0.5409058988764045 0.6479400749063671 0.5402036516853933 0.6444288389513109 0.5410814606741573 0.6406835205992509 0.539501404494382 0.6392790262172284 0.538623595505618 0.6360018726591761 0.5372191011235955 0.6338951310861424 0.5333567415730337 0.6308520599250936 0.5293188202247191 0.6294475655430711 0.5219452247191011 0.6299157303370787 0.5121137640449438 0.6331928838951311 0.5091292134831461 0.6385767790262172 0.5068469101123596 0.6406835205992509
0 0.4612008426966292 0.6430243445692884 0.4610252808988764 0.6474719101123596 0.46207865168539325 0.650749063670412 0.46348314606741575 0.6526217228464419 0.47138342696629215 0.6584737827715356 0.4731390449438202 0.6612827715355806 0.4780547752808989 0.663623595505618 0.48507724719101125 0.6640917602996255 0.49139747191011235 0.6622191011235955 0.49473314606741575 0.6584737827715356 0.49683988764044945 0.6542602996254682 0.49754213483146065 0.6465355805243446 0.49929775280898875 0.6409176029962547 0.49947331460674155 0.636938202247191 0.49701544943820225 0.6296816479400749 0.49525983146067415 0.6275749063670412 0.49122191011235955 0.625 0.4801615168539326 0.6217228464419475 0.4768258426966292 0.62312734082397 0.4743679775280899 0.6273408239700374 0.46734550561797755 0.6301498127340824 0.46365870786516855 0.6327247191011236 0.46190308988764045 0.6371722846441947
0 0.43697331460674155 0.6814138576779026 0.4373244382022472 0.6882022471910112 0.4396067415730337 0.6966292134831461 0.43837780898876405 0.701310861423221 0.4357443820224719 0.7038857677902621 0.4353932584269663 0.7064606741573034 0.4392556179775281 0.7111423220973783 0.44259129213483145 0.7106741573033708 0.4436446629213483 0.7073970037453183 0.44662921348314605 0.7050561797752809 0.44996488764044945 0.7055243445692884 0.45997191011235955 0.7031835205992509 0.46383426966292135 0.6992041198501873 0.4669943820224719 0.6921816479400749 0.4683988764044944 0.6860955056179775 0.46980337078651685 0.6729868913857678 0.4691011235955056 0.6647940074906367 0.4669943820224719 0.6615168539325843 0.4610252808988764 0.6568352059925093 0.4534761235955056 0.6582397003745318 0.444873595505618 0.6643258426966292 0.4413623595505618 0.6683052434456929 0.4390800561797753 0.6722846441947565
0 0.4703300561797753 0.6821161048689138 0.46997893258426965 0.6926498127340824 0.4710323033707865 0.6961610486891385 0.47384129213483145 0.7029494382022472 0.4780547752808989 0.7076310861423221 0.4840238764044944 0.7104400749063671 0.4882373595505618 0.7099719101123596 0.4945575842696629 0.7066947565543071 0.49859550561797755 0.6989700374531835 0.5005266853932584 0.6879681647940075 0.4998244382022472 0.6783707865168539 0.49701544943820225 0.6704119850187266 0.49139747191011235 0.6652621722846442 0.48191713483146065 0.6659644194756554 0.47735252808988765 0.6678370786516854 0.4722612359550562 0.6750936329588015
0 0.47963483146067415 0.5053838951310862 0.47945926966292135 0.5191947565543071 0.4801615168539326 0.5227059925093633 0.48103932584269665 0.525749063670412 0.48718398876404495 0.535814606741573 0.4945575842696629 0.5421348314606742 0.4998244382022472 0.5430711610486891 0.5047401685393258 0.5414325842696629 0.508251404494382 0.5327715355805244 0.5103581460674157 0.5161516853932584 0.5100070224719101 0.5093632958801498 0.5068469101123596 0.5004681647940075 0.5024578651685393 0.49625468164794007 0.4943820224719101 0.49204119850187267 0.4924508426966292 0.488061797752809 0.491748595505618 0.48408239700374533 0.4878862359550562 0.48408239700374533 0.48771067415730335 0.4911048689138577 0.4866573033707865 0.49461610486891383 0.48332162921348315 0.49859550561797755
0 0.511938202247191 0.5135767790262172 0.5112359550561798 0.5224719101123596 0.511938202247191 0.5280898876404494 0.5143960674157303 0.5348782771535581 0.5175561797752809 0.5383895131086143 0.5210674157303371 0.5407303370786517 0.527563202247191 0.5411985018726592 0.5337078651685393 0.5395599250936329 0.5377457865168539 0.5344101123595506 0.5398525280898876 0.5294943820224719 0.5409058988764045 0.514747191011236 0.5393258426966292 0.5098314606741573 0.534936797752809 0.5051498127340824 0.5259831460674157 0.5021067415730337 0.5217696629213483 0.5030430711610487 0.5140449438202247 0.5086610486891385 0.5122893258426966 0.5112359550561798
0 0.5444171348314607 0.5194288389513109 0.543188202247191 0.5262172284644194 0.5445926966292135 0.5360486891385767 0.5493328651685393 0.5430711610486891 0.5531952247191011 0.5454119850187266 0.5596910112359551 0.5463483146067416 0.5640800561797753 0.5451779026217228 0.5663623595505618 0.5433052434456929 0.5714536516853933 0.5297284644194756 0.5716292134831461 0.5215355805243446 0.5686446629213483 0.5131086142322098 0.5653089887640449 0.5102996254681648 0.5607443820224719 0.5081928838951311 0.5537219101123596 0.5077247191011236 0.546875 0.5114700374531835
0 0.5140449438202247 0.5529026217228464 0.5135182584269663 0.5711610486891385 0.5173806179775281 0.5793539325842697 0.5222963483146067 0.5828651685393258 0.532127808988764 0.5859082397003745 0.5391502808988764 0.5849719101123596 0.5435393258426966 0.5805243445692884 0.5449438202247191 0.5767790262172284 0.5451193820224719 0.5718632958801498 0.5433637640449438 0.5571161048689138 0.5396769662921348 0.5479868913857678 0.535814606741573 0.5423689138576779 0.5324789325842697 0.5407303370786517 0.5189606741573034 0.5428370786516854 0.5145716292134831 0.549625468164794
0 0.6000702247191011 0.526685393258427 0.5997191011235955 0.5332397003745318 0.6027036516853933 0.5433052434456929 0.6060393258426966 0.5475187265917603 0.6162219101123596 0.5507958801498127 0.6232443820224719 0.5498595505617978 0.6279845505617978 0.5451779026217228 0.6311446629213483 0.5372191011235955 0.6321980337078652 0.5290262172284644 0.6316713483146067 0.5215355805243446 0.628686797752809 0.5159176029962547 0.6232443820224719 0.5107677902621723 0.6181530898876404 0.5095973782771536 0.6135884831460674 0.5098314606741573 0.6081460674157303 0.511938202247191 0.6021769662921348 0.5191947565543071
0 0.598314606741573 0.5657771535580525 0.598314606741573 0.574438202247191 0.601123595505618 0.5823970037453183 0.6063904494382022 0.588249063670412 0.6120084269662921 0.5908239700374532 0.6192064606741573 0.5917602996254682 0.6232443820224719 0.5901217228464419 0.629564606741573 0.5826310861423221 0.6320224719101124 0.5746722846441947 0.6316713483146067 0.5678838951310862 0.6306179775280899 0.5634363295880149 0.6239466292134831 0.5545411985018727 0.6200842696629213 0.552434456928839 0.6104283707865169 0.5512640449438202 0.605688202247191 0.552434456928839 0.6016502808988764 0.5571161048689138
0 0.5969101123595506 0.6090823970037453 0.5970856741573034 0.6175093632958801 0.5998946629213483 0.6266385767790262 0.6012991573033708 0.6287453183520599 0.6090238764044944 0.6345973782771536 0.6151685393258427 0.6360018726591761 0.6200842696629213 0.6355337078651685 0.6278089887640449 0.6282771535580525 0.6302668539325843 0.6217228464419475 0.6306179775280899 0.6123595505617978 0.6272823033707865 0.6018258426966292 0.6234199438202247 0.5976123595505618 0.6162219101123596 0.5933988764044944 0.6091994382022472 0.5926966292134831 0.6044592696629213 0.5945692883895131 0.6014747191011236 0.5973782771535581 0.598314606741573 0.6022940074906367
0 0.5658356741573034 0.6411516853932584 0.5654845505617978 0.6441947565543071 0.5675912921348315 0.6544943820224719 0.569873595505618 0.6587078651685393 0.5712780898876404 0.6645599250936329 0.5740870786516854 0.6690074906367042 0.5775983146067416 0.6718164794007491 0.5814606741573034 0.6732209737827716 0.5888342696629213 0.6732209737827716 0.5933988764044944 0.6699438202247191 0.5969101123595506 0.6647940074906367 0.5976123595505618 0.6554307116104869 0.5969101123595506 0.6406835205992509 0.5941011235955056 0.6360018726591761 0.5909410112359551 0.6327247191011236 0.5844452247191011 0.6292134831460674 0.578125 0.6280430711610487 0.5747893258426966 0.6287453183520599 0.5712780898876404 0.6310861423220974 0.5674157303370787 0.6360018726591761
0 0.5986657303370787 0.6437265917602997 0.598314606741573 0.6493445692883895 0.5993679775280899 0.6540262172284644 0.5995435393258427 0.6647940074906367 0.601123595505618 0.6692415730337079 0.6041081460674157 0.6729868913857678 0.6095505617977528 0.6762640449438202 0.6160463483146067 0.6781367041198502 0.6188553370786517 0.6779026217228464 0.6214887640449438 0.6753277153558053 0.6274578651685393 0.6664325842696629 0.628686797752809 0.6591760299625468 0.628686797752809 0.6544943820224719 0.6278089887640449 0.6509831460674157 0.6239466292134831 0.6430243445692884 0.6202598314606742 0.6385767790262172 0.6023525280898876 0.6331928838951311
0 0.6218398876404494 0.6865636704119851 0.6216643258426966 0.7031835205992509 0.6255266853932584 0.7144194756554307 0.6257022471910112 0.7167602996254682 0.6300912921348315 0.726123595505618 0.6327247191011236 0.7294007490636704 0.6367626404494382 0.7308052434456929 0.6439606741573034 0.7298689138576779 0.6469452247191011 0.7272940074906367 0.6534410112359551 0.7106741573033708 0.6539676966292135 0.7059925093632958 0.6530898876404494 0.6959269662921348 0.6509831460674157 0.6882022471910112 0.6462429775280899 0.6825842696629213 0.6453651685393258 0.6804775280898876 0.6430828651685393 0.6790730337078652 0.6420294943820225 0.6718164794007491 0.6404494382022472 0.6706460674157303 0.6336025280898876 0.6715823970037453 0.6313202247191011 0.675561797752809 0.6232443820224719 0.6809456928838952
0 0.6339536516853933 0.5255149812734082 0.6304424157303371 0.5442415730337079 0.6309691011235955 0.5472846441947565 0.6355337078651685 0.5571161048689138 0.636938202247191 0.5648408239700374 0.6392205056179775 0.5676498127340824 0.6427317415730337 0.5690543071161048 0.647998595505618 0.5690543071161048 0.6513342696629213 0.5676498127340824 0.6580056179775281 0.5552434456928839 0.6616924157303371 0.5437734082397003 0.6616924157303371 0.5395599250936329 0.6578300561797753 0.5243445692883895 0.6564255617977528 0.5224719101123596 0.651685393258427 0.5196629213483146 0.6497542134831461 0.5142010767790262 0.6497542134831461 0.5117041198501873 0.6508075842696629 0.5086610486891385 0.6502808988764045 0.5079588014981273 0.6478230337078652 0.5063202247191011 0.6439606741573034 0.5060861423220974 0.6404494382022472 0.5084269662921348 0.6418539325842697 0.514747191011236 0.6413272471910112 0.5170880149812734 0.6393960674157303 0.5196629213483146 0.6353581460674157 0.5222378277153558
0 0.6590589887640449 0.5124063670411985 0.6580056179775281 0.5154494382022472 0.6587078651685393 0.5224719101123596 0.6613412921348315 0.5327715355805244 0.6632724719101124 0.5362827715355806 0.6643258426966292 0.5463483146067416 0.6678370786516854 0.5510299625468165 0.6750351123595506 0.5538389513108615 0.6788974719101124 0.5533707865168539 0.6811797752808989 0.552434456928839 0.6822331460674157 0.5510299625468165 0.6855688202247191 0.5503277153558053 0.6862710674157303 0.5475187265917603 0.6892556179775281 0.5470505617977528 0.692064606741573 0.5299625468164794 0.692064606741573 0.5262172284644194 0.6894311797752809 0.5189606741573034 0.6862710674157303 0.5149812734082397 0.6785463483146067 0.5088951310861424 0.671875 0.5051498127340824 0.6687148876404494 0.5044475655430711 0.6652036516853933 0.5053838951310862 0.6613412921348315 0.5084269662921348
0 0.6609901685393258 0.5676498127340824 0.6616924157303371 0.5720973782771536 0.6602879213483146 0.5742041198501873 0.660814606741573 0.5814606741573034 0.6648525280898876 0.5875468164794008 0.6694171348314607 0.5922284644194756 0.6769662921348315 0.5955056179775281 0.6860955056179775 0.5962078651685393 0.6890800561797753 0.5948033707865169 0.6925912921348315 0.5901217228464419 0.6945224719101124 0.5819288389513109 0.6945224719101124 0.5742041198501873 0.6936446629213483 0.5706928838951311 0.6903089887640449 0.5641385767790262 0.6834620786516854 0.5585205992509363 0.6787219101123596 0.5566479400749064 0.6716994382022472 0.5585205992509363 0.6678370786516854 0.56062734082397
0 0.6587078651685393 0.6069756554307116 0.6578300561797753 0.6128277153558053 0.659936797752809 0.6165730337078652 0.6622191011235955 0.62312734082397 0.6666081460674157 0.6289794007490637 0.6685393258426966 0.6345973782771536 0.671875 0.6362359550561798 0.6787219101123596 0.6376404494382022 0.6857443820224719 0.6362359550561798 0.6897823033707865 0.6329588014981273 0.6936446629213483 0.6264044943820225 0.6938202247191011 0.6158707865168539 0.6931179775280899 0.6090823970037453 0.6896067415730337 0.6020599250936329 0.6855688202247191 0.5980805243445693 0.6715238764044944 0.5957397003745318 0.6646769662921348 0.5957397003745318 0.6604634831460674 0.6018258426966292
0 0.6564255617977528 0.6439606741573034 0.6543188202247191 0.6514513108614233 0.6548455056179775 0.6547284644194756 0.6566011235955056 0.6584737827715356 0.6555477528089888 0.6615168539325843 0.657127808988764 0.6692415730337079 0.6602879213483146 0.6722846441947565 0.6650280898876404 0.6743913857677902 0.6680126404494382 0.6795411985018727 0.675561797752809 0.6821161048689138 0.6794241573033708 0.6825842696629213 0.6824087078651685 0.6809456928838952 0.6869733146067416 0.6764981273408239 0.6887289325842697 0.6718164794007491 0.6897823033707865 0.6650280898876404 0.6899578651685393 0.6575374531835206 0.6880266853932584 0.651685393258427 0.6857443820224719 0.6404494382022472 0.6848665730337079 0.6392790262172284 0.6822331460674157 0.6381086142322098 0.6757373595505618 0.6381086142322098 0.6716994382022472 0.6362359550561798 0.6683637640449438 0.6360018726591761 0.6648525280898876 0.6385767790262172 0.6627457865168539 0.638810861423221 0.6618679775280899 0.6406835205992509 0.6580056179775281 0.6413857677902621
0 0.652563202247191 0.6786048689138576 0.6523876404494382 0.6823501872659176 0.6511587078651685 0.6858614232209738 0.6534410112359551 0.6926498127340824 0.6539676966292135 0.6999063670411985 0.6560744382022472 0.709503745318352 0.6601123595505618 0.7167602996254682 0.6648525280898876 0.7228464419475655 0.6676615168539326 0.7247191011235955 0.6716994382022472 0.7258895131086143 0.6788974719101124 0.7249531835205992 0.6834620786516854 0.7205056179775281 0.6860955056179775 0.7165262172284644 0.6880266853932584 0.7069288389513109 0.6875 0.6966292134831461 0.6845154494382022 0.6907771535580525 0.6794241573033708 0.6842228464419475 0.6690660112359551 0.6814138576779026 0.6669592696629213 0.6797752808988764 0.6643258426966292 0.6757958801498127 0.6576544943820225 0.673689138576779
0 0.688377808988764 0.6434925093632958 0.6880266853932584 0.6512172284644194 0.6903089887640449 0.658941947565543 0.6897823033707865 0.6720505617977528 0.6910112359550562 0.6788389513108615 0.6932935393258427 0.6804775280898876 0.6961025280898876 0.6844569288389513 0.7001404494382022 0.6870318352059925 0.7061095505617978 0.6891385767790262 0.7099719101123596 0.6891385767790262 0.7133075842696629 0.6877340823970037 0.7168188202247191 0.68562734082397 0.7199789325842697 0.6821161048689138 0.722436797752809 0.6704119850187266 0.7217345505617978 0.6612827715355806 0.7203300561797753 0.6573033707865169 0.7155898876404494 0.650749063670412 0.7099719101123596 0.6465355805243446 0.703125 0.6439606741573034 0.6922401685393258 0.6430243445692884
0 0.6939957865168539 0.6999063670411985 0.6929424157303371 0.7029494382022472 0.6938202247191011 0.7158239700374532 0.6955758426966292 0.7202715355805244 0.6996137640449438 0.7256554307116105 0.7033005617977528 0.7282303370786517 0.7099719101123596 0.7284644194756554 0.7148876404494382 0.725187265917603 0.7185744382022472 0.7202715355805244 0.7198033707865169 0.7169943820224719 0.7201544943820225 0.7134831460674157 0.7191011235955056 0.7050561797752809 0.7169943820224719 0.6985018726591761 0.7133075842696629 0.6938202247191011 0.710498595505618 0.6926498127340824 0.7011938202247191 0.6914794007490637 0.6982092696629213 0.6933520599250936
0 0.694873595505618 0.5313670411985019 0.6946980337078652 0.5372191011235955 0.6938202247191011 0.5397940074906367 0.6938202247191011 0.5470505617977528 0.6961025280898876 0.552434456928839 0.7001404494382022 0.5571161048689138 0.7064606741573034 0.5594569288389513 0.7134831460674157 0.5599250936329588 0.7192766853932584 0.5571161048689138 0.7222612359550562 0.5522003745318352 0.7250702247191011 0.5411985018726592 0.7248946629213483 0.5362827715355806 0.722436797752809 0.528558052434457 0.7205056179775281 0.524812734082397 0.7182233146067416 0.5227059925093633 0.7097963483146067 0.5198970037453183 0.703125 0.5201310861423221 0.6990870786516854 0.5222378277153558 0.6959269662921348 0.5259831460674157