2 0.24051966292134833 0.4541198501872659 0.7420412570224719 0.5063981741573034 0.7320926966292135 0.7186329588014981 0.2305711025280899 0.6663546348314606
0 0.4397823033707865 0.641619850187266 0.44856039325842695 0.6465355805243446 0.44978932584269665 0.6582397003745318 0.4429424157303371 0.6818820224719101 0.4334620786516854 0.6863295880149812 0.4281952247191011 0.68562734082397 0.42099719101123595 0.6793071161048689 0.4180126404494382 0.6718164794007491 0.4183637640449438 0.665496254681648 0.4241573033707865 0.6472378277153558 0.43223314606741575 0.641619850187266 0.4396067415730337 0.641619850187266
0 0.6875 0.584503745318352 0.7001404494382022 0.5898876404494382 0.704002808988764 0.6018258426966292 0.7033005617977528 0.6128277153558053 0.6989115168539326 0.6212546816479401 0.6925912921348315 0.6266385767790262 0.6750351123595506 0.6198501872659176 0.6715238764044944 0.6163389513108615 0.6695926966292135 0.6100187265917603 0.6750351123595506 0.589185393258427 0.6788974719101124 0.5854400749063671 0.6873244382022472 0.584503745318352
0 0.37025983146067415 0.6371722846441947 0.38342696629213485 0.6385767790262172 0.3883426966292135 0.6472378277153558 0.3871137640449438 0.6647940074906367 0.37991573033707865 0.675561797752809 0.37359550561797755 0.6788389513108615 0.3628862359550562 0.675561797752809 0.35814606741573035 0.6584737827715356 0.36025280898876405 0.6430243445692884 0.36622191011235955 0.636938202247191 0.37008426966292135 0.6371722846441947
0 0.47384129213483145 0.4693352059925094 0.4882373595505618 0.48080524344569286 0.48753511235955055 0.5133426966292135 0.48103932584269665 0.5170880149812734 0.47120786516853935 0.516619850187266 0.46207865168539325 0.5058520599250936 0.460498595505618 0.48829588014981273 0.46172752808988765 0.4777621722846442 0.4666432584269663 0.4716760299625468 0.47366573033707865 0.4695692883895131
0 0.5561797752808989 0.6526217228464419 0.5682935393258427 0.661750936329588 0.5718047752808989 0.6786048689138576 0.5696980337078652 0.6924157303370787 0.558813202247191 0.699438202247191 0.5495084269662921 0.6961610486891385 0.5426615168539326 0.68562734082397 0.5417837078651685 0.6640917602996255 0.543188202247191 0.6577715355805244 0.5495084269662921 0.6523876404494382 0.5560042134831461 0.6526217228464419
0 0.6202598314606742 0.5758426966292135 0.6320224719101124 0.5812265917602997 0.6376404494382022 0.5931647940074907 0.6364115168539326 0.6118913857677902 0.6267556179775281 0.6189138576779026 0.6156952247191011 0.6170411985018727 0.6083216292134831 0.6086142322097379 0.6079705056179775 0.5823970037453183 0.6123595505617978 0.5774812734082397 0.6200842696629213 0.5758426966292135
0 0.6620435393258427 0.5397940074906367 0.6701193820224719 0.5463483146067416 0.6732794943820225 0.5608614232209738 0.6697682584269663 0.5718632958801498 0.6652036516853933 0.5784176029962547 0.6616924157303371 0.5795880149812734 0.6515098314606742 0.5786516853932584 0.6436095505617978 0.5718632958801498 0.6425561797752809 0.5465823970037453 0.6474719101123596 0.5397940074906367 0.6618679775280899 0.5397940074906367
0 0.5417837078651685 0.4791666666666667 0.5466994382022472 0.48057116104868913 0.5503862359550562 0.48525280898876405 0.5512640449438202 0.49836142322097376 0.5449438202247191 0.5159176029962547 0.5337078651685393 0.5231741573033708 0.5261587078651685 0.5203651685393258 0.5198384831460674 0.511938202247191 0.5212429775280899 0.48852996254681647 0.5291432584269663 0.4803370786516854 0.5416081460674157 0.4791666666666667
0 0.6141151685393258 0.6577715355805244 0.6300912921348315 0.6671348314606742 0.6336025280898876 0.6769662921348315 0.6337780898876404 0.68562734082397 0.6304424157303371 0.6956928838951311 0.6207865168539326 0.702247191011236 0.6107794943820225 0.699438202247191 0.6053370786516854 0.6926498127340824 0.6032303370786517 0.6858614232209738 0.6023525280898876 0.670880149812734 0.6042837078651685 0.6645599250936329 0.6091994382022472 0.6591760299625468 0.613939606741573 0.6577715355805244
0 0.5342345505617978 0.5625 0.5419592696629213 0.5671816479400749 0.5445926966292135 0.5955056179775281 0.5365168539325843 0.6067415730337079 0.5331811797752809 0.6081460674157303 0.5237008426966292 0.6072097378277154 0.519311797752809 0.602996254681648 0.514747191011236 0.5952715355805244 0.5136938202247191 0.5830992509363296 0.5145716292134831 0.5774812734082397 0.5226474719101124 0.5650749063670412 0.5259831460674157 0.5622659176029963 0.5340589887640449 0.5625
0 0.2988061797752809 0.4419475655430712 0.3031952247191011 0.44592696629213485 0.3023174157303371 0.45341760299625467 0.3067064606741573 0.46324906367041196 0.3068820224719101 0.48408239700374533 0.304248595505618 0.49063670411985016 0.29424157303370785 0.5025749063670412 0.2909058988764045 0.5035112359550562 0.2828300561797753 0.5030430711610487 0.2793188202247191 0.4988295880149813 0.27668539325842695 0.46629213483146065 0.2814255617977528 0.45880149812734083 0.29195926966292135 0.4517790262172285 0.2949438202247191 0.44241573033707865 0.2986306179775281 0.4419475655430712
0 0.46558988764044945 0.6444288389513109 0.4743679775280899 0.6509831460674157 0.47910814606741575 0.6715823970037453 0.47735252808988765 0.6851591760299626 0.46769662921348315 0.6959269662921348 0.4706811797752809 0.700374531835206 0.4669943820224719 0.7034176029962547 0.46348314606741575 0.7031835205992509 0.465063202247191 0.6956928838951311 0.4534761235955056 0.6889044943820225 0.44820926966292135 0.6788389513108615 0.45224719101123595 0.6509831460674157 0.45628511235955055 0.6463014981273408 0.46541432584269665 0.6444288389513109
0 0.3862359550561798 0.4691011235955056 0.3960674157303371 0.47659176029962547 0.397998595505618 0.4934456928838951 0.394311797752809 0.5032771535580525 0.38360252808988765 0.5093632958801498 0.3748244382022472 0.5065543071161048 0.3714887640449438 0.5028089887640449 0.36797752808988765 0.49461610486891383 0.3674508426966292 0.48642322097378277 0.3732443820224719 0.47073970037453183 0.38606039325842695 0.4691011235955056
0 0.6297401685393258 0.6219569288389513 0.6408005617977528 0.6336610486891385 0.6444873595505618 0.6493445692883895 0.6413272471910112 0.6584737827715356 0.6300912921348315 0.6666666666666666 0.613061797752809 0.6568352059925093 0.6097261235955056 0.6411516853932584 0.6104283707865169 0.6299157303370787 0.6149929775280899 0.6226591760299626 0.6199087078651685 0.6205524344569289 0.629564606741573 0.6219569288389513
0 0.6478230337078652 0.6598782771535581 0.6615168539325843 0.6680711610486891 0.6637991573033708 0.6783707865168539 0.6625702247191011 0.6954588014981273 0.6511587078651685 0.7036516853932584 0.6429073033707865 0.7010767790262172 0.6371137640449438 0.6949906367041199 0.6336025280898876 0.6750936329588015 0.6346558988764045 0.6680711610486891 0.6399227528089888 0.661750936329588 0.6476474719101124 0.6598782771535581
0 0.5998946629213483 0.6172752808988764 0.6032303370786517 0.6193820224719101 0.6090238764044944 0.6301498127340824 0.6100772471910112 0.6523876404494382 0.6063904494382022 0.6591760299625468 0.5993679775280899 0.6629213483146067 0.5844452247191011 0.6547284644194756 0.5798806179775281 0.6334269662921348 0.5809339887640449 0.6233614232209738 0.5856741573033708 0.6189138576779026 0.5997191011235955 0.6172752808988764
0 0.717872191011236 0.5465823970037453 0.7291081460674157 0.5500936329588015 0.7341994382022472 0.5559456928838952 0.7366573033707865 0.5641385767790262 0.7341994382022472 0.5814606741573034 0.722436797752809 0.587312734082397 0.7103230337078652 0.5852059925093633 0.7029494382022472 0.5786516853932584 0.7013693820224719 0.574438202247191 0.7050561797752809 0.5538389513108615 0.7087429775280899 0.5484550561797753 0.7176966292134831 0.5465823970037453
0 0.508251404494382 0.47448501872659177 0.5136938202247191 0.477059925093633 0.5198384831460674 0.48431647940074907 0.5203651685393258 0.49765917602996257 0.5166783707865169 0.5121722846441947 0.5050912921348315 0.5177902621722846 0.49736657303370785 0.5159176029962547 0.4903441011235955 0.5065543071161048 0.48753511235955055 0.4911048689138577 0.48893960674157305 0.48384831460674155 0.49157303370786515 0.48080524344569286 0.5019311797752809 0.4747191011235955 0.5080758426966292 0.47448501872659177
0 0.3218047752808989 0.6271067415730337 0.3261938202247191 0.6303838951310862 0.3297050561797753 0.6453651685393258 0.32566713483146065 0.6647940074906367 0.32110252808988765 0.6680711610486891 0.3007373595505618 0.6690074906367042 0.29634831460674155 0.6683052434456929 0.2933637640449438 0.6582397003745318 0.2991573033707865 0.6406835205992509 0.3084620786516854 0.6285112359550562 0.32162921348314605 0.6271067415730337
0 0.49157303370786515 0.6460674157303371 0.5042134831460674 0.649812734082397 0.5087780898876404 0.6575374531835206 0.5096558988764045 0.6645599250936329 0.5071980337078652 0.6818820224719101 0.49543539325842695 0.68937265917603 0.4841994382022472 0.6846910112359551 0.4799859550561798 0.6722846441947565 0.47981039325842695 0.6612827715355806 0.4824438202247191 0.6530898876404494 0.49139747191011235 0.6460674157303371
0 0.5667134831460674 0.6114232209737828 0.579002808988764 0.62312734082397 0.579002808988764 0.6376404494382022 0.5814606741573034 0.647003745318352 0.5793539325842697 0.6549625468164794 0.5689957865168539 0.6619850187265918 0.5530196629213483 0.6519194756554307 0.5486306179775281 0.6439606741573034 0.5463483146067416 0.6336610486891385 0.5481039325842697 0.6219569288389513 0.5528441011235955 0.6154026217228464 0.5603932584269663 0.6109550561797753 0.5665379213483146 0.6114232209737828
0 0.7245435393258427 0.5030430711610487 0.7345505617977528 0.5091292134831461 0.7392907303370787 0.523876404494382 0.7382373595505618 0.5332397003745318 0.734375 0.5428370786516854 0.7252457865168539 0.5454119850187266 0.7148876404494382 0.5440074906367042 0.7069873595505618 0.5365168539325843 0.7097963483146067 0.5245786516853933 0.7094452247191011 0.5084269662921348 0.7159410112359551 0.5039794007490637 0.7243679775280899 0.5030430711610487
0 0.2654494382022472 0.6224250936329588 0.2756320224719101 0.6254681647940075 0.29353932584269665 0.6240636704119851 0.29933286516853935 0.6331928838951311 0.29213483146067415 0.6610486891385767 0.2833567415730337 0.6652621722846442 0.27598314606741575 0.6652621722846442 0.265625 0.6540262172284644 0.2601825842696629 0.6374063670411985 0.2621137640449438 0.6271067415730337 0.2654494382022472 0.6226591760299626
0 0.27650983146067415 0.5421348314606742 0.2910814606741573 0.5461142322097379 0.29740168539325845 0.5500936329588015 0.2984550561797753 0.5533707865168539 0.29792837078651685 0.5709269662921348 0.29406601123595505 0.5816947565543071 0.277563202247191 0.5870786516853933 0.27247191011235955 0.5856741573033708 0.2675561797752809 0.577247191011236 0.26492275280898875 0.5610955056179775 0.26615168539325845 0.5470505617977528 0.27247191011235955 0.5419007490636704 0.27633426966292135 0.5421348314606742
0 0.32110252808988765 0.5442415730337079 0.3383075842696629 0.5561797752808989 0.3395365168539326 0.5608614232209738 0.33479634831460675 0.5709269662921348 0.31952247191011235 0.5830992509363296 0.30372191011235955 0.5805243445692884 0.29950842696629215 0.5742041198501873 0.2989817415730337 0.5608614232209738 0.29985955056179775 0.5533707865168539 0.3061797752808989 0.545880149812734 0.32092696629213485 0.5442415730337079
0 0.4438202247191011 0.5180243445692884 0.4548806179775281 0.5259831460674157 0.45558286516853935 0.5468164794007491 0.44996488764044945 0.5547752808988764 0.43802668539325845 0.5587546816479401 0.43258426966292135 0.5573501872659176 0.42714185393258425 0.5500936329588015 0.42521067415730335 0.5433052434456929 0.42854634831460675 0.5259831460674157 0.4378511235955056 0.5180243445692884 0.4436446629213483 0.5180243445692884
0 0.6306179775280899 0.5351123595505618 0.6374648876404494 0.5390917602996255 0.6425561797752809 0.5573501872659176 0.6399227528089888 0.5709269662921348 0.6371137640449438 0.5746722846441947 0.6304424157303371 0.577247191011236 0.6160463483146067 0.5718632958801498 0.6114817415730337 0.5641385767790262 0.6121839887640449 0.5423689138576779 0.6185042134831461 0.5362827715355806 0.6304424157303371 0.5351123595505618
0 0.38360252808988765 0.5955056179775281 0.38764044943820225 0.5978464419475655 0.39115168539325845 0.6090823970037453 0.3904494382022472 0.6308520599250936 0.383251404494382 0.6355337078651685 0.3693820224719101 0.6371722846441947 0.3628862359550562 0.6338951310861424 0.3595505617977528 0.62687265917603 0.359375 0.6161048689138576 0.3628862359550562 0.6036985018726592 0.38342696629213485 0.5957397003745318
0 0.3771067415730337 0.510065543071161 0.38974719101123595 0.5161516853932584 0.3946629213483146 0.5229400749063671 0.3944873595505618 0.5442415730337079 0.3923806179775281 0.5500936329588015 0.3948384831460674 0.5571161048689138 0.3941362359550562 0.5620318352059925 0.3908005617977528 0.5582865168539326 0.3871137640449438 0.5610955056179775 0.3843047752808989 0.5578183520599251 0.37201544943820225 0.5547752808988764 0.36604634831460675 0.5465823970037453 0.3635884831460674 0.5189606741573034 0.3692064606741573 0.511938202247191 0.3769311797752809 0.510065543071161
0 0.3219803370786517 0.5035112359550562 0.3319873595505618 0.5112359550561798 0.33339185393258425 0.5177902621722846 0.331811797752809 0.5337078651685393 0.32478932584269665 0.5435393258426966 0.3061797752808989 0.540496254681648 0.3031952247191011 0.536750936329588 0.3023174157303371 0.5311329588014981 0.30337078651685395 0.512874531835206 0.305126404494382 0.5093632958801498 0.31390449438202245 0.5037453183520599 0.3218047752808989 0.5035112359550562
0 0.6027036516853933 0.49087078651685395 0.6114817415730337 0.4969569288389513 0.613939606741573 0.5044475655430711 0.613939606741573 0.5126404494382022 0.6097261235955056 0.5252808988764045 0.5990168539325843 0.5304307116104869 0.5919943820224719 0.5292602996254682 0.5867275280898876 0.5241104868913857 0.5830407303370787 0.5156835205992509 0.5832162921348315 0.5046816479400749 0.5883075842696629 0.4936797752808989 0.6025280898876404 0.49087078651685395
0 0.6515098314606742 0.5798220973782772 0.6648525280898876 0.5821629213483146 0.672752808988764 0.588249063670412 0.6659058988764045 0.6128277153558053 0.6613412921348315 0.6196161048689138 0.6548455056179775 0.6228932584269663 0.6411516853932584 0.6193820224719101 0.6379915730337079 0.6093164794007491 0.636938202247191 0.5884831460674157 0.6385182584269663 0.5847378277153558 0.6434339887640449 0.5807584269662921 0.6513342696629213 0.5798220973782772
0 0.6955758426966292 0.5416666666666666 0.703125 0.5430711610486891 0.7054073033707865 0.5468164794007491 0.7033005617977528 0.5608614232209738 0.6973314606741573 0.5781835205992509 0.6876755617977528 0.5814606741573034 0.6729283707865169 0.5779494382022472 0.6713483146067416 0.5709269662921348 0.6734550561797753 0.56437265917603 0.6738061797752809 0.5503277153558053 0.6757373595505618 0.5461142322097379 0.6825842696629213 0.5409644194756554 0.6954002808988764 0.5416666666666666
0 0.46348314606741575 0.5510299625468165 0.47752808988764045 0.5608614232209738 0.48174157303370785 0.5671816479400749 0.48367275280898875 0.5751404494382022 0.48121488764044945 0.5919943820224719 0.46787219101123595 0.6004213483146067 0.46032303370786515 0.600187265917603 0.456811797752809 0.5973782771535581 0.449438202247191 0.5814606741573034 0.45259831460674155 0.5564138576779026 0.4566362359550562 0.5522003745318352 0.4633075842696629 0.5510299625468165
0 0.6753862359550562 0.6645599250936329 0.6892556179775281 0.6718164794007491 0.6936446629213483 0.6795411985018727 0.6932935393258427 0.7015449438202247 0.6894311797752809 0.7064606741573034 0.6827598314606742 0.7088014981273408 0.6734550561797753 0.7066947565543071 0.6652036516853933 0.6973314606741573 0.664501404494382 0.6704119850187266 0.6669592696629213 0.6647940074906367 0.6752106741573034 0.6645599250936329
0 0.3500702247191011 0.5905898876404494 0.355688202247191 0.5919943820224719 0.36077949438202245 0.6027621722846442 0.3570926966292135 0.625 0.3455056179775281 0.6345973782771536 0.33900983146067415 0.6341292134831461 0.331811797752809 0.6287453183520599 0.32900280898876405 0.6158707865168539 0.33058286516853935 0.6055711610486891 0.33514747191011235 0.5962078651685393 0.3498946629213483 0.5905898876404494
0 0.3495435393258427 0.5065543071161048 0.3558637640449438 0.5102996254681648 0.36060393258426965 0.5168539325842697 0.3628862359550562 0.523876404494382 0.3635884831460674 0.5397940074906367 0.36271067415730335 0.5433052434456929 0.3576193820224719 0.5475187265917603 0.3421699438202247 0.5557116104868914 0.331811797752809 0.5463483146067416 0.33146067415730335 0.5362827715355806 0.3374297752808989 0.511938202247191 0.3493679775280899 0.5065543071161048
0 0.4808637640449438 0.5976123595505618 0.484375 0.6060393258426966 0.4847261235955056 0.6308520599250936 0.48139044943820225 0.6374063670411985 0.4691011235955056 0.6425561797752809 0.46190308988764045 0.6404494382022472 0.45558286516853935 0.6308520599250936 0.45839185393258425 0.6058052434456929 0.4633075842696629 0.6006554307116105 0.4708567415730337 0.6013576779026217 0.480688202247191 0.5976123595505618
0 0.5400280898876404 0.5273876404494382 0.5479283707865169 0.5346441947565543 0.5510884831460674 0.5451779026217228 0.5481039325842697 0.5599250936329588 0.5412570224719101 0.5650749063670412 0.5226474719101124 0.5620318352059925 0.519311797752809 0.5472846441947565 0.5247542134831461 0.5313670411985019 0.5398525280898876 0.5273876404494382
0 0.47384129213483145 0.5194288389513109 0.4799859550561798 0.5222378277153558 0.48577949438202245 0.5351123595505618 0.4845505617977528 0.5512640449438202 0.48191713483146065 0.5564138576779026 0.47752808988764045 0.5587546816479401 0.46225421348314605 0.5500936329588015 0.45768960674157305 0.5435393258426966 0.45804073033707865 0.5262172284644194 0.465063202247191 0.5198970037453183 0.47366573033707865 0.5194288389513109
0 0.33514747191011235 0.6324906367041199 0.33918539325842695 0.6355337078651685 0.3532303370786517 0.637874531835206 0.35691713483146065 0.6434925093632958 0.36042837078651685 0.6788389513108615 0.35217696629213485 0.6870318352059925 0.3455056179775281 0.68562734082397 0.33532303370786515 0.6786048689138576 0.32865168539325845 0.6683052434456929 0.32759831460674155 0.6612827715355806 0.3298806179775281 0.6467696629213483 0.3279494382022472 0.6341292134831461 0.33497191011235955 0.6324906367041199
0 0.4396067415730337 0.4700374531835206 0.45435393258426965 0.47752808988764045 0.45997191011235955 0.4857209737827715 0.4608497191011236 0.49953183520599254 0.45786516853932585 0.5091292134831461 0.4471558988764045 0.516619850187266 0.43609550561797755 0.5131086142322098 0.4294241573033708 0.5014044943820225 0.42907303370786515 0.4777621722846442 0.43223314606741575 0.47331460674157305 0.4394311797752809 0.4700374531835206
0 0.5263342696629213 0.6523876404494382 0.5370435393258427 0.6580056179775281 0.5403792134831461 0.6650280898876404 0.5412570224719101 0.6762640449438202 0.5407303370786517 0.6858614232209738 0.5370435393258427 0.6921816479400749 0.5277387640449438 0.6963951310861424 0.5191362359550562 0.6938202247191011 0.5145716292134831 0.6889044943820225 0.511938202247191 0.6823501872659176 0.511060393258427 0.6701779026217228 0.5115870786516854 0.6645599250936329 0.5158005617977528 0.6570692883895131 0.5261587078651685 0.6523876404494382
0 0.7155898876404494 0.5884831460674157 0.7282303370786517 0.5959737827715356 0.7320926966292135 0.6058052434456929 0.7317415730337079 0.6163389513108615 0.7238412921348315 0.6289794007490637 0.7066362359550562 0.6310861423220974 0.7029494382022472 0.6306179775280899 0.6989115168539326 0.6233614232209738 0.7043539325842697 0.6090823970037453 0.7025983146067416 0.5945692883895131 0.7055828651685393 0.5905898876404494 0.7154143258426966 0.5884831460674157
0 0.7143609550561798 0.6296816479400749 0.7210323033707865 0.6310861423220974 0.7278792134831461 0.636938202247191 0.7336727528089888 0.6505149812734082 0.7308637640449438 0.6647940074906367 0.7205056179775281 0.6732209737827716 0.7097963483146067 0.6683052434456929 0.7050561797752809 0.6612827715355806 0.7052317415730337 0.6495786516853933 0.7025983146067416 0.6371722846441947 0.7059339887640449 0.6327247191011236 0.714185393258427 0.6296816479400749
0 0.25702247191011235 0.45318352059925093 0.27036516853932585 0.4585674157303371 0.27615870786516855 0.475187265917603 0.2752808988764045 0.488061797752809 0.2598314606741573 0.4943820224719101 0.2517556179775281 0.49297752808988765 0.24455758426966293 0.48829588014981273 0.24122191011235955 0.4845505617977528 0.23893960674157302 0.47448501872659177 0.2422752808988764 0.4595037453183521 0.2478932584269663 0.45529026217228463 0.25684691011235955 0.45318352059925093
0 0.4998244382022472 0.6074438202247191 0.5100070224719101 0.6118913857677902 0.5138693820224719 0.6226591760299626 0.5121137640449438 0.6381086142322098 0.5084269662921348 0.6439606741573034 0.5015800561797753 0.6474719101123596 0.49139747191011235 0.6448970037453183 0.48718398876404495 0.6404494382022472 0.48525280898876405 0.6343632958801498 0.48683286516853935 0.6154026217228464 0.4942064606741573 0.6079119850187266 0.4996488764044944 0.6074438202247191
0 0.4139747191011236 0.5124063670411985 0.42134831460674155 0.514747191011236 0.42521067415730335 0.5196629213483146 0.4260884831460674 0.536750936329588 0.4220505617977528 0.5470505617977528 0.40958567415730335 0.5522003745318352 0.40133426966292135 0.5507958801498127 0.3962429775280899 0.5447097378277154 0.3941362359550562 0.5294943820224719 0.3960674157303371 0.5205992509363296 0.40150983146067415 0.5142790262172284 0.4137991573033708 0.5124063670411985
0 0.2401685393258427 0.5814606741573034 0.2654494382022472 0.5777153558052435 0.27054073033707865 0.5880149812734082 0.26457162921348315 0.6025280898876404 0.26299157303370785 0.6137640449438202 0.24473314606741572 0.6200842696629213 0.238061797752809 0.6151685393258427 0.23595505617977527 0.6093164794007491 0.2382373595505618 0.5849719101123596 0.2401685393258427 0.5816947565543071
0 0.49473314606741575 0.5662453183520599 0.5050912921348315 0.5676498127340824 0.5122893258426966 0.5749063670411985 0.5135182584269663 0.5922284644194756 0.5094803370786517 0.6027621722846442 0.504564606741573 0.6067415730337079 0.49736657303370785 0.6067415730337079 0.4906952247191011 0.6036985018726592 0.48683286516853935 0.5987827715355806 0.4840238764044944 0.5905898876404494 0.48560393258426965 0.5739700374531835 0.48771067415730335 0.5697565543071161 0.4945575842696629 0.5664794007490637
0 0.5949789325842697 0.5732677902621723 0.605688202247191 0.5814606741573034 0.6081460674157303 0.599250936329588 0.6062148876404494 0.608380149812734 0.6023525280898876 0.6137640449438202 0.5935744382022472 0.6154026217228464 0.5865519662921348 0.6147003745318352 0.5804073033707865 0.6093164794007491 0.5770716292134831 0.6036985018726592 0.5754915730337079 0.5917602996254682 0.5770716292134831 0.5823970037453183 0.5804073033707865 0.5767790262172284 0.5858497191011236 0.5737359550561798 0.5948033707865169 0.5732677902621723
0 0.6023525280898876 0.5316011235955056 0.6104283707865169 0.5388576779026217 0.6125351123595506 0.5545411985018727 0.6107794943820225 0.5653089887640449 0.6021769662921348 0.5727996254681648 0.5884831460674157 0.5697565543071161 0.5825140449438202 0.5610955056179775 0.5844452247191011 0.5397940074906367 0.5916432584269663 0.5323033707865169 0.6021769662921348 0.5316011235955056
0 0.6687148876404494 0.6207865168539326 0.6797752808988764 0.62312734082397 0.6976825842696629 0.6322565543071161 0.7013693820224719 0.6367041198501873 0.7041783707865169 0.6495786516853933 0.7036516853932584 0.6612827715355806 0.7013693820224719 0.6657303370786517 0.6925912921348315 0.6713483146067416 0.6748595505617978 0.6629213483146067 0.6701193820224719 0.6530898876404494 0.6609901685393258 0.6439606741573034 0.6602879213483146 0.6331928838951311 0.6620435393258427 0.6266385767790262 0.6648525280898876 0.6212546816479401 0.6685393258426966 0.6207865168539326
0 0.3804424157303371 0.5571161048689138 0.38570926966292135 0.56062734082397 0.3908005617977528 0.5685861423220974 0.3909761235955056 0.5816947565543071 0.38360252808988765 0.5931647940074907 0.3706109550561798 0.5994850187265918 0.36429073033707865 0.598314606741573 0.3590238764044944 0.5924625468164794 0.355688202247191 0.584503745318352 0.3555126404494382 0.5777153558052435 0.35867275280898875 0.5674157303370787 0.36429073033707865 0.5594569288389513 0.37025983146067415 0.5564138576779026 0.38026685393258425 0.5571161048689138
0 0.4529494382022472 0.5922284644194756 0.4573384831460674 0.6022940074906367 0.45417837078651685 0.6233614232209738 0.45066713483146065 0.6301498127340824 0.4429424157303371 0.6345973782771536 0.43451544943820225 0.6336610486891385 0.4273174157303371 0.62687265917603 0.42468398876404495 0.6151685393258427 0.42521067415730335 0.6025280898876404 0.4311797752808989 0.5943352059925093 0.4417134831460674 0.5880149812734082 0.4496137640449438 0.586376404494382 0.4527738764044944 0.5922284644194756
0 0.3551615168539326 0.46324906367041196 0.3651685393258427 0.4700374531835206 0.36797752808988765 0.4798689138576779 0.3635884831460674 0.49859550561797755 0.3530547752808989 0.5051498127340824 0.3441011235955056 0.5032771535580525 0.3402387640449438 0.49953183520599254 0.33725421348314605 0.49391385767790263 0.3360252808988764 0.48057116104868913 0.3418188202247191 0.4660580524344569 0.3549859550561798 0.46324906367041196
0 0.32162921348314605 0.584503745318352 0.3298806179775281 0.588249063670412 0.33321629213483145 0.5952715355805244 0.32724719101123595 0.6257022471910112 0.3246137640449438 0.6301498127340824 0.32162921348314605 0.6271067415730337 0.3102176966292135 0.6264044943820225 0.304248595505618 0.6214887640449438 0.29985955056179775 0.6128277153558053 0.29775280898876405 0.5955056179775281 0.3012640449438202 0.5884831460674157 0.3068820224719101 0.584503745318352 0.32145365168539325 0.584503745318352
0 0.25526685393258425 0.5365168539325843 0.26632724719101125 0.5435393258426966 0.265625 0.5711610486891385 0.25860252808988765 0.5784176029962547 0.2501755617977528 0.5798220973782772 0.24473314606741572 0.5793539325842697 0.23735955056179775 0.5720973782771536 0.23402387640449437 0.5632022471910112 0.2341994382022472 0.5536048689138576 0.2363061797752809 0.5468164794007491 0.2420997191011236 0.5395599250936329 0.25509129213483145 0.5365168539325843
0 0.41502808988764045 0.47027153558052437 0.4222261235955056 0.47331460674157305 0.4259129213483146 0.4777621722846442 0.4281952247191011 0.4955524344569288 0.42468398876404495 0.5060861423220974 0.41485252808988765 0.5114700374531835 0.4020365168539326 0.5058520599250936 0.398876404494382 0.4922752808988764 0.40133426966292135 0.4772940074906367 0.40730337078651685 0.47191011235955055 0.41485252808988765 0.47027153558052437
0 0.5862008426966292 0.6570692883895131 0.5960323033707865 0.6612827715355806 0.6023525280898876 0.6776685393258427 0.6018258426966292 0.6889044943820225 0.5988412921348315 0.6959269662921348 0.5919943820224719 0.701310861423221 0.5812851123595506 0.6980337078651685 0.5725070224719101 0.6849250936329588 0.5728581460674157 0.6669007490636704 0.578125 0.6598782771535581 0.5860252808988764 0.6570692883895131
0 0.7080407303370787 0.6692415730337079 0.7222612359550562 0.6779026217228464 0.7273525280898876 0.6832865168539326 0.729810393258427 0.6919475655430711 0.7301615168539326 0.6999063670411985 0.7273525280898876 0.7097378277153558 0.7173455056179775 0.716058052434457 0.706811797752809 0.7127808988764045 0.6982092696629213 0.7029494382022472 0.695751404494382 0.6959269662921348 0.6938202247191011 0.6786048689138576 0.6996137640449438 0.6713483146067416 0.7078651685393258 0.6692415730337079
0 0.4044943820224719 0.5926966292134831 0.41731039325842695 0.5980805243445693 0.4236306179775281 0.6076779026217228 0.42450842696629215 0.6198501872659176 0.42240168539325845 0.6294475655430711 0.41520365168539325 0.6357677902621723 0.4008075842696629 0.6348314606741573 0.3965941011235955 0.6308520599250936 0.39396067415730335 0.6233614232209738 0.39308286516853935 0.6020599250936329 0.3983497191011236 0.5945692883895131 0.4043188202247191 0.5926966292134831
0 0.31759129213483145 0.448501872659176 0.3221558988764045 0.45646067415730335 0.33462078651685395 0.4627808988764045 0.3379564606741573 0.4700374531835206 0.33497191011235955 0.5009363295880149 0.328125 0.5044475655430711 0.32110252808988765 0.5035112359550562 0.3089887640449438 0.4913389513108614 0.30723314606741575 0.47425093632958804 0.31302668539325845 0.4592696629213483 0.3125 0.45271535580524347 0.31741573033707865 0.4487359550561798
0 0.6588834269662921 0.49157303370786515 0.6715238764044944 0.49976591760299627 0.6760884831460674 0.5086610486891385 0.6746839887640449 0.5327715355805244 0.6632724719101124 0.537687265917603 0.6509831460674157 0.5346441947565543 0.645189606741573 0.5262172284644194 0.6455407303370787 0.49812734082397003 0.6509831460674157 0.49204119850187267 0.6587078651685393 0.49157303370786515
0 0.5695224719101124 0.48782771535580527 0.5793539325842697 0.49414794007490637 0.5821629213483146 0.5016385767790262 0.582689606741573 0.5133426966292135 0.5779494382022472 0.5245786516853933 0.5693469101123596 0.5273876404494382 0.5560042134831461 0.5241104868913857 0.5524929775280899 0.5194288389513109 0.5500351123595506 0.5095973782771536 0.5545997191011236 0.49063670411985016 0.5693469101123596 0.48782771535580527
0 0.5057935393258427 0.5250468164794008 0.5135182584269663 0.5320692883895131 0.5168539325842697 0.5433052434456929 0.5166783707865169 0.5507958801498127 0.5131671348314607 0.5596910112359551 0.5035112359550562 0.5664794007490637 0.4945575842696629 0.5648408239700374 0.48964185393258425 0.5601591760299626 0.48700842696629215 0.5540730337078652 0.4866573033707865 0.5433052434456929 0.48771067415730335 0.5362827715355806 0.492626404494382 0.5287921348314607 0.4980688202247191 0.5255149812734082 0.5056179775280899 0.5250468164794008
0 0.293188202247191 0.5051498127340824 0.30372191011235955 0.5124063670411985 0.3012640449438202 0.536750936329588 0.29775280898876405 0.5414325842696629 0.29020365168539325 0.5447097378277154 0.27405196629213485 0.540496254681648 0.26896067415730335 0.5250468164794008 0.27071629213483145 0.5154494382022472 0.2756320224719101 0.5084269662921348 0.2828300561797753 0.5044475655430711 0.2930126404494382 0.5051498127340824
0 0.5714536516853933 0.5280898876404494 0.5775983146067416 0.5320692883895131 0.5823384831460674 0.5409644194756554 0.5823384831460674 0.5587546816479401 0.5760182584269663 0.5681179775280899 0.5640800561797753 0.5718632958801498 0.5572331460674157 0.5713951310861424 0.5502106741573034 0.5641385767790262 0.5493328651685393 0.5536048689138576 0.555126404494382 0.5327715355805244 0.5635533707865169 0.528558052434457 0.5712780898876404 0.5280898876404494
0 0.6288623595505618 0.4932116104868914 0.6388693820224719 0.49719101123595505 0.6446629213483146 0.511938202247191 0.6427317415730337 0.5278558052434457 0.6311446629213483 0.5337078651685393 0.6183286516853933 0.5304307116104869 0.6134129213483146 0.5224719101123596 0.6160463483146067 0.499063670411985 0.6199087078651685 0.4948501872659176 0.628686797752809 0.4932116104868914
0 0.42503511235955055 0.552434456928839 0.43082865168539325 0.56062734082397 0.43082865168539325 0.5678838951310862 0.4260884831460674 0.5849719101123596 0.41906601123595505 0.5933988764044944 0.41485252808988765 0.5948033707865169 0.4046699438202247 0.5929307116104869 0.3999297752808989 0.5894194756554307 0.3964185393258427 0.5828651685393258 0.39571629213483145 0.5674157303370787 0.4043188202247191 0.5559456928838952 0.42485955056179775 0.552434456928839
0 0.5235252808988764 0.6067415730337079 0.5379213483146067 0.6107209737827716 0.5424859550561798 0.6163389513108615 0.5444171348314607 0.6301498127340824 0.5368679775280899 0.6444288389513109 0.519311797752809 0.6519194756554307 0.5108848314606742 0.6441947565543071 0.5140449438202247 0.6315543071161048 0.5129915730337079 0.6156367041198502 0.5175561797752809 0.608380149812734 0.5233497191011236 0.6067415730337079
0 0.6925912921348315 0.499063670411985 0.7029494382022472 0.5011704119850188 0.7078651685393258 0.5070224719101124 0.7096207865168539 0.5227059925093633 0.7066362359550562 0.533941947565543 0.6996137640449438 0.5393258426966292 0.6918890449438202 0.5400280898876404 0.6834620786516854 0.5374531835205992 0.6766151685393258 0.5304307116104869 0.6778441011235955 0.5102996254681648 0.6839887640449438 0.5016385767790262 0.6924157303370787 0.49929775280898875
0 0.40502106741573035 0.6360018726591761 0.4155547752808989 0.6406835205992509 0.41906601123595505 0.6474719101123596 0.4195926966292135 0.6544943820224719 0.4155547752808989 0.6718164794007491 0.4046699438202247 0.6790730337078652 0.3909761235955056 0.674625468164794 0.38922050561797755 0.6718164794007491 0.3888693820224719 0.6566011235955056 0.38957162921348315 0.6474719101123596 0.39360955056179775 0.6404494382022472 0.39975421348314605 0.6362359550561798 0.40484550561797755 0.6360018726591761
1 0.5603353230337079 0.5891081460674158 0.029845505617977528 0.03901451310861423
1 0.4430003511235955 0.5735018726591761 0.033941362359550566 0.035891853932584275
1 0.34966116573033706 0.5727223782771536 0.029845505617977528 0.04681647940074907
1 0.26539150280898877 0.5149812734082397 0.041550210674157304 0.03901451310861423
1 0.25134655898876407 0.6445060861423221 0.033356741573033706 0.04525514981273408
1 0.6501632724719101 0.6382654494382023 0.033941362359550566 0.049936797752808994
0 0.26632724719101125 0.6022940074906367 0.2654494382022472 0.6058052434456929 0.265625 0.6125936329588015 0.2712429775280899 0.62312734082397 0.27282303370786515 0.6240636704119851 0.2794943820224719 0.625 0.2833567415730337 0.6233614232209738 0.28792134831460675 0.6193820224719101 0.2907303370786517 0.6128277153558053 0.2907303370786517 0.6053370786516854 0.289501404494382 0.5987827715355806 0.2875702247191011 0.5952715355805244 0.2830056179775281 0.5922284644194756 0.2758075842696629 0.5905898876404494 0.27229634831460675 0.5929307116104869 0.26860955056179775 0.5971441947565543