0 0.3325140449438202 0.540496254681648 0.33848314606741575 0.5433052434456929 0.34269662921348315 0.548689138576779 0.34287219101123595 0.5711610486891385 0.3381320224719101 0.576310861423221 0.3246137640449438 0.5819288389513109 0.31759129213483145 0.5786516853932584 0.3126755617977528 0.5711610486891385 0.3126755617977528 0.5533707865168539 0.32110252808988765 0.5421348314606742 0.3323384831460674 0.540496254681648
0 0.40098314606741575 0.6198501872659176 0.4044943820224719 0.62312734082397 0.40625 0.6299157303370787 0.4080056179775281 0.6505149812734082 0.40150983146067415 0.6619850187265918 0.3923806179775281 0.6671348314606742 0.38377808988764045 0.6657303370786517 0.3793890449438202 0.6619850187265918 0.37552668539325845 0.6434925093632958 0.38606039325842695 0.6261704119850188 0.4008075842696629 0.6198501872659176
0 0.30407303370786515 0.7045880149812734 0.3140800561797753 0.7055243445692884 0.3181179775280899 0.7151217228464419 0.31530898876404495 0.7373595505617978 0.3163623595505618 0.7413389513108615 0.3142556179775281 0.7439138576779026 0.30407303370786515 0.7443820224719101 0.2926615168539326 0.7413389513108615 0.2887991573033708 0.7343164794007491 0.28985252808988765 0.709503745318352 0.293188202247191 0.7055243445692884 0.296875 0.7069288389513109 0.30389747191011235 0.7045880149812734
0 0.7047050561797753 0.5685861423220974 0.7099719101123596 0.5704588014981273 0.7173455056179775 0.5779494382022472 0.7203300561797753 0.5912921348314607 0.717872191011236 0.6025280898876404 0.7069873595505618 0.6107209737827716 0.6964536516853933 0.6086142322097379 0.6876755617977528 0.599250936329588 0.6862710674157303 0.5816947565543071 0.6860955056179775 0.574438202247191 0.6889044943820225 0.5713951310861424 0.7045294943820225 0.5685861423220974
0 0.6346558988764045 0.5681179775280899 0.6492275280898876 0.5716292134831461 0.6551966292134831 0.5826310861423221 0.6557233146067416 0.6013576779026217 0.651685393258427 0.6072097378277154 0.6453651685393258 0.6100187265917603 0.6316713483146067 0.6072097378277154 0.6188553370786517 0.5887172284644194 0.6190308988764045 0.5767790262172284 0.6216643258426966 0.5709269662921348 0.6344803370786517 0.5681179775280899
0 0.6695926966292135 0.5653089887640449 0.6808286516853933 0.5709269662921348 0.686622191011236 0.5809925093632958 0.6871488764044944 0.5955056179775281 0.6787219101123596 0.6072097378277154 0.6650280898876404 0.6058052434456929 0.6569522471910112 0.5969101123595506 0.6543188202247191 0.5749063670411985 0.6555477528089888 0.5711610486891385 0.6646769662921348 0.5653089887640449 0.6694171348314607 0.5653089887640449
0 0.6344803370786517 0.6933520599250936 0.6478230337078652 0.6989700374531835 0.6523876404494382 0.7050561797752809 0.6551966292134831 0.714185393258427 0.65625 0.7240168539325843 0.6546699438202247 0.7305711610486891 0.6481741573033708 0.7443820224719101 0.6441362359550562 0.7462546816479401 0.6336025280898876 0.7439138576779026 0.6267556179775281 0.7310393258426966 0.6244733146067416 0.7207397003745318 0.624122191011236 0.6996722846441947 0.6299157303370787 0.6924157303370787 0.6343047752808989 0.6933520599250936
0 0.6235955056179775 0.5173220973782772 0.6288623595505618 0.5227059925093633 0.6441362359550562 0.5245786516853933 0.6495786516853933 0.5292602996254682 0.6564255617977528 0.5571161048689138 0.6544943820224719 0.5634363295880149 0.647998595505618 0.5685861423220974 0.6327247191011236 0.5657771535580525 0.6220154494382022 0.5571161048689138 0.6188553370786517 0.5472846441947565 0.6216643258426966 0.5327715355805244 0.6170997191011236 0.525749063670412 0.6170997191011236 0.5224719101123596 0.6193820224719101 0.5184925093632958 0.6234199438202247 0.5173220973782772
0 0.47770365168539325 0.661750936329588 0.49104634831460675 0.6645599250936329 0.5017556179775281 0.6631554307116105 0.5061446629213483 0.6753277153558053 0.4984199438202247 0.6804775280898876 0.4961376404494382 0.6924157303370787 0.4924508426966292 0.6996722846441947 0.4841994382022472 0.704119850187266 0.4747191011235955 0.7052902621722846 0.4631320224719101 0.7036516853932584 0.45768960674157305 0.6891385767790262 0.4664676966292135 0.6718164794007491 0.47401685393258425 0.662687265917603 0.47752808988764045 0.661750936329588
0 0.6548455056179775 0.6500468164794008 0.6569522471910112 0.6509831460674157 0.6580056179775281 0.6568352059925093 0.6576544943820225 0.6823501872659176 0.6541432584269663 0.6903089887640449 0.6478230337078652 0.6949906367041199 0.6372893258426966 0.6921816479400749 0.6299157303370787 0.6849250936329588 0.6225421348314607 0.6683052434456929 0.6209620786516854 0.6575374531835206 0.6228932584269663 0.6528558052434457 0.6271067415730337 0.6502808988764045 0.6474719101123596 0.6523876404494382 0.6546699438202247 0.6500468164794008
0 0.26299157303370785 0.660814606741573 0.27984550561797755 0.6661985018726592 0.28458567415730335 0.6753277153558053 0.2852879213483146 0.6898408239700374 0.2835323033707865 0.697565543071161 0.2789676966292135 0.7043539325842697 0.269311797752809 0.7083333333333334 0.25860252808988765 0.7034176029962547 0.25456460674157305 0.6963951310861424 0.2538623595505618 0.6676029962546817 0.2575491573033708 0.6612827715355806 0.26281601123595505 0.660814606741573
0 0.3628862359550562 0.5409644194756554 0.3686797752808989 0.5423689138576779 0.3767556179775281 0.5500936329588015 0.37780898876404495 0.5641385767790262 0.36815308988764045 0.5784176029962547 0.35639044943820225 0.5823970037453183 0.34849016853932585 0.5793539325842697 0.3453300561797753 0.5727996254681648 0.34322331460674155 0.5622659176029963 0.3439255617977528 0.550561797752809 0.3518258426966292 0.5428370786516854 0.36271067415730335 0.5409644194756554
0 0.6062148876404494 0.6118913857677902 0.6170997191011236 0.6154026217228464 0.6246488764044944 0.6271067415730337 0.6253511235955056 0.6446629213483146 0.6200842696629213 0.6521535580524345 0.6127106741573034 0.6554307116104869 0.6002457865168539 0.651685393258427 0.594627808988764 0.6406835205992509 0.5925210674157303 0.6266385767790262 0.5933988764044944 0.6193820224719101 0.5991924157303371 0.6135299625468165 0.6060393258426966 0.6118913857677902
0 0.581811797752809 0.6039325842696629 0.5833918539325843 0.6058052434456929 0.5835674157303371 0.6161048689138576 0.5933988764044944 0.6299157303370787 0.594627808988764 0.6420880149812734 0.586376404494382 0.665496254681648 0.5784761235955056 0.6690074906367042 0.5714536516853933 0.6678370786516854 0.5689957865168539 0.6647940074906367 0.563377808988764 0.648876404494382 0.5610955056179775 0.6301498127340824 0.5635533707865169 0.6184456928838952 0.5675912921348315 0.6123595505617978 0.574438202247191 0.6046348314606742 0.5816362359550562 0.6039325842696629
0 0.2828300561797753 0.7104400749063671 0.2866924157303371 0.7198033707865169 0.2875702247191011 0.7415730337078652 0.2758075842696629 0.7591292134831461 0.27247191011235955 0.7610018726591761 0.26492275280898875 0.7595973782771536 0.26070926966292135 0.7556179775280899 0.2575491573033708 0.7448501872659176 0.2579002808988764 0.7270599250936329 0.2635182584269663 0.7165262172284644 0.2677317415730337 0.7130149812734082 0.28265449438202245 0.7104400749063671
0 0.6996137640449438 0.6947565543071161 0.7099719101123596 0.6970973782771536 0.7183988764044944 0.7059925093632958 0.7206811797752809 0.7174625468164794 0.7176966292134831 0.7308052434456929 0.7066362359550562 0.733380149812734 0.7001404494382022 0.7308052434456929 0.6955758426966292 0.7247191011235955 0.6896067415730337 0.7062265917602997 0.6938202247191011 0.6989700374531835 0.699438202247191 0.6949906367041199
0 0.24367977528089887 0.586376404494382 0.2515800561797753 0.5917602996254682 0.25087780898876405 0.6163389513108615 0.2459620786516854 0.6240636704119851 0.23525280898876405 0.6287453183520599 0.2227879213483146 0.6245318352059925 0.21945224719101122 0.6161048689138576 0.21839887640449437 0.6058052434456929 0.22208567415730338 0.5952715355805244 0.22700140449438203 0.5896535580524345 0.24350421348314608 0.586376404494382
0 0.33514747191011235 0.6678370786516854 0.34094101123595505 0.6715823970037453 0.34866573033707865 0.6825842696629213 0.34884129213483145 0.6884363295880149 0.3460323033707865 0.6977996254681648 0.3398876404494382 0.7064606741573034 0.32566713483146065 0.7111423220973783 0.32127808988764045 0.709503745318352 0.3163623595505618 0.7006086142322098 0.3147823033707865 0.6903089887640449 0.3163623595505618 0.6793071161048689 0.324438202247191 0.6704119850187266 0.33497191011235955 0.6678370786516854
0 0.34884129213483145 0.702247191011236 0.35270365168539325 0.7064606741573034 0.3539325842696629 0.713249063670412 0.34884129213483145 0.736189138576779 0.3395365168539326 0.7516385767790262 0.3316362359550562 0.7544475655430711 0.32478932584269665 0.7528089887640449 0.31899578651685395 0.74812734082397 0.31952247191011235 0.7200374531835206 0.32531601123595505 0.712312734082397 0.34094101123595505 0.7059925093632958 0.34497893258426965 0.7017790262172284 0.34866573033707865 0.702247191011236
0 0.6371137640449438 0.6100187265917603 0.648876404494382 0.612125468164794 0.6564255617977528 0.6259363295880149 0.655372191011236 0.6432584269662921 0.6439606741573034 0.651685393258427 0.6336025280898876 0.648876404494382 0.6262289325842697 0.6399812734082397 0.6251755617977528 0.6193820224719101 0.6297401685393258 0.6123595505617978 0.636938202247191 0.6100187265917603
0 0.31337780898876405 0.6252340823970037 0.3184691011235955 0.6301498127340824 0.3163623595505618 0.6402153558052435 0.3167134831460674 0.6544943820224719 0.3179424157303371 0.6601123595505618 0.3221558988764045 0.6647940074906367 0.32110252808988765 0.6685393258426966 0.3160112359550562 0.6720505617977528 0.29599719101123595 0.6650280898876404 0.289501404494382 0.6554307116104869 0.2905547752808989 0.6371722846441947 0.2930126404494382 0.6315543071161048 0.3003862359550562 0.6264044943820225 0.31320224719101125 0.6252340823970037
0 0.2777387640449438 0.5842696629213483 0.2872191011235955 0.588249063670412 0.28423455056179775 0.5997191011235955 0.2833567415730337 0.6161048689138576 0.27598314606741575 0.6219569288389513 0.26228932584269665 0.6252340823970037 0.25649578651685395 0.62312734082397 0.2521067415730337 0.6161048689138576 0.25105337078651685 0.6046348314606742 0.25333567415730335 0.5926966292134831 0.2621137640449438 0.5849719101123596 0.277563202247191 0.5842696629213483
0 0.6729283707865169 0.6081460674157303 0.680126404494382 0.611189138576779 0.6867977528089888 0.6198501872659176 0.6894311797752809 0.6334269662921348 0.6876755617977528 0.6477059925093633 0.6788974719101124 0.6558988764044944 0.6641502808988764 0.6509831460674157 0.6606390449438202 0.6472378277153558 0.6581811797752809 0.637874531835206 0.6606390449438202 0.6175093632958801 0.6674859550561798 0.6088483146067416 0.672752808988764 0.6081460674157303
0 0.6650280898876404 0.6921816479400749 0.6825842696629213 0.6985018726591761 0.6889044943820225 0.7104400749063671 0.6899578651685393 0.7176966292134831 0.6867977528089888 0.7305711610486891 0.6822331460674157 0.7354868913857678 0.675561797752809 0.7373595505617978 0.6650280898876404 0.7326779026217228 0.6567766853932584 0.7205056179775281 0.6532654494382022 0.699438202247191 0.6580056179775281 0.6935861423220974 0.6648525280898876 0.6921816479400749
0 0.2749297752808989 0.625 0.2866924157303371 0.6324906367041199 0.28827247191011235 0.6420880149812734 0.2872191011235955 0.6549625468164794 0.28037219101123595 0.661750936329588 0.27598314606741575 0.6629213483146067 0.26088483146067415 0.6587078651685393 0.2577247191011236 0.6544943820224719 0.2559691011235955 0.6404494382022472 0.2575491573033708 0.6329588014981273 0.2612359550561798 0.6282771535580525 0.27475421348314605 0.625
0 0.3769311797752809 0.6259363295880149 0.383251404494382 0.6334269662921348 0.37570224719101125 0.6439606741573034 0.37833567415730335 0.6629213483146067 0.3692064606741573 0.6750936329588015 0.3530547752808989 0.6828183520599251 0.3455056179775281 0.6779026217228464 0.34041432584269665 0.6683052434456929 0.34691011235955055 0.6437265917602997 0.34884129213483145 0.639747191011236 0.3590238764044944 0.6324906367041199 0.3767556179775281 0.6259363295880149
0 0.27212078651685395 0.5428370786516854 0.28072331460674155 0.549625468164794 0.28019662921348315 0.5730337078651685 0.272998595505618 0.5819288389513109 0.26246488764044945 0.5838014981273408 0.2579002808988764 0.5833333333333334 0.25105337078651685 0.5732677902621723 0.24912219101123595 0.5646067415730337 0.25087780898876405 0.5514981273408239 0.2594803370786517 0.5433052434456929 0.2719452247191011 0.5428370786516854
0 0.30196629213483145 0.5823970037453183 0.3123244382022472 0.5849719101123596 0.31583567415730335 0.5903558052434457 0.31741573033707865 0.5999531835205992 0.31197331460674155 0.6182116104868914 0.29810393258426965 0.625 0.2889747191011236 0.6214887640449438 0.2856390449438202 0.6163389513108615 0.28441011235955055 0.601123595505618 0.2851123595505618 0.5952715355805244 0.29002808988764045 0.5856741573033708 0.30179073033707865 0.5823970037453183
0 0.25667134831460675 0.7062265917602997 0.26246488764044945 0.7097378277153558 0.26299157303370785 0.7139513108614233 0.257373595505618 0.7258895131086143 0.2557935393258427 0.7413389513108615 0.24490870786516855 0.7535112359550562 0.238061797752809 0.7565543071161048 0.2285814606741573 0.7551498127340824 0.22384129213483145 0.75 0.22138342696629212 0.7415730337078652 0.222436797752809 0.7272940074906367 0.23577949438202248 0.712312734082397 0.25649578651685395 0.7062265917602997
0 0.49543539325842695 0.7010767790262172 0.49877106741573035 0.7062265917602997 0.5015800561797753 0.7181647940074907 0.5015800561797753 0.7284644194756554 0.49543539325842695 0.7443820224719101 0.48771067415730335 0.7476591760299626 0.47945926966292135 0.7455524344569289 0.47384129213483145 0.7394662921348315 0.47155898876404495 0.7202715355805244 0.47384129213483145 0.7104400749063671 0.4768258426966292 0.7069288389513109 0.49525983146067415 0.7010767790262172
0 0.24122191011235955 0.5440074906367042 0.2501755617977528 0.5503277153558053 0.25052668539325845 0.5779494382022472 0.24122191011235955 0.584503745318352 0.23086376404494383 0.5856741573033708 0.22033005617977527 0.5767790262172284 0.21769662921348315 0.5674157303370787 0.21822331460674158 0.5608614232209738 0.22384129213483145 0.5489232209737828 0.23384831460674158 0.5440074906367042 0.24104634831460675 0.5440074906367042
0 0.3374297752808989 0.6226591760299626 0.3477879213483146 0.6294475655430711 0.3495435393258427 0.6371722846441947 0.33865870786516855 0.663623595505618 0.32531601123595505 0.6669007490636704 0.3205758426966292 0.6633895131086143 0.3163623595505618 0.6549625468164794 0.3167134831460674 0.6341292134831461 0.3237359550561798 0.6259363295880149 0.33725421348314605 0.6226591760299626
0 0.3007373595505618 0.5414325842696629 0.3061797752808989 0.5433052434456929 0.31179775280898875 0.5498595505617978 0.31197331460674155 0.5713951310861424 0.30407303370786515 0.5800561797752809 0.2949438202247191 0.5828651685393258 0.28967696629213485 0.5821629213483146 0.28177668539325845 0.5742041198501873 0.28019662921348315 0.5603932584269663 0.2856390449438202 0.5463483146067416 0.29353932584269665 0.5419007490636704 0.300561797752809 0.5414325842696629
0 0.33725421348314605 0.5793539325842697 0.34691011235955055 0.5823970037453183 0.35217696629213485 0.5875468164794008 0.35217696629213485 0.6076779026217228 0.34866573033707865 0.6147003745318352 0.3418188202247191 0.6203183520599251 0.32566713483146065 0.6235955056179775 0.32110252808988765 0.62312734082397 0.31741573033707865 0.6161048689138576 0.3200491573033708 0.5945692883895131 0.3258426966292135 0.5840355805243446 0.33707865168539325 0.5793539325842697
0 0.2420997191011236 0.6669007490636704 0.24894662921348315 0.6704119850187266 0.25280898876404495 0.675561797752809 0.25333567415730335 0.699438202247191 0.24525983146067415 0.7071629213483146 0.23472612359550563 0.7111423220973783 0.23086376404494383 0.7106741573033708 0.22419241573033707 0.7029494382022472 0.22173455056179775 0.6860955056179775 0.22331460674157302 0.6788389513108615 0.22752808988764045 0.6743913857677902 0.24192415730337077 0.6669007490636704
0 0.4241573033707865 0.6086142322097379 0.4359199438202247 0.6200842696629213 0.4397823033707865 0.6320224719101124 0.4390800561797753 0.6439606741573034 0.4320575842696629 0.6577715355805244 0.4336376404494382 0.6647940074906367 0.42889747191011235 0.6687734082397003 0.42521067415730335 0.6683052434456929 0.42327949438202245 0.6601123595505618 0.41502808988764045 0.6547284644194756 0.41081460674157305 0.648876404494382 0.40747893258426965 0.6371722846441947 0.41116573033707865 0.6125936329588015 0.4164325842696629 0.608380149812734 0.4239817415730337 0.6086142322097379
0 0.6618679775280899 0.6521535580524345 0.6790730337078652 0.6566011235955056 0.6855688202247191 0.6685393258426966 0.6882022471910112 0.68562734082397 0.6794241573033708 0.6954588014981273 0.6585323033707865 0.6884363295880149 0.6578300561797753 0.6575374531835206 0.6616924157303371 0.6521535580524345
0 0.48577949438202245 0.5292602996254682 0.4980688202247191 0.5374531835205992 0.5050912921348315 0.5351123595505618 0.507373595505618 0.5435393258426966 0.5050912921348315 0.5465823970037453 0.5005266853932584 0.5465823970037453 0.49912219101123595 0.5573501872659176 0.49473314606741575 0.5662453183520599 0.48490168539325845 0.5713951310861424 0.46752106741573035 0.5676498127340824 0.4629564606741573 0.5620318352059925 0.46190308988764045 0.5526685393258427 0.47384129213483145 0.5323033707865169 0.48560393258426965 0.5292602996254682
0 0.6964536516853933 0.6493445692883895 0.7140098314606742 0.6547284644194756 0.7173455056179775 0.6580056179775281 0.7203300561797753 0.6664325842696629 0.7203300561797753 0.6823501872659176 0.7166432584269663 0.6891385767790262 0.7089185393258427 0.6933520599250936 0.7010182584269663 0.6926498127340824 0.6917134831460674 0.6867977528089888 0.6869733146067416 0.6720505617977528 0.6857443820224719 0.6580056179775281 0.6892556179775281 0.6523876404494382 0.6962780898876404 0.6493445692883895
0 0.2515800561797753 0.6271067415730337 0.2542134831460674 0.6313202247191011 0.25509129213483145 0.6509831460674157 0.246313202247191 0.6647940074906367 0.23771067415730338 0.6661985018726592 0.22752808988764045 0.6725187265917603 0.2185744382022472 0.6685393258426966 0.20997191011235955 0.6556647940074907 0.20751404494382023 0.6479400749063671 0.20997191011235955 0.6343632958801498 0.2243679775280899 0.6285112359550562 0.23893960674157302 0.6303838951310862 0.25140449438202245 0.6271067415730337
0 0.7013693820224719 0.6107209737827716 0.7136587078651685 0.6125936329588015 0.7201544943820225 0.6182116104868914 0.7243679775280899 0.6264044943820225 0.7238412921348315 0.6437265917602997 0.7199789325842697 0.6509831460674157 0.7136587078651685 0.653558052434457 0.6996137640449438 0.6491104868913857 0.6906601123595506 0.6406835205992509 0.6867977528089888 0.6196161048689138 0.6925912921348315 0.6125936329588015 0.7011938202247191 0.6107209737827716
0 0.49157303370786515 0.6189138576779026 0.5015800561797753 0.6245318352059925 0.5056179775280899 0.6376404494382022 0.49894662921348315 0.6537921348314607 0.49490870786516855 0.658941947565543 0.488061797752809 0.6622191011235955 0.4729634831460674 0.6573033707865169 0.4666432584269663 0.6580056179775281 0.4608497191011236 0.6509831460674157 0.46787219101123595 0.6430243445692884 0.4706811797752809 0.6296816479400749 0.4762991573033708 0.6221910112359551 0.48367275280898875 0.6186797752808989 0.49139747191011235 0.6189138576779026
0 0.6618679775280899 0.5107677902621723 0.6783707865168539 0.5224719101123596 0.6834620786516854 0.5325374531835206 0.679248595505618 0.5536048689138576 0.6720505617977528 0.5596910112359551 0.6578300561797753 0.5582865168539326 0.6536165730337079 0.5468164794007491 0.6494030898876404 0.526685393258427 0.6499297752808989 0.5194288389513109 0.655372191011236 0.5121722846441947 0.6616924157303371 0.5107677902621723
0 0.4884129213483146 0.5723314606741573 0.5015800561797753 0.5756086142322098 0.5056179775280899 0.5924625468164794 0.49894662921348315 0.6032303370786517 0.49122191011235955 0.6104868913857678 0.48367275280898875 0.6137640449438202 0.477001404494382 0.6128277153558053 0.4671699438202247 0.6051029962546817 0.45997191011235955 0.6065074906367042 0.4575140449438202 0.598314606741573 0.45979634831460675 0.5943352059925093 0.4671699438202247 0.5926966292134831 0.46927668539325845 0.5812265917602997 0.47384129213483145 0.5739700374531835 0.4882373595505618 0.5723314606741573
0 0.289501404494382 0.6647940074906367 0.3003862359550562 0.6661985018726592 0.31109550561797755 0.6711142322097379 0.31530898876404495 0.6786048689138576 0.30933988764044945 0.6999063670411985 0.30372191011235955 0.7038857677902621 0.293188202247191 0.704119850187266 0.2889747191011236 0.701310861423221 0.28651685393258425 0.6956928838951311 0.2856390449438202 0.674625468164794 0.289501404494382 0.6650280898876404
0 0.6997893258426966 0.5269194756554307 0.7061095505617978 0.5294943820224719 0.710498595505618 0.5348782771535581 0.7136587078651685 0.5456460674157303 0.7136587078651685 0.5536048689138576 0.7108497191011236 0.5615636704119851 0.7064606741573034 0.5662453183520599 0.7004915730337079 0.5678838951310862 0.6878511235955056 0.5639044943820225 0.6810042134831461 0.5540730337078652 0.6848665730337079 0.5318352059925093 0.6889044943820225 0.5283239700374532 0.6996137640449438 0.5269194756554307
1 0.6015186095505618 0.5486306179775281 0.026773174157303372 0.03569756554307116
1 0.5707952949438202 0.5486306179775281 0.027650983146067416 0.03803838951310862
1 0.5435832162921348 0.5498010299625468 0.031162219101123597 0.03803838951310862
1 0.5139571629213483 0.5515566479400749 0.027212078651685394 0.03686797752808989
1 0.45251053370786515 0.5547752808988764 0.02282303370786517 0.03745318352059925
1 0.42661516853932585 0.5571161048689138 0.029845505617977528 0.038623595505617975
1 0.3945751404494382 0.5585791198501873 0.028089887640449437 0.04154962546816479
1 0.3675825140449438 0.599250936329588 0.03204002808988764 0.03628277153558052
1 0.39742801966292135 0.5972027153558053 0.02852879213483146 0.033356741573033706
1 0.4261762640449438 0.5939840823970037 0.03160112359550562 0.03628277153558052
1 0.4551439606741573 0.591935861423221 0.028089887640449437 0.033356741573033706
1 0.5157127808988764 0.5884246254681648 0.02457865168539326 0.03569756554307116
1 0.5448999297752809 0.591058052434457 0.031162219101123597 0.03628277153558052
1 0.5718925561797753 0.5872542134831461 0.029845505617977528 0.033356741573033706
1 0.6039325842696629 0.5869616104868914 0.029845505617977528 0.03277153558052434
1 0.5442415730337079 0.630559456928839 0.03160112359550562 0.03569756554307116
1 0.5154933286516854 0.6323150749063671 0.024139747191011238 0.034527153558052436
1 0.45448560393258425 0.6358263108614233 0.024139747191011238 0.03569756554307116
1 0.42880969101123595 0.6744499063670412 0.028089887640449437 0.033356741573033706
1 0.4566801264044944 0.6735720973782772 0.027650983146067416 0.038623595505617975
1 0.40115870786516855 0.6750351123595506 0.028967696629213485 0.034527153558052436
1 0.36780196629213485 0.6794241573033708 0.033356741573033706 0.02457865168539326
1 0.45821629213483145 0.7139513108614233 0.026334269662921347 0.03394194756554307
1 0.429468047752809 0.7133661048689138 0.02852879213483146 0.030430711610486893
1 0.4007198033707865 0.7127808988764045 0.027212078651685394 0.03277153558052434
1 0.37021594101123595 0.7139513108614233 0.03028441011235955 0.03277153558052434
1 0.5168100421348315 0.6680126404494382 0.026773174157303372 0.032186329588014984
1 0.546436095505618 0.6671348314606742 0.030723314606741572 0.03277153558052434
1 0.5492889747191011 0.7034176029962547 0.029406601123595506 0.03394194756554307
1 0.5174683988764045 0.7066362359550562 0.03160112359550562 0.03569756554307116
1 0.5760621488764045 0.6703534644194756 0.024139747191011238 0.026334269662921347
1 0.60546875 0.6662570224719101 0.025895365168539325 0.03686797752808989
1 0.6067854634831461 0.7066362359550562 0.03204002808988764 0.033356741573033706
1 0.5767205056179775 0.7063436329588015 0.027212078651685394 0.03160112359550562
2 0.21594101123595505 0.5395599250936329 0.7206811797752809 0.522003745318352 0.7259480337078652 0.7467228464419475 0.22208567415730338 0.7549157303370787