0 0.610252808988764 0.45529026217228463 0.6188553370786517 0.4585674157303371 0.6235955056179775 0.47027153558052437 0.6206109550561798 0.48431647940074907 0.610252808988764 0.49040262172284643 0.6009480337078652 0.48618913857677903 0.5970856741573034 0.4772940074906367 0.5976123595505618 0.46652621722846443 0.6002457865168539 0.45903558052434457 0.6100772471910112 0.45529026217228463
0 0.5244030898876404 0.31203183520599254 0.5294943820224719 0.31390449438202245 0.5352879213483146 0.3211610486891386 0.5366924157303371 0.32818352059925093 0.5301966292134831 0.34386704119850187 0.5228230337078652 0.34808052434456926 0.5128160112359551 0.3431647940074906 0.5094803370786517 0.3342696629213483 0.5133426966292135 0.31788389513108617 0.5191362359550562 0.3125 0.5242275280898876 0.31203183520599254
0 0.616748595505618 0.36493445692883897 0.6235955056179775 0.3693820224719101 0.6274578651685393 0.37687265917602997 0.6281601123595506 0.3836610486891386 0.625 0.39442883895131087 0.6162219101123596 0.4002808988764045 0.609375 0.398876404494382 0.6037570224719101 0.39396067415730335 0.6005969101123596 0.37523408239700373 0.6055126404494382 0.36914794007490637 0.6165730337078652 0.36493445692883897
0 0.5849719101123596 0.31999063670411987 0.59375 0.3237359550561798 0.5990168539325843 0.33497191011235955 0.5981390449438202 0.3455056179775281 0.5925210674157303 0.35720973782771537 0.5886587078651685 0.3604868913857678 0.578125 0.3600187265917603 0.5730337078651685 0.35674157303370785 0.569873595505618 0.3508895131086142 0.5691713483146067 0.33801498127340823 0.5709269662921348 0.33075842696629215 0.577247191011236 0.3227996254681648 0.5847963483146067 0.3202247191011236
0 0.5549508426966292 0.4012172284644195 0.5605688202247191 0.40308988764044945 0.5644311797752809 0.4080056179775281 0.5663623595505618 0.41713483146067415 0.5644311797752809 0.4307116104868914 0.554248595505618 0.43913857677902624 0.5396769662921348 0.43258426966292135 0.5384480337078652 0.414559925093633 0.5391502808988764 0.4080056179775281 0.5433637640449438 0.40191947565543074 0.5547752808988764 0.4012172284644195
0 0.3732443820224719 0.5222378277153558 0.3809691011235955 0.5292602996254682 0.38412921348314605 0.5414325842696629 0.3807935393258427 0.5561797752808989 0.3732443820224719 0.5617977528089888 0.359375 0.5580524344569289 0.3530547752808989 0.5468164794007491 0.35481039325842695 0.5397940074906367 0.3635884831460674 0.5271535580524345 0.3730688202247191 0.5222378277153558
0 0.5512640449438202 0.36235955056179775 0.558813202247191 0.37008426966292135 0.5609199438202247 0.37874531835205993 0.5600421348314607 0.3862359550561798 0.5572331460674157 0.39232209737827717 0.5433637640449438 0.3967696629213483 0.5398525280898876 0.39653558052434457 0.5359901685393258 0.38857677902621723 0.5344101123595506 0.37312734082397003 0.5396769662921348 0.363998127340824 0.5510884831460674 0.36235955056179775
0 0.5547752808988764 0.4517790262172285 0.5651334269662921 0.460440074906367 0.5674157303370787 0.46980337078651685 0.5642556179775281 0.48314606741573035 0.5549508426966292 0.488998127340824 0.5466994382022472 0.4859550561797753 0.5412570224719101 0.47448501872659177 0.543188202247191 0.4585674157303371 0.5502106741573034 0.4520131086142322 0.5545997191011236 0.4517790262172285
0 0.5261587078651685 0.5264513108614233 0.5363412921348315 0.5344101123595506 0.5380969101123596 0.5463483146067416 0.5345856741573034 0.56062734082397 0.5263342696629213 0.5657771535580525 0.515625 0.5634363295880149 0.5107092696629213 0.5578183520599251 0.5079002808988764 0.5503277153558053 0.5117626404494382 0.5311329588014981 0.519311797752809 0.5262172284644194 0.5259831460674157 0.5264513108614233
0 0.36639747191011235 0.3099250936329588 0.37359550561797755 0.31741573033707865 0.375 0.3288857677902622 0.3707865168539326 0.33965355805243447 0.3632373595505618 0.34386704119850187 0.35814606741573035 0.3429307116104869 0.3530547752808989 0.33824906367041196 0.35024578651685395 0.32397003745318353 0.3555126404494382 0.31273408239700373 0.36622191011235955 0.3099250936329588
0 0.46383426966292135 0.5353464419475655 0.4703300561797753 0.5461142322097379 0.47138342696629215 0.5538389513108615 0.46804775280898875 0.5648408239700374 0.46348314606741575 0.5697565543071161 0.45593398876404495 0.5688202247191011 0.44856039325842695 0.5632022471910112 0.4454002808988764 0.5571161048689138 0.44417134831460675 0.5465823970037453 0.4450491573033708 0.5397940074906367 0.449438202247191 0.5355805243445693 0.46365870786516855 0.5353464419475655
0 0.40115870786516855 0.3136704119850187 0.4078300561797753 0.3211610486891386 0.4085323033707865 0.3312265917602996 0.40502106741573035 0.34058988764044945 0.397998595505618 0.3450374531835206 0.3885182584269663 0.34386704119850187 0.38342696629213485 0.33848314606741575 0.38219803370786515 0.3211610486891386 0.38992275280898875 0.31296816479400746 0.40098314606741575 0.3136704119850187
0 0.49122191011235955 0.3970037453183521 0.49947331460674155 0.4044943820224719 0.5017556179775281 0.41502808988764045 0.49912219101123595 0.426498127340824 0.49525983146067415 0.43047752808988765 0.4863061797752809 0.43258426966292135 0.47945926966292135 0.42602996254681647 0.477001404494382 0.41947565543071164 0.47717696629213485 0.4080056179775281 0.47928370786516855 0.40308988764044945 0.4840238764044944 0.398876404494382 0.49104634831460675 0.3972378277153558
0 0.39747191011235955 0.488998127340824 0.40519662921348315 0.4934456928838951 0.40905898876404495 0.5002340823970037 0.40923455056179775 0.5121722846441947 0.4066011235955056 0.5184925093632958 0.4008075842696629 0.5229400749063671 0.3944873595505618 0.5236423220973783 0.3871137640449438 0.5198970037453183 0.3844803370786517 0.5154494382022472 0.3829002808988764 0.5067883895131086 0.3851825842696629 0.4967228464419476 0.3902738764044944 0.49040262172284643 0.39729634831460675 0.4892322097378277
0 0.5277387640449438 0.4866573033707865 0.5347612359550562 0.49087078651685395 0.5380969101123596 0.5053838951310862 0.5354634831460674 0.516619850187266 0.5263342696629213 0.5210674157303371 0.5121137640449438 0.5154494382022472 0.5103581460674157 0.5074906367041199 0.5115870786516854 0.4978932584269663 0.5149227528089888 0.4913389513108614 0.527563202247191 0.4866573033707865
0 0.6163974719101124 0.5355805243445693 0.6239466292134831 0.5421348314606742 0.6278089887640449 0.5529026217228464 0.6242977528089888 0.5660112359550562 0.616748595505618 0.5727996254681648 0.6041081460674157 0.5681179775280899 0.6012991573033708 0.5636704119850188 0.5997191011235955 0.5536048689138576 0.6021769662921348 0.5414325842696629 0.6162219101123596 0.5355805243445693
0 0.46383426966292135 0.31086142322097376 0.47173455056179775 0.3176498127340824 0.47542134831460675 0.32982209737827717 0.472436797752809 0.34480337078651685 0.46594101123595505 0.3506554307116105 0.453125 0.3487827715355805 0.4455758426966292 0.335440074906367 0.44610252808988765 0.32069288389513106 0.45558286516853935 0.31062734082397003 0.46365870786516855 0.31086142322097376
0 0.5819873595505618 0.3637640449438202 0.5888342696629213 0.3672752808988764 0.5935744382022472 0.3771067415730337 0.5939255617977528 0.38670411985018727 0.5919943820224719 0.3925561797752809 0.5858497191011236 0.3970037453183521 0.5739115168539326 0.3951310861423221 0.5700491573033708 0.39091760299625467 0.5675912921348315 0.3801498127340824 0.5711025280898876 0.3677434456928839 0.581811797752809 0.3637640449438202
0 0.49508426966292135 0.5287921348314607 0.5033356741573034 0.5395599250936329 0.5029845505617978 0.5538389513108615 0.49877106741573035 0.5627340823970037 0.4887640449438202 0.5662453183520599 0.47981039325842695 0.5608614232209738 0.47559691011235955 0.5433052434456929 0.48314606741573035 0.5316011235955056 0.49490870786516855 0.5287921348314607
0 0.36446629213483145 0.5622659176029963 0.3772823033707865 0.5653089887640449 0.38149578651685395 0.574438202247191 0.382373595505618 0.5823970037453183 0.3769311797752809 0.5908239700374532 0.36990870786516855 0.5952715355805244 0.3613061797752809 0.5938670411985019 0.3539325842696629 0.5800561797752809 0.3551615168539326 0.5704588014981273 0.359375 0.5639044943820225 0.36429073033707865 0.5622659176029963
0 0.366748595505618 0.43726591760299627 0.37429775280898875 0.4421816479400749 0.3767556179775281 0.45341760299625467 0.3748244382022472 0.4639513108614232 0.3714887640449438 0.4683988764044944 0.3634129213483146 0.4721441947565543 0.3558637640449438 0.47027153558052437 0.35235252808988765 0.4658239700374532 0.3497191011235955 0.4529494382022472 0.3512991573033708 0.44499063670411987 0.355688202247191 0.43890449438202245 0.36657303370786515 0.43726591760299627
0 0.3981741573033708 0.3972378277153558 0.4064255617977528 0.40004681647940077 0.41151685393258425 0.40730337078651685 0.4120435393258427 0.4323501872659176 0.4078300561797753 0.43937265917602997 0.390625 0.4344569288389513 0.3851825842696629 0.4286048689138577 0.382373595505618 0.4211142322097378 0.38167134831460675 0.414559925093633 0.3851825842696629 0.4070692883895131 0.3909761235955056 0.39864232209737827 0.397998595505618 0.3972378277153558
0 0.4885884831460674 0.4897003745318352 0.49877106741573035 0.4964887640449438 0.5005266853932584 0.5084269662921348 0.49490870786516855 0.5213014981273408 0.48771067415730335 0.5250468164794008 0.47717696629213485 0.5203651685393258 0.4741924157303371 0.5091292134831461 0.477001404494382 0.4953183520599251 0.48121488764044945 0.4911048689138577 0.4884129213483146 0.4897003745318352
0 0.45804073033707865 0.48525280898876405 0.4669943820224719 0.49087078651685395 0.46945224719101125 0.5023408239700374 0.46734550561797755 0.511938202247191 0.456811797752809 0.5205992509363296 0.44610252808988765 0.5142790262172284 0.4434691011235955 0.4978932584269663 0.4489115168539326 0.48782771535580527 0.45786516853932585 0.48525280898876405
0 0.4548806179775281 0.3548689138576779 0.465063202247191 0.36142322097378277 0.4668188202247191 0.3698501872659176 0.4647120786516854 0.37991573033707865 0.4534761235955056 0.3881086142322097 0.44452247191011235 0.38412921348314605 0.4415379213483146 0.37687265917602997 0.441186797752809 0.36657303370786515 0.44610252808988765 0.3574438202247191 0.4547050561797753 0.3548689138576779
0 0.5545997191011236 0.31858614232209737 0.5614466292134831 0.3223314606741573 0.5668890449438202 0.3345037453183521 0.5646067415730337 0.34831460674157305 0.5572331460674157 0.3548689138576779 0.5454705056179775 0.34948501872659177 0.5410814606741573 0.33918539325842695 0.5424859550561798 0.3267790262172285 0.5482794943820225 0.3197565543071161 0.5544241573033708 0.31858614232209737
0 0.42643960674157305 0.4524812734082397 0.43644662921348315 0.45552434456928836 0.4394311797752809 0.4595037453183521 0.44206460674157305 0.4700374531835206 0.44030898876404495 0.4789325842696629 0.43697331460674155 0.4845505617977528 0.43258426966292135 0.4866573033707865 0.4294241573033708 0.48431647940074907 0.42872191011235955 0.4798689138576779 0.4216994382022472 0.48197565543071164 0.4164325842696629 0.4737827715355805 0.41537921348314605 0.4627808988764045 0.41678370786516855 0.4580992509363296 0.42047050561797755 0.45365168539325845 0.4262640449438202 0.4524812734082397
0 0.4294241573033708 0.40402621722846443 0.43644662921348315 0.4080056179775281 0.44066011235955055 0.42064606741573035 0.44048455056179775 0.4286048689138577 0.4376755617977528 0.4339887640449438 0.42889747191011235 0.438436329588015 0.4183637640449438 0.43515917602996257 0.41485252808988765 0.4208801498127341 0.4183637640449438 0.40870786516853935 0.429248595505618 0.40402621722846443
0 0.5816362359550562 0.4066011235955056 0.5905898876404494 0.41409176029962547 0.5923455056179775 0.4267322097378277 0.5884831460674157 0.438436329588015 0.5793539325842697 0.44124531835205993 0.5672401685393258 0.4344569288389513 0.5665379213483146 0.4232209737827715 0.5674157303370787 0.4147940074906367 0.5700491573033708 0.4101123595505618 0.5814606741573034 0.4066011235955056
0 0.6128862359550562 0.4096441947565543 0.6206109550561798 0.4131554307116105 0.624122191011236 0.41853932584269665 0.6253511235955056 0.42532771535580527 0.6242977528089888 0.43352059925093633 0.6163974719101124 0.4440543071161049 0.6065660112359551 0.44335205992509363 0.5986657303370787 0.4323501872659176 0.6002457865168539 0.41502808988764045 0.605688202247191 0.4101123595505618 0.6127106741573034 0.4096441947565543
0 0.616748595505618 0.6547284644194756 0.6267556179775281 0.6601123595505618 0.6300912921348315 0.665496254681648 0.6316713483146067 0.674625468164794 0.6302668539325843 0.6889044943820225 0.6242977528089888 0.6959269662921348 0.6190308988764045 0.6973314606741573 0.6083216292134831 0.6942883895131086 0.6023525280898876 0.6863295880149812 0.6005969101123596 0.6790730337078652 0.6014747191011236 0.6683052434456929 0.6044592696629213 0.6612827715355806 0.609375 0.6563670411985019 0.6165730337078652 0.6547284644194756
0 0.40133426966292135 0.44569288389513106 0.40870786516853935 0.4499063670411985 0.4120435393258427 0.4639513108614232 0.40888342696629215 0.47401685393258425 0.4002808988764045 0.48103932584269665 0.3904494382022472 0.47869850187265917 0.38728932584269665 0.475187265917603 0.3851825842696629 0.4627808988764045 0.3888693820224719 0.4499063670411985 0.40115870786516855 0.44569288389513106
0 0.3941362359550562 0.35042134831460675 0.40502106741573035 0.35814606741573035 0.40625 0.36704119850187267 0.4022120786516854 0.38202247191011235 0.39167837078651685 0.3857677902621723 0.386938202247191 0.38459737827715357 0.38360252808988765 0.37991573033707865 0.3809691011235955 0.3728932584269663 0.3806179775280899 0.3642322097378277 0.38377808988764045 0.35463483146067415 0.39396067415730335 0.35042134831460675
0 0.5233497191011236 0.3113295880149813 0.5307233146067416 0.31273408239700373 0.5366924157303371 0.31952247191011235 0.539501404494382 0.33497191011235955 0.5330056179775281 0.3497191011235955 0.5224719101123596 0.35674157303370785 0.5145716292134831 0.35580524344569286 0.5089536516853933 0.3522940074906367 0.5075491573033708 0.34831460674157305 0.5108848314606742 0.32092696629213485 0.5159761235955056 0.31413857677902624 0.5231741573033708 0.3113295880149813
0 0.46348314606741575 0.4431179775280899 0.472436797752809 0.448501872659176 0.47770365168539325 0.46324906367041196 0.4747191011235955 0.4758895131086142 0.46418539325842695 0.48103932584269665 0.45979634831460675 0.48080524344569286 0.4513693820224719 0.47425093632958804 0.44785814606741575 0.4602059925093633 0.45189606741573035 0.4482677902621723 0.4633075842696629 0.4431179775280899
0 0.46348314606741575 0.3993445692883895 0.47173455056179775 0.4054307116104869 0.47401685393258425 0.42228464419475653 0.46945224719101125 0.4328183520599251 0.45997191011235955 0.43586142322097376 0.4534761235955056 0.43258426966292135 0.44662921348314605 0.42134831460674155 0.44785814606741575 0.41245318352059923 0.45207162921348315 0.4058988764044944 0.45997191011235955 0.3993445692883895 0.4633075842696629 0.3993445692883895
0 0.4882373595505618 0.35697565543071164 0.49736657303370785 0.3616573033707865 0.5026334269662921 0.3724250936329588 0.500877808988764 0.38717228464419473 0.491748595505618 0.39302434456928836 0.4808637640449438 0.3895131086142322 0.476123595505618 0.37312734082397003 0.47910814606741575 0.36540262172284643 0.488061797752809 0.35697565543071164
0 0.4260884831460674 0.4948501872659176 0.43433988764044945 0.49812734082397003 0.4396067415730337 0.5121722846441947 0.4390800561797753 0.5170880149812734 0.4331109550561798 0.5264513108614233 0.4260884831460674 0.5287921348314607 0.418188202247191 0.5273876404494382 0.41292134831460675 0.5191947565543071 0.41485252808988765 0.5025749063670412 0.42064606741573035 0.49602059925093633 0.4259129213483146 0.4948501872659176
0 0.6142907303370787 0.3232677902621723 0.621313202247191 0.32631086142322097 0.625877808988764 0.335440074906367 0.6244733146067416 0.34831460674157305 0.6163974719101124 0.35767790262172283 0.609375 0.35697565543071164 0.6051615168539326 0.35346441947565543 0.6005969101123596 0.34386704119850187 0.6016502808988764 0.33146067415730335 0.608497191011236 0.32420411985018727 0.6141151685393258 0.3232677902621723
0 0.3628862359550562 0.3485486891385768 0.37025983146067415 0.352059925093633 0.37552668539325845 0.362125468164794 0.375 0.37359550561797755 0.3706109550561798 0.38108614232209737 0.3649929775280899 0.38459737827715357 0.3537570224719101 0.3801498127340824 0.3500702247191011 0.37359550561797755 0.3491924157303371 0.36680711610486894 0.35217696629213485 0.35346441947565543 0.36271067415730335 0.3485486891385768
0 0.42714185393258425 0.35135767790262173 0.4357443820224719 0.3604868913857678 0.4373244382022472 0.36961610486891383 0.4334620786516854 0.3806179775280899 0.4257373595505618 0.3848314606741573 0.4199438202247191 0.38436329588014984 0.414501404494382 0.3801498127340824 0.4118679775280899 0.36540262172284643 0.4164325842696629 0.3544007490636704 0.4216994382022472 0.351123595505618 0.42696629213483145 0.35135767790262173
0 0.6162219101123596 0.5758426966292135 0.6232443820224719 0.579119850187266 0.6274578651685393 0.5854400749063671 0.6288623595505618 0.5969101123595506 0.6260533707865169 0.6060393258426966 0.6193820224719101 0.612125468164794 0.6132373595505618 0.6128277153558053 0.6053370786516854 0.6088483146067416 0.6014747191011236 0.6022940074906367 0.6004213483146067 0.5950374531835206 0.604810393258427 0.5805243445692884 0.6160463483146067 0.5760767790262172
0 0.49508426966292135 0.31109550561797755 0.5033356741573034 0.3167134831460674 0.5064957865168539 0.33146067415730335 0.5022823033707865 0.3410580524344569 0.49473314606741575 0.3455056179775281 0.48332162921348315 0.3389513108614232 0.48174157303370785 0.3211610486891386 0.4861306179775281 0.3136704119850187 0.49490870786516855 0.31109550561797755
0 0.522998595505618 0.40730337078651685 0.5301966292134831 0.414559925093633 0.5328300561797753 0.42579588014981273 0.5305477528089888 0.438436329588015 0.5261587078651685 0.44288389513108617 0.5205407303370787 0.4438202247191011 0.5112359550561798 0.4407771535580524 0.5075491573033708 0.43562734082397003 0.5064957865168539 0.42813670411985016 0.5079002808988764 0.41760299625468167 0.5115870786516854 0.4110486891385768 0.5154494382022472 0.40777153558052437 0.5228230337078652 0.40730337078651685
0 0.4980688202247191 0.4463951310861423 0.5031601123595506 0.449438202247191 0.5071980337078652 0.45692883895131087 0.5070224719101124 0.47120786516853935 0.5021067415730337 0.48174157303370785 0.49490870786516855 0.4845505617977528 0.48771067415730335 0.48220973782771537 0.48349719101123595 0.47752808988764045 0.480688202247191 0.46301498127340823 0.48683286516853935 0.449438202247191 0.4978932584269663 0.4463951310861423
0 0.36622191011235955 0.4836142322097378 0.37377106741573035 0.4859550561797753 0.37991573033707865 0.4943820224719101 0.3809691011235955 0.5035112359550562 0.3790379213483146 0.5156835205992509 0.37570224719101125 0.5177902621722846 0.35867275280898875 0.5154494382022472 0.35428370786516855 0.5121722846441947 0.3535814606741573 0.5009363295880149 0.355688202247191 0.4911048689138577 0.36253511235955055 0.48431647940074907 0.36604634831460675 0.48384831460674155
0 0.37008426966292135 0.39630149812734083 0.3806179775280899 0.40472846441947563 0.38202247191011235 0.41385767790262173 0.37780898876404495 0.4286048689138577 0.3730688202247191 0.4328183520599251 0.3669241573033708 0.4339887640449438 0.36235955056179775 0.43352059925093633 0.35656601123595505 0.4288389513108614 0.35252808988764045 0.42181647940074907 0.35235252808988765 0.414559925093633 0.36183286516853935 0.39840823970037453 0.36990870786516855 0.39630149812734083
0 0.5284410112359551 0.44803370786516855 0.5326544943820225 0.450374531835206 0.5363412921348315 0.45646067415730335 0.5375702247191011 0.4683988764044944 0.5338834269662921 0.47963483146067415 0.5261587078651685 0.48408239700374533 0.5194873595505618 0.4829119850187266 0.514747191011236 0.4782303370786517 0.5115870786516854 0.4705056179775281 0.5107092696629213 0.4597378277153558 0.5152738764044944 0.450374531835206 0.5282654494382022 0.44803370786516855
0 0.43047752808988765 0.31530898876404495 0.43679775280898875 0.31999063670411987 0.44048455056179775 0.3335674157303371 0.43855337078651685 0.34363295880149813 0.4320575842696629 0.34948501872659177 0.42099719101123595 0.34597378277153557 0.41678370786516855 0.34152621722846443 0.4141502808988764 0.3333333333333333 0.414501404494382 0.3267790262172285 0.4201193820224719 0.3169475655430712 0.43030196629213485 0.31530898876404495
0 0.6149929775280899 0.49508426966292135 0.6237710674157303 0.5023408239700374 0.6251755617977528 0.512874531835206 0.6244733146067416 0.5196629213483146 0.6202598314606742 0.5287921348314607 0.613061797752809 0.5318352059925093 0.602001404494382 0.5287921348314607 0.5979634831460674 0.5184925093632958 0.5997191011235955 0.5011704119850188 0.6062148876404494 0.49508426966292135 0.6148174157303371 0.49508426966292135
0 0.5159761235955056 0.3604868913857678 0.5235252808988764 0.362125468164794 0.530372191011236 0.37312734082397003 0.5272120786516854 0.3895131086142322 0.5189606741573034 0.3955992509363296 0.5086025280898876 0.3925561797752809 0.5040379213483146 0.38249063670411987 0.5042134831460674 0.375 0.5071980337078652 0.36657303370786515 0.5158005617977528 0.3604868913857678
0 0.5877808988764045 0.4520131086142322 0.5942766853932584 0.45669475655430714 0.5958567415730337 0.47097378277153557 0.592872191011236 0.48080524344569286 0.5851474719101124 0.4854868913857678 0.5740870786516854 0.48174157303370785 0.5702247191011236 0.47401685393258425 0.5705758426966292 0.46676029962546817 0.5742626404494382 0.45435393258426965 0.5876053370786517 0.4520131086142322
0 0.40537219101123595 0.5362827715355806 0.413623595505618 0.5414325842696629 0.4162570224719101 0.5468164794007491 0.4164325842696629 0.5540730337078652 0.41116573033707865 0.5662453183520599 0.4046699438202247 0.5692883895131086 0.3946629213483146 0.5671816479400749 0.39009831460674155 0.5625 0.3888693820224719 0.5568820224719101 0.39202949438202245 0.5451779026217228 0.39571629213483145 0.5395599250936329 0.40519662921348315 0.5362827715355806
2 0.6372893258426966 0.3097689606741573 0.34847647471910115 0.3059529494382022 0.3424940308988764 0.6932434456928839 0.6332271769662922 0.6987998595505618
1 0.5485235252808989 0.5028885767790262 0.020270365168539323 0.03667602996254682
1 0.5806566011235955 0.5029588014981273 0.02133075842696629 0.03525514981273409
1 0.5807689606741573 0.5432560861423221 0.02389747191011236 0.031582397003745315
1 0.5490080758426966 0.5416362359550562 0.02240870786516854 0.029899344569288392
1 0.5804652387640449 0.5805477528089887 0.020948033707865167 0.028139044943820222
1 0.5478002106741573 0.5813366104868913 0.021163974719101124 0.02815308988764045
1 0.6094241573033709 0.6248923220973782 0.021518609550561795 0.029433520599250935
1 0.5789343398876404 0.620625 0.022568469101123596 0.02558052434456929
1 0.5792608848314607 0.6632116104868914 0.024394311797752807 0.024922752808988764
1 0.5477931882022472 0.6221722846441948 0.022320926966292134 0.027118445692883894
1 0.5192907303370786 0.5826147003745318 0.023834269662921348 0.029147940074906366
1 0.4896488764044944 0.5803347378277154 0.027754564606741573 0.029269662921348315
1 0.4318030196629214 0.5420505617977528 0.02442064606741573 0.01980805243445693
1 0.40035814606741577 0.5785955056179776 0.021220154494382023 0.02579119850187266
1 0.4292924859550562 0.5802223782771536 0.021741573033707867 0.029047284644194756
1 0.4604283707865168 0.5828160112359551 0.025493328651685396 0.020187265917602996
1 0.3717977528089888 0.6155220037453184 0.016769662921348315 0.02474016853932584
1 0.371402738764045 0.6554541198501872 0.017148876404494383 0.0218937265917603
1 0.39963307584269664 0.6559573970037453 0.019771769662921348 0.02134129213483146
1 0.3997577247191011 0.6165519662921348 0.0211938202247191 0.02836142322097378
1 0.43035990168539323 0.618630617977528 0.023876404494382022 0.025795880149812735
1 0.42914852528089886 0.6569311797752808 0.022624648876404495 0.024850187265917603
1 0.45952247191011236 0.6588272471910113 0.026021769662921346 0.020838014981273408
1 0.46083742977528086 0.6186048689138577 0.025138693820224718 0.03090355805243446
1 0.48964536516853935 0.6185510299625467 0.024232794943820225 0.030795880149812736
1 0.4885463483146068 0.6586657303370786 0.025547752808988765 0.023637640449438203
1 0.516193820224719 0.6609527153558052 0.024662921348314604 0.025086610486891387
1 0.5180266853932584 0.6214044943820224 0.025988412921348316 0.030262172284644194
1 0.5482057584269663 0.6611704119850187 0.024313553370786518 0.02396301498127341