0 0.3142556179775281 0.7017790262172284 0.3184691011235955 0.7195692883895131 0.3163623595505618 0.7308052434456929 0.31706460674157305 0.7413389513108615 0.3142556179775281 0.7439138576779026 0.3109199438202247 0.7415730337078652 0.30003511235955055 0.7429775280898876 0.29231039325842695 0.7392322097378277 0.28967696629213485 0.7340823970037453 0.2889747191011236 0.7137172284644194 0.28985252808988765 0.7069288389513109 0.2933637640449438 0.7045880149812734 0.2966994382022472 0.7059925093632958 0.3140800561797753 0.7017790262172284
0 0.6197331460674157 0.5124063670411985 0.6242977528089888 0.5182584269662921 0.6364115168539326 0.5191947565543071 0.6441362359550562 0.525749063670412 0.6515098314606742 0.5510299625468165 0.6506320224719101 0.56062734082397 0.6439606741573034 0.5674157303370787 0.6404494382022472 0.5678838951310862 0.6190308988764045 0.5543071161048689 0.6149929775280899 0.5433052434456929 0.6128862359550562 0.5292602996254682 0.6151685393258427 0.5224719101123596 0.6128862359550562 0.5189606741573034 0.6195575842696629 0.5126404494382022
0 0.6716994382022472 0.5592228464419475 0.6822331460674157 0.5667134831460674 0.6864466292134831 0.5777153558052435 0.6857443820224719 0.5896535580524345 0.6824087078651685 0.5962078651685393 0.6757373595505618 0.6006554307116105 0.6606390449438202 0.5980805243445693 0.6506320224719101 0.5877808988764045 0.6458918539325843 0.577247191011236 0.6467696629213483 0.5681179775280899 0.6544943820224719 0.5610955056179775 0.6715238764044944 0.5592228464419475
0 0.5839185393258427 0.650749063670412 0.5919943820224719 0.6575374531835206 0.5993679775280899 0.6739232209737828 0.5990168539325843 0.6823501872659176 0.5960323033707865 0.6905430711610487 0.5912921348314607 0.6959269662921348 0.5853230337078652 0.6980337078651685 0.578125 0.6963951310861424 0.5700491573033708 0.6891385767790262 0.5660112359550562 0.665496254681648 0.5663623595505618 0.6603464419475655 0.5711025280898876 0.6537921348314607 0.5774227528089888 0.6502808988764045 0.5837429775280899 0.650749063670412
0 0.48121488764044945 0.5269194756554307 0.49139747191011235 0.5330056179775281 0.49666432584269665 0.5517322097378277 0.5022823033707865 0.5571161048689138 0.5022823033707865 0.56062734082397 0.4982443820224719 0.5655430711610487 0.49122191011235955 0.5622659176029963 0.484375 0.5681179775280899 0.47770365168539325 0.5692883895131086 0.47384129213483145 0.5688202247191011 0.46611657303370785 0.5608614232209738 0.45997191011235955 0.550561797752809 0.4587429775280899 0.5416666666666666 0.45962078651685395 0.535814606741573 0.4633075842696629 0.5306647940074907 0.48103932584269665 0.5269194756554307
0 0.49473314606741575 0.6931179775280899 0.49947331460674155 0.6992041198501873 0.5012289325842697 0.7130149812734082 0.49947331460674155 0.7340823970037453 0.4942064606741573 0.7413389513108615 0.48771067415730335 0.7436797752808989 0.480688202247191 0.7425093632958801 0.47384129213483145 0.7350187265917603 0.47138342696629215 0.7162921348314607 0.47735252808988765 0.700374531835206 0.4945575842696629 0.6931179775280899
0 0.49139747191011235 0.6116573033707865 0.49912219101123595 0.6189138576779026 0.49947331460674155 0.6329588014981273 0.492626404494382 0.648876404494382 0.4841994382022472 0.6537921348314607 0.4703300561797753 0.6509831460674157 0.4633075842696629 0.6523876404494382 0.4594452247191011 0.6472378277153558 0.4652387640449438 0.6413857677902621 0.4652387640449438 0.6266385767790262 0.46962780898876405 0.6175093632958801 0.4741924157303371 0.6139981273408239 0.49122191011235955 0.6116573033707865
0 0.2659761235955056 0.6601123595505618 0.28072331460674155 0.6657303370786517 0.2856390449438202 0.6764981273408239 0.28581460674157305 0.68937265917603 0.2831811797752809 0.6982677902621723 0.27826544943820225 0.7050561797752809 0.2696629213483146 0.7071629213483146 0.2579002808988764 0.701310861423221 0.253686797752809 0.6867977528089888 0.2540379213483146 0.6647940074906367 0.25842696629213485 0.6598782771535581 0.2658005617977528 0.6601123595505618
0 0.5537219101123596 0.6537921348314607 0.5642556179775281 0.6612827715355806 0.5677668539325843 0.6718164794007491 0.5675912921348315 0.6889044943820225 0.5581109550561798 0.6980337078651685 0.547752808988764 0.6959269662921348 0.5387991573033708 0.6863295880149812 0.5384480337078652 0.6631554307116105 0.5438904494382022 0.6558988764044944 0.5535463483146067 0.6537921348314607
0 0.6597612359550562 0.6825842696629213 0.6788974719101124 0.6882022471910112 0.6882022471910112 0.6996722846441947 0.6894311797752809 0.711376404494382 0.6862710674157303 0.7237827715355806 0.6824087078651685 0.727996254681648 0.6753862359550562 0.7298689138576779 0.667310393258427 0.7282303370786517 0.6566011235955056 0.7134831460674157 0.6504564606741573 0.6891385767790262 0.6539676966292135 0.6821161048689138 0.6595856741573034 0.6825842696629213
0 0.5377457865168539 0.6509831460674157 0.5407303370786517 0.6547284644194756 0.5373946629213483 0.6605805243445693 0.5365168539325843 0.6882022471910112 0.5259831460674157 0.6987359550561798 0.5091292134831461 0.701310861423221 0.5049157303370787 0.6970973782771536 0.5033356741573034 0.6912453183520599 0.5084269662921348 0.6605805243445693 0.5375702247191011 0.6509831460674157
0 0.5158005617977528 0.6107209737827716 0.5228230337078652 0.6144662921348315 0.5265098314606742 0.6196161048689138 0.5307233146067416 0.6439606741573034 0.5259831460674157 0.6526217228464419 0.5128160112359551 0.6575374531835206 0.5035112359550562 0.6509831460674157 0.500877808988764 0.6409176029962547 0.5010533707865169 0.6289794007490637 0.5022823033707865 0.6228932584269663 0.5086025280898876 0.6125936329588015 0.515625 0.6107209737827716
0 0.6894311797752809 0.6804775280898876 0.6990870786516854 0.6870318352059925 0.7110252808988764 0.6905430711610487 0.7191011235955056 0.699438202247191 0.7203300561797753 0.7181647940074907 0.7171699438202247 0.7240168539325843 0.7112008426966292 0.7272940074906367 0.7018960674157303 0.7249531835205992 0.6913623595505618 0.7134831460674157 0.6892556179775281 0.6996722846441947 0.6841643258426966 0.68937265917603 0.6855688202247191 0.6832865168539326 0.6892556179775281 0.6804775280898876
0 0.30372191011235955 0.5798220973782772 0.31759129213483145 0.5840355805243446 0.31952247191011235 0.5884831460674157 0.3121488764044944 0.6156367041198502 0.2970505617977528 0.62312734082397 0.289501404494382 0.6207865168539326 0.2856390449438202 0.6165730337078652 0.2828300561797753 0.6095505617977528 0.2828300561797753 0.5955056179775281 0.2851123595505618 0.5884831460674157 0.28967696629213485 0.5830992509363296 0.30354634831460675 0.5798220973782772
0 0.3455056179775281 0.6603464419475655 0.34866573033707865 0.6615168539325843 0.3532303370786517 0.6685393258426966 0.35235252808988765 0.6811797752808989 0.3458567415730337 0.6963951310861424 0.3402387640449438 0.7034176029962547 0.3265449438202247 0.7092696629213483 0.32145365168539325 0.7078651685393258 0.3163623595505618 0.6977996254681648 0.3146067415730337 0.68937265917603 0.3163623595505618 0.6776685393258427 0.3258426966292135 0.6680711610486891 0.3453300561797753 0.6603464419475655
0 0.36042837078651685 0.5397940074906367 0.3690308988764045 0.5461142322097379 0.37219101123595505 0.5676498127340824 0.36622191011235955 0.577247191011236 0.35603932584269665 0.5821629213483146 0.34884129213483145 0.5805243445692884 0.34445224719101125 0.576310861423221 0.34111657303370785 0.5676498127340824 0.34058988764044945 0.5538389513108615 0.3433988764044944 0.5468164794007491 0.34884129213483145 0.5423689138576779 0.36025280898876405 0.5397940074906367
0 0.24122191011235955 0.5854400749063671 0.24964887640449437 0.5877808988764045 0.2522823033707865 0.5917602996254682 0.25087780898876405 0.6156367041198502 0.2459620786516854 0.6233614232209738 0.23771067415730338 0.6280430711610487 0.22331460674157302 0.625 0.21910112359550563 0.6170411985018727 0.21769662921348315 0.6051029962546817 0.2206811797752809 0.5955056179775281 0.22717696629213482 0.5880149812734082 0.24104634831460675 0.5854400749063671
0 0.6653792134831461 0.5999531835205992 0.6720505617977528 0.6008895131086143 0.6773174157303371 0.6053370786516854 0.6839887640449438 0.6205524344569289 0.6896067415730337 0.62312734082397 0.6906601123595506 0.6266385767790262 0.6890800561797753 0.6320224719101124 0.6822331460674157 0.6320224719101124 0.6781952247191011 0.639747191011236 0.6652036516853933 0.6427902621722846 0.6509831460674157 0.6411516853932584 0.6495786516853933 0.6301498127340824 0.645189606741573 0.6196161048689138 0.6469452247191011 0.6104868913857678 0.6502808988764045 0.6055711610486891 0.6652036516853933 0.5999531835205992
0 0.30933988764044945 0.6221910112359551 0.31934691011235955 0.6278089887640449 0.3167134831460674 0.6448970037453183 0.32145365168539325 0.6640917602996255 0.3167134831460674 0.6680711610486891 0.2966994382022472 0.6638576779026217 0.2889747191011236 0.6544943820224719 0.2887991573033708 0.6437265917602997 0.2947682584269663 0.62687265917603 0.30916432584269665 0.6221910112359551
0 0.2731741573033708 0.5833333333333334 0.2793188202247191 0.587312734082397 0.2830056179775281 0.5941011235955056 0.28125 0.6132958801498127 0.2758075842696629 0.6207865168539326 0.26228932584269665 0.6245318352059925 0.25702247191011235 0.62312734082397 0.2519311797752809 0.6161048689138576 0.25052668539325845 0.6018258426966292 0.2522823033707865 0.5922284644194756 0.2596558988764045 0.5847378277153558 0.272998595505618 0.5833333333333334
0 0.2712429775280899 0.5421348314606742 0.2772120786516854 0.545880149812734 0.2796699438202247 0.5512640449438202 0.27826544943820225 0.5742041198501873 0.27018960674157305 0.5819288389513109 0.25860252808988765 0.5828651685393258 0.2501755617977528 0.5735018726591761 0.24754213483146068 0.5641385767790262 0.24912219101123595 0.5507958801498127 0.25877808988764045 0.5421348314606742 0.2710674157303371 0.5421348314606742
0 0.49122191011235955 0.5662453183520599 0.4957865168539326 0.5699906367041199 0.49947331460674155 0.5777153558052435 0.49754213483146065 0.5943352059925093 0.4887640449438202 0.6100187265917603 0.47542134831460675 0.6123595505617978 0.46980337078651685 0.6116573033707865 0.4647120786516854 0.6058052434456929 0.46383426966292135 0.5915262172284644 0.46576544943820225 0.5821629213483146 0.47401685393258425 0.5716292134831461 0.49104634831460675 0.5662453183520599
0 0.42872191011235955 0.576310861423221 0.4375 0.5840355805243446 0.4397823033707865 0.5908239700374532 0.4397823033707865 0.6006554307116105 0.43275983146067415 0.6165730337078652 0.421875 0.6203183520599251 0.4178370786516854 0.6200842696629213 0.4101123595505618 0.6123595505617978 0.40747893258426965 0.6060393258426966 0.40747893258426965 0.5922284644194756 0.414501404494382 0.5798220973782772 0.42854634831460675 0.576310861423221
0 0.25526685393258425 0.7052902621722846 0.26246488764044945 0.7120786516853933 0.2577247191011236 0.7237827715355806 0.2557935393258427 0.7411048689138576 0.24473314606741572 0.7532771535580525 0.23577949438202248 0.7560861423220974 0.230688202247191 0.7551498127340824 0.22384129213483145 0.7483614232209738 0.22138342696629212 0.7357209737827716 0.2226123595505618 0.7272940074906367 0.234375 0.7127808988764045 0.25509129213483145 0.7052902621722846
0 0.5405547752808989 0.6910112359550562 0.5500351123595506 0.6973314606741573 0.5605688202247191 0.7001404494382022 0.5644311797752809 0.7102059925093633 0.5642556179775281 0.7284644194756554 0.5598665730337079 0.7345505617977528 0.5517907303370787 0.7385299625468165 0.5407303370786517 0.7347846441947565 0.5344101123595506 0.7205056179775281 0.534936797752809 0.699438202247191 0.5403792134831461 0.6910112359550562
0 0.522998595505618 0.7001404494382022 0.5277387640449438 0.7020131086142322 0.5326544943820225 0.709503745318352 0.534936797752809 0.7275280898876404 0.5338834269662921 0.7340823970037453 0.5298455056179775 0.7411048689138576 0.5212429775280899 0.7460205992509363 0.515625 0.7455524344569289 0.5080758426966292 0.7382958801498127 0.5047401685393258 0.7305711610486891 0.503686797752809 0.7200374531835206 0.5086025280898876 0.7036516853932584 0.5228230337078652 0.7001404494382022
0 0.34655898876404495 0.6992041198501873 0.35235252808988765 0.7031835205992509 0.35428370786516855 0.7169943820224719 0.3455056179775281 0.7420411985018727 0.34041432584269665 0.7490636704119851 0.3325140449438202 0.7523408239700374 0.3239115168539326 0.75 0.31917134831460675 0.7450842696629213 0.3200491573033708 0.7202715355805244 0.3242626404494382 0.7116104868913857 0.33848314606741575 0.7055243445692884 0.34638342696629215 0.6992041198501873
0 0.6873244382022472 0.6367041198501873 0.7061095505617978 0.6439606741573034 0.7168188202247191 0.6542602996254682 0.71875 0.663623595505618 0.7175210674157303 0.6753277153558053 0.7134831460674157 0.6821161048689138 0.706811797752809 0.6860955056179775 0.6962780898876404 0.6842228464419475 0.6857443820224719 0.6722846441947565 0.6808286516853933 0.6434925093632958 0.6871488764044944 0.6367041198501873
0 0.23876404494382023 0.5435393258426966 0.24578651685393257 0.5461142322097379 0.24912219101123595 0.5500936329588015 0.2482443820224719 0.5646067415730337 0.2501755617977528 0.5751404494382022 0.2443820224719101 0.5823970037453183 0.23542837078651685 0.5847378277153558 0.22735252808988765 0.5840355805243446 0.2206811797752809 0.5786516853932584 0.2169943820224719 0.5697565543071161 0.2168188202247191 0.5601591760299626 0.22384129213483145 0.547752808988764 0.23858848314606743 0.5435393258426966
0 0.33848314606741575 0.579119850187266 0.35287921348314605 0.5849719101123596 0.3512991573033708 0.6058052434456929 0.3421699438202247 0.6189138576779026 0.32496488764044945 0.6238295880149812 0.31759129213483145 0.6205524344569289 0.31372893258426965 0.6132958801498127 0.31952247191011235 0.591058052434457 0.32478932584269665 0.5828651685393258 0.3383075842696629 0.579119850187266
0 0.2420997191011236 0.6669007490636704 0.24859550561797752 0.6690074906367042 0.25280898876404495 0.674625468164794 0.2540379213483146 0.6961610486891385 0.24525983146067415 0.7066947565543071 0.23788623595505617 0.7102059925093633 0.23086376404494383 0.7090355805243446 0.22542134831460675 0.7031835205992509 0.2227879213483146 0.6961610486891385 0.222436797752809 0.6853932584269663 0.22366573033707865 0.6788389513108615 0.22717696629213482 0.674625468164794 0.23700842696629212 0.6676029962546817 0.24192415730337077 0.6669007490636704
0 0.6722261235955056 0.6423220973782772 0.6787219101123596 0.6444288389513109 0.6820575842696629 0.6509831460674157 0.6855688202247191 0.6748595505617978 0.6804775280898876 0.6823501872659176 0.6762640449438202 0.6844569288389513 0.6580056179775281 0.6786048689138576 0.6499297752808989 0.6615168539325843 0.6508075842696629 0.6505149812734082 0.6543188202247191 0.6439606741573034 0.6720505617977528 0.6423220973782772
0 0.30021067415730335 0.5397940074906367 0.31004213483146065 0.5470505617977528 0.31109550561797755 0.5688202247191011 0.30407303370786515 0.5784176029962547 0.2933637640449438 0.5812265917602997 0.28651685393258425 0.579119850187266 0.2808988764044944 0.5739700374531835 0.2789676966292135 0.56062734082397 0.28125 0.5503277153558053 0.2852879213483146 0.5437734082397003 0.30003511235955055 0.5397940074906367
0 0.3960674157303371 0.5369850187265918 0.40572331460674155 0.5433052434456929 0.4106390449438202 0.56062734082397 0.41520365168539325 0.5648408239700374 0.4164325842696629 0.5695224719101124 0.41292134831460675 0.576310861423221 0.4044943820224719 0.5742041198501873 0.3923806179775281 0.5805243445692884 0.38342696629213485 0.5781835205992509 0.3765800561797753 0.5706928838951311 0.37008426966292135 0.5468164794007491 0.375 0.5388576779026217 0.39589185393258425 0.5369850187265918
0 0.546875 0.6074438202247191 0.5581109550561798 0.6147003745318352 0.5617977528089888 0.6315543071161048 0.5610955056179775 0.6404494382022472 0.557935393258427 0.6465355805243446 0.547752808988764 0.6526217228464419 0.5433637640449438 0.6523876404494382 0.5354634831460674 0.6448970037453183 0.5307233146067416 0.6374063670411985 0.5301966292134831 0.6317883895131086 0.5326544943820225 0.6158707865168539 0.5396769662921348 0.6086142322097379 0.5466994382022472 0.6074438202247191
0 0.43433988764044945 0.6182116104868914 0.44030898876404495 0.6219569288389513 0.44399578651685395 0.6294475655430711 0.4431179775280899 0.6439606741573034 0.4394311797752809 0.6549625468164794 0.4331109550561798 0.6619850187265918 0.418188202247191 0.663623595505618 0.4116924157303371 0.6697097378277154 0.4066011235955056 0.6647940074906367 0.4066011235955056 0.6612827715355806 0.41099016853932585 0.6549625468164794 0.41099016853932585 0.6334269662921348 0.41853932584269665 0.6245318352059925 0.43416432584269665 0.6182116104868914
0 0.34234550561797755 0.6224250936329588 0.3493679775280899 0.6257022471910112 0.3514747191011236 0.6299157303370787 0.3512991573033708 0.636938202247191 0.3458567415730337 0.6551966292134831 0.3402387640449438 0.661750936329588 0.3316362359550562 0.6659644194756554 0.32338483146067415 0.6640917602996255 0.31724016853932585 0.6544943820224719 0.3167134831460674 0.6374063670411985 0.320751404494382 0.6294475655430711 0.3277738764044944 0.6238295880149812 0.3421699438202247 0.6224250936329588
0 0.2498244382022472 0.62687265917603 0.25280898876404495 0.6299157303370787 0.2554424157303371 0.6453651685393258 0.24947331460674158 0.6619850187265918 0.22805477528089887 0.6720505617977528 0.2189255617977528 0.6685393258426966 0.20926966292134833 0.6544943820224719 0.2069873595505618 0.6472378277153558 0.20997191011235955 0.6338951310861424 0.2243679775280899 0.6285112359550562 0.238061797752809 0.6299157303370787 0.24964887640449437 0.62687265917603
0 0.32882724719101125 0.5393258426966292 0.3402387640449438 0.5465823970037453 0.3398876404494382 0.5678838951310862 0.3335674157303371 0.576310861423221 0.32162921348314605 0.5816947565543071 0.3167134831460674 0.579119850187266 0.31127106741573035 0.5711610486891385 0.31162219101123595 0.5500936329588015 0.31759129213483145 0.5419007490636704 0.32865168539325845 0.5393258426966292
0 0.6408005617977528 0.6769662921348315 0.6453651685393258 0.6797752808988764 0.6460674157303371 0.68937265917603 0.6497542134831461 0.6940543071161048 0.65625 0.7155898876404494 0.6476474719101124 0.7373595505617978 0.6427317415730337 0.7397003745318352 0.6339536516853933 0.738061797752809 0.6300912921348315 0.7317415730337079 0.6253511235955056 0.7198033707865169 0.6221910112359551 0.6968632958801498 0.6253511235955056 0.6842228464419475 0.640625 0.6769662921348315
0 0.6550210674157303 0.5098314606741573 0.6720505617977528 0.5173220973782772 0.6769662921348315 0.5224719101123596 0.6788974719101124 0.5292602996254682 0.676439606741573 0.5512640449438202 0.6685393258426966 0.5573501872659176 0.6620435393258427 0.5575842696629213 0.6532654494382022 0.5543071161048689 0.644311797752809 0.5255149812734082 0.6444873595505618 0.5191947565543071 0.6471207865168539 0.5145131086142322 0.6548455056179775 0.5098314606741573
0 0.2966994382022472 0.6640917602996255 0.30793539325842695 0.6683052434456929 0.3142556179775281 0.6748595505617978 0.31127106741573035 0.6987359550561798 0.3045997191011236 0.7031835205992509 0.29775280898876405 0.7038857677902621 0.288623595505618 0.699438202247191 0.28634129213483145 0.6905430711610487 0.28616573033707865 0.6743913857677902 0.2909058988764045 0.6664325842696629 0.2965238764044944 0.6643258426966292
0 0.27440308988764045 0.6226591760299626 0.28458567415730335 0.6282771535580525 0.2891502808988764 0.6367041198501873 0.28809691011235955 0.6544943820224719 0.27879213483146065 0.6619850187265918 0.26228932584269665 0.6584737827715356 0.25684691011235955 0.6509831460674157 0.2557935393258427 0.6404494382022472 0.2580758426966292 0.6308520599250936 0.26281601123595505 0.6259363295880149 0.27422752808988765 0.6226591760299626
0 0.4878862359550562 0.6551966292134831 0.49490870786516855 0.6612827715355806 0.49947331460674155 0.6786048689138576 0.4922752808988764 0.6921816479400749 0.4808637640449438 0.6970973782771536 0.4590941011235955 0.6865636704119851 0.45839185393258425 0.6711142322097379 0.461376404494382 0.6643258426966292 0.47401685393258425 0.6558988764044944 0.48771067415730335 0.6551966292134831
0 0.6971558988764045 0.5184925093632958 0.703125 0.5203651685393258 0.7094452247191011 0.5264513108614233 0.7122542134831461 0.5428370786516854 0.7092696629213483 0.5538389513108615 0.7038272471910112 0.5585205992509363 0.6966292134831461 0.5599250936329588 0.6843398876404494 0.5552434456928839 0.6804775280898876 0.5507958801498127 0.6787219101123596 0.5430711610486891 0.6803019662921348 0.5259831460674157 0.6857443820224719 0.5210674157303371 0.6969803370786517 0.5184925093632958
0 0.28125 0.7064606741573034 0.2851123595505618 0.7097378277153558 0.28809691011235955 0.7205056179775281 0.28809691011235955 0.7413389513108615 0.27598314606741575 0.7586610486891385 0.27264747191011235 0.760065543071161 0.2652738764044944 0.7591292134831461 0.2612359550561798 0.7551498127340824 0.25842696629213485 0.7448501872659176 0.2580758426966292 0.7272940074906367 0.26615168539325845 0.7127808988764045 0.2810744382022472 0.7064606741573034
1 0.42464009831460675 0.5538974719101124 0.02852879213483146 0.04037921348314607
1 0.4529494382022472 0.5506788389513109 0.026334269662921347 0.0351123595505618
1 0.4533883426966292 0.5916432584269663 0.02457865168539326 0.03394194756554307
1 0.39545294943820225 0.5948618913857678 0.02282303370786517 0.03686797752808989
1 0.3669241573033708 0.5980805243445693 0.030723314606741572 0.03277153558052434
1 0.3671436095505618 0.6358263108614233 0.03730688202247191 0.032186329588014984
1 0.3987447331460674 0.6349485018726592 0.025895365168539325 0.03745318352059925
1 0.36824087078651685 0.6738647003745318 0.030723314606741572 0.034527153558052436
1 0.4000614466292135 0.6732794943820225 0.02852879213483146 0.033356741573033706
1 0.43056530898876405 0.6747425093632958 0.026334269662921347 0.030430711610486893
1 0.45755793539325845 0.6709386704119851 0.024139747191011238 0.03569756554307116
1 0.45646067415730335 0.6279260299625468 0.021067415730337078 0.030430711610486893
1 0.371532654494382 0.7145365168539326 0.02852879213483146 0.0351123595505618
1 0.40093925561797755 0.7107326779026217 0.025895365168539325 0.03686797752808989
1 0.429906952247191 0.7101474719101124 0.027650983146067416 0.034527153558052436
1 0.4586551966292135 0.7101474719101124 0.026334269662921347 0.033356741573033706
1 0.5139571629213483 0.5857911985018727 0.030723314606741572 0.03745318352059925
1 0.5124209971910112 0.5471676029962547 0.02501755617977528 0.0351123595505618
1 0.5411692415730337 0.545997191011236 0.03160112359550562 0.03745318352059925
1 0.5433637640449438 0.5852059925093633 0.028089887640449437 0.0351123595505618
1 0.5707952949438202 0.5439489700374532 0.025895365168539325 0.03920880149812734
1 0.6002018960674157 0.5436563670411985 0.029406601123595506 0.038623595505617975
1 0.5725509129213483 0.5852059925093633 0.031162219101123597 0.03628277153558052
1 0.6015186095505618 0.5819873595505618 0.027650983146067416 0.033356741573033706
1 0.6309252106741573 0.579939138576779 0.031162219101123597 0.03394194756554307
1 0.5745259831460674 0.624122191011236 0.028089887640449437 0.03686797752808989
1 0.6015186095505618 0.6188553370786517 0.026773174157303372 0.03686797752808989
1 0.6307057584269663 0.6159293071161048 0.029845505617977528 0.03686797752808989
1 0.6315835674157303 0.6583567415730337 0.028089887640449437 0.03745318352059925
1 0.6043714887640449 0.6606975655430711 0.021945224719101125 0.03745318352059925
1 0.6076632724719101 0.7007841760299626 0.029406601123595506 0.03920880149812734
1 0.5773788623595506 0.7048806179775281 0.02501755617977528 0.03569756554307116
1 0.6965414325842697 0.5787687265917603 0.025456460674157303 0.03394194756554307
1 0.6925912921348315 0.6191479400749064 0.026334269662921347 0.039794007490636704
2 0.22164676966292135 0.541315543071161 0.7132198033707865 0.5184925093632958 0.7136587078651685 0.7274110486891385 0.22340238764044945 0.742626404494382