0 0.547752808988764 0.6430243445692884 0.5493328651685393 0.6441947565543071 0.5502106741573034 0.6542602996254682 0.5572331460674157 0.6645599250936329 0.5598665730337079 0.675561797752809 0.5586376404494382 0.6858614232209738 0.551439606741573 0.7031835205992509 0.5466994382022472 0.7066947565543071 0.5398525280898876 0.7062265917602997 0.5356390449438202 0.7029494382022472 0.5282654494382022 0.6821161048689138 0.5279143258426966 0.6718164794007491 0.5310744382022472 0.660814606741573 0.5405547752808989 0.6509831460674157 0.5417837078651685 0.6439606741573034 0.5475772471910112 0.6430243445692884
0 0.30565308988764045 0.7017790262172284 0.3123244382022472 0.7055243445692884 0.3184691011235955 0.7134831460674157 0.3142556179775281 0.7507022471910112 0.2947682584269663 0.7446161048689138 0.289501404494382 0.7373595505617978 0.2893258426966292 0.7249531835205992 0.2866924157303371 0.7169943820224719 0.28844803370786515 0.7127808988764045 0.2933637640449438 0.7052902621722846 0.30547752808988765 0.7017790262172284
0 0.36657303370786515 0.5788857677902621 0.371313202247191 0.5830992509363296 0.3732443820224719 0.588249063670412 0.37377106741573035 0.6095505617977528 0.3714887640449438 0.6161048689138576 0.36657303370786515 0.6198501872659176 0.3558637640449438 0.6226591760299626 0.34708567415730335 0.6161048689138576 0.34058988764044945 0.5990168539325843 0.34094101123595505 0.5887172284644194 0.34620786516853935 0.5795880149812734 0.36639747191011235 0.5788857677902621
0 0.6722261235955056 0.5636704119850188 0.6825842696629213 0.5720973782771536 0.6862710674157303 0.5866104868913857 0.6825842696629213 0.5978464419475655 0.6720505617977528 0.6053370786516854 0.6580056179775281 0.5994850187265918 0.6472963483146067 0.5854400749063671 0.6444873595505618 0.574438202247191 0.6520365168539326 0.5641385767790262 0.6720505617977528 0.5636704119850188
0 0.5479283707865169 0.5292602996254682 0.5554775280898876 0.5372191011235955 0.5577598314606742 0.5601591760299626 0.5537219101123596 0.5681179775280899 0.5402036516853933 0.5704588014981273 0.5359901685393258 0.5697565543071161 0.5298455056179775 0.5608614232209738 0.5293188202247191 0.5414325842696629 0.5363412921348315 0.5304307116104869 0.547752808988764 0.5292602996254682
0 0.5779494382022472 0.6123595505617978 0.5865519662921348 0.6193820224719101 0.5890098314606742 0.6381086142322098 0.5853230337078652 0.6465355805243446 0.5677668539325843 0.6577715355805244 0.5593398876404494 0.6549625468164794 0.5558286516853933 0.6477059925093633 0.5554775280898876 0.6367041198501873 0.557935393258427 0.62312734082397 0.5639044943820225 0.6135299625468165 0.574438202247191 0.6109550561797753 0.5777738764044944 0.6123595505617978
0 0.4898174157303371 0.6865636704119851 0.5017556179775281 0.7024812734082397 0.5033356741573034 0.7097378277153558 0.5015800561797753 0.7272940074906367 0.49683988764044945 0.7343164794007491 0.4899929775280899 0.7382958801498127 0.4847261235955056 0.7378277153558053 0.47735252808988765 0.7326779026217228 0.4729634831460674 0.7205056179775281 0.4731390449438202 0.7064606741573034 0.47752808988764045 0.6952247191011236 0.48577949438202245 0.68562734082397 0.48964185393258425 0.6865636704119851
0 0.5228230337078652 0.5180243445692884 0.5296699438202247 0.5259831460674157 0.5279143258426966 0.5538389513108615 0.5224719101123596 0.5617977528089888 0.5133426966292135 0.5653089887640449 0.5086025280898876 0.5650749063670412 0.49912219101123595 0.5580524344569289 0.4977176966292135 0.5344101123595506 0.5084269662921348 0.5217696629213483 0.5226474719101124 0.5180243445692884
0 0.23771067415730338 0.5395599250936329 0.24473314606741572 0.5414325842696629 0.24877106741573032 0.5461142322097379 0.24771769662921347 0.5573501872659176 0.2501755617977528 0.5711610486891385 0.24490870786516855 0.5779494382022472 0.23525280898876405 0.5812265917602997 0.22331460674157302 0.5779494382022472 0.2169943820224719 0.5676498127340824 0.21646769662921347 0.56062734082397 0.2169943820224719 0.5543071161048689 0.2208567415730337 0.5463483146067416 0.22717696629213482 0.5416666666666666 0.23753511235955055 0.5395599250936329
0 0.46769662921348315 0.6530898876404494 0.476123595505618 0.6582397003745318 0.4782303370786517 0.6647940074906367 0.47770365168539325 0.6718164794007491 0.47138342696629215 0.6910112359550562 0.4612008426966292 0.697565543071161 0.44224016853932585 0.6961610486891385 0.44241573033707865 0.6706460674157303 0.444873595505618 0.6619850187265918 0.44803370786516855 0.6591760299625468 0.45786516853932585 0.6542602996254682 0.46752106741573035 0.6530898876404494
0 0.43065308988764045 0.7027153558052435 0.4357443820224719 0.7038857677902621 0.4394311797752809 0.7097378277153558 0.44083567415730335 0.726123595505618 0.4357443820224719 0.7432116104868914 0.43223314606741575 0.74812734082397 0.425561797752809 0.7514044943820225 0.41853932584269665 0.75 0.41274578651685395 0.7443820224719101 0.40958567415730335 0.7375936329588015 0.4085323033707865 0.7284644194756554 0.41485252808988765 0.7080992509363296 0.42503511235955055 0.702247191011236 0.43047752808988765 0.7027153558052435
0 0.4469803370786517 0.6158707865168539 0.46365870786516855 0.6257022471910112 0.46418539325842695 0.6418539325842697 0.4608497191011236 0.6509831460674157 0.4396067415730337 0.6615168539325843 0.4299508426966292 0.6544943820224719 0.42854634831460675 0.6474719101123596 0.43504213483146065 0.6240636704119851 0.44224016853932585 0.6158707865168539 0.4468047752808989 0.6158707865168539
0 0.27282303370786515 0.7102059925093633 0.2793188202247191 0.7118445692883895 0.28423455056179775 0.7165262172284644 0.2875702247191011 0.7270599250936329 0.2873946629213483 0.7378277153558053 0.2796699438202247 0.7471910112359551 0.2673806179775281 0.7556179775280899 0.2621137640449438 0.7542134831460674 0.25719803370786515 0.7483614232209738 0.25649578651685395 0.7244850187265918 0.2580758426966292 0.7172284644194756 0.2621137640449438 0.712312734082397 0.27264747191011235 0.7102059925093633
0 0.49104634831460675 0.6139981273408239 0.49525983146067415 0.6191479400749064 0.5024578651685393 0.6439606741573034 0.49929775280898875 0.6549625468164794 0.49473314606741575 0.6615168539325843 0.4784058988764045 0.6580056179775281 0.46997893258426965 0.6512172284644194 0.46594101123595505 0.6413857677902621 0.4666432584269663 0.6252340823970037 0.4705056179775281 0.6191479400749064 0.47752808988764045 0.6156367041198502 0.49087078651685395 0.6139981273408239
0 0.2480688202247191 0.7069288389513109 0.2556179775280899 0.7137172284644194 0.25456460674157305 0.7310393258426966 0.24964887640449437 0.7373595505617978 0.2503511235955056 0.7413389513108615 0.24841994382022473 0.7446161048689138 0.23507724719101122 0.7514044943820225 0.22735252808988765 0.7495318352059925 0.2227879213483146 0.7448501872659176 0.22015449438202248 0.7354868913857678 0.2205056179775281 0.7263576779026217 0.22384129213483145 0.7179307116104869 0.2324438202247191 0.709503745318352 0.2478932584269663 0.7069288389513109
0 0.2768609550561798 0.6219569288389513 0.2833567415730337 0.6254681647940075 0.2851123595505618 0.6299157303370787 0.28072331460674155 0.6542602996254682 0.2737008426966292 0.661750936329588 0.2654494382022472 0.6650280898876404 0.25526685393258425 0.6638576779026217 0.25052668539325845 0.6587078651685393 0.24666432584269662 0.6481741573033708 0.2482443820224719 0.6376404494382022 0.2557935393258427 0.6245318352059925 0.27668539325842695 0.6219569288389513
0 0.316186797752809 0.5821629213483146 0.31969803370786515 0.5887172284644194 0.31320224719101125 0.613061797752809 0.30389747191011235 0.6207865168539326 0.29371488764044945 0.6233614232209738 0.28651685393258425 0.6193820224719101 0.28195224719101125 0.6128277153558053 0.2814255617977528 0.5987827715355806 0.284936797752809 0.5903558052434457 0.2910814606741573 0.5840355805243446 0.29968398876404495 0.5805243445692884 0.3160112359550562 0.5821629213483146
0 0.4273174157303371 0.6566011235955056 0.4397823033707865 0.6690074906367042 0.4410112359550562 0.68562734082397 0.44030898876404495 0.6896067415730337 0.43416432584269665 0.6973314606741573 0.42275280898876405 0.7010767790262172 0.4183637640449438 0.7010767790262172 0.4162570224719101 0.6982677902621723 0.41081460674157305 0.6802434456928839 0.4180126404494382 0.6631554307116105 0.4220505617977528 0.6580056179775281 0.42714185393258425 0.6566011235955056
0 0.413623595505618 0.5287921348314607 0.429248595505618 0.5346441947565543 0.4334620786516854 0.5433052434456929 0.43258426966292135 0.56437265917603 0.42889747191011235 0.5692883895131086 0.4195926966292135 0.5732677902621723 0.41134129213483145 0.5718632958801498 0.40747893258426965 0.5676498127340824 0.4041432584269663 0.5603932584269663 0.40150983146067415 0.5437734082397003 0.40115870786516855 0.5397940074906367 0.4043188202247191 0.5323033707865169 0.4078300561797753 0.5290262172284644 0.41344803370786515 0.5287921348314607
0 0.3635884831460674 0.5372191011235955 0.37219101123595505 0.5433052434456929 0.37254213483146065 0.5667134831460674 0.36639747191011235 0.5760767790262172 0.35621488764044945 0.5788857677902621 0.3453300561797753 0.5756086142322098 0.34094101123595505 0.5533707865168539 0.34287219101123595 0.5470505617977528 0.35042134831460675 0.5390917602996255 0.3634129213483146 0.5372191011235955
0 0.6618679775280899 0.6818820224719101 0.6811797752808989 0.6926498127340824 0.6882022471910112 0.7066947565543071 0.6890800561797753 0.7134831460674157 0.6836376404494382 0.7272940074906367 0.6783707865168539 0.7312734082397003 0.6720505617977528 0.7319756554307116 0.6648525280898876 0.7286985018726592 0.6576544943820225 0.7193352059925093 0.6504564606741573 0.699438202247191 0.6509831460674157 0.6905430711610487 0.6616924157303371 0.6818820224719101
0 0.5454705056179775 0.5711610486891385 0.5524929775280899 0.5737359550561798 0.5589887640449438 0.5814606741573034 0.5591643258426966 0.5990168539325843 0.5556530898876404 0.6095505617977528 0.5442415730337079 0.6142322097378277 0.5391502808988764 0.6132958801498127 0.5319522471910112 0.6058052434456929 0.5291432584269663 0.5990168539325843 0.5286165730337079 0.588249063670412 0.535814606741573 0.5732677902621723 0.5452949438202247 0.5711610486891385
0 0.31530898876404495 0.62312734082397 0.3179424157303371 0.6266385767790262 0.31530898876404495 0.6533239700374532 0.3107443820224719 0.6596441947565543 0.2972261235955056 0.6657303370786517 0.28634129213483145 0.6598782771535581 0.2835323033707865 0.6544943820224719 0.2828300561797753 0.6437265917602997 0.28581460674157305 0.6334269662921348 0.296875 0.6235955056179775 0.3107443820224719 0.6198501872659176 0.31513342696629215 0.62312734082397
0 0.5760182584269663 0.5702247191011236 0.5870786516853933 0.577247191011236 0.5942766853932584 0.5990168539325843 0.5926966292134831 0.6090823970037453 0.5853230337078652 0.6170411985018727 0.5672401685393258 0.6109550561797753 0.5602176966292135 0.601123595505618 0.5612710674157303 0.5770131086142322 0.5653089887640449 0.5730337078651685 0.5758426966292135 0.5702247191011236
0 0.6348314606741573 0.6074438202247191 0.6472963483146067 0.6128277153558053 0.6534410112359551 0.6261704119850188 0.6513342696629213 0.6448970037453183 0.6476474719101124 0.649812734082397 0.6420294943820225 0.6519194756554307 0.6285112359550562 0.6479400749063671 0.6230688202247191 0.6385767790262172 0.6197331460674157 0.6266385767790262 0.6199087078651685 0.6175093632958801 0.6239466292134831 0.6125936329588015 0.6232443820224719 0.6093164794007491 0.6346558988764045 0.6074438202247191
0 0.4548806179775281 0.5713951310861424 0.4631320224719101 0.5746722846441947 0.4669943820224719 0.5816947565543071 0.4703300561797753 0.6088483146067416 0.46822331460674155 0.6168071161048689 0.4633075842696629 0.6210205992509363 0.4450491573033708 0.6132958801498127 0.4371488764044944 0.5997191011235955 0.43627106741573035 0.588249063670412 0.43837780898876405 0.5779494382022472 0.4450491573033708 0.5723314606741573 0.4547050561797753 0.5713951310861424
0 0.390625 0.6196161048689138 0.4043188202247191 0.6224250936329588 0.40730337078651685 0.6299157303370787 0.4046699438202247 0.6512172284644194 0.3985252808988764 0.6594101123595506 0.39132724719101125 0.662687265917603 0.38342696629213485 0.661750936329588 0.3790379213483146 0.6584737827715356 0.3734199438202247 0.6446629213483146 0.3765800561797753 0.6280430711610487 0.382373595505618 0.6217228464419475 0.3904494382022472 0.6196161048689138
0 0.2696629213483146 0.5381554307116105 0.27405196629213485 0.5397940074906367 0.27844101123595505 0.5461142322097379 0.27861657303370785 0.5709269662921348 0.27212078651685395 0.5781835205992509 0.2654494382022472 0.5795880149812734 0.2575491573033708 0.579119850187266 0.25140449438202245 0.574438202247191 0.24754213483146068 0.5568820224719101 0.24947331460674158 0.5465823970037453 0.2522823033707865 0.5433052434456929 0.25877808988764045 0.5388576779026217 0.2694873595505618 0.5381554307116105
0 0.2694873595505618 0.6657303370786517 0.27668539325842695 0.6673689138576779 0.2828300561797753 0.6729868913857678 0.2852879213483146 0.6905430711610487 0.2814255617977528 0.7055243445692884 0.277563202247191 0.7088014981273408 0.2673806179775281 0.7104400749063671 0.2614115168539326 0.7088014981273408 0.2542134831460674 0.7015449438202247 0.25122893258426965 0.6800093632958801 0.2515800561797753 0.6748595505617978 0.2554424157303371 0.6685393258426966 0.269311797752809 0.6657303370786517
0 0.48911516853932585 0.5718632958801498 0.4936797752808989 0.5735018726591761 0.4956109550561798 0.5774812734082397 0.496313202247191 0.6018258426966292 0.48911516853932585 0.611189138576779 0.4766502808988764 0.6147003745318352 0.4708567415730337 0.6128277153558053 0.46734550561797755 0.5889513108614233 0.46804775280898875 0.5814606741573034 0.47384129213483145 0.5730337078651685 0.48384831460674155 0.5704588014981273 0.48893960674157305 0.5718632958801498
0 0.38764044943820225 0.5337078651685393 0.4006320224719101 0.5400280898876404 0.40326544943820225 0.56062734082397 0.39729634831460675 0.5720973782771536 0.3871137640449438 0.5739700374531835 0.38009129213483145 0.5730337078651685 0.37622893258426965 0.5697565543071161 0.3730688202247191 0.5566479400749064 0.37552668539325845 0.5397940074906367 0.38746488764044945 0.5337078651685393
0 0.5272120786516854 0.6477059925093633 0.5310744382022472 0.6530898876404494 0.527563202247191 0.6638576779026217 0.5286165730337079 0.6720505617977528 0.5268609550561798 0.6853932584269663 0.5191362359550562 0.6938202247191011 0.5019311797752809 0.7010767790262172 0.4945575842696629 0.6921816479400749 0.49280196629213485 0.6863295880149812 0.4998244382022472 0.6591760299625468 0.5096558988764045 0.6495786516853933 0.5226474719101124 0.650749063670412 0.5270365168539326 0.6477059925093633
0 0.3456811797752809 0.697565543071161 0.35235252808988765 0.7031835205992509 0.3530547752808989 0.7165262172284644 0.3455056179775281 0.738061797752809 0.3383075842696629 0.7471910112359551 0.3319873595505618 0.7495318352059925 0.3225070224719101 0.7483614232209738 0.3168890449438202 0.7413389513108615 0.3165379213483146 0.7272940074906367 0.3182935393258427 0.7200374531835206 0.3237359550561798 0.7109082397003745 0.3455056179775281 0.697565543071161
0 0.6899578651685393 0.6395131086142322 0.7075140449438202 0.6439606741573034 0.7173455056179775 0.6544943820224719 0.7191011235955056 0.6650280898876404 0.7169943820224719 0.6781367041198502 0.7057584269662921 0.6851591760299626 0.699438202247191 0.6844569288389513 0.6918890449438202 0.6790730337078652 0.6774929775280899 0.6575374531835206 0.6780196629213483 0.6509831460674157 0.6853932584269663 0.6413857677902621 0.6897823033707865 0.6395131086142322
0 0.4274929775280899 0.5767790262172284 0.4353932584269663 0.5884831460674157 0.43662219101123595 0.6058052434456929 0.42854634831460675 0.6168071161048689 0.41924157303370785 0.6193820224719101 0.41485252808988765 0.6184456928838952 0.40888342696629215 0.6125936329588015 0.4066011235955056 0.5997191011235955 0.40765449438202245 0.5884831460674157 0.41292134831460675 0.5798220973782772 0.4199438202247191 0.5765449438202247 0.4273174157303371 0.5767790262172284
0 0.5849719101123596 0.649812734082397 0.5923455056179775 0.6540262172284644 0.6023525280898876 0.6715823970037453 0.6023525280898876 0.6779026217228464 0.5990168539325843 0.6870318352059925 0.5955056179775281 0.6905430711610487 0.5862008426966292 0.6924157303370787 0.5746137640449438 0.6907771535580525 0.5675912921348315 0.6809456928838952 0.5644311797752809 0.6669007490636704 0.5603932584269663 0.6647940074906367 0.5607443820224719 0.6580056179775281 0.5709269662921348 0.6575374531835206 0.5847963483146067 0.6500468164794008
0 0.3402387640449438 0.5795880149812734 0.34269662921348315 0.5814606741573034 0.34076544943820225 0.5990168539325843 0.3455056179775281 0.613061797752809 0.3418188202247191 0.6184456928838952 0.3316362359550562 0.6221910112359551 0.31776685393258425 0.6207865168539326 0.31372893258426965 0.6137640449438202 0.31390449438202245 0.6090823970037453 0.3225070224719101 0.5833333333333334 0.32882724719101125 0.5798220973782772 0.340063202247191 0.5795880149812734
0 0.24315308988764045 0.6645599250936329 0.2515800561797753 0.6692415730337079 0.25070224719101125 0.6804775280898876 0.25263342696629215 0.6985018726591761 0.2420997191011236 0.7064606741573034 0.23507724719101122 0.7076310861423221 0.230688202247191 0.7071629213483146 0.22524578651685392 0.7008426966292135 0.2226123595505618 0.6851591760299626 0.22542134831460675 0.6760299625468165 0.2305126404494382 0.6692415730337079 0.24297752808988765 0.6645599250936329
0 0.29810393258426965 0.5372191011235955 0.305126404494382 0.5395599250936329 0.31162219101123595 0.5461142322097379 0.31109550561797755 0.5676498127340824 0.3049508426966292 0.5758426966292135 0.29389044943820225 0.579119850187266 0.2866924157303371 0.5765449438202247 0.28054775280898875 0.5709269662921348 0.2789676966292135 0.5543071161048689 0.28388342696629215 0.5419007490636704 0.29792837078651685 0.5372191011235955
0 0.394311797752809 0.5737359550561798 0.40098314606741575 0.5777153558052435 0.40484550561797755 0.584503745318352 0.40747893258426965 0.6086142322097379 0.40572331460674155 0.6163389513108615 0.39764747191011235 0.6210205992509363 0.38360252808988765 0.6158707865168539 0.37622893258426965 0.6039325842696629 0.3748244382022472 0.5962078651685393 0.3746488764044944 0.5812265917602997 0.3767556179775281 0.5765449438202247 0.38009129213483145 0.5779494382022472 0.3941362359550562 0.5737359550561798
0 0.2382373595505618 0.5819288389513109 0.24877106741573032 0.5852059925093633 0.2519311797752809 0.5924625468164794 0.24947331460674158 0.6156367041198502 0.24087078651685392 0.6228932584269663 0.23542837078651685 0.6238295880149812 0.2226123595505618 0.6207865168539326 0.21716994382022473 0.6090823970037453 0.2168188202247191 0.6039325842696629 0.22015449438202248 0.5917602996254682 0.22384129213483145 0.586376404494382 0.238061797752809 0.5819288389513109
0 0.45066713483146065 0.6963951310861424 0.46348314606741575 0.6980337078651685 0.46804775280898875 0.7017790262172284 0.47191011235955055 0.7099719101123596 0.4722612359550562 0.7258895131086143 0.46945224719101125 0.7382958801498127 0.47208567415730335 0.7448501872659176 0.47155898876404495 0.74812734082397 0.4669943820224719 0.7516385767790262 0.4626053370786517 0.7443820224719101 0.449438202247191 0.7415730337078652 0.4436446629213483 0.7340823970037453 0.441186797752809 0.7071629213483146 0.4450491573033708 0.6989700374531835 0.45049157303370785 0.6963951310861424
0 0.3460323033707865 0.6207865168539326 0.35217696629213485 0.6235955056179775 0.35270365168539325 0.636938202247191 0.34304775280898875 0.6561329588014981 0.3316362359550562 0.6638576779026217 0.3219803370786517 0.6622191011235955 0.316186797752809 0.6542602996254682 0.3188202247191011 0.6303838951310862 0.3168890449438202 0.6228932584269663 0.3283005617977528 0.6238295880149812 0.3458567415730337 0.6207865168539326
0 0.3491924157303371 0.6598782771535581 0.35410814606741575 0.6643258426966292 0.35428370786516855 0.6718164794007491 0.34480337078651685 0.6961610486891385 0.33707865168539325 0.7031835205992509 0.32865168539325845 0.7057584269662921 0.3223314606741573 0.704119850187266 0.3167134831460674 0.6961610486891385 0.31724016853932585 0.670880149812734 0.3242626404494382 0.6659644194756554 0.34901685393258425 0.6598782771535581
0 0.3302317415730337 0.5365168539325843 0.34094101123595505 0.5433052434456929 0.34111657303370785 0.5676498127340824 0.3376053370786517 0.5718632958801498 0.32514044943820225 0.5779494382022472 0.31759129213483145 0.5760767790262172 0.31372893258426965 0.5711610486891385 0.31109550561797755 0.5608614232209738 0.31162219101123595 0.5522003745318352 0.31302668539325845 0.5451779026217228 0.3167134831460674 0.5397940074906367 0.3300561797752809 0.5365168539325843
0 0.5756671348314607 0.5250468164794008 0.5867275280898876 0.533941947565543 0.589185393258427 0.5482209737827716 0.5849719101123596 0.5608614232209738 0.5747893258426966 0.5667134831460674 0.5675912921348315 0.5655430711610487 0.5625 0.56062734082397 0.5593398876404494 0.5538389513108615 0.5586376404494382 0.5449438202247191 0.5595154494382022 0.536750936329588 0.5646067415730337 0.5271535580524345 0.5754915730337079 0.5250468164794008
0 0.48560393258426965 0.5241104868913857 0.49525983146067415 0.5334737827715356 0.49719101123595505 0.5402621722846442 0.49683988764044945 0.5500936329588015 0.49122191011235955 0.5657771535580525 0.48771067415730335 0.5690543071161048 0.47910814606741575 0.5706928838951311 0.47384129213483145 0.5690543071161048 0.46997893258426965 0.5610955056179775 0.46629213483146065 0.5362827715355806 0.46927668539325845 0.5294943820224719 0.47963483146067415 0.5231741573033708 0.4840238764044944 0.5175561797752809 0.48542837078651685 0.5241104868913857
0 0.45014044943820225 0.524812734082397 0.4590941011235955 0.528558052434457 0.4629564606741573 0.5332397003745318 0.4683988764044944 0.5533707865168539 0.4671699438202247 0.5629681647940075 0.4629564606741573 0.5676498127340824 0.456811797752809 0.5688202247191011 0.4418890449438202 0.5657771535580525 0.4373244382022472 0.56062734082397 0.43451544943820225 0.5529026217228464 0.43433988764044945 0.5400280898876404 0.43820224719101125 0.5318352059925093 0.44610252808988765 0.5252808988764045 0.44996488764044945 0.524812734082397
0 0.5136938202247191 0.5688202247191011 0.5240519662921348 0.574438202247191 0.527563202247191 0.5880149812734082 0.5265098314606742 0.6020599250936329 0.520189606741573 0.6097846441947565 0.514747191011236 0.611189138576779 0.503686797752809 0.6088483146067416 0.4982443820224719 0.5990168539325843 0.49736657303370785 0.5877808988764045 0.4978932584269663 0.5819288389513109 0.5017556179775281 0.5742041198501873 0.5080758426966292 0.5695224719101124 0.5135182584269663 0.5688202247191011
0 0.2828300561797753 0.5802902621722846 0.2889747191011236 0.5849719101123596 0.2828300561797753 0.5952715355805244 0.28002106741573035 0.6154026217228464 0.27475421348314605 0.6198501872659176 0.26650280898876405 0.6217228464419475 0.25526685393258425 0.6200842696629213 0.25105337078651685 0.6147003745318352 0.25 0.6046348314606742 0.25298455056179775 0.5877808988764045 0.2617626404494382 0.5809925093632958 0.28265449438202245 0.5802902621722846
0 0.40168539325842695 0.6917134831460674 0.40941011235955055 0.699438202247191 0.4104634831460674 0.7066947565543071 0.4083567415730337 0.7205056179775281 0.39975421348314605 0.7411048689138576 0.39132724719101125 0.7457865168539326 0.3846558988764045 0.7446161048689138 0.37816011235955055 0.7378277153558053 0.3753511235955056 0.7272940074906367 0.3765800561797753 0.7155898876404494 0.38360252808988765 0.7034176029962547 0.39747191011235955 0.6924157303370787 0.40150983146067415 0.6917134831460674
0 0.28651685393258425 0.658941947565543 0.29634831460674155 0.6643258426966292 0.30723314606741575 0.661750936329588 0.3144311797752809 0.6690074906367042 0.3140800561797753 0.6910112359550562 0.30916432584269665 0.6977996254681648 0.296875 0.702247191011236 0.28967696629213485 0.700374531835206 0.28634129213483145 0.6926498127340824 0.2816011235955056 0.6687734082397003 0.2833567415730337 0.6615168539325843 0.28634129213483145 0.658941947565543
1 0.6012991573033708 0.5442415730337079 0.02457865168539326 0.0351123595505618
1 0.6285112359550562 0.5436563670411985 0.026334269662921347 0.038623595505617975
1 0.6583567415730337 0.5430711610486891 0.026334269662921347 0.03277153558052434
1 0.6886411516853933 0.5419007490636704 0.027212078651685394 0.039794007490636704
1 0.6956636235955056 0.5869616104868914 0.021945224719101125 0.03628277153558052
1 0.6298279494382022 0.5834503745318352 0.027212078651685394 0.038623595505617975
1 0.6004213483146067 0.5834503745318352 0.02457865168539326 0.03628277153558052
1 0.5424859550561798 0.6267556179775281 0.026334269662921347 0.029260299625468163
1 0.5135182584269663 0.6279260299625468 0.029845505617977528 0.029260299625468163
1 0.4217872191011236 0.6361189138576779 0.023700842696629212 0.03394194756554307
1 0.36429073033707865 0.6431413857677902 0.019311797752808987 0.03628277153558052
1 0.234375 0.6402153558052435 0.029845505617977528 0.04447565543071161
1 0.6039325842696629 0.6203183520599251 0.03160112359550562 0.042134831460674156
1 0.6702071629213483 0.625 0.023700842696629212 0.0351123595505618
1 0.6978581460674157 0.6209035580524345 0.03160112359550562 0.029260299625468163
1 0.3651685393258427 0.6776685393258427 0.026334269662921347 0.03277153558052434
1 0.39764747191011235 0.6753277153558053 0.026334269662921347 0.030430711610486893
1 0.3669241573033708 0.7209737827715356 0.028089887640449437 0.04915730337078652
1 0.488061797752809 0.6702949438202247 0.023876404494382022 0.0325374531835206
1 0.5157127808988764 0.7162921348314607 0.03247893258426966 0.0351123595505618
1 0.547752808988764 0.7151217228464419 0.033356741573033706 0.03277153558052434
1 0.5768082865168539 0.7075140449438202 0.02475421348314607 0.03160112359550562
1 0.6662570224719101 0.6653792134831461 0.029845505617977528 0.03628277153558052
1 0.6337780898876404 0.6688904494382022 0.026334269662921347 0.03394194756554307
1 0.6026158707865169 0.6642088014981273 0.030723314606741572 0.03628277153558052
1 0.6051615168539326 0.7031835205992509 0.028441011235955056 0.035580524344569285
1 0.6339536516853933 0.7027153558052435 0.02773876404494382 0.031835205992509365
1 0.6964536516853933 0.7001404494382022 0.02422752808988764 0.026685393258426966
2 0.21418539325842698 0.5337078651685393 0.7180477528089888 0.5184925093632958 0.7206811797752809 0.7198033707865169 0.22208567415730338 0.7490636704119851 0.21418539325842698 0.5360486891385767