0 0.6875 0.5919943820224719 0.6946980337078652 0.6018258426966292 0.6973314606741573 0.613061797752809 0.6931179775280899 0.6264044943820225 0.6857443820224719 0.6303838951310862 0.6664325842696629 0.6266385767790262 0.6652036516853933 0.6116573033707865 0.667310393258427 0.599250936329588 0.6704705056179775 0.5941011235955056 0.675561797752809 0.5915262172284644 0.6873244382022472 0.5919943820224719
0 0.4262640449438202 0.5007022471910112 0.4434691011235955 0.5084269662921348 0.4468047752808989 0.5126404494382022 0.4489115168539326 0.5210674157303371 0.44856039325842695 0.5330056179775281 0.44434691011235955 0.5416666666666666 0.42889747191011235 0.5463483146067416 0.4238061797752809 0.5440074906367042 0.4183637640449438 0.5353464419475655 0.41520365168539325 0.5163857677902621 0.4176615168539326 0.5051498127340824 0.4215238764044944 0.5011704119850188 0.4260884831460674 0.5007022471910112
0 0.7103230337078652 0.5917602996254682 0.7229634831460674 0.5926966292134831 0.7257724719101124 0.6116573033707865 0.7238412921348315 0.6238295880149812 0.7185744382022472 0.6308520599250936 0.7136587078651685 0.6329588014981273 0.6961025280898876 0.6317883895131086 0.694873595505618 0.6266385767790262 0.6973314606741573 0.6165730337078652 0.6968047752808989 0.5987827715355806 0.7029494382022472 0.5922284644194756 0.7101474719101124 0.5917602996254682
0 0.3806179775280899 0.6643258426966292 0.386938202247191 0.6676029962546817 0.38816713483146065 0.6713483146067416 0.38606039325842695 0.6996722846441947 0.3806179775280899 0.7102059925093633 0.371313202247191 0.7155898876404494 0.36271067415730335 0.7137172284644194 0.3590238764044944 0.709503745318352 0.3558637640449438 0.6963951310861424 0.35656601123595505 0.68937265917603 0.36253511235955055 0.674625468164794 0.3804424157303371 0.6643258426966292
0 0.6172752808988764 0.5908239700374532 0.6265800561797753 0.5950374531835206 0.6325491573033708 0.6090823970037453 0.6311446629213483 0.6238295880149812 0.6239466292134831 0.6313202247191011 0.6200842696629213 0.6322565543071161 0.6127106741573034 0.6317883895131086 0.6042837078651685 0.62312734082397 0.6007724719101124 0.6018258426966292 0.601123595505618 0.5955056179775281 0.6035814606741573 0.5919943820224719 0.6170997191011236 0.5908239700374532
0 0.675561797752809 0.5465823970037453 0.6925912921348315 0.5472846441947565 0.6968047752808989 0.5552434456928839 0.6903089887640449 0.5814606741573034 0.6864466292134831 0.5861423220973783 0.6787219101123596 0.5889513108614233 0.667310393258427 0.5859082397003745 0.657127808988764 0.5669475655430711 0.657127808988764 0.5601591760299626 0.6609901685393258 0.5531367041198502 0.6753862359550562 0.5465823970037453
0 0.31759129213483145 0.6701779026217228 0.324438202247191 0.6715823970037453 0.32672050561797755 0.6753277153558053 0.3265449438202247 0.6961610486891385 0.3239115168539326 0.7066947565543071 0.3144311797752809 0.7130149812734082 0.2970505617977528 0.7144194756554307 0.2910814606741573 0.7066947565543071 0.2949438202247191 0.6924157303370787 0.30354634831460675 0.674625468164794 0.3082865168539326 0.6711142322097379 0.31741573033707865 0.6704119850187266
0 0.5925210674157303 0.5091292134831461 0.6021769662921348 0.5189606741573034 0.6035814606741573 0.5316011235955056 0.601123595505618 0.5433052434456929 0.5923455056179775 0.549625468164794 0.581811797752809 0.5482209737827716 0.5774227528089888 0.5433052434456929 0.5733848314606742 0.5362827715355806 0.5719803370786517 0.5217696629213483 0.5726825842696629 0.5154494382022472 0.5758426966292135 0.5117041198501873 0.5847963483146067 0.5081928838951311 0.5923455056179775 0.5091292134831461
0 0.6209620786516854 0.6338951310861424 0.6341292134831461 0.6427902621722846 0.6404494382022472 0.6575374531835206 0.6353581460674157 0.6741573033707865 0.6274578651685393 0.6797752808988764 0.6156952247191011 0.6753277153558053 0.609375 0.6692415730337079 0.6051615168539326 0.6547284644194756 0.6055126404494382 0.6439606741573034 0.6081460674157303 0.6395131086142322 0.6125351123595506 0.6352996254681648 0.6207865168539326 0.6338951310861424
0 0.6111306179775281 0.6734550561797753 0.6271067415730337 0.6811797752808989 0.6318469101123596 0.6926498127340824 0.6300912921348315 0.7083333333333334 0.6265800561797753 0.7134831460674157 0.6199087078651685 0.7167602996254682 0.6091994382022472 0.7139513108614233 0.6016502808988764 0.702247191011236 0.601123595505618 0.6816479400749064 0.6058637640449438 0.6741573033707865 0.6109550561797753 0.6734550561797753
0 0.4982443820224719 0.5919943820224719 0.5068469101123596 0.5987827715355806 0.5094803370786517 0.6165730337078652 0.5052668539325843 0.6280430711610487 0.5014044943820225 0.6324906367041199 0.496313202247191 0.6336610486891385 0.4841994382022472 0.6289794007490637 0.47945926966292135 0.6186797752808989 0.4787570224719101 0.611189138576779 0.4803370786516854 0.6006554307116105 0.4841994382022472 0.5943352059925093 0.4980688202247191 0.5919943820224719
0 0.5235252808988764 0.586376404494382 0.5337078651685393 0.5880149812734082 0.5391502808988764 0.6020599250936329 0.5402036516853933 0.6135299625468165 0.5382724719101124 0.6212546816479401 0.5335323033707865 0.6271067415730337 0.5226474719101124 0.6289794007490637 0.515625 0.62687265917603 0.5117626404494382 0.6198501872659176 0.5094803370786517 0.6020599250936329 0.5154494382022472 0.589185393258427 0.5233497191011236 0.586376404494382
0 0.3121488764044944 0.6280430711610487 0.3184691011235955 0.6294475655430711 0.32303370786516855 0.6338951310861424 0.3237359550561798 0.6650280898876404 0.3205758426966292 0.6699438202247191 0.3082865168539326 0.670880149812734 0.30179073033707865 0.6685393258426966 0.29617275280898875 0.6603464419475655 0.2928370786516854 0.6439606741573034 0.29985955056179775 0.6299157303370787 0.31197331460674155 0.6280430711610487
0 0.6469452247191011 0.6690074906367042 0.6515098314606742 0.6706460674157303 0.6581811797752809 0.6779026217228464 0.6620435393258427 0.6924157303370787 0.659936797752809 0.7069288389513109 0.6515098314606742 0.7134831460674157 0.644311797752809 0.7127808988764045 0.6371137640449438 0.7071629213483146 0.6330758426966292 0.700374531835206 0.6304424157303371 0.68562734082397 0.6318469101123596 0.6783707865168539 0.6362359550561798 0.672752808988764 0.6467696629213483 0.6690074906367042
0 0.5963834269662921 0.6336610486891385 0.6027036516853933 0.6411516853932584 0.6065660112359551 0.6652621722846442 0.6027036516853933 0.673689138576779 0.5958567415730337 0.6769662921348315 0.5777738764044944 0.6683052434456929 0.5716292134831461 0.6542602996254682 0.5733848314606742 0.6420880149812734 0.5767205056179775 0.636938202247191 0.5962078651685393 0.6336610486891385
0 0.5547752808988764 0.6299157303370787 0.5644311797752809 0.6327247191011236 0.5696980337078652 0.6404494382022472 0.5705758426966292 0.6580056179775281 0.5754915730337079 0.6680711610486891 0.574438202247191 0.6699438202247191 0.5675912921348315 0.6657303370786517 0.5632022471910112 0.6734550561797753 0.558813202247191 0.6753277153558053 0.5474016853932584 0.6683052434456929 0.5419592696629213 0.6547284644194756 0.5454705056179775 0.6374063670411985 0.5545997191011236 0.6299157303370787
0 0.6218398876404494 0.5493913857677902 0.6307935393258427 0.5559456928838952 0.6343047752808989 0.5678838951310862 0.6329002808988764 0.5814606741573034 0.6230688202247191 0.5908239700374532 0.6125351123595506 0.5894194756554307 0.6058637640449438 0.5852059925093633 0.5995435393258427 0.5711610486891385 0.5990168539325843 0.5655430711610487 0.601123595505618 0.5566479400749064 0.6039325842696629 0.5531367041198502 0.6123595505617978 0.5489232209737828 0.6216643258426966 0.5493913857677902
0 0.5860252808988764 0.5896535580524345 0.5958567415730337 0.5945692883895131 0.6005969101123596 0.6018258426966292 0.6030547752808989 0.6109550561797753 0.6028792134831461 0.6200842696629213 0.5997191011235955 0.6264044943820225 0.5953300561797753 0.6317883895131086 0.5886587078651685 0.6334269662921348 0.5809339887640449 0.6324906367041199 0.573560393258427 0.6259363295880149 0.5693469101123596 0.6100187265917603 0.5725070224719101 0.5950374531835206 0.578125 0.5903558052434457 0.5858497191011236 0.5896535580524345
0 0.7168188202247191 0.5091292134831461 0.7245435393258427 0.5154494382022472 0.7287570224719101 0.528558052434457 0.7275280898876404 0.5400280898876404 0.7219101123595506 0.5479868913857678 0.7173455056179775 0.5503277153558053 0.7033005617977528 0.5479868913857678 0.6973314606741573 0.540496254681648 0.6996137640449438 0.5287921348314607 0.6983848314606742 0.5149812734082397 0.7071629213483146 0.5093632958801498 0.7166432584269663 0.5091292134831461
0 0.2658005617977528 0.6711142322097379 0.27229634831460675 0.674625468164794 0.28651685393258425 0.6713483146067416 0.2945926966292135 0.6786048689138576 0.2952949438202247 0.68562734082397 0.289501404494382 0.7064606741573034 0.2796699438202247 0.7127808988764045 0.2691362359550562 0.7092696629213483 0.258251404494382 0.6889044943820225 0.25860252808988765 0.6767322097378277 0.2621137640449438 0.670880149812734 0.265625 0.6711142322097379
0 0.27264747191011235 0.5917602996254682 0.28441011235955055 0.5931647940074907 0.29002808988764045 0.596441947565543 0.29371488764044945 0.6217228464419475 0.29599719101123595 0.6266385767790262 0.2933637640449438 0.6303838951310862 0.28967696629213485 0.6294475655430711 0.2768609550561798 0.6341292134831461 0.26667837078651685 0.6308520599250936 0.2614115168539326 0.6198501872659176 0.26035814606741575 0.5985486891385767 0.265625 0.5922284644194756 0.27247191011235955 0.5917602996254682
0 0.3123244382022472 0.5870786516853933 0.32145365168539325 0.5917602996254682 0.3263693820224719 0.5987827715355806 0.32900280898876405 0.6093164794007491 0.320751404494382 0.6242977528089888 0.3121488764044944 0.6273408239700374 0.3028441011235955 0.6271067415730337 0.29757724719101125 0.6242977528089888 0.2933637640449438 0.6095505617977528 0.29634831460674155 0.5952715355805244 0.30337078651685395 0.589185393258427 0.3121488764044944 0.5870786516853933
0 0.46962780898876405 0.6320224719101124 0.47735252808988765 0.6338951310861424 0.48103932584269665 0.6411516853932584 0.4780547752808989 0.6643258426966292 0.47384129213483145 0.6720505617977528 0.46734550561797755 0.6739232209737828 0.4529494382022472 0.6704119850187266 0.4490870786516854 0.661750936329588 0.44856039325842695 0.6509831460674157 0.4529494382022472 0.6390449438202247 0.4610252808988764 0.6334269662921348 0.46945224719101125 0.6320224719101124
0 0.43504213483146065 0.548689138576779 0.44276685393258425 0.5540730337078652 0.44662921348314605 0.5742041198501873 0.4396067415730337 0.5866104868913857 0.4295997191011236 0.5905898876404494 0.42257724719101125 0.5884831460674157 0.4155547752808989 0.5814606741573034 0.41678370786516855 0.5601591760299626 0.42117275280898875 0.552434456928839 0.43486657303370785 0.548689138576779
0 0.49139747191011235 0.6750936329588015 0.5019311797752809 0.6762640449438202 0.5063202247191011 0.6818820224719101 0.5089536516853933 0.6910112359550562 0.5063202247191011 0.7090355805243446 0.49473314606741575 0.7174625468164794 0.4841994382022472 0.7134831460674157 0.4785814606741573 0.6966292134831461 0.4808637640449438 0.6814138576779026 0.4845505617977528 0.6767322097378277 0.49122191011235955 0.6750936329588015
0 0.46418539325842695 0.5475187265917603 0.4705056179775281 0.5500936329588015 0.47717696629213485 0.5625 0.47384129213483145 0.5814606741573034 0.4708567415730337 0.5859082397003745 0.46400983146067415 0.589185393258427 0.4527738764044944 0.5854400749063671 0.4489115168539326 0.5781835205992509 0.4476825842696629 0.5702247191011236 0.44820926966292135 0.5592228464419475 0.45207162921348315 0.5510299625468165 0.46400983146067415 0.5475187265917603
0 0.3123244382022472 0.5470505617977528 0.3242626404494382 0.5517322097378277 0.328125 0.549625468164794 0.32952949438202245 0.5538389513108615 0.3260182584269663 0.5629681647940075 0.3225070224719101 0.5849719101123596 0.3068820224719101 0.587312734082397 0.30003511235955055 0.5870786516853933 0.2949438202247191 0.5828651685393258 0.2933637640449438 0.574438202247191 0.29406601123595505 0.5538389513108615 0.30354634831460675 0.5482209737827716 0.3121488764044944 0.5470505617977528
0 0.6221910112359551 0.5065543071161048 0.6272823033707865 0.5091292134831461 0.6309691011235955 0.514747191011236 0.6339536516853933 0.5222378277153558 0.6341292134831461 0.5330056179775281 0.6281601123595506 0.5435393258426966 0.6172752808988764 0.5468164794007491 0.6090238764044944 0.5447097378277154 0.604810393258427 0.5400280898876404 0.6027036516853933 0.5189606741573034 0.6053370786516854 0.511938202247191 0.6095505617977528 0.5084269662921348 0.6220154494382022 0.5065543071161048
0 0.6376404494382022 0.588249063670412 0.6404494382022472 0.5912921348314607 0.6551966292134831 0.5884831460674157 0.6616924157303371 0.5926966292134831 0.6653792134831461 0.6022940074906367 0.6587078651685393 0.6266385767790262 0.6508075842696629 0.6345973782771536 0.6476474719101124 0.635065543071161 0.6343047752808989 0.6303838951310862 0.6327247191011236 0.6048689138576779 0.629564606741573 0.5917602996254682 0.6337780898876404 0.5917602996254682 0.6374648876404494 0.588249063670412
0 0.5015800561797753 0.5512640449438202 0.5068469101123596 0.5636704119850188 0.5059691011235955 0.5814606741573034 0.5005266853932584 0.589185393258427 0.4905196629213483 0.5912921348314607 0.484375 0.5908239700374532 0.47963483146067415 0.5847378277153558 0.47717696629213485 0.5749063670411985 0.47770365168539325 0.5641385767790262 0.4803370786516854 0.5573501872659176 0.4845505617977528 0.5533707865168539 0.49490870786516855 0.5500936329588015 0.5014044943820225 0.5512640449438202
0 0.3772823033707865 0.5936329588014981 0.38395365168539325 0.6022940074906367 0.38395365168539325 0.6198501872659176 0.37359550561797755 0.6341292134831461 0.36271067415730335 0.6383426966292135 0.3591994382022472 0.6371722846441947 0.35024578651685395 0.6266385767790262 0.35094803370786515 0.6088483146067416 0.35410814606741575 0.6018258426966292 0.359375 0.5966760299625468 0.3669241573033708 0.5936329588014981 0.3771067415730337 0.5936329588014981
0 0.558813202247191 0.5074906367041199 0.5644311797752809 0.510065543071161 0.5677668539325843 0.5154494382022472 0.5696980337078652 0.5327715355805244 0.5663623595505618 0.5419007490636704 0.5544241573033708 0.5463483146067416 0.545997191011236 0.5447097378277154 0.5417837078651685 0.5400280898876404 0.5400280898876404 0.5332397003745318 0.5412570224719101 0.5194288389513109 0.5428370786516854 0.5124063670411985 0.5470505617977528 0.5088951310861424 0.5586376404494382 0.5074906367041199
0 0.5019311797752809 0.635065543071161 0.5075491573033708 0.6409176029962547 0.5101825842696629 0.6577715355805244 0.5061446629213483 0.6676029962546817 0.4964887640449438 0.6732209737827716 0.4882373595505618 0.672752808988764 0.4841994382022472 0.6692415730337079 0.47981039325842695 0.660814606741573 0.47963483146067415 0.6505149812734082 0.4845505617977528 0.6381086142322098 0.5017556179775281 0.635065543071161
0 0.2828300561797753 0.4866573033707865 0.28370786516853935 0.49836142322097376 0.3030196629213483 0.5154494382022472 0.3045997191011236 0.5222378277153558 0.30372191011235955 0.5287921348314607 0.29827949438202245 0.5362827715355806 0.2889747191011236 0.5390917602996255 0.28247893258426965 0.5479868913857678 0.27633426966292135 0.5498595505617978 0.2675561797752809 0.5468164794007491 0.26316713483146065 0.5334737827715356 0.2615870786516854 0.5170880149812734 0.2638693820224719 0.5079588014981273 0.2735252808988764 0.49812734082397003 0.272998595505618 0.4875936329588015 0.28265449438202245 0.4866573033707865
0 0.3670997191011236 0.5484550561797753 0.3804424157303371 0.5517322097378277 0.3843047752808989 0.5580524344569289 0.3871137640449438 0.5936329588014981 0.38606039325842695 0.5884831460674157 0.38360252808988765 0.5880149812734082 0.37447331460674155 0.5938670411985019 0.36622191011235955 0.5933988764044944 0.3577949438202247 0.5861423220973783 0.35270365168539325 0.5603932584269663 0.3532303370786517 0.5538389513108615 0.35639044943820225 0.5498595505617978 0.3669241573033708 0.5484550561797753
0 0.35235252808988765 0.6669007490636704 0.35621488764044945 0.6694756554307116 0.35814606741573035 0.6748595505617978 0.3555126404494382 0.6970973782771536 0.36007724719101125 0.7134831460674157 0.35481039325842695 0.7237827715355806 0.34901685393258425 0.7272940074906367 0.33128511235955055 0.7169943820224719 0.32689606741573035 0.7099719101123596 0.3261938202247191 0.7029494382022472 0.3302317415730337 0.6790730337078652 0.35217696629213485 0.6669007490636704
0 0.4044943820224719 0.5060861423220974 0.4141502808988764 0.5121722846441947 0.41660814606741575 0.5323033707865169 0.4159058988764045 0.5369850187265918 0.4104634831460674 0.5437734082397003 0.40519662921348315 0.5456460674157303 0.3925561797752809 0.5440074906367042 0.3888693820224719 0.5400280898876404 0.38588483146067415 0.5297284644194756 0.3888693820224719 0.5117041198501873 0.3948384831460674 0.5072565543071161 0.4043188202247191 0.5060861423220974
0 0.5300210674157303 0.6715823970037453 0.5368679775280899 0.6830524344569289 0.5403792134831461 0.7001404494382022 0.5366924157303371 0.7134831460674157 0.5261587078651685 0.7202715355805244 0.5154494382022472 0.7174625468164794 0.511060393258427 0.711376404494382 0.5096558988764045 0.6879681647940075 0.5149227528089888 0.6788389513108615 0.5298455056179775 0.6715823970037453
0 0.34129213483146065 0.6280430711610487 0.35481039325842695 0.6334269662921348 0.3591994382022472 0.6434925093632958 0.3498946629213483 0.6638576779026217 0.3393609550561798 0.670880149812734 0.3316362359550562 0.6701779026217228 0.32514044943820225 0.6647940074906367 0.32127808988764045 0.6544943820224719 0.32092696629213485 0.6441947565543071 0.32338483146067415 0.637874531835206 0.33110955056179775 0.6303838951310862 0.34111657303370785 0.6280430711610487
0 0.4125702247191011 0.6638576779026217 0.42099719101123595 0.6711142322097379 0.42064606741573035 0.6788389513108615 0.4122191011235955 0.7062265917602997 0.4018609550561798 0.7139513108614233 0.394311797752809 0.713249063670412 0.38799157303370785 0.7064606741573034 0.3862359550561798 0.699438202247191 0.38816713483146065 0.6788389513108615 0.40133426966292135 0.6657303370786517 0.4123946629213483 0.6638576779026217
0 0.7108497191011236 0.6336610486891385 0.7238412921348315 0.639747191011236 0.7292837078651685 0.6514513108614233 0.7273525280898876 0.6678370786516854 0.7173455056179775 0.6757958801498127 0.7066362359550562 0.6732209737827716 0.6997893258426966 0.6680711610486891 0.6959269662921348 0.6521535580524345 0.6954002808988764 0.6446629213483146 0.6982092696629213 0.6390449438202247 0.7106741573033708 0.6336610486891385
0 0.2443820224719101 0.5046816479400749 0.2542134831460674 0.5079588014981273 0.2596558988764045 0.513810861423221 0.261938202247191 0.5283239700374532 0.2593047752808989 0.5381554307116105 0.2521067415730337 0.5437734082397003 0.24578651685393257 0.5451779026217228 0.23771067415730338 0.5449438202247191 0.22998595505617977 0.5411985018726592 0.22682584269662923 0.5360486891385767 0.22542134831460675 0.5278558052434457 0.22594803370786518 0.5194288389513109 0.22945926966292135 0.5114700374531835 0.2345505617977528 0.5067883895131086 0.2442064606741573 0.5046816479400749
0 0.25912921348314605 0.6259363295880149 0.2633426966292135 0.6336610486891385 0.25860252808988765 0.6624531835205992 0.24122191011235955 0.6694756554307116 0.2361306179775281 0.6683052434456929 0.23016151685393257 0.6610486891385767 0.23402387640449437 0.6341292134831461 0.24859550561797752 0.6273408239700374 0.25895365168539325 0.6259363295880149
0 0.45979634831460675 0.5896535580524345 0.4671699438202247 0.5912921348314607 0.4726123595505618 0.5985486891385767 0.47384129213483145 0.6200842696629213 0.46945224719101125 0.6271067415730337 0.45962078651685395 0.6306179775280899 0.4468047752808989 0.62687265917603 0.4378511235955056 0.6027621722846442 0.43872893258426965 0.5955056179775281 0.44610252808988765 0.5889513108614233 0.45962078651685395 0.5896535580524345
0 0.6831109550561798 0.5056179775280899 0.6903089887640449 0.5074906367041199 0.6950491573033708 0.511938202247191 0.6997893258426966 0.5262172284644194 0.694873595505618 0.5414325842696629 0.6822331460674157 0.5468164794007491 0.6704705056179775 0.5419007490636704 0.6650280898876404 0.5330056179775281 0.6648525280898876 0.525749063670412 0.6650280898876404 0.5154494382022472 0.6667837078651685 0.5121722846441947 0.6746839887640449 0.5067883895131086 0.682935393258427 0.5056179775280899
0 0.4884129213483146 0.5025749063670412 0.496313202247191 0.5046816479400749 0.5040379213483146 0.5154494382022472 0.5035112359550562 0.5290262172284644 0.4996488764044944 0.5400280898876404 0.4906952247191011 0.5451779026217228 0.4729634831460674 0.5433052434456929 0.46997893258426965 0.5397940074906367 0.4683988764044944 0.5297284644194756 0.47015449438202245 0.5210674157303371 0.47594803370786515 0.5093632958801498 0.48121488764044945 0.5044475655430711 0.4882373595505618 0.5025749063670412
0 0.668188202247191 0.6697097378277154 0.6766151685393258 0.6779026217228464 0.688377808988764 0.6809456928838952 0.6927668539325843 0.6891385767790262 0.6925912921348315 0.7062265917602997 0.6873244382022472 0.7134831460674157 0.6822331460674157 0.7158239700374532 0.671875 0.7137172284644194 0.663623595505618 0.7027153558052435 0.6595856741573034 0.6750936329588015 0.6648525280898876 0.6694756554307116 0.6680126404494382 0.6697097378277154
0 0.6701193820224719 0.6296816479400749 0.6897823033707865 0.6399812734082397 0.6961025280898876 0.6530898876404494 0.6969803370786517 0.6647940074906367 0.6945224719101124 0.6722846441947565 0.6908356741573034 0.6769662921348315 0.6834620786516854 0.6786048689138576 0.6715238764044944 0.6722846441947565 0.6574789325842697 0.650749063670412 0.6576544943820225 0.6404494382022472 0.6613412921348315 0.6324906367041199 0.6699438202247191 0.6296816479400749
0 0.273876404494382 0.6352996254681648 0.29178370786516855 0.6404494382022472 0.29424157303370785 0.6612827715355806 0.2933637640449438 0.6650280898876404 0.2751053370786517 0.6739232209737828 0.2640449438202247 0.6704119850187266 0.2598314606741573 0.661750936329588 0.26088483146067415 0.6477059925093633 0.26474719101123595 0.6371722846441947 0.2737008426966292 0.6352996254681648
0 0.40625 0.5468164794007491 0.41134129213483145 0.549625468164794 0.4159058988764045 0.5575842696629213 0.41537921348314605 0.5737359550561798 0.40958567415730335 0.5833333333333334 0.3987008426966292 0.5875468164794008 0.390625 0.586376404494382 0.38799157303370785 0.5821629213483146 0.38535814606741575 0.5739700374531835 0.38535814606741575 0.5571161048689138 0.39360955056179775 0.5484550561797753 0.4060744382022472 0.5468164794007491
0 0.2517556179775281 0.588249063670412 0.25842696629213485 0.5917602996254682 0.2601825842696629 0.6191479400749064 0.25491573033707865 0.6252340823970037 0.24157303370786518 0.6299157303370787 0.2341994382022472 0.6285112359550562 0.22893258426966293 0.62312734082397 0.22629915730337077 0.6137640449438202 0.2266502808988764 0.6022940074906367 0.23103932584269662 0.5941011235955056 0.23771067415730338 0.5894194756554307 0.2515800561797753 0.588249063670412
0 0.4332865168539326 0.6671348314606742 0.4392556179775281 0.6683052434456929 0.44259129213483145 0.6734550561797753 0.44662921348314605 0.6914794007490637 0.4429424157303371 0.7134831460674157 0.433813202247191 0.7183988764044944 0.42521067415730335 0.7179307116104869 0.42047050561797755 0.7146535580524345 0.4174859550561798 0.7097378277153558 0.4160814606741573 0.6999063670411985 0.4201193820224719 0.6821161048689138 0.42872191011235955 0.6699438202247191 0.4331109550561798 0.6671348314606742
0 0.34129213483146065 0.5042134831460674 0.35656601123595505 0.511938202247191 0.36025280898876405 0.5213014981273408 0.359375 0.5294943820224719 0.3558637640449438 0.535814606741573 0.34129213483146065 0.5449438202247191 0.3277738764044944 0.5411985018726592 0.32162921348314605 0.5294943820224719 0.32320926966292135 0.5159176029962547 0.32742275280898875 0.5081928838951311 0.34111657303370785 0.5042134831460674
0 0.41134129213483145 0.5847378277153558 0.4180126404494382 0.5884831460674157 0.4220505617977528 0.598314606741573 0.4215238764044944 0.6093164794007491 0.4164325842696629 0.6261704119850188 0.4083567415730337 0.6313202247191011 0.3969452247191011 0.6320224719101124 0.3925561797752809 0.6294475655430711 0.39396067415730335 0.6374063670411985 0.39132724719101125 0.636938202247191 0.39009831460674155 0.6336610486891385 0.3885182584269663 0.6090823970037453 0.390625 0.599250936329588 0.3941362359550562 0.5933988764044944 0.41116573033707865 0.5849719101123596
0 0.7157654494382022 0.5517322097378277 0.7243679775280899 0.5571161048689138 0.7273525280898876 0.5632022471910112 0.7280547752808989 0.575374531835206 0.7206811797752809 0.5894194756554307 0.7147120786516854 0.5917602996254682 0.6987359550561798 0.5861423220973783 0.694873595505618 0.5812265917602997 0.6939957865168539 0.5746722846441947 0.6954002808988764 0.5627340823970037 0.6987359550561798 0.5547752808988764 0.703125 0.5512640449438202 0.7155898876404494 0.5517322097378277
0 0.5823384831460674 0.673689138576779 0.597436797752809 0.6821161048689138 0.5998946629213483 0.6924157303370787 0.6007724719101124 0.6996722846441947 0.5988412921348315 0.7088014981273408 0.5956811797752809 0.714185393258427 0.5893609550561798 0.7174625468164794 0.5767205056179775 0.7134831460674157 0.5702247191011236 0.6980337078651685 0.5709269662921348 0.6821161048689138 0.5775983146067416 0.6750936329588015 0.5821629213483146 0.673689138576779
0 0.7011938202247191 0.6748595505617978 0.7168188202247191 0.677434456928839 0.7273525280898876 0.6891385767790262 0.7273525280898876 0.7104400749063671 0.7238412921348315 0.716058052434457 0.7171699438202247 0.7200374531835206 0.7059339887640449 0.7169943820224719 0.6954002808988764 0.7027153558052435 0.6938202247191011 0.6825842696629213 0.7010182584269663 0.6748595505617978
0 0.5347612359550562 0.5023408239700374 0.5405547752808989 0.5105337078651685 0.5398525280898876 0.5234082397003745 0.5333567415730337 0.5393258426966292 0.5231741573033708 0.5449438202247191 0.5177317415730337 0.5442415730337079 0.5070224719101124 0.5334737827715356 0.5075491573033708 0.5152153558052435 0.5158005617977528 0.5035112359550562 0.5254564606741573 0.5007022471910112 0.5345856741573034 0.5023408239700374
0 0.5651334269662921 0.5472846441947565 0.5725070224719101 0.5491573033707865 0.5739115168539326 0.5519662921348315 0.5758426966292135 0.5690543071161048 0.5733848314606742 0.5812265917602997 0.5668890449438202 0.5884831460674157 0.5519662921348315 0.5922284644194756 0.5421348314606742 0.5847378277153558 0.543188202247191 0.5627340823970037 0.5463483146067416 0.5538389513108615 0.5523174157303371 0.5489232209737828 0.5649578651685393 0.5472846441947565
0 0.5330056179775281 0.5498595505617978 0.5391502808988764 0.5533707865168539 0.5421348314606742 0.5603932584269663 0.5402036516853933 0.5835674157303371 0.5340589887640449 0.586376404494382 0.5191362359550562 0.5852059925093633 0.5131671348314607 0.5730337078651685 0.5142205056179775 0.5554775280898876 0.5328300561797753 0.5498595505617978
0 0.28423455056179775 0.5503277153558053 0.29371488764044945 0.5571161048689138 0.29371488764044945 0.5814606741573034 0.28827247191011235 0.5884831460674157 0.28019662921348315 0.5912921348314607 0.2700140449438202 0.5903558052434457 0.2652738764044944 0.587312734082397 0.261938202247191 0.5774812734082397 0.261938202247191 0.5671816479400749 0.26896067415730335 0.5526685393258427 0.28405898876404495 0.5503277153558053
0 0.4647120786516854 0.6764981273408239 0.46997893258426965 0.6776685393258427 0.4741924157303371 0.6821161048689138 0.47752808988764045 0.6926498127340824 0.47787921348314605 0.7043539325842697 0.47331460674157305 0.7153558052434457 0.46400983146067415 0.7212078651685393 0.453125 0.7167602996254682 0.4489115168539326 0.7097378277153558 0.4476825842696629 0.699438202247191 0.45049157303370785 0.6851591760299626 0.4645365168539326 0.6764981273408239
0 0.6434339887640449 0.499063670411985 0.6583567415730337 0.5051498127340824 0.663623595505618 0.5184925093632958 0.6623946629213483 0.537687265917603 0.6497542134831461 0.5447097378277154 0.640625 0.5426029962546817 0.6344803370786517 0.5365168539325843 0.6350070224719101 0.5259831460674157 0.6304424157303371 0.5121722846441947 0.6357092696629213 0.5009363295880149 0.6432584269662921 0.499063670411985
0 0.3416432584269663 0.5536048689138576 0.34620786516853935 0.5540730337078652 0.35235252808988765 0.56062734082397 0.355688202247191 0.576310861423221 0.3539325842696629 0.5847378277153558 0.3418188202247191 0.5950374531835206 0.3277738764044944 0.5896535580524345 0.324438202247191 0.5795880149812734 0.32724719101123595 0.5620318352059925 0.33321629213483145 0.5545411985018727 0.3414676966292135 0.5536048689138576
0 0.5235252808988764 0.6289794007490637 0.535814606741573 0.6308520599250936 0.5405547752808989 0.6439606741573034 0.539501404494382 0.6544943820224719 0.5330056179775281 0.6657303370786517 0.515625 0.6748595505617978 0.5077247191011236 0.6685393258426966 0.5107092696629213 0.6544943820224719 0.5089536516853933 0.6402153558052435 0.5150983146067416 0.6292134831460674 0.5233497191011236 0.6289794007490637
0 0.7217259480337078 0.5061666666666667 0.7260189606741574 0.7149449906367041 0.2368095154494382 0.7095500936329587 0.23645066713483148 0.5074620786516855 0.23563448033707865 0.5079375 0.23601404494382022 0.5041701779026218
1 0.31401334269662917 0.5263998127340824 0.01824262640449438 0.03376170411985018
1 0.3727598314606741 0.525500936329588 0.0245435393258427 0.04132724719101124
1 0.4612324438202247 0.5256530898876405 0.024759480337078654 0.041631554307116105
1 0.5835147471910112 0.5667064606741573 0.024706811797752807 0.03322565543071161
1 0.6440010533707865 0.5634620786516854 0.022786165730337076 0.03297986891385767
1 0.5533848314606742 0.6057045880149813 0.025307233146067417 0.03475187265917603
1 0.6432233146067416 0.6473197565543071 0.023572682584269665 0.02903558052434457
1 0.5538360252808989 0.6929166666666666 0.027384129213483144 0.034396067415730334
1 0.43502984550561796 0.6272237827715356 0.02385182584269663 0.06374765917602995
1 0.4021225421348314 0.645746722846442 0.0844434691011236 0.0305688202247191
1 0.34288448033707863 0.6088834269662922 0.01980512640449438 0.025507958801498126
1 0.24862710674157304 0.6909550561797754 0.02441011235955056 0.0413998127340824
1 0.2495382724719101 0.5654845505617978 0.026228932584269664 0.03546348314606742