0 0.6163974719101124 0.5526685393258427 0.625 0.5557116104868914 0.6304424157303371 0.56437265917603 0.6318469101123596 0.5709269662921348 0.6302668539325843 0.5835674157303371 0.6193820224719101 0.5933988764044944 0.6053370786516854 0.5889513108614233 0.6018258426966292 0.5849719101123596 0.5979634831460674 0.5727996254681648 0.5984901685393258 0.5641385767790262 0.6023525280898876 0.5571161048689138 0.6079705056179775 0.5529026217228464 0.6162219101123596 0.5526685393258427
0 0.5575842696629213 0.5074906367041199 0.5689957865168539 0.5121722846441947 0.5716292134831461 0.5182584269662921 0.5723314606741573 0.5316011235955056 0.5681179775280899 0.5440074906367042 0.5574087078651685 0.548689138576779 0.5503862359550562 0.5463483146067416 0.5410814606741573 0.5348782771535581 0.5419592696629213 0.5194288389513109 0.5447682584269663 0.513810861423221 0.5500351123595506 0.5091292134831461 0.5574087078651685 0.5074906367041199
0 0.6211376404494382 0.5117041198501873 0.6302668539325843 0.5189606741573034 0.6318469101123596 0.5304307116104869 0.628686797752809 0.5465823970037453 0.6202598314606742 0.5517322097378277 0.605688202247191 0.5482209737827716 0.6012991573033708 0.5433052434456929 0.5986657303370787 0.5327715355805244 0.6007724719101124 0.5227059925093633 0.6053370786516854 0.5149812734082397 0.613061797752809 0.5114700374531835 0.6209620786516854 0.5117041198501873
0 0.520189606741573 0.5908239700374532 0.5261587078651685 0.5912921348314607 0.5340589887640449 0.5962078651685393 0.5375702247191011 0.6156367041198502 0.5323033707865169 0.6280430711610487 0.5203651685393258 0.6320224719101124 0.515625 0.6308520599250936 0.5117626404494382 0.6259363295880149 0.5070224719101124 0.6139981273408239 0.5117626404494382 0.5952715355805244 0.5154494382022472 0.591058052434457 0.5200140449438202 0.5908239700374532
0 0.3734199438202247 0.49391385767790263 0.38009129213483145 0.49625468164794007 0.3850070224719101 0.5016385767790262 0.38606039325842695 0.5224719101123596 0.3767556179775281 0.5325374531835206 0.3670997191011236 0.5341760299625468 0.36077949438202245 0.5313670411985019 0.35481039325842695 0.5227059925093633 0.35445926966292135 0.5086610486891385 0.3614817415730337 0.49602059925093633 0.3732443820224719 0.49391385767790263
0 0.48771067415730335 0.584503745318352 0.49859550561797755 0.5880149812734082 0.5064957865168539 0.5950374531835206 0.5068469101123596 0.6072097378277154 0.5021067415730337 0.6170411985018727 0.4942064606741573 0.6247659176029963 0.4861306179775281 0.6259363295880149 0.4762991573033708 0.62312734082397 0.47208567415730335 0.6163389513108615 0.46962780898876405 0.6055711610486891 0.4731390449438202 0.5938670411985019 0.47787921348314605 0.5877808988764045 0.48753511235955055 0.5847378277153558
0 0.641502808988764 0.6699438202247191 0.6439606741573034 0.6786048689138576 0.6509831460674157 0.6860955056179775 0.6551966292134831 0.6977996254681648 0.6546699438202247 0.7169943820224719 0.6487008426966292 0.7286985018726592 0.6425561797752809 0.7310393258426966 0.6367626404494382 0.7308052434456929 0.6265800561797753 0.7172284644194756 0.6223665730337079 0.6860955056179775 0.6242977528089888 0.6797752808988764 0.6306179775280899 0.677434456928839 0.6367626404494382 0.6699438202247191 0.6413272471910112 0.6699438202247191
0 0.6067415730337079 0.6355337078651685 0.6200842696629213 0.6390449438202247 0.6288623595505618 0.6509831460674157 0.6302668539325843 0.6594101123595506 0.6283356741573034 0.6680711610486891 0.6244733146067416 0.6757958801498127 0.6185042134831461 0.6793071161048689 0.6058637640449438 0.6753277153558053 0.5990168539325843 0.6647940074906367 0.5984901685393258 0.6437265917602997 0.601123595505618 0.6385767790262172 0.6065660112359551 0.6355337078651685
0 0.7073384831460674 0.5189606741573034 0.7203300561797753 0.5241104868913857 0.7252457865168539 0.5393258426966292 0.7227879213483146 0.5533707865168539 0.7169943820224719 0.5589887640449438 0.7103230337078652 0.5608614232209738 0.6990870786516854 0.5571161048689138 0.691186797752809 0.5463483146067416 0.694873595505618 0.5259831460674157 0.6997893258426966 0.5210674157303371 0.7071629213483146 0.5189606741573034
0 0.398876404494382 0.4897003745318352 0.41520365168539325 0.5009363295880149 0.4201193820224719 0.511938202247191 0.418188202247191 0.525749063670412 0.4120435393258427 0.540496254681648 0.4080056179775281 0.5421348314606742 0.39378511235955055 0.5365168539325843 0.39009831460674155 0.5327715355805244 0.386938202247191 0.5224719101123596 0.3867626404494382 0.49812734082397003 0.39185393258426965 0.4911048689138577 0.3987008426966292 0.4897003745318352
0 0.680126404494382 0.5561797752808989 0.692064606741573 0.5641385767790262 0.6961025280898876 0.5732677902621723 0.6938202247191011 0.5889513108614233 0.6892556179775281 0.596441947565543 0.686622191011236 0.5971441947565543 0.6683637640449438 0.5936329588014981 0.657127808988764 0.5814606741573034 0.6550210674157303 0.5746722846441947 0.657127808988764 0.5671816479400749 0.660814606741573 0.5627340823970037 0.6716994382022472 0.5564138576779026 0.6799508426966292 0.5561797752808989
0 0.49280196629213485 0.6692415730337079 0.49736657303370785 0.6715823970037453 0.5 0.6772003745318352 0.5017556179775281 0.6956928838951311 0.4956109550561798 0.7099719101123596 0.4882373595505618 0.7139513108614233 0.480688202247191 0.7127808988764045 0.47191011235955055 0.7029494382022472 0.4727879213483146 0.6849250936329588 0.47717696629213485 0.6715823970037453 0.492626404494382 0.6692415730337079
0 0.5846207865168539 0.6306179775280899 0.5941011235955056 0.6371722846441947 0.5991924157303371 0.6542602996254682 0.5969101123595506 0.6685393258426966 0.5919943820224719 0.673689138576779 0.5865519662921348 0.6748595505617978 0.5737359550561798 0.6692415730337079 0.5674157303370787 0.6542602996254682 0.5674157303370787 0.6467696629213483 0.5711025280898876 0.6343632958801498 0.5779494382022472 0.6301498127340824 0.5844452247191011 0.6306179775280899
0 0.6962780898876404 0.6891385767790262 0.7134831460674157 0.6926498127340824 0.7189255617977528 0.7015449438202247 0.7194522471910112 0.7200374531835206 0.7168188202247191 0.7247191011235955 0.7103230337078652 0.727996254681648 0.7006671348314607 0.7247191011235955 0.692064606741573 0.713249063670412 0.6910112359550562 0.6982677902621723 0.6961025280898876 0.6891385767790262
0 0.2638693820224719 0.6039325842696629 0.2715941011235955 0.6097846441947565 0.2694873595505618 0.6278089887640449 0.2515800561797753 0.6451310861423221 0.24104634831460675 0.6493445692883895 0.230688202247191 0.6474719101123596 0.22542134831460675 0.6404494382022472 0.22349016853932585 0.6287453183520599 0.22559691011235955 0.6196161048689138 0.230688202247191 0.6123595505617978 0.23788623595505617 0.6076779026217228 0.2636938202247191 0.6039325842696629
0 0.6169241573033708 0.5943352059925093 0.6276334269662921 0.6018258426966292 0.632373595505618 0.6170411985018727 0.629564606741573 0.6296816479400749 0.6232443820224719 0.6360018726591761 0.616748595505618 0.637874531835206 0.6088483146067416 0.6357677902621723 0.6012991573033708 0.6289794007490637 0.5970856741573034 0.6158707865168539 0.598314606741573 0.6048689138576779 0.6023525280898876 0.5985486891385767 0.6090238764044944 0.5941011235955056 0.616748595505618 0.5943352059925093
0 0.43258426966292135 0.5388576779026217 0.43890449438202245 0.5409644194756554 0.44417134831460675 0.5465823970037453 0.4475070224719101 0.5557116104868914 0.4476825842696629 0.5646067415730337 0.44083567415730335 0.5760767790262172 0.4257373595505618 0.5807584269662921 0.42117275280898875 0.5788857677902621 0.4143258426966292 0.5685861423220974 0.41292134831460675 0.5536048689138576 0.42117275280898875 0.5423689138576779 0.43240870786516855 0.5388576779026217
0 0.6732794943820225 0.6816479400749064 0.6831109550561798 0.6877340823970037 0.6890800561797753 0.7020131086142322 0.6887289325842697 0.7127808988764045 0.6860955056179775 0.7200374531835206 0.675561797752809 0.7272940074906367 0.6639747191011236 0.7212078651685393 0.6569522471910112 0.7102059925093633 0.6537921348314607 0.6860955056179775 0.6544943820224719 0.6835205992509363 0.6731039325842697 0.6816479400749064
0 0.36973314606741575 0.6074438202247191 0.37640449438202245 0.6095505617977528 0.3767556179775281 0.6163389513108615 0.38412921348314605 0.6259363295880149 0.38553370786516855 0.6360018726591761 0.3844803370786517 0.6463014981273408 0.3734199438202247 0.6643258426966292 0.3695575842696629 0.6685393258426966 0.3591994382022472 0.6671348314606742 0.3553370786516854 0.661750936329588 0.35094803370786515 0.6463014981273408 0.3534058988764045 0.6301498127340824 0.35832162921348315 0.6224250936329588 0.3672752808988764 0.6161048689138576 0.3695575842696629 0.6076779026217228
0 0.30740870786516855 0.5213014981273408 0.31197331460674155 0.5252808988764045 0.31197331460674155 0.5294943820224719 0.30407303370786515 0.5479868913857678 0.29195926966292135 0.5608614232209738 0.28002106741573035 0.5653089887640449 0.2715941011235955 0.5648408239700374 0.261938202247191 0.5580524344569289 0.25912921348314605 0.5454119850187266 0.2621137640449438 0.5334737827715356 0.2754564606741573 0.524812734082397 0.2907303370786517 0.5271535580524345 0.30723314606741575 0.5213014981273408
0 0.43679775280898875 0.5802902621722846 0.4432935393258427 0.5842696629213483 0.44645365168539325 0.5894194756554307 0.45224719101123595 0.6090823970037453 0.45049157303370785 0.6193820224719101 0.44259129213483145 0.6273408239700374 0.4234550561797753 0.6198501872659176 0.4183637640449438 0.6125936329588015 0.41678370786516855 0.6058052434456929 0.4174859550561798 0.5924625468164794 0.4199438202247191 0.587312734082397 0.42679073033707865 0.5812265917602997 0.43662219101123595 0.5802902621722846
0 0.32952949438202245 0.6460674157303371 0.3325140449438202 0.6474719101123596 0.3323384831460674 0.650749063670412 0.32865168539325845 0.6575374531835206 0.32742275280898875 0.6706460674157303 0.33497191011235955 0.6762640449438202 0.33339185393258425 0.68562734082397 0.33146067415730335 0.6879681647940075 0.32145365168539325 0.6858614232209738 0.31127106741573035 0.6942883895131086 0.30161516853932585 0.6926498127340824 0.2930126404494382 0.6837546816479401 0.2910814606741573 0.6748595505617978 0.2924859550561798 0.6612827715355806 0.29547050561797755 0.6570692883895131 0.3105688202247191 0.6477059925093633 0.32935393258426965 0.6460674157303371
0 0.5356390449438202 0.6331928838951311 0.5400280898876404 0.6362359550561798 0.5486306179775281 0.636938202247191 0.5507373595505618 0.6404494382022472 0.5509129213483146 0.6477059925093633 0.5421348314606742 0.6526217228464419 0.5405547752808989 0.661750936329588 0.5368679775280899 0.6685393258426966 0.5263342696629213 0.6722846441947565 0.5086025280898876 0.6683052434456929 0.5059691011235955 0.665496254681648 0.5042134831460674 0.6615168539325843 0.5054424157303371 0.6441947565543071 0.515625 0.6345973782771536 0.5354634831460674 0.6331928838951311
0 0.40344101123595505 0.6573033707865169 0.40923455056179775 0.6638576779026217 0.41151685393258425 0.6718164794007491 0.4101123595505618 0.6853932584269663 0.4022120786516854 0.6996722846441947 0.39325842696629215 0.7029494382022472 0.3843047752808989 0.6996722846441947 0.37991573033707865 0.6933520599250936 0.3788623595505618 0.675561797752809 0.38167134831460675 0.6685393258426966 0.3888693820224719 0.660814606741573 0.40326544943820225 0.6573033707865169
0 0.6961025280898876 0.6427902621722846 0.7124297752808989 0.6474719101123596 0.7212078651685393 0.6580056179775281 0.7236657303370787 0.6694756554307116 0.7206811797752809 0.6823501872659176 0.7134831460674157 0.6884363295880149 0.7062851123595506 0.6891385767790262 0.6987359550561798 0.6863295880149812 0.691186797752809 0.6788389513108615 0.688377808988764 0.6582397003745318 0.6890800561797753 0.6439606741573034 0.6959269662921348 0.6430243445692884
0 0.25333567415730335 0.4815074906367041 0.2772120786516854 0.48946629213483145 0.2794943820224719 0.4911048689138577 0.27984550561797755 0.4953183520599251 0.272998595505618 0.5142790262172284 0.2517556179775281 0.5217696629213483 0.24139747191011235 0.5205992509363296 0.23490168539325842 0.5159176029962547 0.230688202247191 0.5091292134831461 0.23016151685393257 0.5 0.2322682584269663 0.4911048689138577 0.23771067415730338 0.4845505617977528 0.24455758426966293 0.4815074906367041 0.25316011235955055 0.4815074906367041
0 0.33900983146067415 0.5271535580524345 0.3553370786516854 0.5318352059925093 0.3576193820224719 0.5362827715355806 0.35621488764044945 0.5397940074906367 0.35867275280898875 0.5531367041198502 0.3555126404494382 0.56062734082397 0.3458567415730337 0.5688202247191011 0.3283005617977528 0.5732677902621723 0.3205758426966292 0.5699906367041199 0.31724016853932585 0.5636704119850188 0.3167134831460674 0.5571161048689138 0.3263693820224719 0.5334737827715356 0.33128511235955055 0.5290262172284644 0.33883426966292135 0.5271535580524345
0 0.26896067415730335 0.6434925093632958 0.27229634831460675 0.6505149812734082 0.293188202247191 0.6460674157303371 0.30214185393258425 0.6472378277153558 0.29213483146067415 0.6619850187265918 0.2909058988764045 0.675561797752809 0.2933637640449438 0.6912453183520599 0.2833567415730337 0.6999063670411985 0.26896067415730335 0.6935861423220974 0.2615870786516854 0.6823501872659176 0.26053370786516855 0.6739232209737828 0.26299157303370785 0.6603464419475655 0.2596558988764045 0.650749063670412 0.2652738764044944 0.6439606741573034 0.26878511235955055 0.6434925093632958
0 0.6580056179775281 0.6336610486891385 0.6824087078651685 0.638810861423221 0.686622191011236 0.6430243445692884 0.6892556179775281 0.6748595505617978 0.6790730337078652 0.6830524344569289 0.6660814606741573 0.6769662921348315 0.6578300561797753 0.6687734082397003 0.6544943820224719 0.6622191011235955 0.655372191011236 0.6402153558052435 0.6532654494382022 0.6367041198501873 0.6543188202247191 0.6334269662921348 0.6578300561797753 0.6336610486891385
0 0.4959620786516854 0.48946629213483145 0.5089536516853933 0.5063202247191011 0.5115870786516854 0.5168539325842697 0.5100070224719101 0.5287921348314607 0.5059691011235955 0.5393258426966292 0.5017556179775281 0.5449438202247191 0.4964887640449438 0.545880149812734 0.4903441011235955 0.5449438202247191 0.48735955056179775 0.5416666666666666 0.47945926966292135 0.5259831460674157 0.47928370786516855 0.5180243445692884 0.47928370786516855 0.511938202247191 0.48332162921348315 0.5030430711610487 0.49139747191011235 0.4901685393258427 0.4957865168539326 0.48946629213483145
0 0.48683286516853935 0.6271067415730337 0.49490870786516855 0.6289794007490637 0.4980688202247191 0.6334269662921348 0.5014044943820225 0.650749063670412 0.4942064606741573 0.6647940074906367 0.4845505617977528 0.6678370786516854 0.47735252808988765 0.6671348314606742 0.46348314606741575 0.6575374531835206 0.461376404494382 0.6465355805243446 0.465063202247191 0.6360018726591761 0.476123595505618 0.6289794007490637 0.4866573033707865 0.6271067415730337
0 0.34304775280898875 0.5732677902621723 0.3534058988764045 0.5774812734082397 0.3570926966292135 0.5847378277153558 0.3574438202247191 0.5950374531835206 0.3558637640449438 0.6013576779026217 0.3497191011235955 0.6107209737827716 0.33848314606741575 0.6170411985018727 0.33058286516853935 0.6142322097378277 0.3246137640449438 0.6058052434456929 0.32338483146067415 0.5861423220973783 0.32478932584269665 0.5812265917602997 0.33479634831460675 0.5742041198501873 0.34287219101123595 0.5732677902621723
0 0.3023174157303371 0.5603932584269663 0.30723314606741575 0.5641385767790262 0.30793539325842695 0.574438202247191 0.30003511235955055 0.588249063670412 0.296875 0.6034644194756554 0.28985252808988765 0.610252808988764 0.2758075842696629 0.6072097378277154 0.26457162921348315 0.599250936329588 0.26228932584269665 0.589185393258427 0.2638693820224719 0.5779494382022472 0.258251404494382 0.5711610486891385 0.2580758426966292 0.5676498127340824 0.2621137640449438 0.5608614232209738 0.27405196629213485 0.5664794007490637 0.2933637640449438 0.5650749063670412 0.30214185393258425 0.5603932584269663
0 0.43223314606741575 0.6240636704119851 0.4410112359550562 0.6294475655430711 0.4438202247191011 0.6448970037453183 0.4375 0.6605805243445693 0.429248595505618 0.6659644194756554 0.41502808988764045 0.663623595505618 0.4106390449438202 0.6533239700374532 0.4101123595505618 0.6430243445692884 0.41099016853932585 0.6371722846441947 0.42099719101123595 0.6240636704119851 0.4320575842696629 0.6240636704119851
0 0.6685393258426966 0.5948033707865169 0.6862710674157303 0.5980805243445693 0.6936446629213483 0.6090823970037453 0.6932935393258427 0.6289794007490637 0.6903089887640449 0.6341292134831461 0.6827598314606742 0.637874531835206 0.6680126404494382 0.6338951310861424 0.6573033707865169 0.6128277153558053 0.6597612359550562 0.6022940074906367 0.6683637640449438 0.5948033707865169
0 0.5328300561797753 0.5063202247191011 0.5365168539325843 0.5084269662921348 0.5407303370786517 0.5156835205992509 0.5407303370786517 0.5320692883895131 0.5372191011235955 0.5393258426966292 0.5261587078651685 0.5451779026217228 0.5173806179775281 0.5414325842696629 0.5136938202247191 0.5365168539325843 0.5117626404494382 0.5301966292134831 0.5129915730337079 0.5156835205992509 0.5189606741573034 0.5070224719101124 0.5326544943820225 0.5063202247191011
0 0.5365168539325843 0.5447097378277154 0.5430126404494382 0.5500936329588015 0.5466994382022472 0.5573501872659176 0.5461727528089888 0.5641385767790262 0.5403792134831461 0.5788857677902621 0.5294943820224719 0.5884831460674157 0.5187851123595506 0.5870786516853933 0.511938202247191 0.5908239700374532 0.5086025280898876 0.5905898876404494 0.5071980337078652 0.5861423220973783 0.5098314606741573 0.5786516853932584 0.511938202247191 0.5568820224719101 0.5187851123595506 0.548689138576779 0.5363412921348315 0.5447097378277154
0 0.4606741573033708 0.6596441947565543 0.46945224719101125 0.6647940074906367 0.47349016853932585 0.6715823970037453 0.4691011235955056 0.6992041198501873 0.46348314606741575 0.7069288389513109 0.44856039325842695 0.7109082397003745 0.4431179775280899 0.7172284644194756 0.4378511235955056 0.7099719101123596 0.44206460674157305 0.7038857677902621 0.43872893258426965 0.6931179775280899 0.4392556179775281 0.6835205992509363 0.44610252808988765 0.6676029962546817 0.453125 0.660814606741573 0.460498595505618 0.6596441947565543
0 0.6469452247191011 0.5168539325842697 0.657127808988764 0.5259831460674157 0.6618679775280899 0.5468164794007491 0.6604634831460674 0.5573501872659176 0.652563202247191 0.5676498127340824 0.6478230337078652 0.5697565543071161 0.639747191011236 0.5646067415730337 0.6307935393258427 0.5449438202247191 0.632373595505618 0.5259831460674157 0.640625 0.5170880149812734 0.6467696629213483 0.5168539325842697
0 0.6697682584269663 0.5046816479400749 0.686622191011236 0.5154494382022472 0.6910112359550562 0.5224719101123596 0.692064606741573 0.5290262172284644 0.6892556179775281 0.548689138576779 0.6769662921348315 0.5543071161048689 0.6702949438202247 0.5540730337078652 0.6641502808988764 0.550561797752809 0.6569522471910112 0.5194288389513109 0.6613412921348315 0.5086610486891385 0.6695926966292135 0.5046816479400749
1 0.425561797752809 0.5121722846441947 0.4253862359550562 0.5189606741573034 0.42643960674157305 0.5250468164794008 0.4276685393258427 0.5294943820224719 0.42889747191011235 0.5308988764044944 0.4355688202247191 0.5351123595505618 0.4396067415730337 0.5351123595505618 0.4431179775280899 0.5332397003745318 0.4469803370786517 0.5292602996254682 0.449438202247191 0.5189606741573034 0.449438202247191 0.5152153558052435 0.4473314606741573 0.5077247191011236 0.44276685393258425 0.5023408239700374 0.43644662921348315 0.5007022471910112 0.4320575842696629 0.5023408239700374 0.4280196629213483 0.5056179775280899
1 0.45400280898876405 0.512874531835206 0.4529494382022472 0.5187265917602997 0.45382724719101125 0.525749063670412 0.4548806179775281 0.5294943820224719 0.4594452247191011 0.5351123595505618 0.4633075842696629 0.5372191011235955 0.46734550561797755 0.5374531835205992 0.4743679775280899 0.533941947565543 0.47770365168539325 0.5294943820224719 0.4785814606741573 0.5224719101123596 0.4780547752808989 0.513810861423221 0.4762991573033708 0.5086610486891385 0.4708567415730337 0.5030430711610487 0.46576544943820225 0.5023408239700374 0.460498595505618 0.5042134831460674 0.45628511235955055 0.5079588014981273
1 0.45242275280898875 0.5536048689138576 0.45224719101123595 0.5608614232209738 0.4550561797752809 0.5676498127340824 0.45786516853932585 0.5716292134831461 0.4627808988764045 0.574438202247191 0.4668188202247191 0.5751404494382022 0.47120786516853935 0.572565543071161 0.4726123595505618 0.5709269662921348 0.47524578651685395 0.5641385767790262 0.476123595505618 0.5571161048689138 0.47524578651685395 0.5507958801498127 0.4731390449438202 0.5465823970037453 0.4705056179775281 0.5437734082397003 0.46383426966292135 0.5419007490636704 0.46014747191011235 0.5430711610486891 0.4547050561797753 0.547752808988764
1 0.48156601123595505 0.5536048689138576 0.4805126404494382 0.5617977528089888 0.48191713483146065 0.5709269662921348 0.4866573033707865 0.5756086142322098 0.4919241573033708 0.5774812734082397 0.4980688202247191 0.5774812734082397 0.5024578651685393 0.5760767790262172 0.5052668539325843 0.5727996254681648 0.507373595505618 0.5657771535580525 0.5075491573033708 0.5582865168539326 0.5061446629213483 0.5522003745318352 0.5031601123595506 0.5484550561797753 0.5017556179775281 0.5475187265917603 0.48753511235955055 0.5465823970037453 0.48384831460674155 0.5491573033707865
1 0.45242275280898875 0.5880149812734082 0.4510182584269663 0.5917602996254682 0.4513693820224719 0.5962078651685393 0.4529494382022472 0.6006554307116105 0.4548806179775281 0.602996254681648 0.45646067415730335 0.6079119850187266 0.4585674157303371 0.6104868913857678 0.45979634831460675 0.611189138576779 0.46032303370786515 0.6104868913857678 0.46032303370786515 0.6051029962546817 0.4703300561797753 0.6022940074906367 0.47015449438202245 0.6006554307116105 0.4729634831460674 0.5915262172284644 0.4722612359550562 0.5880149812734082 0.4689255617977528 0.5835674157303371 0.46348314606741575 0.5814606741573034 0.45997191011235955 0.5821629213483146 0.45593398876404495 0.5842696629213483
1 0.39167837078651685 0.5880149812734082 0.39167837078651685 0.5962078651685393 0.3927317415730337 0.6027621722846442 0.39378511235955055 0.6053370786516854 0.39764747191011235 0.6097846441947565 0.4018609550561798 0.6109550561797753 0.4102879213483146 0.6088483146067416 0.4123946629213483 0.6076779026217228 0.41537921348314605 0.6022940074906367 0.41678370786516855 0.5922284644194756 0.4162570224719101 0.589185393258427 0.414501404494382 0.5861423220973783 0.41327247191011235 0.5812265917602997 0.40888342696629215 0.5770131086142322 0.4044943820224719 0.5751404494382022 0.39782303370786515 0.5767790262172284 0.39325842696629215 0.5823970037453183
1 0.36464185393258425 0.5821629213483146 0.36271067415730335 0.588249063670412 0.3634129213483146 0.5943352059925093 0.3651685393258427 0.6025280898876404 0.36797752808988765 0.6058052434456929 0.37640449438202245 0.6072097378277154 0.37974016853932585 0.6067415730337079 0.38799157303370785 0.5973782771535581 0.38939606741573035 0.5924625468164794 0.38922050561797755 0.5840355805243446 0.3885182584269663 0.5814606741573034 0.3844803370786517 0.5777153558052435 0.3765800561797753 0.5742041198501873 0.3727176966292135 0.574438202247191 0.3695575842696629 0.575374531835206 0.36622191011235955 0.579119850187266
1 0.3637640449438202 0.5470505617977528 0.3635884831460674 0.5536048689138576 0.36604634831460675 0.5627340823970037 0.3686797752808989 0.5667134831460674 0.3730688202247191 0.5690543071161048 0.3765800561797753 0.5683520599250936 0.3846558988764045 0.56437265917603 0.38799157303370785 0.5603932584269663 0.38957162921348315 0.5540730337078652 0.38957162921348315 0.5475187265917603 0.38728932584269665 0.5393258426966292 0.38816713483146065 0.5362827715355806 0.3871137640449438 0.5341760299625468 0.38360252808988765 0.5311329588014981 0.38026685393258425 0.5325374531835206 0.3765800561797753 0.535814606741573 0.36622191011235955 0.5362827715355806 0.3674508426966292 0.5400280898876404 0.3653441011235955 0.5419007490636704
1 0.39360955056179775 0.5489232209737828 0.39325842696629215 0.5573501872659176 0.39378511235955055 0.5608614232209738 0.39747191011235955 0.5683520599250936 0.40098314606741575 0.5711610486891385 0.4039676966292135 0.5720973782771536 0.40905898876404495 0.5716292134831461 0.41327247191011235 0.5690543071161048 0.413623595505618 0.5632022471910112 0.41292134831460675 0.5554775280898876 0.40730337078651685 0.5507958801498127 0.40537219101123595 0.5444756554307116 0.40344101123595505 0.5414325842696629 0.40150983146067415 0.5402621722846442 0.39712078651685395 0.540496254681648 0.39589185393258425 0.5421348314606742
1 0.335498595505618 0.5044475655430711 0.335498595505618 0.512874531835206 0.3376053370786517 0.5222378277153558 0.3419943820224719 0.5264513108614233 0.34901685393258425 0.5283239700374532 0.3537570224719101 0.522003745318352 0.35410814606741575 0.5149812734082397 0.3534058988764045 0.5117041198501873 0.3539325842696629 0.5067883895131086 0.3576193820224719 0.4978932584269663 0.35428370786516855 0.49461610486891383 0.34901685393258425 0.4922752808988764 0.34094101123595505 0.4913389513108614 0.3383075842696629 0.4936797752808989
1 0.30407303370786515 0.49391385767790263 0.30389747191011235 0.5084269662921348 0.3081109550561798 0.5180243445692884 0.31337780898876405 0.5222378277153558 0.3144311797752809 0.5262172284644194 0.31759129213483145 0.5278558052434457 0.32285814606741575 0.5278558052434457 0.3246137640449438 0.5297284644194756 0.3283005617977528 0.5280898876404494 0.33497191011235955 0.5224719101123596 0.33497191011235955 0.5175561797752809 0.33286516853932585 0.5149812734082397 0.3304073033707865 0.5140449438202247 0.32935393258426965 0.5126404494382022 0.3283005617977528 0.5086610486891385 0.32935393258426965 0.5056179775280899 0.3283005617977528 0.5025749063670412 0.32882724719101125 0.5009363295880149 0.33093398876404495 0.499063670411985 0.3297050561797753 0.4913389513108614 0.3240870786516854 0.4901685393258427 0.31741573033707865 0.49040262172284643 0.3070575842696629 0.48852996254681647 0.3045997191011236 0.49040262172284643
1 0.2808988764044944 0.50187265917603 0.28019662921348315 0.5051498127340824 0.2816011235955056 0.5117041198501873 0.2810744382022472 0.5177902621722846 0.2852879213483146 0.5201310861423221 0.29406601123595505 0.5215355805243446 0.296875 0.5231741573033708 0.29827949438202245 0.5215355805243446 0.30723314606741575 0.5170880149812734 0.3084620786516854 0.5145131086142322 0.308813202247191 0.5114700374531835 0.3067064606741573 0.5004681647940075 0.30951544943820225 0.4911048689138577 0.30775983146067415 0.488998127340824 0.30407303370786515 0.48782771535580527 0.29195926966292135 0.4875936329588015 0.2889747191011236 0.4927434456928839 0.28634129213483145 0.4922752808988764 0.28458567415730335 0.4943820224719101
1 0.2422752808988764 0.5255149812734082 0.24262640449438203 0.5271535580524345 0.24525983146067415 0.5287921348314607 0.24525983146067415 0.5299625468164794 0.2422752808988764 0.5327715355805244 0.24315308988764045 0.5353464419475655 0.24385533707865167 0.5449438202247191 0.24332865168539325 0.5468164794007491 0.24543539325842698 0.5522003745318352 0.25263342696629215 0.5627340823970037 0.25298455056179775 0.5636704119850188 0.2522823033707865 0.5660112359550562 0.25070224719101125 0.5674157303370787 0.25140449438202245 0.5699906367041199 0.25263342696629215 0.5697565543071161 0.2557935393258427 0.5667134831460674 0.26228932584269665 0.5573501872659176 0.2601825842696629 0.5538389513108615 0.25895365168539325 0.5475187265917603 0.2598314606741573 0.5390917602996255 0.2615870786516854 0.5311329588014981 0.26457162921348315 0.528558052434457 0.2694873595505618 0.5280898876404494 0.2737008426966292 0.5264513108614233 0.27668539325842695 0.5224719101123596 0.27247191011235955 0.5184925093632958 0.27071629213483145 0.5201310861423221 0.265625 0.5203651685393258 0.2621137640449438 0.522003745318352 0.2600070224719101 0.5241104868913857 0.25491573033707865 0.5252808988764045 0.24736657303370788 0.5241104868913857
1 0.4471558988764045 0.6313202247191011 0.4475070224719101 0.6409176029962547 0.4487359550561798 0.6455992509363296 0.45207162921348315 0.6514513108614233 0.4571629213483146 0.653558052434457 0.45997191011235955 0.6526217228464419 0.460498595505618 0.651685393258427 0.4612008426966292 0.6434925093632958 0.4626053370786517 0.6392790262172284 0.4652387640449438 0.6357677902621723 0.46927668539325845 0.6336610486891385 0.4722612359550562 0.6294475655430711 0.47173455056179775 0.6266385767790262 0.46980337078651685 0.625 0.46629213483146065 0.6184456928838952 0.45962078651685395 0.6163389513108615 0.453125 0.6191479400749064 0.44820926966292135 0.6266385767790262
1 0.5482794943820225 0.5533707865168539 0.5495084269662921 0.5585205992509363 0.5479283707865169 0.5639044943820225 0.5438904494382022 0.5713951310861424 0.543188202247191 0.5781835205992509 0.5463483146067416 0.5819288389513109 0.5498595505617978 0.5833333333333334 0.5540730337078652 0.5833333333333334 0.5572331460674157 0.5821629213483146 0.561622191011236 0.5779494382022472 0.5646067415730337 0.5713951310861424 0.5646067415730337 0.5639044943820225 0.5630266853932584 0.5564138576779026 0.5609199438202247 0.5503277153558053 0.5535463483146067 0.5510299625468165
1 0.5379213483146067 0.5985486891385767 0.5377457865168539 0.6027621722846442 0.5405547752808989 0.6163389513108615 0.5430126404494382 0.6198501872659176 0.5466994382022472 0.6221910112359551 0.5509129213483146 0.6224250936329588 0.5553019662921348 0.6207865168539326 0.5602176966292135 0.6161048689138576 0.5630266853932584 0.6090823970037453 0.5632022471910112 0.6015917602996255 0.5621488764044944 0.5969101123595506 0.5607443820224719 0.5945692883895131 0.5535463483146067 0.588249063670412 0.5495084269662921 0.5880149812734082 0.543188202247191 0.5901217228464419 0.538623595505618 0.5952715355805244
1 0.5410814606741573 0.6296816479400749 0.5391502808988764 0.6334269662921348 0.5400280898876404 0.6355337078651685 0.5430126404494382 0.6385767790262172 0.546875 0.6371722846441947 0.547752808988764 0.637874531835206 0.5495084269662921 0.6406835205992509 0.5500351123595506 0.6455992509363296 0.5500351123595506 0.6477059925093633 0.546875 0.6495786516853933 0.5433637640449438 0.6495786516853933 0.5426615168539326 0.6505149812734082 0.5417837078651685 0.6554307116104869 0.542310393258427 0.6596441947565543 0.5444171348314607 0.6622191011235955 0.5466994382022472 0.6633895131086143 0.5540730337078652 0.6615168539325843 0.5575842696629213 0.6596441947565543 0.5628511235955056 0.650749063670412 0.5635533707865169 0.6474719101123596 0.5635533707865169 0.6439606741573034 0.5623244382022472 0.6402153558052435 0.5575842696629213 0.6296816479400749 0.5537219101123596 0.6254681647940075 0.5502106741573034 0.6257022471910112 0.5428370786516854 0.6282771535580525
1 0.5667134831460674 0.6039325842696629 0.5675912921348315 0.6128277153558053 0.5693469101123596 0.6165730337078652 0.5725070224719101 0.6205524344569289 0.5777738764044944 0.6238295880149812 0.5846207865168539 0.6214887640449438 0.5884831460674157 0.6158707865168539 0.5909410112359551 0.6065074906367042 0.5890098314606742 0.5976123595505618 0.5840941011235955 0.5922284644194756 0.5816362359550562 0.5908239700374532 0.574438202247191 0.5915262172284644 0.5700491573033708 0.5945692883895131 0.5677668539325843 0.598314606741573
1 0.5684691011235955 0.5639044943820225 0.5681179775280899 0.5713951310861424 0.5700491573033708 0.5784176029962547 0.5739115168539326 0.5830992509363296 0.5795294943820225 0.5861423220973783 0.5823384831460674 0.586376404494382 0.5872542134831461 0.5833333333333334 0.5914676966292135 0.5784176029962547 0.5933988764044944 0.574438202247191 0.59375 0.5664794007490637 0.5921699438202247 0.5601591760299626 0.5893609550561798 0.5554775280898876 0.5842696629213483 0.5514981273408239 0.5809339887640449 0.5507958801498127 0.5732092696629213 0.5545411985018727 0.5700491573033708 0.5587546816479401
1 0.5732092696629213 0.5224719101123596 0.573560393258427 0.5313670411985019 0.5723314606741573 0.5383895131086143 0.5725070224719101 0.5400280898876404 0.574438202247191 0.5423689138576779 0.5784761235955056 0.5447097378277154 0.5853230337078652 0.545880149812734 0.5888342696629213 0.5444756554307116 0.5930477528089888 0.5395599250936329 0.594627808988764 0.5330056179775281 0.5948033707865169 0.525749063670412 0.5930477528089888 0.5184925093632958 0.5895365168539326 0.5145131086142322 0.581811797752809 0.5114700374531835 0.5775983146067416 0.511938202247191
1 0.6416783707865169 0.5775983146067416 0.021067415730337078 0.03277153558052434
1 0.6405811095505618 0.6130032771535581 0.02501755617977528 0.029845505617977528
1 0.6388254915730337 0.6519194756554307 0.02326193820224719 0.03277153558052434
1 0.703344452247191 0.5819873595505618 0.02501755617977528 0.03686797752808989
1 0.7004915730337079 0.619440543071161 0.020189606741573034 0.03920880149812734
1 0.6087605337078652 0.6949321161048689 0.025456460674157303 0.027504681647940076
1 0.5767205056179775 0.6943469101123596 0.028089887640449437 0.029845505617977528
1 0.546216643258427 0.6855688202247191 0.027650983146067416 0.032186329588014984
1 0.5174683988764045 0.6870318352059925 0.028967696629213485 0.029260299625468163
1 0.4255179073033708 0.6820575842696629 0.03028441011235955 0.027504681647940076
1 0.3673630617977528 0.6800093632958801 0.021945224719101125 0.03277153558052434
1 0.3397120786516854 0.6729868913857678 0.02282303370786517 0.03277153558052434
1 0.34058988764044945 0.6346558988764045 0.027212078651685394 0.033356741573033706
1 0.3162306882022472 0.6296816479400749 0.02501755617977528 0.03277153558052434
1 0.28989641853932585 0.6282186329588015 0.03379564606741573 0.034527153558052436
1 0.3146945224719101 0.591935861423221 0.025456460674157303 0.028675093632958802
1 0.31359726123595505 0.5495084269662921 0.020628511235955056 0.03745318352059925
1 0.25258953651685395 0.580816947565543 0.019750702247191013 0.04037921348314607
1 0.25061446629213485 0.6650866104868914 0.020189606741573034 0.028675093632958802
2 0.24534761235955055 0.4851357677902622 0.723314606741573 0.5173220973782772 0.7189255617977528 0.7221441947565543 0.23393609550561797 0.6899578651685393 0.2422752808988764 0.4863061797752809