0 0.2949438202247191 0.7062265917602997 0.3140800561797753 0.7036516853932584 0.31706460674157305 0.7085674157303371 0.3182935393258427 0.7209737827715356 0.31583567415730335 0.738061797752809 0.31724016853932585 0.7411048689138576 0.3142556179775281 0.7443820224719101 0.31162219101123595 0.7425093632958801 0.3007373595505618 0.7443820224719101 0.29037921348314605 0.7385299625468165 0.2887991573033708 0.7130149812734082 0.29002808988764045 0.7085674157303371 0.2947682584269663 0.7062265917602997
0 0.6711727528089888 0.5657771535580525 0.6806530898876404 0.5706928838951311 0.6860955056179775 0.5816947565543071 0.6862710674157303 0.5952715355805244 0.6788974719101124 0.6072097378277154 0.6660814606741573 0.6060393258426966 0.6573033707865169 0.5987827715355806 0.6544943820224719 0.5784176029962547 0.6555477528089888 0.5711610486891385 0.664501404494382 0.5657771535580525 0.670997191011236 0.5657771535580525
0 0.2970505617977528 0.6652621722846442 0.31197331460674155 0.6711142322097379 0.31513342696629215 0.6783707865168539 0.3123244382022472 0.6949906367041199 0.3049508426966292 0.7031835205992509 0.29757724719101125 0.7043539325842697 0.28827247191011235 0.700374531835206 0.2856390449438202 0.6839887640449438 0.2872191011235955 0.6704119850187266 0.2912570224719101 0.6657303370786517 0.296875 0.6652621722846442
0 0.6316713483146067 0.6912453183520599 0.6441362359550562 0.6952247191011236 0.6515098314606742 0.7031835205992509 0.6539676966292135 0.7099719101123596 0.6550210674157303 0.7305711610486891 0.6481741573033708 0.7443820224719101 0.644311797752809 0.7462546816479401 0.6336025280898876 0.7439138576779026 0.625877808988764 0.7275280898876404 0.6230688202247191 0.7029494382022472 0.6262289325842697 0.6949906367041199 0.6314957865168539 0.6912453183520599
0 0.624122191011236 0.5182584269662921 0.6292134831460674 0.5231741573033708 0.6439606741573034 0.5245786516853933 0.6495786516853933 0.5290262172284644 0.6566011235955056 0.5575842696629213 0.6543188202247191 0.5641385767790262 0.6483497191011236 0.5688202247191011 0.6321980337078652 0.5653089887640449 0.6220154494382022 0.5571161048689138 0.6185042134831461 0.5472846441947565 0.6207865168539326 0.5325374531835206 0.6174508426966292 0.5224719101123596 0.6199087078651685 0.5189606741573034 0.6239466292134831 0.5182584269662921
0 0.26615168539325845 0.6612827715355806 0.28002106741573035 0.6664325842696629 0.28388342696629215 0.6715823970037453 0.284936797752809 0.6779026217228464 0.2851123595505618 0.6924157303370787 0.28195224719101125 0.701310861423221 0.27826544943820225 0.7055243445692884 0.2698384831460674 0.7080992509363296 0.2577247191011236 0.7024812734082397 0.25456460674157305 0.6970973782771536 0.253686797752809 0.6900749063670412 0.25456460674157305 0.6647940074906367 0.25860252808988765 0.6605805243445693 0.2659761235955056 0.6612827715355806
0 0.7001404494382022 0.6104868913857678 0.7134831460674157 0.612125468164794 0.7201544943820225 0.6179775280898876 0.7240168539325843 0.6254681647940075 0.7238412921348315 0.6430243445692884 0.7201544943820225 0.6502808988764045 0.7140098314606742 0.653558052434457 0.6996137640449438 0.6491104868913857 0.6908356741573034 0.6409176029962547 0.6873244382022472 0.6193820224719101 0.6924157303370787 0.6125936329588015 0.6999648876404494 0.6104868913857678
0 0.3628862359550562 0.5407303370786517 0.36990870786516855 0.5423689138576779 0.37587780898876405 0.5479868913857678 0.37833567415730335 0.5608614232209738 0.37043539325842695 0.5760767790262172 0.3595505617977528 0.5816947565543071 0.3555126404494382 0.5816947565543071 0.3477879213483146 0.5765449438202247 0.34322331460674155 0.5641385767790262 0.34375 0.5503277153558053 0.35094803370786515 0.5426029962546817 0.36271067415730335 0.5407303370786517
0 0.27247191011235955 0.7345505617977528 0.030547752808988762 0.05290262172284644
0 0.7082162921348315 0.5695224719101124 0.7173455056179775 0.5779494382022472 0.7201544943820225 0.5922284644194756 0.7175210674157303 0.6027621722846442 0.7136587078651685 0.6074438202247191 0.706811797752809 0.6104868913857678 0.6973314606741573 0.6095505617977528 0.688377808988764 0.6006554307116105 0.6853932584269663 0.574438202247191 0.6961025280898876 0.5685861423220974 0.7080407303370787 0.5695224719101124
0 0.25052668539325845 0.6264044943820225 0.2535112359550562 0.6299157303370787 0.25526685393258425 0.6505149812734082 0.2482443820224719 0.6629213483146067 0.22787921348314608 0.6725187265917603 0.21875 0.6685393258426966 0.20962078651685392 0.6551966292134831 0.20733848314606743 0.6434925093632958 0.20997191011235955 0.6341292134831461 0.22401685393258428 0.6285112359550562 0.2384129213483146 0.6299157303370787 0.2503511235955056 0.6264044943820225
0 0.3358497191011236 0.6685393258426966 0.34111657303370785 0.6713483146067416 0.3493679775280899 0.6821161048689138 0.34884129213483145 0.6882022471910112 0.3456811797752809 0.6980337078651685 0.3398876404494382 0.7064606741573034 0.32496488764044945 0.7111423220973783 0.32110252808988765 0.7090355805243446 0.316186797752809 0.6996722846441947 0.3147823033707865 0.6889044943820225 0.3167134831460674 0.6786048689138576 0.32478932584269665 0.6701779026217228 0.3356741573033708 0.6685393258426966
0 0.6931179775280899 0.6884363295880149 0.6976825842696629 0.6921816479400749 0.7115519662921348 0.6961610486891385 0.71875 0.7064606741573034 0.7203300561797753 0.7247191011235955 0.7176966292134831 0.7308052434456929 0.7108497191011236 0.7336142322097379 0.703125 0.7322097378277154 0.6966292134831461 0.7277621722846442 0.6896067415730337 0.7134831460674157 0.6848665730337079 0.6985018726591761 0.6890800561797753 0.6891385767790262 0.6929424157303371 0.6884363295880149
0 0.6379915730337079 0.610252808988764 0.6504564606741573 0.6128277153558053 0.65625 0.6233614232209738 0.655372191011236 0.6441947565543071 0.6522120786516854 0.6484082397003745 0.644311797752809 0.651685393258427 0.6334269662921348 0.648876404494382 0.628686797752809 0.6434925093632958 0.6265800561797753 0.6371722846441947 0.6257022471910112 0.6177434456928839 0.6302668539325843 0.6114232209737828 0.6378160112359551 0.610252808988764
0 0.31109550561797755 0.6247659176029963 0.3188202247191011 0.6299157303370787 0.3167134831460674 0.6402153558052435 0.3167134831460674 0.6558988764044944 0.3205758426966292 0.6683052434456929 0.3146067415730337 0.6711142322097379 0.296875 0.6650280898876404 0.289501404494382 0.6547284644194756 0.29020365168539325 0.6376404494382022 0.29231039325842695 0.6320224719101124 0.3003862359550562 0.6264044943820225 0.3109199438202247 0.6247659176029963
0 0.2833567415730337 0.584503745318352 0.28634129213483145 0.5852059925093633 0.2873946629213483 0.588249063670412 0.28441011235955055 0.5976123595505618 0.2835323033707865 0.6163389513108615 0.2758075842696629 0.6224250936329588 0.2633426966292135 0.6252340823970037 0.25702247191011235 0.6235955056179775 0.2519311797752809 0.6161048689138576 0.25087780898876405 0.6036985018726592 0.25333567415730335 0.5919943820224719 0.26228932584269665 0.5849719101123596 0.2831811797752809 0.584503745318352
0 0.6773174157303371 0.6093164794007491 0.6862710674157303 0.6196161048689138 0.6894311797752809 0.6411516853932584 0.6860955056179775 0.6500468164794008 0.6760884831460674 0.6561329588014981 0.6615168539325843 0.6486423220973783 0.6580056179775281 0.6362359550561798 0.6588834269662921 0.6233614232209738 0.6634480337078652 0.6128277153558053 0.6683637640449438 0.6081460674157303 0.6771418539325843 0.6093164794007491
0 0.6659058988764045 0.6924157303370787 0.6818820224719101 0.6980337078651685 0.6887289325842697 0.7099719101123596 0.6896067415730337 0.7195692883895131 0.6867977528089888 0.7308052434456929 0.6822331460674157 0.7354868913857678 0.6760884831460674 0.7373595505617978 0.667310393258427 0.7347846441947565 0.65625 0.7202715355805244 0.6529143258426966 0.6996722846441947 0.6578300561797753 0.6938202247191011 0.6657303370786517 0.6924157303370787
0 0.27422752808988765 0.6245318352059925 0.28423455056179775 0.6282771535580525 0.28809691011235955 0.6357677902621723 0.2875702247191011 0.6547284644194756 0.2773876404494382 0.662687265917603 0.2621137640449438 0.6594101123595506 0.25702247191011235 0.650749063670412 0.25649578651685395 0.6376404494382022 0.2593047752808989 0.6303838951310862 0.2635182584269663 0.6266385767790262 0.27405196629213485 0.6245318352059925
0 0.45997191011235955 0.6161048689138576 0.46769662921348315 0.62312734082397 0.47015449438202245 0.6299157303370787 0.4703300561797753 0.6463014981273408 0.4668188202247191 0.6568352059925093 0.4566362359550562 0.6622191011235955 0.4452247191011236 0.658941947565543 0.4378511235955056 0.6519194756554307 0.43627106741573035 0.6474719101123596 0.4390800561797753 0.6303838951310862 0.441186797752809 0.6271067415730337 0.44978932584269665 0.6175093632958801 0.45979634831460675 0.6161048689138576
0 0.27018960674157305 0.5423689138576779 0.27791432584269665 0.545880149812734 0.28072331460674155 0.5500936329588015 0.27984550561797755 0.5732677902621723 0.27282303370786515 0.5821629213483146 0.25860252808988765 0.5838014981273408 0.25316011235955055 0.5779494382022472 0.24947331460674158 0.5676498127340824 0.25105337078651685 0.5510299625468165 0.25895365168539325 0.5433052434456929 0.2700140449438202 0.5423689138576779
0 0.42433286516853935 0.6076779026217228 0.4334620786516854 0.6118913857677902 0.4392556179775281 0.625 0.43258426966292135 0.6615168539325843 0.42907303370786515 0.6650280898876404 0.42714185393258425 0.658941947565543 0.4180126404494382 0.6544943820224719 0.41116573033707865 0.6474719101123596 0.40941011235955055 0.6381086142322098 0.41081460674157305 0.6189138576779026 0.41678370786516855 0.6090823970037453 0.4241573033707865 0.6076779026217228
0 0.300561797752809 0.5821629213483146 0.3126755617977528 0.5852059925093633 0.31583567415730335 0.5894194756554307 0.31759129213483145 0.5999531835205992 0.3125 0.6177434456928839 0.29810393258426965 0.6252340823970037 0.2891502808988764 0.6217228464419475 0.28581460674157305 0.6165730337078652 0.28441011235955055 0.6018258426966292 0.2851123595505618 0.5952715355805244 0.29002808988764045 0.5856741573033708 0.3003862359550562 0.5821629213483146
0 0.25667134831460675 0.7076310861423221 0.2621137640449438 0.7144194756554307 0.25702247191011235 0.7247191011235955 0.2556179775280899 0.7415730337078652 0.24508426966292135 0.7532771535580525 0.238061797752809 0.7565543071161048 0.2287570224719101 0.7551498127340824 0.22366573033707865 0.7495318352059925 0.22120786516853932 0.7394662921348315 0.222436797752809 0.7272940074906367 0.23016151685393257 0.7165262172284644 0.23595505617977527 0.712312734082397 0.2519311797752809 0.7064606741573034 0.25649578651685395 0.7076310861423221
0 0.6321980337078652 0.6493445692883895 0.6544943820224719 0.6521535580524345 0.6573033707865169 0.665496254681648 0.6574789325842697 0.6823501872659176 0.6530898876404494 0.6912453183520599 0.6474719101123596 0.6947565543071161 0.6337780898876404 0.6891385767790262 0.6211376404494382 0.6647940074906367 0.6228932584269663 0.6523876404494382 0.6320224719101124 0.6493445692883895
0 0.5087780898876404 0.6205524344569289 0.5224719101123596 0.6214887640449438 0.5310744382022472 0.6374063670411985 0.5351123595505618 0.6582397003745318 0.5331811797752809 0.6645599250936329 0.5261587078651685 0.6706460674157303 0.511060393258427 0.6652621722846442 0.5028089887640449 0.6544943820224719 0.5014044943820225 0.6444288389513109 0.5026334269662921 0.6275749063670412 0.5054424157303371 0.6212546816479401 0.5086025280898876 0.6205524344569289
0 0.3769311797752809 0.6240636704119851 0.3807935393258427 0.6266385767790262 0.3830758426966292 0.6327247191011236 0.37798455056179775 0.6432584269662921 0.3790379213483146 0.6615168539325843 0.36990870786516855 0.6743913857677902 0.35287921348314605 0.6823501872659176 0.34497893258426965 0.6762640449438202 0.34111657303370785 0.6683052434456929 0.3476123595505618 0.6434925093632958 0.3530547752808989 0.6362359550561798 0.36622191011235955 0.6257022471910112 0.3767556179775281 0.6240636704119851
0 0.5475772471910112 0.6079119850187266 0.5498595505617978 0.6093164794007491 0.5512640449438202 0.6170411985018727 0.5603932584269663 0.6254681647940075 0.5637289325842697 0.6395131086142322 0.563377808988764 0.647003745318352 0.557935393258427 0.6657303370786517 0.5560042134831461 0.6690074906367042 0.550561797752809 0.670880149812734 0.5409058988764045 0.6680711610486891 0.532127808988764 0.6390449438202247 0.5356390449438202 0.6193820224719101 0.5437148876404494 0.6093164794007491 0.5474016853932584 0.6079119850187266
0 0.24192415730337077 0.5442415730337079 0.2503511235955056 0.5503277153558053 0.25070224719101125 0.5779494382022472 0.24543539325842698 0.5828651685393258 0.23490168539325842 0.5856741573033708 0.22735252808988765 0.5838014981273408 0.22120786516853932 0.5779494382022472 0.21769662921348315 0.5676498127340824 0.21804775280898878 0.5613295880149812 0.22384129213483145 0.5484550561797753 0.2345505617977528 0.5437734082397003 0.24174859550561797 0.5442415730337079
0 0.30389747191011235 0.5421348314606742 0.31179775280898875 0.5503277153558053 0.3123244382022472 0.5711610486891385 0.3045997191011236 0.5798220973782772 0.29441713483146065 0.5830992509363296 0.2893258426966292 0.5821629213483146 0.2816011235955056 0.5742041198501873 0.2814255617977528 0.5540730337078652 0.28581460674157305 0.5461142322097379 0.28985252808988765 0.5433052434456929 0.30372191011235955 0.5421348314606742
0 0.3374297752808989 0.5793539325842697 0.3530547752808989 0.5849719101123596 0.35287921348314605 0.6048689138576779 0.3460323033707865 0.6175093632958801 0.3319873595505618 0.6219569288389513 0.328125 0.6219569288389513 0.31917134831460675 0.6097846441947565 0.31952247191011235 0.5987827715355806 0.3237359550561798 0.5861423220973783 0.33725421348314605 0.5793539325842697
0 0.24385533707865167 0.6671348314606742 0.25280898876404495 0.6750936329588015 0.25333567415730335 0.6973314606741573 0.24578651685393257 0.7064606741573034 0.23490168539325842 0.7111423220973783 0.230688202247191 0.7109082397003745 0.22384129213483145 0.7029494382022472 0.22191011235955055 0.6853932584269663 0.22629915730337077 0.6753277153558053 0.23788623595505617 0.6673689138576779 0.24367977528089887 0.6671348314606742
0 0.6618679775280899 0.6509831460674157 0.6790730337078652 0.6561329588014981 0.6855688202247191 0.6678370786516854 0.6882022471910112 0.6853932584269663 0.6825842696629213 0.6940543071161048 0.6794241573033708 0.6952247191011236 0.6569522471910112 0.6891385767790262 0.6560744382022472 0.6540262172284644 0.6578300561797753 0.650749063670412 0.6616924157303371 0.6509831460674157
0 0.5721558988764045 0.6067415730337079 0.5747893258426966 0.6081460674157303 0.5775983146067416 0.6156367041198502 0.5897120786516854 0.6224250936329588 0.5942766853932584 0.6331928838951311 0.5953300561797753 0.6601123595505618 0.5921699438202247 0.6650280898876404 0.5853230337078652 0.6683052434456929 0.5812851123595506 0.6680711610486891 0.5700491573033708 0.6580056179775281 0.5646067415730337 0.6474719101123596 0.5647823033707865 0.6125936329588015 0.5672401685393258 0.608380149812734 0.5719803370786517 0.6067415730337079
0 0.6971558988764045 0.6493445692883895 0.7138342696629213 0.6544943820224719 0.7176966292134831 0.6580056179775281 0.7203300561797753 0.6657303370786517 0.7203300561797753 0.6828183520599251 0.7138342696629213 0.6914794007490637 0.7085674157303371 0.6933520599250936 0.7008426966292135 0.6926498127340824 0.6915379213483146 0.6867977528089888 0.6867977528089888 0.6718164794007491 0.6857443820224719 0.6577715355805244 0.6906601123595506 0.6509831460674157 0.6969803370786517 0.6493445692883895
0 0.24122191011235955 0.5859082397003745 0.25 0.5884831460674157 0.25263342696629215 0.5917602996254682 0.25 0.6196161048689138 0.24157303370786518 0.6271067415730337 0.23402387640449437 0.6282771535580525 0.22384129213483145 0.6261704119850188 0.21962780898876405 0.6170411985018727 0.2185744382022472 0.6055711610486891 0.22331460674157302 0.5936329588014981 0.2305126404494382 0.587312734082397 0.24104634831460675 0.5861423220973783
0 0.3458567415730337 0.7015449438202247 0.35252808988764045 0.7064606741573034 0.3530547752808989 0.7205056179775281 0.34884129213483145 0.7359550561797753 0.34287219101123595 0.7476591760299626 0.33848314606741575 0.7523408239700374 0.3316362359550562 0.7542134831460674 0.31917134831460675 0.74812734082397 0.31952247191011235 0.7202715355805244 0.3246137640449438 0.7127808988764045 0.3397120786516854 0.7069288389513109 0.3456811797752809 0.7015449438202247
0 0.40326544943820225 0.6212546816479401 0.4078300561797753 0.6266385767790262 0.40905898876404495 0.6502808988764045 0.40150983146067415 0.6619850187265918 0.39325842696629215 0.6652621722846442 0.38746488764044945 0.6645599250936329 0.3807935393258427 0.658941947565543 0.37780898876404495 0.6437265917602997 0.3867626404494382 0.6252340823970037 0.394311797752809 0.6212546816479401 0.40308988764044945 0.6212546816479401
0 0.32935393258426965 0.5400280898876404 0.3381320224719101 0.5428370786516854 0.3419943820224719 0.5472846441947565 0.34287219101123595 0.5711610486891385 0.3383075842696629 0.5760767790262172 0.3246137640449438 0.5816947565543071 0.31759129213483145 0.5786516853932584 0.31302668539325845 0.5718632958801498 0.3125 0.5538389513108615 0.3188202247191011 0.5433052434456929 0.32917837078651685 0.5400280898876404
0 0.6615168539325843 0.510065543071161 0.6787219101123596 0.5224719101123596 0.6832865168539326 0.5330056179775281 0.6820575842696629 0.5435393258426966 0.6773174157303371 0.5538389513108615 0.6722261235955056 0.5585205992509363 0.6625702247191011 0.5594569288389513 0.6574789325842697 0.5575842696629213 0.6492275280898876 0.5241104868913857 0.651685393258427 0.5152153558052435 0.6576544943820225 0.510065543071161 0.6613412921348315 0.510065543071161
0 0.5161516853932584 0.574438202247191 0.5245786516853933 0.5812265917602997 0.5277387640449438 0.600187265917603 0.5244030898876404 0.6137640449438202 0.5128160112359551 0.6203183520599251 0.5084269662921348 0.6189138576779026 0.500877808988764 0.6104868913857678 0.49894662921348315 0.6053370786516854 0.49894662921348315 0.5941011235955056 0.500877808988764 0.5849719101123596 0.5047401685393258 0.5793539325842697 0.5121137640449438 0.5742041198501873 0.5159761235955056 0.574438202247191
0 0.6343047752808989 0.5676498127340824 0.6487008426966292 0.5713951310861424 0.6529143258426966 0.5765449438202247 0.6555477528089888 0.5852059925093633 0.6551966292134831 0.602996254681648 0.6448384831460674 0.6100187265917603 0.6309691011235955 0.6067415730337079 0.6186797752808989 0.589185393258427 0.6185042134831461 0.5779494382022472 0.6207865168539326 0.5713951310861424 0.6267556179775281 0.5674157303370787 0.6341292134831461 0.5676498127340824
0 0.6065660112359551 0.6114232209737828 0.6199087078651685 0.6170411985018727 0.6244733146067416 0.6226591760299626 0.6260533707865169 0.6303838951310862 0.6269311797752809 0.6404494382022472 0.625 0.6458333333333334 0.6199087078651685 0.6523876404494382 0.613061797752809 0.6556647940074907 0.6060393258426966 0.6544943820224719 0.5976123595505618 0.6472378277153558 0.5925210674157303 0.62687265917603 0.5923455056179775 0.6196161048689138 0.5942766853932584 0.6170411985018727 0.5990168539325843 0.6125936329588015 0.6063904494382022 0.6114232209737828
0 0.33848314606741575 0.6226591760299626 0.34866573033707865 0.6296816479400749 0.3498946629213483 0.636938202247191 0.34094101123595505 0.6619850187265918 0.3360252808988764 0.6661985018726592 0.32742275280898875 0.6671348314606742 0.3221558988764045 0.6666666666666666 0.3168890449438202 0.6580056179775281 0.3165379213483146 0.6367041198501873 0.31952247191011235 0.6301498127340824 0.3242626404494382 0.6261704119850188 0.3383075842696629 0.6226591760299626
0 0.4920997191011236 0.6114232209737828 0.49683988764044945 0.613061797752809 0.5022823033707865 0.6196161048689138 0.49894662921348315 0.6481741573033708 0.49473314606741575 0.6549625468164794 0.48771067415730335 0.658941947565543 0.4768258426966292 0.6568352059925093 0.47208567415730335 0.650749063670412 0.4705056179775281 0.6418539325842697 0.47138342696629215 0.6266385767790262 0.4799859550561798 0.6151685393258427 0.4919241573033708 0.6114232209737828
0 0.7001404494382022 0.526685393258427 0.7064606741573034 0.5294943820224719 0.7106741573033708 0.5348782771535581 0.7136587078651685 0.5456460674157303 0.711376404494382 0.5608614232209738 0.7025983146067416 0.5676498127340824 0.6904845505617978 0.5657771535580525 0.6808286516853933 0.5538389513108615 0.6846910112359551 0.5323033707865169 0.6889044943820225 0.5283239700374532 0.6999648876404494 0.526685393258427
1 0.36626580056179775 0.5995435393258427 0.03028441011235955 0.04272003745318352
1 0.39764747191011235 0.5966175093632958 0.027212078651685394 0.03686797752808989
1 0.3950140449438202 0.5562382958801498 0.028967696629213485 0.03686797752808989
1 0.4259568117977528 0.5550678838951311 0.03028441011235955 0.03803838951310862
1 0.42639571629213485 0.5960323033707865 0.029406601123595506 0.033356741573033706
1 0.45602176966292135 0.5547752808988764 0.028967696629213485 0.039794007490636704
1 0.45558286516853935 0.5939840823970037 0.028967696629213485 0.03628277153558052
1 0.48498946629213485 0.5925210674157303 0.030723314606741572 0.04037921348314607
1 0.48367275280898875 0.552434456928839 0.025456460674157303 0.038623595505617975
1 0.5135182584269663 0.5530196629213483 0.030723314606741572 0.038623595505617975
1 0.5431443117977528 0.5518492509363296 0.027650983146067416 0.039794007490636704
1 0.5433637640449438 0.5913506554307116 0.027212078651685394 0.04037921348314607
1 0.5716731039325843 0.5486306179775281 0.027650983146067416 0.03803838951310862
1 0.6017380617977528 0.5480454119850188 0.030723314606741572 0.03569756554307116
1 0.5727703651685393 0.5890098314606742 0.028089887640449437 0.03803838951310862
1 0.6028353230337079 0.5881320224719101 0.02852879213483146 0.0351123595505618
1 0.6087605337078652 0.670060861423221 0.027212078651685394 0.030430711610486893
1 0.6078827247191011 0.7063436329588015 0.026334269662921347 0.0351123595505618
1 0.5745259831460674 0.6709386704119851 0.026334269662921347 0.029845505617977528
1 0.5745259831460674 0.7069288389513109 0.026334269662921347 0.03394194756554307
1 0.546216643258427 0.670060861423221 0.024139747191011238 0.030430711610486893
1 0.545997191011236 0.7089770599250936 0.028967696629213485 0.034527153558052436
1 0.5168100421348315 0.6718164794007491 0.029406601123595506 0.028089887640449437
1 0.5157127808988764 0.708684456928839 0.028967696629213485 0.03394194756554307
1 0.48542837078651685 0.6729868913857678 0.026334269662921347 0.03160112359550562
1 0.4860867275280899 0.708684456928839 0.026773174157303372 0.0351123595505618
1 0.4568995786516854 0.6750351123595506 0.026334269662921347 0.031015917602996254
1 0.4277124297752809 0.6744499063670412 0.027650983146067416 0.031015917602996254
1 0.3961113061797753 0.6744499063670412 0.03028441011235955 0.03569756554307116
1 0.4568995786516854 0.7119030898876404 0.027212078651685394 0.034527153558052436
1 0.4277124297752809 0.709562265917603 0.026773174157303372 0.03686797752808989
1 0.39940308988764045 0.7121956928838952 0.026334269662921347 0.03394194756554307
1 0.36407127808988765 0.6820575842696629 0.03379564606741573 0.031015917602996254
1 0.37021594101123595 0.7165847378277154 0.027650983146067416 0.034527153558052436
2 0.2247191011235955 0.541315543071161 0.7158532303370787 0.5243445692883895 0.7193644662921348 0.7297518726591761 0.22735252808988765 0.7367743445692884