1 0.2612622893258427 0.6304470973782772 0.061383426966292134 0.07331928838951311
0 0.5783005617977528 0.7029494382022472 0.5918188202247191 0.7055243445692884 0.5990168539325843 0.7151217228464419 0.6021769662921348 0.7378277153558053 0.5960323033707865 0.74812734082397 0.5888342696629213 0.75187265917603 0.578125 0.74812734082397 0.5733848314606742 0.7413389513108615 0.570751404494382 0.7305711610486891 0.5721558988764045 0.7102059925093633 0.578125 0.7029494382022472
0 0.6408005617977528 0.6046348314606742 0.6513342696629213 0.611189138576779 0.6587078651685393 0.6198501872659176 0.659936797752809 0.6259363295880149 0.6581811797752809 0.6430243445692884 0.6476474719101124 0.650749063670412 0.6402738764044944 0.6500468164794008 0.6320224719101124 0.6439606741573034 0.6262289325842697 0.6198501872659176 0.6300912921348315 0.6072097378277154 0.640625 0.6046348314606742
0 0.3491924157303371 0.7052902621722846 0.35691713483146065 0.7106741573033708 0.3595505617977528 0.7165262172284644 0.3591994382022472 0.7247191011235955 0.3500702247191011 0.74812734082397 0.34252106741573035 0.7572565543071161 0.33707865168539325 0.760065543071161 0.3283005617977528 0.7584269662921348 0.3239115168539326 0.7539794007490637 0.32110252808988765 0.7469569288389513 0.32110252808988765 0.7324438202247191 0.32900280898876405 0.7188670411985019 0.34901685393258425 0.7052902621722846
0 0.35235252808988765 0.5814606741573034 0.37219101123595505 0.5866104868913857 0.3790379213483146 0.5955056179775281 0.375 0.6203183520599251 0.37201544943820225 0.6235955056179775 0.3628862359550562 0.6261704119850188 0.355688202247191 0.6247659176029963 0.351123595505618 0.6203183520599251 0.34375 0.5987827715355806 0.34269662921348315 0.5912921348314607 0.34445224719101125 0.5849719101123596 0.35217696629213485 0.5814606741573034
0 0.6839887640449438 0.5664794007490637 0.6925912921348315 0.5739700374531835 0.6938202247191011 0.5821629213483146 0.6864466292134831 0.6060393258426966 0.6824087078651685 0.611189138576779 0.675561797752809 0.6139981273408239 0.6627457865168539 0.6116573033707865 0.6613412921348315 0.6072097378277154 0.6580056179775281 0.6079119850187266 0.6583567415730337 0.6020599250936329 0.6555477528089888 0.5955056179775281 0.6558988764044944 0.5819288389513109 0.657127808988764 0.5774812734082397 0.6615168539325843 0.5732677902621723 0.683813202247191 0.5664794007490637
0 0.6169241573033708 0.5320692883895131 0.6228932584269663 0.5360486891385767 0.6264044943820225 0.5433052434456929 0.6272823033707865 0.56062734082397 0.6234199438202247 0.5692883895131086 0.6155196629213483 0.5732677902621723 0.6069171348314607 0.5720973782771536 0.6000702247191011 0.5653089887640449 0.597436797752809 0.5594569288389513 0.5967345505617978 0.5461142322097379 0.5988412921348315 0.537687265917603 0.602001404494382 0.5337078651685393 0.616748595505618 0.5320692883895131
0 0.5516151685393258 0.5360486891385767 0.5628511235955056 0.5426029962546817 0.5663623595505618 0.5566479400749064 0.5646067415730337 0.5713951310861424 0.5581109550561798 0.5786516853932584 0.554248595505618 0.5795880149812734 0.5430126404494382 0.5760767790262172 0.5361657303370787 0.5641385767790262 0.5396769662921348 0.5397940074906367 0.551439606741573 0.5360486891385767
0 0.5926966292134831 0.6640917602996255 0.5993679775280899 0.6690074906367042 0.6067415730337079 0.6877340823970037 0.6060393258426966 0.6940543071161048 0.6021769662921348 0.7010767790262172 0.592872191011236 0.7050561797752809 0.5770716292134831 0.7008426966292135 0.5705758426966292 0.6926498127340824 0.5689957865168539 0.6832865168539326 0.569873595505618 0.6753277153558053 0.5758426966292135 0.6683052434456929 0.5849719101123596 0.6640917602996255 0.5925210674157303 0.6640917602996255
0 0.5300210674157303 0.5278558052434457 0.5375702247191011 0.5360486891385767 0.5373946629213483 0.5507958801498127 0.5344101123595506 0.5634363295880149 0.5291432584269663 0.5716292134831461 0.523876404494382 0.5739700374531835 0.511060393258427 0.5709269662921348 0.5049157303370787 0.5599250936329588 0.504564606741573 0.5472846441947565 0.5117626404494382 0.5344101123595506 0.5222963483146067 0.528558052434457 0.5298455056179775 0.5278558052434457
0 0.4956109550561798 0.6952247191011236 0.5057935393258427 0.7106741573033708 0.5070224719101124 0.7277621722846442 0.5017556179775281 0.7446161048689138 0.4920997191011236 0.7490636704119851 0.484375 0.7474250936329588 0.47945926966292135 0.7422752808988764 0.4768258426966292 0.7216760299625468 0.48384831460674155 0.6987359550561798 0.48771067415730335 0.6954588014981273 0.49543539325842695 0.6952247191011236
0 0.39922752808988765 0.5454119850187266 0.40730337078651685 0.552434456928839 0.4085323033707865 0.5737359550561798 0.4027387640449438 0.5823970037453183 0.3909761235955056 0.5861423220973783 0.38570926966292135 0.5830992509363296 0.3793890449438202 0.574438202247191 0.3790379213483146 0.56062734082397 0.38202247191011235 0.5522003745318352 0.3871137640449438 0.5470505617977528 0.39360955056179775 0.5444756554307116 0.39905196629213485 0.5454119850187266
0 0.5242275280898876 0.614934456928839 0.5305477528089888 0.6219569288389513 0.5338834269662921 0.6374063670411985 0.5296699438202247 0.6474719101123596 0.5226474719101124 0.6523876404494382 0.5108848314606742 0.6477059925093633 0.5064957865168539 0.6334269662921348 0.5080758426966292 0.625 0.511938202247191 0.6186797752808989 0.5186095505617978 0.6144662921348315 0.5240519662921348 0.614934456928839
0 0.34884129213483145 0.6666666666666666 0.35235252808988765 0.6680711610486891 0.35428370786516855 0.6739232209737828 0.34849016853932585 0.7017790262172284 0.33918539325842695 0.7104400749063671 0.3279494382022472 0.7120786516853933 0.31969803370786515 0.7029494382022472 0.31759129213483145 0.6891385767790262 0.320751404494382 0.6793071161048689 0.328125 0.6706460674157303 0.34866573033707865 0.6669007490636704
0 0.5502106741573034 0.6594101123595506 0.5586376404494382 0.6638576779026217 0.5653089887640449 0.6767322097378277 0.5660112359550562 0.6898408239700374 0.5614466292134831 0.7006086142322098 0.5560042134831461 0.7064606741573034 0.5433637640449438 0.7130149812734082 0.5365168539325843 0.7088014981273408 0.5330056179775281 0.7029494382022472 0.5389747191011236 0.6683052434456929 0.5430126404494382 0.6610486891385767 0.5500351123595506 0.6596441947565543
0 0.6336025280898876 0.6933520599250936 0.648876404494382 0.6947565543071161 0.655372191011236 0.6999063670411985 0.6613412921348315 0.7158239700374532 0.660814606741573 0.7275280898876404 0.6585323033707865 0.7338483146067416 0.6515098314606742 0.7385299625468165 0.644311797752809 0.738061797752809 0.6336025280898876 0.7270599250936329 0.6265800561797753 0.7029494382022472 0.6288623595505618 0.6961610486891385 0.6334269662921348 0.6935861423220974
0 0.4585674157303371 0.5344101123595506 0.46734550561797755 0.5393258426966292 0.47138342696629215 0.5491573033707865 0.4731390449438202 0.5639044943820225 0.47208567415730335 0.5709269662921348 0.465063202247191 0.577247191011236 0.4490870786516854 0.5751404494382022 0.44417134831460675 0.5720973782771536 0.44083567415730335 0.5650749063670412 0.44030898876404495 0.5500936329588015 0.4438202247191011 0.5400280898876404 0.449438202247191 0.5355805243445693 0.45839185393258425 0.5344101123595506
0 0.5203651685393258 0.6584737827715356 0.5314255617977528 0.6610486891385767 0.5328300561797753 0.6577715355805244 0.5365168539325843 0.6577715355805244 0.5363412921348315 0.6624531835205992 0.5324789325842697 0.6619850187265918 0.5354634831460674 0.6823501872659176 0.5330056179775281 0.6926498127340824 0.5277387640449438 0.6999063670411985 0.5103581460674157 0.7069288389513109 0.5038623595505618 0.7029494382022472 0.49894662921348315 0.6921816479400749 0.5042134831460674 0.6711142322097379 0.5129915730337079 0.6601123595505618 0.520189606741573 0.6584737827715356
0 0.31566011235955055 0.6275749063670412 0.3218047752808989 0.6301498127340824 0.3237359550561798 0.6336610486891385 0.31969803370786515 0.6437265917602997 0.31899578651685395 0.6612827715355806 0.3086376404494382 0.6718164794007491 0.3009129213483146 0.6753277153558053 0.293188202247191 0.672752808988764 0.28581460674157305 0.6624531835205992 0.28441011235955055 0.6537921348314607 0.28634129213483145 0.6439606741573034 0.2966994382022472 0.6331928838951311 0.31548455056179775 0.6275749063670412
0 0.43416432584269665 0.6692415730337079 0.44434691011235955 0.6753277153558053 0.44610252808988765 0.6961610486891385 0.44276685393258425 0.7043539325842697 0.43275983146067415 0.7106741573033708 0.425561797752809 0.7099719101123596 0.4215238764044944 0.7057584269662921 0.418188202247191 0.6891385767790262 0.4216994382022472 0.6767322097378277 0.4339887640449438 0.6692415730337079
0 0.41853932584269665 0.536750936329588 0.4334620786516854 0.5423689138576779 0.4394311797752809 0.5536048689138576 0.44013342696629215 0.5662453183520599 0.43820224719101125 0.5751404494382022 0.4334620786516854 0.5816947565543071 0.425561797752809 0.5842696629213483 0.4174859550561798 0.5826310861423221 0.409936797752809 0.5713951310861424 0.40747893258426965 0.5468164794007491 0.4122191011235955 0.5397940074906367 0.4183637640449438 0.536750936329588
0 0.5821629213483146 0.5332397003745318 0.5884831460674157 0.5351123595505618 0.592872191011236 0.5400280898876404 0.5963834269662921 0.5526685393258427 0.5962078651685393 0.5632022471910112 0.5941011235955056 0.5676498127340824 0.5830407303370787 0.5746722846441947 0.5751404494382022 0.572565543071161 0.5691713483146067 0.5674157303370787 0.5667134831460674 0.5517322097378277 0.5667134831460674 0.5465823970037453 0.5709269662921348 0.5379213483146067 0.5819873595505618 0.5332397003745318
0 0.42714185393258425 0.7097378277153558 0.44066011235955055 0.7120786516853933 0.44627808988764045 0.723314606741573 0.4413623595505618 0.7443820224719101 0.43662219101123595 0.7502340823970037 0.4295997191011236 0.7532771535580525 0.41889044943820225 0.7485955056179775 0.4137991573033708 0.7347846441947565 0.41695926966292135 0.7169943820224719 0.4215238764044944 0.7109082397003745 0.42696629213483145 0.7097378277153558
0 0.6086727528089888 0.6179775280898876 0.6207865168539326 0.6210205992509363 0.6283356741573034 0.6299157303370787 0.629564606741573 0.6474719101123596 0.6272823033707865 0.6530898876404494 0.6193820224719101 0.6598782771535581 0.6097261235955056 0.6582397003745318 0.6004213483146067 0.6472378277153558 0.5984901685393258 0.635065543071161 0.5993679775280899 0.62687265917603 0.602001404494382 0.6193820224719101 0.608497191011236 0.6179775280898876
0 0.5433637640449438 0.5767790262172284 0.5595154494382022 0.5807584269662921 0.5639044943820225 0.5922284644194756 0.5574087078651685 0.6076779026217228 0.5510884831460674 0.611189138576779 0.543188202247191 0.6104868913857678 0.5361657303370787 0.6022940074906367 0.5352879213483146 0.5880149812734082 0.543188202247191 0.5770131086142322
0 0.3769311797752809 0.625 0.38535814606741575 0.6334269662921348 0.3865870786516854 0.6411516853932584 0.3844803370786517 0.6509831460674157 0.37816011235955055 0.6629213483146067 0.3730688202247191 0.6664325842696629 0.363061797752809 0.6680711610486891 0.35832162921348315 0.6664325842696629 0.352001404494382 0.6580056179775281 0.3532303370786517 0.636938202247191 0.359375 0.6285112359550562 0.3767556179775281 0.625
0 0.5226474719101124 0.576310861423221 0.5300210674157303 0.5809925093632958 0.5326544943820225 0.5959737827715356 0.5287921348314607 0.6072097378277154 0.5194873595505618 0.612125468164794 0.5128160112359551 0.6107209737827716 0.507373595505618 0.6041666666666666 0.504564606741573 0.5915262172284644 0.5129915730337079 0.5770131086142322 0.5224719101123596 0.576310861423221
0 0.33900983146067415 0.586376404494382 0.3472612359550562 0.6086142322097379 0.3476123595505618 0.6163389513108615 0.3414676966292135 0.6245318352059925 0.3246137640449438 0.6285112359550562 0.31741573033707865 0.6259363295880149 0.3140800561797753 0.6203183520599251 0.31759129213483145 0.601123595505618 0.3219803370786517 0.5919943820224719 0.32689606741573035 0.587312734082397 0.33883426966292135 0.586376404494382
0 0.4633075842696629 0.5826310861423221 0.4710323033707865 0.588249063670412 0.4784058988764045 0.6158707865168539 0.47752808988764045 0.6240636704119851 0.4705056179775281 0.6315543071161048 0.4508426966292135 0.6235955056179775 0.445751404494382 0.6182116104868914 0.44417134831460675 0.613061797752809 0.4429424157303371 0.5987827715355806 0.4450491573033708 0.5903558052434457 0.45242275280898875 0.5842696629213483 0.4631320224719101 0.5826310861423221
0 0.4705056179775281 0.6647940074906367 0.47735252808988765 0.6683052434456929 0.48139044943820225 0.6750936329588015 0.47787921348314605 0.6999063670411985 0.4705056179775281 0.7088014981273408 0.45821629213483145 0.7088014981273408 0.4496137640449438 0.7151217228464419 0.44434691011235955 0.7099719101123596 0.44452247191011235 0.7059925093632958 0.44838483146067415 0.700374531835206 0.44645365168539325 0.6884363295880149 0.4489115168539326 0.6762640449438202 0.45224719101123595 0.6718164794007491 0.4703300561797753 0.6647940074906367
0 0.45400280898876405 0.6266385767790262 0.4689255617977528 0.636938202247191 0.4691011235955056 0.6542602996254682 0.4671699438202247 0.6610486891385767 0.46365870786516855 0.6647940074906367 0.44627808988764045 0.672752808988764 0.4355688202247191 0.6629213483146067 0.43486657303370785 0.6542602996254682 0.44259129213483145 0.6308520599250936 0.45382724719101125 0.6266385767790262
0 0.4920997191011236 0.5805243445692884 0.4982443820224719 0.5814606741573034 0.5028089887640449 0.588249063670412 0.5057935393258427 0.6058052434456929 0.5022823033707865 0.6161048689138576 0.49859550561797755 0.6205524344569289 0.4887640449438202 0.6240636704119851 0.47981039325842695 0.6219569288389513 0.4743679775280899 0.6058052434456929 0.47401685393258425 0.5952715355805244 0.476123595505618 0.588249063670412 0.480688202247191 0.5830992509363296 0.4919241573033708 0.5805243445692884
0 0.3769311797752809 0.6650280898876404 0.38202247191011235 0.6666666666666666 0.38606039325842695 0.6715823970037453 0.3871137640449438 0.6795411985018727 0.38026685393258425 0.7010767790262172 0.37359550561797755 0.7085674157303371 0.36657303370786515 0.7111423220973783 0.3595505617977528 0.7104400749063671 0.3539325842696629 0.7048220973782772 0.351123595505618 0.699438202247191 0.351123595505618 0.6889044943820225 0.3551615168539326 0.6753277153558053 0.3591994382022472 0.6690074906367042 0.3767556179775281 0.6650280898876404
0 0.3672752808988764 0.5433052434456929 0.375 0.5468164794007491 0.37991573033707865 0.5540730337078652 0.37816011235955055 0.5746722846441947 0.3711376404494382 0.5826310861423221 0.366748595505618 0.5840355805243446 0.3577949438202247 0.5833333333333334 0.3514747191011236 0.5798220973782772 0.3477879213483146 0.5716292134831461 0.347436797752809 0.5627340823970037 0.3516502808988764 0.5484550561797753 0.35621488764044945 0.5451779026217228 0.3670997191011236 0.5433052434456929
0 0.2731741573033708 0.699438202247191 0.27861657303370785 0.7029494382022472 0.27861657303370785 0.7064606741573034 0.2731741573033708 0.7165262172284644 0.27054073033707865 0.7305711610486891 0.2579002808988764 0.7516385767790262 0.24525983146067415 0.7595973782771536 0.23788623595505617 0.7581928838951311 0.23086376404494383 0.7502340823970037 0.22928370786516855 0.7448501872659176 0.23086376404494383 0.7294007490636704 0.23788623595505617 0.7195692883895131 0.25684691011235955 0.7088014981273408 0.265625 0.7076310861423221 0.272998595505618 0.699438202247191
0 0.558813202247191 0.7076310861423221 0.5684691011235955 0.7167602996254682 0.5725070224719101 0.7418071161048689 0.5677668539325843 0.7535112359550562 0.5577598314606742 0.7584269662921348 0.5502106741573034 0.7563202247191011 0.5433637640449438 0.7488295880149812 0.5402036516853933 0.7366573033707865 0.5398525280898876 0.7237827715355806 0.5461727528089888 0.7118445692883895 0.5586376404494382 0.7076310861423221
0 0.5259831460674157 0.7034176029962547 0.534936797752809 0.711376404494382 0.5377457865168539 0.7167602996254682 0.5389747191011236 0.7268258426966292 0.5372191011235955 0.7411048689138576 0.5326544943820225 0.7474250936329588 0.5263342696629213 0.7502340823970037 0.5184339887640449 0.7490636704119851 0.5107092696629213 0.7411048689138576 0.5084269662921348 0.7228464419475655 0.5121137640449438 0.7088014981273408 0.5258075842696629 0.7034176029962547
0 0.6441362359550562 0.5273876404494382 0.6537921348314607 0.5365168539325843 0.659936797752809 0.5512640449438202 0.6587078651685393 0.5636704119850188 0.6511587078651685 0.5826310861423221 0.6460674157303371 0.576310861423221 0.6327247191011236 0.5695224719101124 0.6279845505617978 0.5615636704119851 0.6278089887640449 0.5430711610486891 0.6300912921348315 0.5332397003745318 0.6365870786516854 0.5276217228464419 0.6439606741573034 0.5273876404494382
0 0.6697682584269663 0.6877340823970037 0.6869733146067416 0.7029494382022472 0.6925912921348315 0.716058052434457 0.6925912921348315 0.7272940074906367 0.6896067415730337 0.7345505617977528 0.6810042134831461 0.7413389513108615 0.6716994382022472 0.7389981273408239 0.6622191011235955 0.7272940074906367 0.6569522471910112 0.6992041198501873 0.664501404494382 0.6886704119850188 0.6695926966292135 0.6877340823970037
0 0.24122191011235955 0.5489232209737828 0.2480688202247191 0.5503277153558053 0.25298455056179775 0.5554775280898876 0.25474016853932585 0.5814606741573034 0.2482443820224719 0.5880149812734082 0.23911516853932585 0.5905898876404494 0.22981039325842698 0.589185393258427 0.22384129213483145 0.5823970037453183 0.22191011235955055 0.5720973782771536 0.22349016853932585 0.56062734082397 0.2305126404494382 0.5519662921348315 0.24104634831460675 0.5491573033707865
0 0.43293539325842695 0.5868445692883895 0.44013342696629215 0.5941011235955056 0.44259129213483145 0.614934456928839 0.43627106741573035 0.6264044943820225 0.42907303370786515 0.6303838951310862 0.4183637640449438 0.6280430711610487 0.41502808988764045 0.62312734082397 0.4137991573033708 0.6015917602996255 0.41467696629213485 0.5955056179775281 0.4178370786516854 0.591058052434457 0.42485955056179775 0.587312734082397 0.43275983146067415 0.5868445692883895
0 0.27668539325842695 0.6605805243445693 0.2789676966292135 0.6650280898876404 0.272998595505618 0.6788389513108615 0.27018960674157305 0.6924157303370787 0.2593047752808989 0.7066947565543071 0.2422752808988764 0.7151217228464419 0.23402387640449437 0.7118445692883895 0.2287570224719101 0.7031835205992509 0.22805477528089887 0.6928838951310862 0.2303370786516854 0.6853932584269663 0.24122191011235955 0.673689138576779 0.2659761235955056 0.6669007490636704 0.27247191011235955 0.6610486891385767 0.27650983146067415 0.6605805243445693
0 0.6441362359550562 0.6521535580524345 0.655372191011236 0.6612827715355806 0.6583567415730337 0.6781367041198502 0.6569522471910112 0.6858614232209738 0.6529143258426966 0.6914794007490637 0.6448384831460674 0.6945224719101124 0.629564606741573 0.6910112359550562 0.6225421348314607 0.6788389513108615 0.6209620786516854 0.6720505617977528 0.6223665730337079 0.6615168539325843 0.6257022471910112 0.6566011235955056 0.6302668539325843 0.6533239700374532 0.6439606741573034 0.6521535580524345
0 0.304248595505618 0.5456460674157303 0.31197331460674155 0.5489232209737828 0.31583567415730335 0.5536048689138576 0.31741573033707865 0.574438202247191 0.3109199438202247 0.5835674157303371 0.3009129213483146 0.587312734082397 0.2893258426966292 0.5830992509363296 0.2856390449438202 0.5671816479400749 0.28651685393258425 0.5603932584269663 0.2914325842696629 0.5498595505617978 0.30407303370786515 0.5456460674157303
0 0.49122191011235955 0.5213014981273408 0.4919241573033708 0.5327715355805244 0.5003511235955056 0.5433052434456929 0.5024578651685393 0.56062734082397 0.49929775280898875 0.5723314606741573 0.49508426966292135 0.5784176029962547 0.4864817415730337 0.5805243445692884 0.4808637640449438 0.5798220973782772 0.4762991573033708 0.572565543071161 0.47173455056179775 0.5468164794007491 0.48384831460674155 0.5325374531835206 0.484375 0.5224719101123596 0.49104634831460675 0.5213014981273408
0 0.4919241573033708 0.6245318352059925 0.49947331460674155 0.6282771535580525 0.5086025280898876 0.6556647940074907 0.5061446629213483 0.6647940074906367 0.4984199438202247 0.6706460674157303 0.4799859550561798 0.6664325842696629 0.4722612359550562 0.6537921348314607 0.47173455056179775 0.638810861423221 0.47349016853932585 0.6341292134831461 0.48121488764044945 0.6259363295880149 0.491748595505618 0.6245318352059925
0 0.40344101123595505 0.584503745318352 0.4081811797752809 0.5868445692883895 0.4123946629213483 0.5957397003745318 0.4143258426966292 0.62312734082397 0.41116573033707865 0.6301498127340824 0.40537219101123595 0.6338951310861424 0.38606039325842695 0.6252340823970037 0.37974016853932585 0.6093164794007491 0.38184691011235955 0.5929307116104869 0.3848314606741573 0.589185393258427 0.3941362359550562 0.5849719101123596 0.40326544943820225 0.584503745318352
0 0.5858497191011236 0.5809925093632958 0.5916432584269663 0.5849719101123596 0.5955056179775281 0.5912921348314607 0.5958567415730337 0.6046348314606742 0.5902387640449438 0.6184456928838952 0.5825140449438202 0.6203183520599251 0.5740870786516854 0.6191479400749064 0.5693469101123596 0.6154026217228464 0.5660112359550562 0.6093164794007491 0.5654845505617978 0.598314606741573 0.5667134831460674 0.588249063670412 0.5723314606741573 0.5830992509363296 0.5786516853932584 0.5802902621722846 0.5856741573033708 0.5809925093632958
0 0.7206811797752809 0.6048689138576779 0.7238412921348315 0.6065074906367042 0.7259480337078652 0.6132958801498127 0.7199789325842697 0.6200842696629213 0.7180477528089888 0.636938202247191 0.7134831460674157 0.6444288389513109 0.7047050561797753 0.6477059925093633 0.6924157303370787 0.6477059925093633 0.6880266853932584 0.6444288389513109 0.6836376404494382 0.6336610486891385 0.6869733146067416 0.6144662921348315 0.6908356741573034 0.6090823970037453 0.6982092696629213 0.6048689138576779 0.7059339887640449 0.6046348314606742 0.7159410112359551 0.6090823970037453 0.7205056179775281 0.6048689138576779
0 0.6207865168539326 0.5774812734082397 0.6274578651685393 0.5849719101123596 0.6306179775280899 0.599250936329588 0.6265800561797753 0.6125936329588015 0.6202598314606742 0.6175093632958801 0.6014747191011236 0.6135299625468165 0.5981390449438202 0.6058052434456929 0.5953300561797753 0.588249063670412 0.5981390449438202 0.5805243445692884 0.6023525280898876 0.576310861423221 0.6206109550561798 0.5774812734082397
0 0.5512640449438202 0.6142322097378277 0.5572331460674157 0.6172752808988764 0.5612710674157303 0.6228932584269663 0.5635533707865169 0.6336610486891385 0.5589887640449438 0.6455992509363296 0.550561797752809 0.6505149812734082 0.5433637640449438 0.6486423220973783 0.5391502808988764 0.6441947565543071 0.5359901685393258 0.636938202247191 0.535814606741573 0.6296816479400749 0.5412570224719101 0.6182116104868914 0.5510884831460674 0.6142322097378277
0 0.6162219101123596 0.6970973782771536 0.6237710674157303 0.701310861423221 0.6271067415730337 0.7059925093632958 0.6313202247191011 0.7226123595505618 0.6297401685393258 0.7340823970037453 0.6232443820224719 0.7420411985018727 0.6195575842696629 0.7432116104868914 0.6116573033707865 0.7418071161048689 0.6042837078651685 0.7347846441947565 0.5993679775280899 0.714185393258427 0.6007724719101124 0.7062265917602997 0.6055126404494382 0.700374531835206 0.6160463483146067 0.6970973782771536
0 0.3344452247191011 0.5447097378277154 0.34094101123595505 0.5465823970037453 0.3458567415730337 0.5514981273408239 0.34673455056179775 0.5742041198501873 0.34234550561797755 0.5823970037453183 0.3316362359550562 0.5856741573033708 0.324438202247191 0.584503745318352 0.3186446629213483 0.5779494382022472 0.31759129213483145 0.5603932584269663 0.324438202247191 0.5468164794007491 0.3342696629213483 0.5447097378277154
0 0.27405196629213485 0.5470505617977528 0.284936797752809 0.5540730337078652 0.2851123595505618 0.5767790262172284 0.2794943820224719 0.5852059925093633 0.269311797752809 0.5887172284644194 0.2621137640449438 0.5868445692883895 0.25702247191011235 0.5819288389513109 0.25298455056179775 0.5664794007490637 0.2579002808988764 0.5526685393258427 0.273876404494382 0.5470505617977528
0 0.5828651685393258 0.6221910112359551 0.5898876404494382 0.6240636704119851 0.5939255617977528 0.6285112359550562 0.5970856741573034 0.6481741573033708 0.5919943820224719 0.6598782771535581 0.5816362359550562 0.6633895131086143 0.5709269662921348 0.662687265917603 0.5637289325842697 0.6537921348314607 0.5668890449438202 0.6367041198501873 0.5728581460674157 0.6247659176029963 0.582689606741573 0.6221910112359551
0 0.4647120786516854 0.7078651685393258 0.4705056179775281 0.7076310861423221 0.4747191011235955 0.7134831460674157 0.47717696629213485 0.7406367041198502 0.4691011235955056 0.75187265917603 0.46822331460674155 0.7551498127340824 0.4703300561797753 0.7612359550561798 0.46365870786516855 0.7633426966292135 0.46207865168539325 0.7549157303370787 0.44856039325842695 0.7446161048689138 0.44610252808988765 0.7294007490636704 0.44856039325842695 0.7188670411985019 0.453125 0.7116104868913857 0.4645365168539326 0.7078651685393258
0 0.33848314606741575 0.6266385767790262 0.35235252808988765 0.6280430711610487 0.35410814606741575 0.6301498127340824 0.34884129213483145 0.6624531835205992 0.3383075842696629 0.6685393258426966 0.328125 0.6687734082397003 0.3237359550561798 0.6647940074906367 0.32092696629213485 0.6580056179775281 0.320751404494382 0.6460674157303371 0.324438202247191 0.6320224719101124 0.3383075842696629 0.62687265917603
1 0.30059164325842697 0.7099274344569289 0.04523876404494382 0.09338951310861422
1 0.2725509129213483 0.6079611423220974 0.08747191011235955 0.03614466292134831
1 0.4029231039325843 0.6943305243445692 0.027522823033707868 0.12773642322097378
1 0.3899350421348315 0.7392954119850187 0.055386235955056186 0.052247191011235955
1 0.4166239466292135 0.6507607677902623 0.05141151685393258 0.04059925093632959
1 0.5361955758426966 0.6138974719101123 0.05998419943820225 0.07922752808988763
1 0.6888974719101124 0.5491526217228464 0.05991221910112359 0.04337546816479401
1 0.7037412219101123 0.5678932584269663 0.04161165730337079 0.07305009363295879
1 0.6102001404494382 0.6765917602996255 0.028920294943820223 0.0360814606741573
1 0.6752650983146067 0.6509199438202248 0.031474719101123594 0.07680945692883895
1 0.6940080758426966 0.6717134831460674 0.07364466292134832 0.0434878277153558
1 0.7111762640449438 0.6915145131086142 0.03775456460674158 0.08933520599250935
2 0.22208567415730338 0.5419007490636704 0.7277036516853933 0.5301966292134831 0.7320926966292135 0.7443820224719101 0.22296348314606743 0.7607677902621723