1 0.4034989466292135 0.3725819288389513 0.025163272471910116 0.030430711610486893
1 0.5559462780898876 0.3827247191011236 0.02574964887640449 0.03667368913857678
1 0.433344452247191 0.4989864232209738 0.025163272471910116 0.03199204119850187
1 0.4643609550561798 0.5387804307116105 0.025163272471910116 0.03667368913857678
1 0.4605565308988764 0.6214887640449438 0.02457865168539326 0.030430711610486893
1 0.5837429775280899 0.586376404494382 0.025163272471910116 0.033551029962546816
2 0.6408005617977528 0.31289021535580525 0.6361188553370787 0.7045880149812734 0.34234550561797755 0.6882022471910112 0.35287921348314605 0.29806484082397006
0 0.35059691011235955 0.31296816479400746 0.35059691011235955 0.3211610486891386 0.35235252808988765 0.32818352059925093 0.35463483146067415 0.33239700374531833 0.3597261235955056 0.3366104868913858 0.36622191011235955 0.33801498127340823 0.36973314606741575 0.337312734082397 0.37377106741573035 0.3347378277153558 0.3767556179775281 0.33146067415730335 0.3804424157303371 0.3213951310861423 0.37780898876404495 0.313436329588015 0.37745786516853935 0.3103932584269663 0.3746488764044944 0.3038389513108614 0.37219101123595505 0.300561797752809 0.36780196629213485 0.2982209737827715 0.36235955056179775 0.2975187265917603 0.355688202247191 0.3000936329588015 0.3518258426966292 0.30641385767790263
0 0.3827247191011236 0.33146067415730335 0.3825491573033708 0.33941947565543074 0.38377808988764045 0.3424625468164794 0.3825491573033708 0.3455056179775281 0.3843047752808989 0.351123595505618 0.39378511235955055 0.3565074906367041 0.39747191011235955 0.3562734082397004 0.40168539325842695 0.35369850187265917 0.4083567415730337 0.35135767790262173 0.41081460674157305 0.3487827715355805 0.41485252808988765 0.34176029962546817 0.4125702247191011 0.32397003745318353 0.41099016853932585 0.32209737827715357 0.4004564606741573 0.31624531835205993 0.39378511235955055 0.31530898876404495 0.38957162921348315 0.31741573033707865 0.3851825842696629 0.32467228464419473
0 0.41924157303370785 0.3160112359550562 0.41906601123595505 0.32467228464419473 0.421875 0.3356741573033708 0.42872191011235955 0.3408239700374532 0.4357443820224719 0.3403558052434457 0.4390800561797753 0.33707865168539325 0.4418890449438202 0.32935393258426965 0.44276685393258425 0.31952247191011235 0.44066011235955055 0.31179775280898875 0.4376755617977528 0.3073501872659176 0.4332865168539326 0.30547752808988765 0.4262640449438202 0.30664794007490637 0.42275280898876405 0.3089887640449438
0 0.35217696629213485 0.35884831460674155 0.35217696629213485 0.3672752808988764 0.35445926966292135 0.3728932584269663 0.3572682584269663 0.37780898876404495 0.36271067415730335 0.38085205992509363 0.37043539325842695 0.3813202247191011 0.37377106741573035 0.3796816479400749 0.3830758426966292 0.3703183520599251 0.3850070224719101 0.3663389513108614 0.38342696629213485 0.363061797752809 0.37956460674157305 0.3609550561797753 0.378686797752809 0.35931647940074907 0.3785112359550562 0.35580524344569286 0.37377106741573035 0.3485486891385768 0.36639747191011235 0.3445692883895131 0.359375 0.3471441947565543 0.3551615168539326 0.35042134831460675 0.3530547752808989 0.3544007490636704
0 0.35428370786516855 0.39840823970037453 0.3537570224719101 0.40519662921348315 0.35481039325842695 0.41081460674157305 0.35867275280898875 0.4187734082397004 0.36271067415730335 0.4220505617977528 0.37254213483146065 0.4229868913857678 0.3753511235955056 0.42158239700374533 0.37622893258426965 0.4190074906367041 0.37833567415730335 0.41713483146067415 0.37974016853932585 0.41081460674157305 0.383251404494382 0.4091760299625468 0.38395365168539325 0.4080056179775281 0.3809691011235955 0.4056647940074906 0.37974016853932585 0.4012172284644195 0.38009129213483145 0.3972378277153558 0.37816011235955055 0.39302434456928836 0.36622191011235955 0.386001872659176 0.363061797752809 0.38670411985018727 0.359375 0.3895131086142322 0.35639044943820225 0.3937265917602996
0 0.3530547752808989 0.43890449438202245 0.3530547752808989 0.44592696629213485 0.35445926966292135 0.45131086142322097 0.3576193820224719 0.45646067415730335 0.36271067415730335 0.4597378277153558 0.36990870786516855 0.4583333333333333 0.3748244382022472 0.4538857677902622 0.37798455056179775 0.44920411985018727 0.3804424157303371 0.4426498127340824 0.3792134831460674 0.43469101123595505 0.37745786516853935 0.4307116104868914 0.3732443820224719 0.42907303370786515 0.3695575842696629 0.425561797752809 0.3628862359550562 0.42392322097378277 0.3591994382022472 0.42485955056179775 0.355688202247191 0.42837078651685395
0 0.35235252808988765 0.4887640449438202 0.3512991573033708 0.5004681647940075 0.35217696629213485 0.5032771535580525 0.3539325842696629 0.5056179775280899 0.35867275280898875 0.5095973782771536 0.36235955056179775 0.5105337078651685 0.37166432584269665 0.5084269662921348 0.37745786516853935 0.5056179775280899 0.3807935393258427 0.5016385767790262 0.3804424157303371 0.49765917602996257 0.3813202247191011 0.4911048689138577 0.38377808988764045 0.4845505617977528 0.3843047752808989 0.4772940074906367 0.38009129213483145 0.46886704119850187 0.37763342696629215 0.46676029962546817 0.3692064606741573 0.4653558052434457 0.36253511235955055 0.46558988764044945 0.3591994382022472 0.4683988764044944 0.3555126404494382 0.47401685393258425
0 0.3493679775280899 0.5369850187265918 0.3491924157303371 0.5402621722846442 0.35077247191011235 0.5468164794007491 0.352001404494382 0.5498595505617978 0.3555126404494382 0.5543071161048689 0.36060393258426965 0.5568820224719101 0.36639747191011235 0.5568820224719101 0.37043539325842695 0.5550093632958801 0.37447331460674155 0.5514981273408239 0.37798455056179775 0.5465823970037453 0.37991573033707865 0.536750936329588 0.3804424157303371 0.5222378277153558 0.3765800561797753 0.5187265917602997 0.37394662921348315 0.5191947565543071 0.366748595505618 0.516619850187266 0.35691713483146065 0.5189606741573034 0.3514747191011236 0.5255149812734082
0 0.3477879213483146 0.574438202247191 0.3472612359550562 0.5774812734082397 0.3477879213483146 0.5812265917602997 0.35428370786516855 0.5941011235955056 0.35674157303370785 0.5957397003745318 0.36446629213483145 0.5959737827715356 0.36973314606741575 0.598314606741573 0.37447331460674155 0.5929307116104869 0.3753511235955056 0.5884831460674157 0.3765800561797753 0.5866104868913857 0.3769311797752809 0.5766619850187266 0.37798455056179775 0.5727996254681648 0.37974016853932585 0.5709269662921348 0.37974016853932585 0.5669475655430711 0.3709620786516854 0.5596910112359551 0.3591994382022472 0.5592228464419475 0.35603932584269665 0.5601591760299626 0.3518258426966292 0.5636704119850188 0.3495435393258427 0.5671816479400749
0 0.34041432584269665 0.62312734082397 0.34041432584269665 0.6308520599250936 0.34515449438202245 0.6399812734082397 0.3472612359550562 0.641619850187266 0.34866573033707865 0.6423220973782772 0.35603932584269665 0.641619850187266 0.36622191011235955 0.6381086142322098 0.36850421348314605 0.636938202247191 0.37201544943820225 0.6310861423220974 0.3728932584269663 0.62687265917603 0.3727176966292135 0.6210205992509363 0.37412219101123595 0.6128277153558053 0.37412219101123595 0.6088483146067416 0.37025983146067415 0.6020599250936329 0.36604634831460675 0.599250936329588 0.3576193820224719 0.5980805243445693 0.3537570224719101 0.601123595505618 0.34884129213483145 0.602996254681648 0.34638342696629215 0.6058052434456929 0.3433988764044944 0.613061797752809
0 0.34638342696629215 0.6612827715355806 0.3458567415730337 0.6669007490636704 0.34638342696629215 0.675561797752809 0.34901685393258425 0.68562734082397 0.35639044943820225 0.6867977528089888 0.36253511235955055 0.68562734082397 0.366748595505618 0.6830524344569289 0.3707865168539326 0.6783707865168539 0.3730688202247191 0.6739232209737828 0.3748244382022472 0.6575374531835206 0.37394662921348315 0.6544943820224719 0.3711376404494382 0.6500468164794008 0.36639747191011235 0.6458333333333334 0.36235955056179775 0.6444288389513109 0.35235252808988765 0.6472378277153558 0.34901685393258425 0.6528558052434457
0 0.37587780898876405 0.6671348314606742 0.37552668539325845 0.6762640449438202 0.37622893258426965 0.6821161048689138 0.37745786516853935 0.6846910112359551 0.3790379213483146 0.68562734082397 0.38009129213483145 0.6891385767790262 0.38360252808988765 0.6886704119850188 0.3851825842696629 0.6898408239700374 0.38781601123595505 0.6900749063670412 0.39378511235955055 0.6879681647940075 0.40133426966292135 0.6807116104868914 0.40326544943820225 0.6750936329588015 0.4041432584269663 0.6629213483146067 0.40098314606741575 0.6486423220973783 0.39747191011235955 0.6441947565543071 0.39536516853932585 0.6453651685393258 0.3904494382022472 0.6460674157303371 0.38184691011235955 0.6502808988764045 0.3790379213483146 0.6533239700374532 0.37833567415730335 0.6551966292134831 0.37640449438202245 0.6610486891385767
0 0.37587780898876405 0.6207865168539326 0.3753511235955056 0.6308520599250936 0.37570224719101125 0.6336610486891385 0.37833567415730335 0.6376404494382022 0.37745786516853935 0.6409176029962547 0.37798455056179775 0.6420880149812734 0.38342696629213485 0.6451310861423221 0.38588483146067415 0.6430243445692884 0.390625 0.6423220973782772 0.39396067415730335 0.6406835205992509 0.3964185393258427 0.6324906367041199 0.39957865168539325 0.62687265917603 0.3987008426966292 0.6193820224719101 0.3948384831460674 0.6125936329588015 0.3941362359550562 0.6100187265917603 0.3925561797752809 0.6081460674157303 0.3871137640449438 0.6053370786516854 0.38360252808988765 0.6072097378277154 0.37780898876404495 0.6147003745318352
0 0.3793890449438202 0.5821629213483146 0.3792134831460674 0.5926966292134831 0.38009129213483145 0.5952715355805244 0.38377808988764045 0.5997191011235955 0.3867626404494382 0.6018258426966292 0.38974719101123595 0.6025280898876404 0.39782303370786515 0.6004213483146067 0.40625 0.5955056179775281 0.4085323033707865 0.5926966292134831 0.4101123595505618 0.5889513108614233 0.4120435393258427 0.5814606741573034 0.4120435393258427 0.574438202247191 0.41081460674157305 0.5678838951310862 0.4085323033707865 0.5634363295880149 0.4043188202247191 0.5596910112359551 0.39378511235955055 0.5585205992509363 0.3885182584269663 0.5603932584269663 0.38553370786516855 0.5620318352059925 0.3830758426966292 0.5664794007490637 0.38009129213483145 0.5767790262172284
0 0.38026685393258425 0.5442415730337079 0.38009129213483145 0.5500936329588015 0.38360252808988765 0.5554775280898876 0.3864115168539326 0.5575842696629213 0.3908005617977528 0.5578183520599251 0.3964185393258427 0.5561797752808989 0.40098314606741575 0.5564138576779026 0.4044943820224719 0.5550093632958801 0.40923455056179775 0.5510299625468165 0.4125702247191011 0.5465823970037453 0.413623595505618 0.5337078651685393 0.41134129213483145 0.5191947565543071 0.4080056179775281 0.5159176029962547 0.4002808988764045 0.5156835205992509 0.3969452247191011 0.5145131086142322 0.3941362359550562 0.5149812734082397 0.38588483146067415 0.5196629213483146 0.383251404494382 0.525749063670412 0.38202247191011235 0.5388576779026217
0 0.38553370786516855 0.48080524344569286 0.3830758426966292 0.49087078651685395 0.383251404494382 0.49812734082397003 0.3850070224719101 0.5049157303370787 0.38728932584269665 0.5081928838951311 0.39325842696629215 0.5110018726591761 0.402563202247191 0.5098314606741573 0.40510884831460675 0.5084269662921348 0.4080056179775281 0.5086610486891385 0.4104634831460674 0.5016385767790262 0.41327247191011235 0.49812734082397003 0.4139747191011236 0.4875936329588015 0.41344803370786515 0.48408239700374533 0.41099016853932585 0.48174157303370785 0.4078300561797753 0.47659176029962547 0.40308988764044945 0.475187265917603 0.3941362359550562 0.47495318352059923 0.386938202247191 0.4779962546816479
0 0.38606039325842695 0.44592696629213485 0.38553370786516855 0.45224719101123595 0.38606039325842695 0.45552434456928836 0.38957162921348315 0.4648876404494382 0.3923806179775281 0.4679307116104869 0.39782303370786515 0.47097378277153557 0.4081811797752809 0.4683988764044944 0.4116924157303371 0.46465355805243447 0.41344803370786515 0.45692883895131087 0.4143258426966292 0.44569288389513106 0.41292134831460675 0.4407771535580524 0.4081811797752809 0.4344569288389513 0.4006320224719101 0.4328183520599251 0.3904494382022472 0.4349250936329588 0.3883426966292135 0.44147940074906367
0 0.3904494382022472 0.3920880149812734 0.38974719101123595 0.39396067415730335 0.3902738764044944 0.4012172284644195 0.39185393258426965 0.4033239700374532 0.39185393258426965 0.41151685393258425 0.3927317415730337 0.41830524344569286 0.3950140449438202 0.42181647940074907 0.4006320224719101 0.42602996254681647 0.40502106741573035 0.42602996254681647 0.4120435393258427 0.4241573033707865 0.4160814606741573 0.42017790262172283 0.418188202247191 0.413623595505618 0.41889044943820225 0.40051498127340823 0.4155547752808989 0.3937265917602996 0.4120435393258427 0.3913857677902622 0.40484550561797755 0.3890449438202247 0.4004564606741573 0.3892790262172285 0.3985252808988764 0.3916198501872659 0.3960674157303371 0.3925561797752809 0.3941362359550562 0.3955992509363296 0.3927317415730337 0.3946629213483146 0.39185393258426965 0.3920880149812734
0 0.4155547752808989 0.3761704119850187 0.41537921348314605 0.3836610486891386 0.4183637640449438 0.38857677902621723 0.4281952247191011 0.3916198501872659 0.43995786516853935 0.3904494382022472 0.44610252808988765 0.39091760299625467 0.4515449438202247 0.37336142322097376 0.45224719101123595 0.36704119850187267 0.45172050561797755 0.36282771535580527 0.45066713483146065 0.36025280898876405 0.4455758426966292 0.3553370786516854 0.44259129213483145 0.3506554307116105 0.4357443820224719 0.34808052434456926 0.4318820224719101 0.34901685393258425 0.42433286516853935 0.35252808988764045 0.42257724719101125 0.35557116104868913 0.41713483146067415 0.37008426966292135
0 0.4222261235955056 0.41409176029962547 0.4236306179775281 0.41924157303370785 0.4216994382022472 0.4232209737827715 0.4215238764044944 0.42579588014981273 0.42275280898876405 0.42696629213483145 0.4239817415730337 0.4318820224719101 0.42872191011235955 0.4353932584269663 0.4318820224719101 0.43609550561797755 0.4390800561797753 0.4349250936329588 0.4468047752808989 0.4302434456928839 0.4513693820224719 0.424625468164794 0.4527738764044944 0.42158239700374533 0.4534761235955056 0.4164325842696629 0.453125 0.40823970037453183 0.45049157303370785 0.3991104868913858 0.44856039325842695 0.39653558052434457 0.44241573033707865 0.39232209737827717 0.4397823033707865 0.3916198501872659 0.4357443820224719 0.39185393258426965 0.42854634831460675 0.39630149812734083 0.42521067415730335 0.40074906367041196
0 0.41537921348314605 0.4585674157303371 0.4159058988764045 0.4777621722846442 0.41660814606741575 0.48080524344569286 0.4183637640449438 0.4833801498127341 0.42521067415730335 0.4836142322097378 0.4357443820224719 0.4803370786516854 0.4397823033707865 0.47752808988764045 0.44259129213483145 0.4737827715355805 0.44434691011235955 0.46769662921348315 0.44469803370786515 0.46324906367041196 0.44399578651685395 0.45271535580524347 0.4431179775280899 0.44967228464419473 0.4390800561797753 0.44499063670411987 0.43433988764044945 0.4419475655430712 0.42872191011235955 0.43984082397003743 0.42310393258426965 0.4421816479400749 0.41871488764044945 0.44569288389513106 0.4162570224719101 0.45271535580524347
0 0.4155547752808989 0.5250468164794008 0.41520365168539325 0.5346441947565543 0.4159058988764045 0.5416666666666666 0.41871488764044945 0.5484550561797753 0.4202949438202247 0.5500936329588015 0.4262640449438202 0.5536048689138576 0.43258426966292135 0.5540730337078652 0.43679775280898875 0.5522003745318352 0.44066011235955055 0.5484550561797753 0.4436446629213483 0.5430711610486891 0.444873595505618 0.5369850187265918 0.44452247191011235 0.5280898876404494 0.44241573033707865 0.5227059925093633 0.4396067415730337 0.5184925093632958 0.42907303370786515 0.5149812734082397 0.42485955056179775 0.5159176029962547 0.4215238764044944 0.5173220973782772 0.41731039325842695 0.5208333333333334 0.4160814606741573 0.5224719101123596
0 0.4143258426966292 0.5641385767790262 0.41467696629213485 0.5770131086142322 0.4141502808988764 0.5849719101123596 0.4162570224719101 0.5922284644194756 0.425561797752809 0.5973782771535581 0.43504213483146065 0.5997191011235955 0.43890449438202245 0.5994850187265918 0.4418890449438202 0.596441947565543 0.4436446629213483 0.5922284644194756 0.4438202247191011 0.5849719101123596 0.44592696629213485 0.577247191011236 0.4431179775280899 0.5648408239700374 0.44013342696629215 0.56062734082397 0.4353932584269663 0.5568820224719101 0.42468398876404495 0.5552434456928839 0.4215238764044944 0.5559456928838952 0.4176615168539326 0.5589887640449438
0 0.4001053370786517 0.6022940074906367 0.4002808988764045 0.6079119850187266 0.40098314606741575 0.6095505617977528 0.4019487359550562 0.6095505617977528 0.40326544943820225 0.611189138576779 0.40291432584269665 0.6163389513108615 0.40625 0.6242977528089888 0.4060744382022472 0.62687265917603 0.41151685393258425 0.6345973782771536 0.414501404494382 0.6360018726591761 0.42134831460674155 0.636938202247191 0.42503511235955055 0.6367041198501873 0.4280196629213483 0.635065543071161 0.43223314606741575 0.6371722846441947 0.43697331460674155 0.6338951310861424 0.4396067415730337 0.6306179775280899 0.43890449438202245 0.6289794007490637 0.43837780898876405 0.6179775280898876 0.4397823033707865 0.6161048689138576 0.43697331460674155 0.6109550561797753 0.43223314606741575 0.6048689138576779 0.4298630617977528 0.6046348314606742 0.42643960674157305 0.6020599250936329 0.42257724719101125 0.601123595505618 0.4137991573033708 0.6008895131086143 0.4083567415730337 0.6018258426966292 0.40361657303370785 0.6004213483146067
0 0.40572331460674155 0.650749063670412 0.40484550561797755 0.6757958801498127 0.40519662921348315 0.6786048689138576 0.4080056179775281 0.6825842696629213 0.4125702247191011 0.6849250936329588 0.41853932584269665 0.6839887640449438 0.43030196629213485 0.6753277153558053 0.43100421348314605 0.672752808988764 0.4320575842696629 0.6718164794007491 0.4318820224719101 0.6694756554307116 0.43416432584269665 0.6615168539325843 0.4332865168539326 0.6512172284644194 0.43065308988764045 0.6446629213483146 0.42521067415730335 0.6399812734082397 0.42275280898876405 0.6392790262172284 0.41485252808988765 0.6395131086142322 0.4104634831460674 0.6423220973782772
0 0.4353932584269663 0.6444288389513109 0.43433988764044945 0.6472378277153558 0.4357443820224719 0.653558052434457 0.43504213483146065 0.661750936329588 0.4375 0.6718164794007491 0.44241573033707865 0.677434456928839 0.4452247191011236 0.6788389513108615 0.45435393258426965 0.6786048689138576 0.4566362359550562 0.6734550561797753 0.4612008426966292 0.6661985018726592 0.4647120786516854 0.6580056179775281 0.465063202247191 0.651685393258427 0.46348314606741575 0.6477059925093633 0.460498595505618 0.6439606741573034 0.4508426966292135 0.6371722846441947 0.44259129213483145 0.6336610486891385 0.43890449438202245 0.636938202247191 0.43872893258426965 0.6404494382022472 0.43679775280898875 0.6418539325842697
0 0.4475070224719101 0.5784176029962547 0.4473314606741573 0.5826310861423221 0.4489115168539326 0.5917602996254682 0.4510182584269663 0.5987827715355806 0.453125 0.6006554307116105 0.460498595505618 0.6034644194756554 0.4669943820224719 0.6015917602996255 0.4705056179775281 0.5990168539325843 0.47138342696629215 0.5973782771535581 0.472436797752809 0.5933988764044944 0.47366573033707865 0.5774812734082397 0.4691011235955056 0.5664794007490637 0.4647120786516854 0.5653089887640449 0.46348314606741575 0.5641385767790262 0.4592696629213483 0.5650749063670412 0.45646067415730335 0.56437265917603 0.4533005617977528 0.5676498127340824 0.449438202247191 0.5735018726591761
0 0.46594101123595505 0.6650280898876404 0.4647120786516854 0.6683052434456929 0.4652387640449438 0.6753277153558053 0.4666432584269663 0.6786048689138576 0.46752106741573035 0.6846910112359551 0.46804775280898875 0.68562734082397 0.47366573033707865 0.6879681647940075 0.484375 0.6882022471910112 0.4901685393258427 0.6860955056179775 0.4959620786516854 0.6788389513108615 0.4996488764044944 0.6718164794007491 0.49877106741573035 0.6615168539325843 0.4945575842696629 0.6528558052434457 0.49280196629213485 0.6509831460674157 0.48121488764044945 0.6460674157303371 0.477001404494382 0.6465355805243446 0.47384129213483145 0.648876404494382 0.4703300561797753 0.6542602996254682 0.46787219101123595 0.6622191011235955
0 0.47717696629213485 0.6238295880149812 0.47752808988764045 0.636938202247191 0.47945926966292135 0.6439606741573034 0.48103932584269665 0.6453651685393258 0.49122191011235955 0.6500468164794008 0.49473314606741575 0.6495786516853933 0.49754213483146065 0.6465355805243446 0.5015800561797753 0.6439606741573034 0.5042134831460674 0.6404494382022472 0.5052668539325843 0.6345973782771536 0.5050912921348315 0.62312734082397 0.5003511235955056 0.6139981273408239 0.4982443820224719 0.6118913857677902 0.49122191011235955 0.6100187265917603 0.48683286516853935 0.6114232209737828 0.484375 0.6107209737827716 0.47945926966292135 0.6161048689138576
0 0.4768258426966292 0.5777153558052435 0.477001404494382 0.5816947565543071 0.4762991573033708 0.5849719101123596 0.4784058988764045 0.5966760299625468 0.47910814606741575 0.5985486891385767 0.48191713483146065 0.6015917602996255 0.48718398876404495 0.6041666666666666 0.491748595505618 0.6046348314606742 0.49473314606741575 0.6041666666666666 0.4982443820224719 0.6015917602996255 0.5022823033707865 0.6008895131086143 0.5052668539325843 0.5990168539325843 0.5043890449438202 0.5959737827715356 0.5057935393258427 0.5894194756554307 0.5052668539325843 0.5812265917602997 0.5038623595505618 0.5765449438202247 0.49912219101123595 0.5706928838951311 0.4996488764044944 0.5688202247191011 0.5010533707865169 0.5676498127340824 0.4945575842696629 0.5660112359550562 0.49122191011235955 0.5634363295880149 0.4847261235955056 0.5655430711610487 0.4824438202247191 0.5674157303370787 0.47910814606741575 0.5720973782771536
0 0.4787570224719101 0.5330056179775281 0.4782303370786517 0.5400280898876404 0.4789325842696629 0.5500936329588015 0.4799859550561798 0.5540730337078652 0.4824438202247191 0.5578183520599251 0.48753511235955055 0.5603932584269663 0.4978932584269663 0.5610955056179775 0.5029845505617978 0.5585205992509363 0.5059691011235955 0.5538389513108615 0.5064957865168539 0.5500936329588015 0.5079002808988764 0.5468164794007491 0.5077247191011236 0.5390917602996255 0.5066713483146067 0.5327715355805244 0.5028089887640449 0.5243445692883895 0.4980688202247191 0.5217696629213483 0.48771067415730335 0.5215355805243446 0.48332162921348315 0.5255149812734082
0 0.44627808988764045 0.49414794007490637 0.44627808988764045 0.5016385767790262 0.4475070224719101 0.5077247191011236 0.44820926966292135 0.5095973782771536 0.4515449438202247 0.5133426966292135 0.45610955056179775 0.5149812734082397 0.46014747191011235 0.5152153558052435 0.46558988764044945 0.5140449438202247 0.4703300561797753 0.5117041198501873 0.47384129213483145 0.511938202247191 0.4743679775280899 0.5014044943820225 0.47366573033707865 0.4911048689138577 0.47173455056179775 0.4868913857677903 0.4683988764044944 0.4824438202247191 0.4606741573033708 0.48057116104868913 0.45646067415730335 0.48057116104868913 0.45189606741573035 0.4829119850187266 0.4487359550561798 0.4866573033707865
0 0.4805126404494382 0.4911048689138577 0.47963483146067415 0.4978932584269663 0.4803370786516854 0.5009363295880149 0.4799859550561798 0.5056179775280899 0.48297050561797755 0.5159176029962547 0.4885884831460674 0.5191947565543071 0.4905196629213483 0.5182584269662921 0.5019311797752809 0.5184925093632958 0.5061446629213483 0.5154494382022472 0.508251404494382 0.5053838951310862 0.508251404494382 0.49836142322097376 0.5068469101123596 0.4901685393258427 0.5040379213483146 0.48525280898876405 0.4982443820224719 0.48080524344569286 0.4906952247191011 0.4815074906367041 0.484375 0.48431647940074907
0 0.44785814606741575 0.4517790262172285 0.4476825842696629 0.4583333333333333 0.449438202247191 0.4737827715355805 0.45979634831460675 0.4768258426966292 0.4743679775280899 0.4737827715355805 0.47594803370786515 0.4606741573033708 0.47594803370786515 0.44967228464419473 0.47366573033707865 0.4447565543071161 0.46348314606741575 0.43890449438202245 0.46014747191011235 0.43796816479400746 0.45646067415730335 0.438436329588015 0.45172050561797755 0.4417134831460674 0.4496137640449438 0.44569288389513106
0 0.4787570224719101 0.45903558052434457 0.4785814606741573 0.46348314606741575 0.480688202247191 0.47027153558052437 0.48349719101123595 0.47495318352059923 0.48753511235955055 0.4779962546816479 0.49666432584269665 0.4772940074906367 0.5021067415730337 0.4756554307116105 0.5042134831460674 0.4735486891385768 0.504564606741573 0.46980337078651685 0.5068469101123596 0.46348314606741575 0.5059691011235955 0.45365168539325845 0.5038623595505618 0.4461610486891386 0.4919241573033708 0.44124531835205993 0.48753511235955055 0.4417134831460674 0.48297050561797755 0.44545880149812733 0.4805126404494382 0.4499063670411985
0 0.45558286516853935 0.41058052434456926 0.4550561797752809 0.4267322097378277 0.45839185393258425 0.4323501872659176 0.4626053370786517 0.436563670411985 0.47015449438202245 0.4400749063670412 0.476123595505618 0.4396067415730337 0.48174157303370785 0.43609550561797755 0.4841994382022472 0.43211610486891383 0.48367275280898875 0.42696629213483145 0.4841994382022472 0.41807116104868913 0.48314606741573035 0.4122191011235955 0.47928370786516855 0.40613295880149813 0.476123595505618 0.40402621722846443 0.4745435393258427 0.4012172284644195 0.46997893258426965 0.4014513108614232 0.460498595505618 0.40402621722846443 0.4569873595505618 0.4066011235955056
0 0.48718398876404495 0.4169007490636704 0.48700842696629215 0.4225187265917603 0.4885884831460674 0.4323501872659176 0.492626404494382 0.438436329588015 0.4982443820224719 0.44147940074906367 0.5084269662921348 0.4419475655430712 0.5112359550561798 0.4386704119850187 0.511938202247191 0.43562734082397003 0.5140449438202247 0.4328183520599251 0.5150983146067416 0.42228464419475653 0.5143960674157303 0.414559925093633 0.5135182584269663 0.4110486891385768 0.511060393258427 0.4066011235955056 0.5075491573033708 0.40379213483146065 0.5050912921348315 0.4028558052434457 0.4978932584269663 0.4033239700374532 0.49280196629213485 0.4054307116104869 0.48911516853932585 0.40870786516853935
0 0.4569873595505618 0.36961610486891383 0.45575842696629215 0.375936329588015 0.4571629213483146 0.3806179775280899 0.45628511235955055 0.3836610486891386 0.45997191011235955 0.38647003745318353 0.4608497191011236 0.3904494382022472 0.46172752808988765 0.3913857677902622 0.4664676966292135 0.39396067415730335 0.47401685393258425 0.3937265917602996 0.4787570224719101 0.39068352059925093 0.4808637640449438 0.3862359550561798 0.4826193820224719 0.3771067415730337 0.4826193820224719 0.36961610486891383 0.48103932584269665 0.3647003745318352 0.4764747191011236 0.35884831460674155 0.4705056179775281 0.35674157303370785 0.46365870786516855 0.3583801498127341 0.461376404494382 0.3604868913857678
0 0.44785814606741575 0.3279494382022472 0.4471558988764045 0.3356741573033708 0.44452247191011235 0.34222846441947563 0.444873595505618 0.34901685393258425 0.4476825842696629 0.35580524344569286 0.453125 0.3604868913857678 0.45646067415730335 0.3609550561797753 0.4585674157303371 0.3600187265917603 0.4683988764044944 0.3548689138576779 0.477001404494382 0.3487827715355805 0.4787570224719101 0.3387172284644195 0.4785814606741573 0.335440074906367 0.4764747191011236 0.32514044943820225 0.4768258426966292 0.32092696629213485 0.47331460674157305 0.31647940074906367 0.46734550561797755 0.31320224719101125 0.45646067415730335 0.3136704119850187 0.4511938202247191 0.31858614232209737
0 0.4847261235955056 0.3211610486891386 0.48384831460674155 0.32724719101123595 0.4847261235955056 0.3377808988764045 0.4840238764044944 0.34222846441947563 0.4864817415730337 0.3497191011235955 0.49104634831460675 0.3541666666666667 0.4938553370786517 0.3544007490636704 0.5014044943820225 0.35346441947565543 0.5054424157303371 0.3506554307116105 0.5068469101123596 0.3485486891385768 0.5093047752808989 0.33848314606741575 0.5105337078651685 0.32935393258426965 0.5101825842696629 0.3211610486891386 0.507373595505618 0.3146067415730337 0.5056179775280899 0.31273408239700373 0.5007022471910112 0.31062734082397003 0.4942064606741573 0.31015917602996257 0.48946629213483145 0.31296816479400746
0 0.4826193820224719 0.3874063670411985 0.48297050561797755 0.39747191011235955 0.48771067415730335 0.4058988764044944 0.4936797752808989 0.4049625468164794 0.5010533707865169 0.40215355805243447 0.5084269662921348 0.40168539325842695 0.5124648876404494 0.3955992509363296 0.5150983146067416 0.3874063670411985 0.5133426966292135 0.37219101123595505 0.5122893258426966 0.36961610486891383 0.508251404494382 0.36540262172284643 0.5014044943820225 0.3637640449438202 0.49859550561797755 0.362125468164794 0.4943820224719101 0.36329588014981273 0.49104634831460675 0.3651685393258427 0.4863061797752809 0.37008426966292135 0.4840238764044944 0.37640449438202245
0 0.5122893258426966 0.33146067415730335 0.5133426966292135 0.33801498127340823 0.5122893258426966 0.34527153558052437 0.511060393258427 0.3487827715355805 0.5140449438202247 0.3529962546816479 0.5191362359550562 0.35603932584269665 0.5344101123595506 0.351123595505618 0.5370435393258427 0.3487827715355805 0.5365168539325843 0.34152621722846443 0.5389747191011236 0.33192883895131087 0.5393258426966292 0.32397003745318353 0.538623595505618 0.31741573033707865 0.5347612359550562 0.31296816479400746 0.5296699438202247 0.31086142322097376 0.5245786516853933 0.311563670411985 0.519311797752809 0.3136704119850187 0.515625 0.31835205992509363 0.5135182584269663 0.32467228464419473
0 0.5203651685393258 0.35931647940074907 0.5150983146067416 0.3728932584269663 0.5166783707865169 0.3836610486891386 0.5187851123595506 0.3883426966292135 0.5224719101123596 0.39185393258426965 0.5330056179775281 0.39185393258426965 0.5377457865168539 0.3895131086142322 0.5412570224719101 0.3838951310861423 0.5444171348314607 0.3738295880149813 0.5438904494382022 0.3663389513108614 0.5414325842696629 0.3604868913857678 0.5366924157303371 0.3548689138576779 0.5333567415730337 0.35346441947565543 0.5256320224719101 0.35510299625468167
0 0.5163272471910112 0.40074906367041196 0.5159761235955056 0.40472846441947563 0.5149227528089888 0.4075374531835206 0.5170294943820225 0.424625468164794 0.5163272471910112 0.4288389513108614 0.5189606741573034 0.43141385767790263 0.5231741573033708 0.4309456928838951 0.5259831460674157 0.4323501872659176 0.5328300561797753 0.4330524344569288 0.5366924157303371 0.43164794007490637 0.5410814606741573 0.42392322097378277 0.5416081460674157 0.41830524344569286 0.5433637640449438 0.4122191011235955 0.5419592696629213 0.40379213483146065 0.5391502808988764 0.3977059925093633 0.5330056179775281 0.39442883895131087 0.522998595505618 0.39419475655430714 0.5187851123595506 0.3970037453183521
0 0.5107092696629213 0.44569288389513106 0.5105337078651685 0.45646067415730335 0.5112359550561798 0.460440074906367 0.5131671348314607 0.46558988764044945 0.515625 0.46886704119850187 0.519311797752809 0.4705056179775281 0.527563202247191 0.47097378277153557 0.5328300561797753 0.4683988764044944 0.5365168539325843 0.4637172284644195 0.5370435393258427 0.4595037453183521 0.5393258426966292 0.4529494382022472 0.5373946629213483 0.44569288389513106 0.5333567415730337 0.43726591760299627 0.5298455056179775 0.43515917602996257 0.5212429775280899 0.4344569288389513 0.5143960674157303 0.43890449438202245
0 0.5129915730337079 0.48384831460674155 0.5128160112359551 0.49157303370786515 0.5142205056179775 0.5037453183520599 0.515625 0.5088951310861424 0.5189606741573034 0.5112359550561798 0.5273876404494382 0.5114700374531835 0.5326544943820225 0.5081928838951311 0.5351123595505618 0.5051498127340824 0.5373946629213483 0.4974250936329588 0.5379213483146067 0.48735955056179775 0.535814606741573 0.48057116104868913 0.5326544943820225 0.47542134831460675 0.526685393258427 0.47284644194756553 0.5224719101123596 0.47331460674157305 0.5172050561797753 0.47635767790262173 0.514747191011236 0.4794007490636704
0 0.5114115168539326 0.5229400749063671 0.5108848314606742 0.5252808988764045 0.5117626404494382 0.5292602996254682 0.511060393258427 0.545880149812734 0.5115870786516854 0.5503277153558053 0.5140449438202247 0.5545411985018727 0.5187851123595506 0.5575842696629213 0.5298455056179775 0.5559456928838952 0.5344101123595506 0.5519662921348315 0.5379213483146067 0.5470505617977528 0.5391502808988764 0.5435393258426966 0.5398525280898876 0.5372191011235955 0.5396769662921348 0.525749063670412 0.5368679775280899 0.5189606741573034 0.5347612359550562 0.5175561797752809 0.5330056179775281 0.514747191011236 0.5268609550561798 0.513810861423221 0.5187851123595506 0.514747191011236 0.5145716292134831 0.5177902621722846
0 0.5061446629213483 0.5608614232209738 0.5059691011235955 0.5751404494382022 0.508251404494382 0.5884831460674157 0.5154494382022472 0.5971441947565543 0.5222963483146067 0.5980805243445693 0.5298455056179775 0.5976123595505618 0.5368679775280899 0.5896535580524345 0.5389747191011236 0.574438202247191 0.5370435393258427 0.5664794007490637 0.5328300561797753 0.5601591760299626 0.5265098314606742 0.5568820224719101 0.5152738764044944 0.5564138576779026 0.5121137640449438 0.5554775280898876 0.5080758426966292 0.5573501872659176
0 0.5070224719101124 0.6081460674157303 0.5061446629213483 0.6125936329588015 0.5064957865168539 0.6163389513108615 0.5077247191011236 0.6233614232209738 0.5094803370786517 0.6264044943820225 0.5084269662921348 0.6303838951310862 0.5100070224719101 0.6329588014981273 0.5100070224719101 0.6371722846441947 0.511938202247191 0.6423220973782772 0.515625 0.6441947565543071 0.5251053370786517 0.6451310861423221 0.5300210674157303 0.6465355805243446 0.5351123595505618 0.6427902621722846 0.5372191011235955 0.6402153558052435 0.5405547752808989 0.6289794007490637 0.5409058988764045 0.6205524344569289 0.5391502808988764 0.613061797752809 0.5342345505617978 0.6041666666666666 0.5291432584269663 0.601123595505618 0.5186095505617978 0.5990168539325843 0.5084269662921348 0.6022940074906367 0.508251404494382 0.6058052434456929
0 0.5043890449438202 0.660814606741573 0.5049157303370787 0.6643258426966292 0.5042134831460674 0.6673689138576779 0.5047401685393258 0.6821161048689138 0.5080758426966292 0.6877340823970037 0.5122893258426966 0.6900749063670412 0.5224719101123596 0.6903089887640449 0.5252808988764045 0.6889044943820225 0.5293188202247191 0.6825842696629213 0.5300210674157303 0.6795411985018727 0.5300210674157303 0.6680711610486891 0.5316011235955056 0.6619850187265918 0.5324789325842697 0.6612827715355806 0.5316011235955056 0.6549625468164794 0.5289676966292135 0.650749063670412 0.519311797752809 0.6467696629213483 0.5121137640449438 0.6465355805243446 0.5079002808988764 0.6509831460674157
0 0.5328300561797753 0.6680711610486891 0.5319522471910112 0.6748595505617978 0.5326544943820225 0.6825842696629213 0.5345856741573034 0.6865636704119851 0.5382724719101124 0.6907771535580525 0.5433637640449438 0.6933520599250936 0.5503862359550562 0.6933520599250936 0.5558286516853933 0.6907771535580525 0.5582865168539326 0.6877340823970037 0.5609199438202247 0.6823501872659176 0.5628511235955056 0.6718164794007491 0.561622191011236 0.6647940074906367 0.5581109550561798 0.6577715355805244 0.5470505617977528 0.6526217228464419 0.5398525280898876 0.6551966292134831 0.5363412921348315 0.6577715355805244 0.5344101123595506 0.6615168539325843
0 0.542310393258427 0.6191479400749064 0.5426615168539326 0.6299157303370787 0.5421348314606742 0.6317883895131086 0.5398525280898876 0.6336610486891385 0.5414325842696629 0.6345973782771536 0.5449438202247191 0.6444288389513109 0.5458216292134831 0.648876404494382 0.5475772471910112 0.6512172284644194 0.5570575842696629 0.6556647940074907 0.5640800561797753 0.6570692883895131 0.5665379213483146 0.6542602996254682 0.567825316011236 0.6497347846441948 0.5747893258426966 0.6406835205992509 0.5726825842696629 0.6392790262172284 0.5714536516853933 0.6371722846441947 0.5705758426966292 0.6226591760299626 0.5688202247191011 0.6186797752808989 0.5647823033707865 0.6151685393258427 0.5607443820224719 0.6137640449438202 0.5567064606741573 0.6139981273408239 0.5537219101123596 0.6125936329588015 0.5466994382022472 0.6123595505617978 0.5433637640449438 0.6161048689138576
0 0.5426615168539326 0.5805243445692884 0.5449438202247191 0.6022940074906367 0.5472261235955056 0.6072097378277154 0.5545997191011236 0.6107209737827716 0.5646067415730337 0.611189138576779 0.5675912921348315 0.6095505617977528 0.5709269662921348 0.6022940074906367 0.5723314606741573 0.5959737827715356 0.5723314606741573 0.5901217228464419 0.5711025280898876 0.5854400749063671 0.5668890449438202 0.5770131086142322 0.5602176966292135 0.5735018726591761 0.550561797752809 0.5732677902621723 0.5447682584269663 0.576310861423221
0 0.5410814606741573 0.536750936329588 0.5405547752808989 0.5456460674157303 0.5382724719101124 0.5498595505617978 0.5370435393258427 0.5540730337078652 0.5398525280898876 0.5681179775280899 0.5416081460674157 0.5711610486891385 0.543188202247191 0.572565543071161 0.5507373595505618 0.5711610486891385 0.5575842696629213 0.5716292134831461 0.5625 0.5683520599250936 0.5651334269662921 0.5610955056179775 0.5658356741573034 0.5468164794007491 0.5649578651685393 0.5397940074906367 0.5623244382022472 0.5353464419475655 0.558813202247191 0.5313670411985019 0.5535463483146067 0.528558052434457 0.5500351123595506 0.5278558052434457 0.5438904494382022 0.5313670411985019
0 0.5417837078651685 0.4887640449438202 0.5417837078651685 0.49836142322097376 0.5433637640449438 0.5058520599250936 0.5472261235955056 0.5131086142322098 0.5535463483146067 0.5159176029962547 0.5582865168539326 0.514747191011236 0.5640800561797753 0.5110018726591761 0.5654845505617978 0.5086610486891385 0.5702247191011236 0.4948501872659176 0.5689957865168539 0.4875936329588015 0.5656601123595506 0.48057116104868913 0.5626755617977528 0.47752808988764045 0.5575842696629213 0.475187265917603 0.5537219101123596 0.47448501872659177 0.5456460674157303 0.47963483146067415 0.5430126404494382 0.48408239700374533
0 0.5393258426966292 0.4328183520599251 0.5389747191011236 0.44288389513108617 0.5416081460674157 0.44920411985018727 0.5461727528089888 0.45365168539325845 0.5500351123595506 0.45341760299625467 0.5640800561797753 0.44803370786516855 0.5665379213483146 0.44569288389513106 0.5716292134831461 0.43586142322097376 0.5714536516853933 0.42158239700374533 0.5702247191011236 0.41853932584269665 0.5702247191011236 0.4147940074906367 0.5682935393258427 0.4112827715355805 0.5632022471910112 0.4080056179775281 0.5572331460674157 0.4075374531835206 0.5516151685393258 0.4096441947565543 0.5474016853932584 0.4131554307116105 0.5454705056179775 0.42181647940074907
0 0.5445926966292135 0.33146067415730335 0.5442415730337079 0.3419943820224719 0.5430126404494382 0.34597378277153557 0.5438904494382022 0.352059925093633 0.545997191011236 0.35580524344569286 0.5535463483146067 0.3586142322097378 0.5609199438202247 0.35767790262172283 0.5647823033707865 0.35603932584269665 0.5688202247191011 0.34925093632958804 0.5700491573033708 0.33169475655430714 0.5682935393258427 0.32631086142322097 0.5640800561797753 0.31999063670411987 0.5617977528089888 0.31858614232209737 0.5577598314606742 0.31788389513108617 0.5523174157303371 0.3190543071161049 0.5481039325842697 0.3232677902621723
0 0.5732092696629213 0.33754681647940077 0.5730337078651685 0.34363295880149813 0.5740870786516854 0.3522940074906367 0.577247191011236 0.35720973782771537 0.5812851123595506 0.35978464419475653 0.5918188202247191 0.35978464419475653 0.5955056179775281 0.35697565543071164 0.5988412921348315 0.35252808988764045 0.6016502808988764 0.34222846441947563 0.6016502808988764 0.3347378277153558 0.6000702247191011 0.32771535580524347 0.5956811797752809 0.32209737827715357 0.5907654494382022 0.31999063670411987 0.5849719101123596 0.3202247191011236 0.5793539325842697 0.3237359550561798 0.5746137640449438 0.33052434456928836
0 0.5688202247191011 0.3934925093632959 0.5684691011235955 0.39747191011235955 0.5705758426966292 0.4023876404494382 0.5733848314606742 0.4058988764044944 0.5779494382022472 0.40847378277153557 0.5851474719101124 0.40613295880149813 0.5967345505617978 0.3991104868913858 0.601123595505618 0.39442883895131087 0.6037570224719101 0.38717228464419473 0.6037570224719101 0.375936329588015 0.6027036516853933 0.36961610486891383 0.5963834269662921 0.36329588014981273 0.5905898876404494 0.3607209737827715 0.5846207865168539 0.3609550561797753 0.577247191011236 0.3647003745318352 0.5737359550561798 0.37125468164794007 0.5716292134831461 0.38295880149812733 0.5702247191011236 0.386001872659176
0 0.5747893258426966 0.42017790262172283 0.5740870786516854 0.43609550561797755 0.5732092696629213 0.43890449438202245 0.5739115168539326 0.4426498127340824 0.578125 0.4440543071161049 0.5849719101123596 0.4482677902621723 0.5904143258426966 0.4473314606741573 0.5991924157303371 0.4426498127340824 0.6023525280898876 0.43352059925093633 0.6027036516853933 0.42485955056179775 0.601123595505618 0.41292134831460675 0.5988412921348315 0.4080056179775281 0.5948033707865169 0.40777153558052437 0.5918188202247191 0.40613295880149813 0.5809339887640449 0.40941011235955055 0.5760182584269663 0.414559925093633
0 0.5674157303370787 0.4597378277153558 0.5682935393258427 0.46301498127340823 0.5672401685393258 0.46652621722846443 0.5675912921348315 0.4683988764044944 0.5758426966292135 0.48782771535580527 0.578125 0.4892322097378277 0.5849719101123596 0.488998127340824 0.5921699438202247 0.48408239700374533 0.594627808988764 0.4768258426966292 0.5948033707865169 0.46676029962546817 0.59375 0.45997191011235955 0.5884831460674157 0.45318352059925093 0.5779494382022472 0.448501872659176 0.5758426966292135 0.449438202247191 0.5730337078651685 0.45271535580524347 0.5719803370786517 0.45529026217228463
0 0.5700491573033708 0.5079588014981273 0.5704002808988764 0.5135767790262172 0.569873595505618 0.5156835205992509 0.5705758426966292 0.5187265917602997 0.5747893258426966 0.5292602996254682 0.5783005617977528 0.5308988764044944 0.5883075842696629 0.5316011235955056 0.5911165730337079 0.5301966292134831 0.5951544943820225 0.5224719101123596 0.5963834269662921 0.5180243445692884 0.5965589887640449 0.5051498127340824 0.5956811797752809 0.50187265917603 0.5935744382022472 0.49765917602996257 0.5879564606741573 0.4934456928838951 0.5798806179775281 0.4927434456928839 0.5746137640449438 0.49508426966292135 0.5723314606741573 0.49836142322097376
0 0.5688202247191011 0.5451779026217228 0.5712780898876404 0.5671816479400749 0.5777738764044944 0.5727996254681648 0.5856741573033708 0.5735018726591761 0.5907654494382022 0.5720973782771536 0.592872191011236 0.5702247191011236 0.5956811797752809 0.5646067415730337 0.597436797752809 0.5468164794007491 0.5951544943820225 0.5402621722846442 0.5923455056179775 0.537687265917603 0.5895365168539326 0.5330056179775281 0.5747893258426966 0.5311329588014981 0.5711025280898876 0.5323033707865169 0.5705758426966292 0.5330056179775281 0.5719803370786517 0.5360486891385767 0.5718047752808989 0.5383895131086143
0 0.573560393258427 0.6203183520599251 0.5732092696629213 0.6273408239700374 0.5751404494382022 0.636938202247191 0.573560393258427 0.6404494382022472 0.5800561797752809 0.6477059925093633 0.5851474719101124 0.6500468164794008 0.5919943820224719 0.650749063670412 0.5967345505617978 0.648876404494382 0.5993679775280899 0.6455992509363296 0.6023525280898876 0.6367041198501873 0.6027036516853933 0.6306179775280899 0.6012991573033708 0.6228932584269663 0.5991924157303371 0.6189138576779026 0.5963834269662921 0.6165730337078652 0.5951544943820225 0.6139981273408239 0.5872542134831461 0.613061797752809 0.5814606741573034 0.6104868913857678 0.579002808988764 0.6135299625468165 0.5767205056179775 0.614934456928839
0 0.5635533707865169 0.6647940074906367 0.5639044943820225 0.6676029962546817 0.5619733146067416 0.6858614232209738 0.5637289325842697 0.6886704119850188 0.5674157303370787 0.6912453183520599 0.5714536516853933 0.6917134831460674 0.5860252808988764 0.6898408239700374 0.5898876404494382 0.6867977528089888 0.5926966292134831 0.6832865168539326 0.5949789325842697 0.675561797752809 0.5951544943820225 0.6683052434456929 0.5919943820224719 0.6575374531835206 0.5874297752808989 0.6533239700374532 0.5805828651685393 0.6500468164794008 0.574438202247191 0.6493445692883895 0.5714536516853933 0.6509831460674157 0.5660112359550562 0.6580056179775281
0 0.6030547752808989 0.6652621722846442 0.6021769662921348 0.6734550561797753 0.6025280898876404 0.6823501872659176 0.6053370786516854 0.6891385767790262 0.6090238764044944 0.6940543071161048 0.6141151685393258 0.6970973782771536 0.6232443820224719 0.697565543071161 0.6285112359550562 0.6945224719101124 0.6316713483146067 0.6900749063670412 0.6337780898876404 0.6802434456928839 0.633251404494382 0.6718164794007491 0.6313202247191011 0.6647940074906367 0.6300912921348315 0.6622191011235955 0.6276334269662921 0.6596441947565543 0.6200842696629213 0.6573033707865169 0.6099016853932584 0.6573033707865169 0.604810393258427 0.6610486891385767
0 0.6067415730337079 0.62312734082397 0.6074438202247191 0.6271067415730337 0.6063904494382022 0.6301498127340824 0.6070926966292135 0.6324906367041199 0.6069171348314607 0.6357677902621723 0.6055126404494382 0.6406835205992509 0.6055126404494382 0.6439606741573034 0.6109550561797753 0.6544943820224719 0.6125351123595506 0.6554307116104869 0.6253511235955056 0.6558988764044944 0.6288623595505618 0.6544943820224719 0.632373595505618 0.650749063670412 0.632373595505618 0.6474719101123596 0.6339536516853933 0.6441947565543071 0.6350070224719101 0.6357677902621723 0.6350070224719101 0.6301498127340824 0.6336025280898876 0.6247659176029963 0.6237710674157303 0.6179775280898876 0.6197331460674157 0.6161048689138576 0.609375 0.6186797752808989
0 0.5993679775280899 0.588249063670412 0.5991924157303371 0.5919943820224719 0.601123595505618 0.6008895131086143 0.6012991573033708 0.6055711610486891 0.6107794943820225 0.612125468164794 0.6127106741573034 0.6144662921348315 0.6200842696629213 0.614934456928839 0.6235955056179775 0.6139981273408239 0.6276334269662921 0.608380149812734 0.6307935393258427 0.6055711610486891 0.6320224719101124 0.6022940074906367 0.6325491573033708 0.5948033707865169 0.6314957865168539 0.5894194756554307 0.6297401685393258 0.5849719101123596 0.6283356741573034 0.5821629213483146 0.6232443820224719 0.5760767790262172 0.6200842696629213 0.5746722846441947 0.6127106741573034 0.5742041198501873 0.6076193820224719 0.5758426966292135 0.6042837078651685 0.5788857677902621 0.6028792134831461 0.5828651685393258 0.6004213483146067 0.5849719101123596
0 0.602001404494382 0.5538389513108615 0.6027036516853933 0.5639044943820225 0.6083216292134831 0.5711610486891385 0.6116573033707865 0.572565543071161 0.6232443820224719 0.5730337078651685 0.6285112359550562 0.5676498127340824 0.6299157303370787 0.5636704119850188 0.6336025280898876 0.5610955056179775 0.6316713483146067 0.5575842696629213 0.6304424157303371 0.550561797752809 0.6279845505617978 0.5440074906367042 0.6221910112359551 0.538623595505618 0.6169241573033708 0.535814606741573 0.6128862359550562 0.5372191011235955 0.609375 0.5369850187265918 0.605688202247191 0.5397940074906367 0.6060393258426966 0.5419007490636704 0.6037570224719101 0.5461142322097379
0 0.5993679775280899 0.5051498127340824 0.5988412921348315 0.5191947565543071 0.5967345505617978 0.528558052434457 0.5976123595505618 0.5327715355805244 0.5988412921348315 0.5344101123595506 0.6028792134831461 0.5355805243445693 0.6192064606741573 0.5334737827715356 0.624122191011236 0.5297284644194756 0.6265800561797753 0.5259831460674157 0.6271067415730337 0.5227059925093633 0.628686797752809 0.5191947565543071 0.6278089887640449 0.5021067415730337 0.6230688202247191 0.49508426966292135 0.6162219101123596 0.4932116104868914 0.6076193820224719 0.4943820224719101 0.6030547752808989 0.49719101123595505 0.6005969101123596 0.5009363295880149
0 0.5998946629213483 0.46886704119850187 0.5998946629213483 0.47284644194756553 0.6012991573033708 0.48080524344569286 0.6046348314606742 0.4911048689138577 0.605688202247191 0.4922752808988764 0.6199087078651685 0.49063670411985016 0.6232443820224719 0.48946629213483145 0.6271067415730337 0.4845505617977528 0.6267556179775281 0.48220973782771537 0.6293890449438202 0.4777621722846442 0.6302668539325843 0.47401685393258425 0.629564606741573 0.46676029962546817 0.6267556179775281 0.45529026217228463 0.6244733146067416 0.45224719101123595 0.6193820224719101 0.4506086142322097 0.6127106741573034 0.4499063670411985 0.6069171348314607 0.45271535580524347 0.6039325842696629 0.45646067415730335
0 0.6058637640449438 0.4288389513108614 0.6058637640449438 0.43562734082397003 0.6109550561797753 0.43890449438202245 0.6160463483146067 0.4410112359550562 0.6246488764044944 0.4405430711610487 0.6288623595505618 0.43679775280898875 0.6314957865168539 0.43258426966292135 0.6325491573033708 0.4288389513108614 0.6325491573033708 0.4211142322097378 0.6316713483146067 0.4147940074906367 0.6292134831460674 0.4101123595505618 0.6237710674157303 0.4056647940074906 0.6192064606741573 0.4049625468164794 0.6151685393258427 0.40636704119850187 0.609375 0.41058052434456926 0.6074438202247191 0.4143258426966292 0.6069171348314607 0.42579588014981273
0 0.6074438202247191 0.3728932584269663 0.6069171348314607 0.38319288389513106 0.6060393258426966 0.38717228464419473 0.6074438202247191 0.3934925093632959 0.6099016853932584 0.39653558052434457 0.6160463483146067 0.398876404494382 0.6230688202247191 0.397940074906367 0.6283356741573034 0.39442883895131087 0.6314957865168539 0.3904494382022472 0.6327247191011236 0.3806179775280899 0.6321980337078652 0.37663857677902624 0.6297401685393258 0.3698501872659176 0.6271067415730337 0.3672752808988764 0.6221910112359551 0.36493445692883897 0.6158707865168539 0.3651685393258427 0.6095505617977528 0.36914794007490637
0 0.6044592696629213 0.33824906367041196 0.6039325842696629 0.3487827715355805 0.6028792134831461 0.3522940074906367 0.609375 0.35720973782771537 0.6199087078651685 0.3600187265917603 0.6211376404494382 0.362125468164794 0.6230688202247191 0.36282771535580527 0.6244733146067416 0.3607209737827715 0.6269311797752809 0.35978464419475653 0.6299157303370787 0.35674157303370785 0.6321980337078652 0.3518258426966292 0.633251404494382 0.3455056179775281 0.6306179775280899 0.3321629213483146 0.6288623595505618 0.3291198501872659 0.6267556179775281 0.32841760299625467 0.625 0.32631086142322097 0.6216643258426966 0.324438202247191 0.6160463483146067 0.323501872659176 0.609375 0.3265449438202247 0.6060393258426966 0.33169475655430714
1 0.5536042837078652 0.46543305243445693 0.02457865168539326 0.027310393258426966