0 0.43275983146067415 0.6671348314606742 0.4394311797752809 0.6701779026217228 0.44645365168539325 0.68562734082397 0.44645365168539325 0.6903089887640449 0.44259129213483145 0.7097378277153558 0.43697331460674155 0.7167602996254682 0.43223314606741575 0.7179307116104869 0.42117275280898875 0.7144194756554307 0.41713483146067415 0.7064606741573034 0.4164325842696629 0.6977996254681648 0.41731039325842695 0.6891385767790262 0.4216994382022472 0.6786048689138576 0.43258426966292135 0.6671348314606742
0 0.645189606741573 0.6678370786516854 0.6523876404494382 0.6711142322097379 0.6583567415730337 0.6781367041198502 0.6618679775280899 0.6924157303370787 0.6620435393258427 0.699438202247191 0.6595856741573034 0.7066947565543071 0.6481741573033708 0.7134831460674157 0.6409761235955056 0.7109082397003745 0.6364115168539326 0.7062265917602997 0.6327247191011236 0.699438202247191 0.6302668539325843 0.68562734082397 0.6334269662921348 0.675561797752809 0.6379915730337079 0.6706460674157303 0.6450140449438202 0.6678370786516854
0 0.3806179775280899 0.6631554307116105 0.3883426966292135 0.6718164794007491 0.38606039325842695 0.6996722846441947 0.3807935393258427 0.7099719101123596 0.3714887640449438 0.7153558052434457 0.3628862359550562 0.7137172284644194 0.35884831460674155 0.709503745318352 0.3558637640449438 0.6968632958801498 0.35656601123595505 0.6896067415730337 0.36235955056179775 0.6743913857677902 0.3734199438202247 0.6650280898876404 0.3804424157303371 0.6631554307116105
0 0.6448384831460674 0.49859550561797755 0.6588834269662921 0.5051498127340824 0.6637991573033708 0.5187265917602997 0.6627457865168539 0.5393258426966292 0.6497542134831461 0.5444756554307116 0.6439606741573034 0.5435393258426966 0.6343047752808989 0.5362827715355806 0.6351825842696629 0.5259831460674157 0.6302668539325843 0.511938202247191 0.6316713483146067 0.5051498127340824 0.6358848314606742 0.5 0.6446629213483146 0.49859550561797755
0 0.6808286516853933 0.5475187265917603 0.6927668539325843 0.5470505617977528 0.6968047752808989 0.5540730337078652 0.6897823033707865 0.5821629213483146 0.6795997191011236 0.588249063670412 0.6713483146067416 0.5870786516853933 0.6629213483146067 0.5793539325842697 0.6578300561797753 0.5706928838951311 0.6564255617977528 0.5603932584269663 0.6601123595505618 0.5531367041198502 0.6641502808988764 0.5503277153558053 0.6729283707865169 0.5470505617977528 0.6806530898876404 0.5475187265917603
0 0.31495786516853935 0.6676029962546817 0.3240870786516854 0.6718164794007491 0.3263693820224719 0.68562734082397 0.3240870786516854 0.7027153558052435 0.32110252808988765 0.7071629213483146 0.31530898876404495 0.7099719101123596 0.2972261235955056 0.7109082397003745 0.2933637640449438 0.7106741573033708 0.29160814606741575 0.7055243445692884 0.293188202247191 0.7017790262172284 0.29792837078651685 0.7029494382022472 0.29933286516853935 0.6788389513108615 0.30600421348314605 0.6699438202247191 0.3147823033707865 0.6676029962546817
0 0.5849719101123596 0.5074906367041199 0.5955056179775281 0.5098314606741573 0.6025280898876404 0.5189606741573034 0.6037570224719101 0.5299625468164794 0.601123595505618 0.5433052434456929 0.5951544943820225 0.5484550561797753 0.5842696629213483 0.5484550561797753 0.5737359550561798 0.5365168539325843 0.5728581460674157 0.5149812734082397 0.5746137640449438 0.511938202247191 0.5847963483146067 0.5077247191011236
0 0.6199087078651685 0.6324906367041199 0.6336025280898876 0.641619850187266 0.6404494382022472 0.6580056179775281 0.6378160112359551 0.6694756554307116 0.6276334269662921 0.6795411985018727 0.6121839887640449 0.6711142322097379 0.6083216292134831 0.665496254681648 0.6049859550561798 0.6542602996254682 0.6051615168539326 0.6444288389513109 0.6081460674157303 0.6383426966292135 0.6197331460674157 0.6324906367041199
0 0.5598665730337079 0.5070224719101124 0.5653089887640449 0.5102996254681648 0.5688202247191011 0.5168539325842697 0.5695224719101124 0.5330056179775281 0.5642556179775281 0.5416666666666666 0.5530196629213483 0.5456460674157303 0.5470505617977528 0.5444756554307116 0.5412570224719101 0.5388576779026217 0.5391502808988764 0.5327715355805244 0.5407303370786517 0.5189606741573034 0.5433637640449438 0.510065543071161 0.5500351123595506 0.5070224719101124 0.5596910112359551 0.5070224719101124
0 0.6099016853932584 0.672752808988764 0.6271067415730337 0.6809456928838952 0.6307935393258427 0.6886704119850188 0.6318469101123596 0.6999063670411985 0.6304424157303371 0.7064606741573034 0.6235955056179775 0.7151217228464419 0.6199087078651685 0.7162921348314607 0.609375 0.7137172284644194 0.6014747191011236 0.7017790262172284 0.601123595505618 0.6797752808988764 0.605688202247191 0.673689138576779 0.6097261235955056 0.672752808988764
0 0.515625 0.62687265917603 0.5308988764044944 0.6296816479400749 0.5380969101123596 0.6371722846441947 0.539501404494382 0.6444288389513109 0.5363412921348315 0.6605805243445693 0.5296699438202247 0.6666666666666666 0.5158005617977528 0.6729868913857678 0.511938202247191 0.6741573033707865 0.5086025280898876 0.6715823970037453 0.5054424157303371 0.6647940074906367 0.5075491573033708 0.6374063670411985 0.5154494382022472 0.6271067415730337
0 0.500877808988764 0.6720505617977528 0.5086025280898876 0.6858614232209738 0.5089536516853933 0.6961610486891385 0.5061446629213483 0.7066947565543071 0.5012289325842697 0.7134831460674157 0.49508426966292135 0.7167602996254682 0.48560393258426965 0.7137172284644194 0.4801615168539326 0.7064606741573034 0.4787570224719101 0.6865636704119851 0.48121488764044945 0.6790730337078652 0.48771067415730335 0.6734550561797753 0.5007022471910112 0.6720505617977528
0 0.425561797752809 0.49929775280898875 0.4450491573033708 0.5084269662921348 0.4490870786516854 0.5184925093632958 0.44627808988764045 0.5383895131086143 0.4359199438202247 0.5454119850187266 0.4253862359550562 0.5435393258426966 0.4174859550561798 0.5318352059925093 0.4155547752808989 0.5086610486891385 0.4199438202247191 0.5009363295880149 0.4253862359550562 0.49929775280898875
0 0.3165379213483146 0.6252340823970037 0.3260182584269663 0.6294475655430711 0.32865168539325845 0.6348314606741573 0.32356039325842695 0.649812734082397 0.32478932584269665 0.6666666666666666 0.32110252808988765 0.6690074906367042 0.3070575842696629 0.6680711610486891 0.29950842696629215 0.6629213483146067 0.2966994382022472 0.6580056179775281 0.2930126404494382 0.6404494382022472 0.29389044943820225 0.6336610486891385 0.29740168539325845 0.6287453183520599 0.3163623595505618 0.6252340823970037
0 0.5965589887640449 0.6329588014981273 0.6030547752808989 0.6418539325842697 0.6065660112359551 0.6610486891385767 0.6044592696629213 0.6713483146067416 0.5967345505617978 0.6764981273408239 0.5797050561797753 0.6697097378277154 0.5711025280898876 0.6549625468164794 0.5754915730337079 0.636938202247191 0.581811797752809 0.6338951310861424 0.5963834269662921 0.6329588014981273
0 0.7033005617977528 0.5912921348314607 0.7219101123595506 0.5926966292134831 0.7257724719101124 0.612125468164794 0.7241924157303371 0.6228932584269663 0.7191011235955056 0.6303838951310862 0.7033005617977528 0.6336610486891385 0.6962780898876404 0.6336610486891385 0.6938202247191011 0.6266385767790262 0.6964536516853933 0.6132958801498127 0.694873595505618 0.5987827715355806 0.6980337078651685 0.5929307116104869 0.703125 0.5912921348314607
0 0.491748595505618 0.5028089887640449 0.5 0.5088951310861424 0.5035112359550562 0.5241104868913857 0.49877106741573035 0.5407303370786517 0.4887640449438202 0.5451779026217228 0.47349016853932585 0.5433052434456929 0.46980337078651685 0.5400280898876404 0.46787219101123595 0.5292602996254682 0.4766502808988764 0.5081928838951311 0.4808637640449438 0.5042134831460674 0.49157303370786515 0.5028089887640449
0 0.581811797752809 0.5884831460674157 0.5884831460674157 0.5896535580524345 0.5955056179775281 0.5945692883895131 0.6014747191011236 0.6093164794007491 0.6004213483146067 0.6240636704119851 0.5953300561797753 0.6306179775280899 0.5851474719101124 0.6322565543071161 0.5793539325842697 0.6308520599250936 0.5726825842696629 0.6245318352059925 0.5686446629213483 0.6097846441947565 0.570751404494382 0.596441947565543 0.5816362359550562 0.5884831460674157
0 0.6209620786516854 0.5484550561797753 0.6306179775280899 0.5543071161048689 0.6348314606741573 0.5676498127340824 0.6325491573033708 0.5819288389513109 0.6234199438202247 0.5898876404494382 0.613061797752809 0.5889513108614233 0.6065660112359551 0.5852059925093633 0.602001404494382 0.577247191011236 0.5986657303370787 0.5648408239700374 0.6021769662921348 0.5536048689138576 0.6121839887640449 0.548689138576779 0.6207865168539326 0.5484550561797753
0 0.6860955056179775 0.5912921348314607 0.6941713483146067 0.6013576779026217 0.6969803370786517 0.6137640449438202 0.6936446629213483 0.6252340823970037 0.6848665730337079 0.6301498127340824 0.6646769662921348 0.62687265917603 0.6632724719101124 0.6193820224719101 0.6683637640449438 0.5938670411985019 0.6859199438202247 0.5912921348314607
0 0.7162921348314607 0.5086610486891385 0.7247191011235955 0.5156835205992509 0.7287570224719101 0.5280898876404494 0.7275280898876404 0.5400280898876404 0.7219101123595506 0.5479868913857678 0.7169943820224719 0.5503277153558053 0.7029494382022472 0.547752808988764 0.6971558988764045 0.5397940074906367 0.6996137640449438 0.5294943820224719 0.6983848314606742 0.5152153558052435 0.7064606741573034 0.5093632958801498 0.7161165730337079 0.5086610486891385
0 0.2654494382022472 0.5896535580524345 0.2866924157303371 0.5905898876404494 0.2910814606741573 0.5959737827715356 0.2914325842696629 0.6093164794007491 0.29441713483146065 0.6196161048689138 0.2933637640449438 0.6254681647940075 0.2735252808988764 0.6324906367041199 0.2675561797752809 0.6310861423220974 0.26053370786516855 0.6240636704119851 0.25474016853932585 0.6093164794007491 0.2543890449438202 0.5990168539325843 0.2577247191011236 0.5917602996254682 0.2652738764044944 0.5896535580524345
0 0.31162219101123595 0.5828651685393258 0.31724016853932585 0.584503745318352 0.32865168539325845 0.5941011235955056 0.33146067415730335 0.5985486891385767 0.33146067415730335 0.6032303370786517 0.32127808988764045 0.6200842696629213 0.2972261235955056 0.6275749063670412 0.2951193820224719 0.6266385767790262 0.2972261235955056 0.62312734082397 0.29231039325842695 0.6086142322097379 0.2926615168539326 0.5980805243445693 0.3009129213483146 0.5870786516853933 0.31144662921348315 0.5828651685393258
0 0.624122191011236 0.5065543071161048 0.6314957865168539 0.5149812734082397 0.6343047752808989 0.5316011235955056 0.6304424157303371 0.5411985018726592 0.6200842696629213 0.5465823970037453 0.6091994382022472 0.5447097378277154 0.6049859550561798 0.5400280898876404 0.6028792134831461 0.5187265917602997 0.604810393258427 0.5121722846441947 0.6095505617977528 0.5077247191011236 0.6239466292134831 0.5065543071161048
0 0.46418539325842695 0.5454119850187266 0.47191011235955055 0.549625468164794 0.47735252808988765 0.5608614232209738 0.47208567415730335 0.5807584269662921 0.46787219101123595 0.5856741573033708 0.46225421348314605 0.5870786516853933 0.45417837078651685 0.586376404494382 0.4489115168539326 0.5816947565543071 0.44610252808988765 0.5690543071161048 0.44785814606741575 0.5566479400749064 0.4511938202247191 0.5498595505617978 0.46400983146067415 0.5454119850187266
0 0.6557233146067416 0.5880149812734082 0.664501404494382 0.5955056179775281 0.6652036516853933 0.6058052434456929 0.6588834269662921 0.6257022471910112 0.6478230337078652 0.6338951310861424 0.6350070224719101 0.6280430711610487 0.6329002808988764 0.6196161048689138 0.6320224719101124 0.5955056179775281 0.6555477528089888 0.5880149812734082
0 0.4078300561797753 0.5889513108614233 0.41485252808988765 0.5933988764044944 0.4178370786516854 0.5999531835205992 0.41678370786516855 0.6165730337078652 0.41309691011235955 0.6261704119850188 0.40150983146067415 0.6336610486891385 0.38992275280898875 0.6324906367041199 0.3843047752808989 0.635065543071161 0.38167134831460675 0.6301498127340824 0.3850070224719101 0.6233614232209738 0.38377808988764045 0.6125936329588015 0.3871137640449438 0.5994850187265918 0.3950140449438202 0.5919943820224719 0.40765449438202245 0.589185393258427
0 0.6100772471910112 0.5887172284644194 0.6269311797752809 0.5948033707865169 0.632373595505618 0.6093164794007491 0.6309691011235955 0.6233614232209738 0.6230688202247191 0.6310861423220974 0.6174508426966292 0.6320224719101124 0.6120084269662921 0.6306179775280899 0.6044592696629213 0.6228932584269663 0.6002457865168539 0.6025280898876404 0.6014747191011236 0.5936329588014981 0.6099016853932584 0.5887172284644194
0 0.4982443820224719 0.548689138576779 0.5059691011235955 0.5568820224719101 0.507373595505618 0.5723314606741573 0.5033356741573034 0.5849719101123596 0.49508426966292135 0.5905898876404494 0.4845505617977528 0.5898876404494382 0.48121488764044945 0.5859082397003745 0.47752808988764045 0.5781835205992509 0.47717696629213485 0.5674157303370787 0.47945926966292135 0.5573501872659176 0.4826193820224719 0.5533707865168539 0.49104634831460675 0.5482209737827716 0.4980688202247191 0.548689138576779
0 0.6648525280898876 0.6678370786516854 0.6766151685393258 0.6781367041198502 0.6876755617977528 0.6809456928838952 0.6931179775280899 0.6926498127340824 0.6927668539325843 0.7034176029962547 0.6894311797752809 0.7111423220973783 0.6824087078651685 0.7155898876404494 0.6713483146067416 0.7134831460674157 0.6634480337078652 0.7029494382022472 0.6597612359550562 0.6793071161048689 0.6602879213483146 0.6732209737827716 0.6648525280898876 0.6680711610486891
0 0.34884129213483145 0.6271067415730337 0.35410814606741575 0.6301498127340824 0.35867275280898875 0.6399812734082397 0.35639044943820225 0.6544943820224719 0.351123595505618 0.6645599250936329 0.3421699438202247 0.6706460674157303 0.33286516853932585 0.6704119850187266 0.3263693820224719 0.6657303370786517 0.32320926966292135 0.6544943820224719 0.3240870786516854 0.6439606741573034 0.33058286516853935 0.6331928838951311 0.33514747191011235 0.6296816479400749 0.34866573033707865 0.6273408239700374
0 0.28002106741573035 0.4854868913857678 0.2830056179775281 0.48642322097378277 0.28458567415730335 0.4967228464419476 0.296875 0.5086610486891385 0.300561797752809 0.5184925093632958 0.30021067415730335 0.5259831460674157 0.296875 0.5344101123595506 0.28985252808988765 0.5440074906367042 0.28054775280898875 0.5482209737827716 0.2758075842696629 0.5482209737827716 0.27229634831460675 0.5437734082397003 0.26422050561797755 0.5194288389513109 0.26615168539325845 0.5084269662921348 0.2737008426966292 0.49836142322097376 0.27282303370786515 0.48782771535580527 0.27984550561797755 0.4854868913857678
0 0.4706811797752809 0.587312734082397 0.47735252808988765 0.5922284644194756 0.48103932584269665 0.5985486891385767 0.48191713483146065 0.6189138576779026 0.4784058988764045 0.6245318352059925 0.46558988764044945 0.6287453183520599 0.45558286516853935 0.6266385767790262 0.4492626404494382 0.614934456928839 0.44610252808988765 0.599250936329588 0.4510182584269663 0.5905898876404494 0.45997191011235955 0.5908239700374532 0.4705056179775281 0.587312734082397
0 0.36850421348314605 0.5419007490636704 0.3804424157303371 0.5463483146067416 0.3864115168539326 0.5552434456928839 0.38553370786516855 0.5788857677902621 0.38799157303370785 0.586376404494382 0.375 0.5887172284644194 0.36587078651685395 0.587312734082397 0.3595505617977528 0.5812265917602997 0.35428370786516855 0.5575842696629213 0.35428370786516855 0.5533707865168539 0.35849719101123595 0.545880149812734 0.36832865168539325 0.5419007490636704
0 0.40519662921348315 0.5046816479400749 0.41485252808988765 0.511938202247191 0.41660814606741575 0.5332397003745318 0.4097612359550562 0.5435393258426966 0.4044943820224719 0.5454119850187266 0.39518960674157305 0.5444756554307116 0.38957162921348315 0.5400280898876404 0.3862359550561798 0.5297284644194756 0.38588483146067415 0.5210674157303371 0.38781601123595505 0.5121722846441947 0.3908005617977528 0.5081928838951311 0.39712078651685395 0.5049157303370787 0.40502106741573035 0.5046816479400749
0 0.27247191011235955 0.6661985018726592 0.29037921348314605 0.6664325842696629 0.2989817415730337 0.6718164794007491 0.2947682584269663 0.6987359550561798 0.28792134831460675 0.7064606741573034 0.2793188202247191 0.7099719101123596 0.27212078651685395 0.7088014981273408 0.265625 0.7036516853932584 0.25649578651685395 0.6821161048689138 0.257373595505618 0.6750936329588015 0.2612359550561798 0.6678370786516854 0.27229634831460675 0.6661985018726592
0 0.5300210674157303 0.670880149812734 0.5368679775280899 0.6821161048689138 0.5403792134831461 0.7001404494382022 0.5363412921348315 0.7130149812734082 0.5265098314606742 0.7191011235955056 0.5163272471910112 0.7172284644194756 0.5107092696629213 0.7099719101123596 0.5096558988764045 0.6849250936329588 0.5133426966292135 0.6762640449438202 0.5254564606741573 0.6704119850187266 0.5298455056179775 0.670880149812734
0 0.6834620786516854 0.5053838951310862 0.6950491573033708 0.5117041198501873 0.6999648876404494 0.5271535580524345 0.6950491573033708 0.5414325842696629 0.6824087078651685 0.5465823970037453 0.6739817415730337 0.5447097378277154 0.6669592696629213 0.5365168539325843 0.6648525280898876 0.5327715355805244 0.6643258426966292 0.5177902621722846 0.6657303370786517 0.5126404494382022 0.670997191011236 0.5081928838951311 0.6832865168539326 0.5053838951310862
0 0.7106741573033708 0.6336610486891385 0.7243679775280899 0.6404494382022472 0.7291081460674157 0.6514513108614233 0.7273525280898876 0.6673689138576779 0.7173455056179775 0.6757958801498127 0.7061095505617978 0.6729868913857678 0.6996137640449438 0.6671348314606742 0.6950491573033708 0.6477059925093633 0.6983848314606742 0.6385767790262172 0.710498595505618 0.6336610486891385
0 0.24964887640449437 0.5032771535580525 0.26053370786516855 0.5093632958801498 0.2635182584269663 0.5182584269662921 0.2640449438202247 0.5297284644194756 0.26070926966292135 0.5362827715355806 0.24859550561797752 0.5433052434456929 0.23016151685393257 0.5397940074906367 0.22735252808988765 0.5355805243445693 0.22542134831460675 0.5217696629213483 0.22735252808988765 0.5126404494382022 0.23402387640449437 0.5049157303370787 0.24947331460674158 0.5032771535580525
0 0.25860252808988765 0.6219569288389513 0.2717696629213483 0.6360018726591761 0.27264747191011235 0.6409176029962547 0.27054073033707865 0.6472378277153558 0.25895365168539325 0.6615168539325843 0.24192415730337077 0.6680711610486891 0.2363061797752809 0.6652621722846442 0.23174157303370788 0.6577715355805244 0.2341994382022472 0.6364700374531835 0.23788623595505617 0.6292134831460674 0.25842696629213485 0.6219569288389513
0 0.3421699438202247 0.5035112359550562 0.35656601123595505 0.5098314606741573 0.3616573033707865 0.5217696629213483 0.359375 0.5327715355805244 0.34497893258426965 0.5442415730337079 0.33514747191011235 0.5440074906367042 0.3302317415730337 0.5409644194756554 0.32514044943820225 0.5330056179775281 0.3237359550561798 0.526685393258427 0.324438202247191 0.5191947565543071 0.33146067415730335 0.5074906367041199 0.3419943820224719 0.5035112359550562
0 0.5646067415730337 0.5463483146067416 0.5714536516853933 0.5484550561797753 0.5749648876404494 0.5536048689138576 0.5740870786516854 0.5781835205992509 0.5674157303370787 0.587312734082397 0.5537219101123596 0.5905898876404494 0.5424859550561798 0.5849719101123596 0.543188202247191 0.5636704119850188 0.545997191011236 0.5540730337078652 0.5500351123595506 0.549625468164794 0.5644311797752809 0.5463483146067416
0 0.6729283707865169 0.6315543071161048 0.6903089887640449 0.6404494382022472 0.6966292134831461 0.6542602996254682 0.6971558988764045 0.6652621722846442 0.6941713483146067 0.672752808988764 0.6903089887640449 0.6772003745318352 0.682935393258427 0.6788389513108615 0.671875 0.6729868913857678 0.6574789325842697 0.6509831460674157 0.6573033707865169 0.6404494382022472 0.6613412921348315 0.6327247191011236 0.6648525280898876 0.6296816479400749 0.672752808988764 0.6315543071161048
0 0.4957865168539326 0.6273408239700374 0.5057935393258427 0.6348314606741573 0.5071980337078652 0.6514513108614233 0.5026334269662921 0.6659644194756554 0.4982443820224719 0.6701779026217228 0.492626404494382 0.670880149812734 0.4863061797752809 0.6692415730337079 0.4799859550561798 0.6612827715355806 0.4784058988764045 0.6439606741573034 0.484375 0.6308520599250936 0.4956109550561798 0.6273408239700374
0 0.4664676966292135 0.6310861423220974 0.4766502808988764 0.636938202247191 0.47770365168539325 0.6467696629213483 0.4748946629213483 0.6647940074906367 0.46611657303370785 0.6732209737827716 0.45628511235955055 0.6725187265917603 0.4511938202247191 0.6692415730337079 0.44610252808988765 0.6631554307116105 0.44469803370786515 0.6540262172284644 0.44645365168539325 0.6434925093632958 0.45259831460674155 0.6341292134831461 0.45997191011235955 0.6303838951310862 0.46629213483146065 0.6310861423220974
0 0.40923455056179775 0.5479868913857678 0.41520365168539325 0.5533707865168539 0.41853932584269665 0.5608614232209738 0.41941713483146065 0.5711610486891385 0.41292134831460675 0.5842696629213483 0.40098314606741575 0.589185393258427 0.3927317415730337 0.5870786516853933 0.3886938202247191 0.5819288389513109 0.3864115168539326 0.574438202247191 0.386938202247191 0.5594569288389513 0.38939606741573035 0.5536048689138576 0.3969452247191011 0.5484550561797753 0.40905898876404495 0.5479868913857678
0 0.2482443820224719 0.5847378277153558 0.25719803370786515 0.5884831460674157 0.25316011235955055 0.6018258426966292 0.2561446629213483 0.6189138576779026 0.246313202247191 0.6266385767790262 0.23911516853932585 0.6278089887640449 0.234375 0.6259363295880149 0.22928370786516855 0.6196161048689138 0.22700140449438203 0.6132958801498127 0.22717696629213482 0.602996254681648 0.2341994382022472 0.5903558052434457 0.2480688202247191 0.5847378277153558
0 0.5821629213483146 0.6732209737827716 0.589185393258427 0.6750936329588015 0.598314606741573 0.6821161048689138 0.5998946629213483 0.7036516853932584 0.5956811797752809 0.7134831460674157 0.5895365168539326 0.7169943820224719 0.5768960674157303 0.7134831460674157 0.5695224719101124 0.6954588014981273 0.5702247191011236 0.6821161048689138 0.5768960674157303 0.674625468164794 0.5819873595505618 0.6732209737827716
0 0.706811797752809 0.6748595505617978 0.7203300561797753 0.6797752808988764 0.7273525280898876 0.6905430711610487 0.727001404494382 0.7099719101123596 0.7222612359550562 0.7172284644194756 0.7168188202247191 0.7202715355805244 0.7103230337078652 0.7195692883895131 0.7029494382022472 0.7148876404494382 0.6941713483146067 0.699438202247191 0.694873595505618 0.6814138576779026 0.6997893258426966 0.6764981273408239 0.7066362359550562 0.6748595505617978
0 0.5226474719101124 0.5861423220973783 0.5328300561797753 0.5870786516853933 0.5363412921348315 0.591058052434457 0.5403792134831461 0.6093164794007491 0.5377457865168539 0.6228932584269663 0.5330056179775281 0.6271067415730337 0.5259831460674157 0.6285112359550562 0.515625 0.6259363295880149 0.511060393258427 0.6193820224719101 0.508251404494382 0.6065074906367042 0.5126404494382022 0.5919943820224719 0.5159761235955056 0.5880149812734082 0.5224719101123596 0.5861423220973783
0 0.5324789325842697 0.5 0.5403792134831461 0.5084269662921348 0.5403792134831461 0.5194288389513109 0.5337078651685393 0.5374531835205992 0.5224719101123596 0.5447097378277154 0.5175561797752809 0.5437734082397003 0.5068469101123596 0.5332397003745318 0.5059691011235955 0.5187265917602997 0.5098314606741573 0.5088951310861424 0.5138693820224719 0.5044475655430711 0.5323033707865169 0.5
0 0.5296699438202247 0.548689138576779 0.5382724719101124 0.5519662921348315 0.542310393258427 0.5573501872659176 0.5398525280898876 0.5828651685393258 0.5365168539325843 0.5861423220973783 0.5187851123595506 0.5842696629213483 0.5124648876404494 0.5746722846441947 0.5145716292134831 0.5559456928838952 0.5205407303370787 0.5503277153558053 0.5294943820224719 0.548689138576779
0 0.29160814606741575 0.5493913857677902 0.2965238764044944 0.5507958801498127 0.3003862359550562 0.5552434456928839 0.30214185393258425 0.5671816479400749 0.29389044943820225 0.5859082397003745 0.28634129213483145 0.5896535580524345 0.2731741573033708 0.589185393258427 0.26650280898876405 0.5861423220973783 0.26422050561797755 0.5807584269662921 0.2633426966292135 0.5674157303370787 0.2652738764044944 0.5599250936329588 0.27264747191011235 0.5500936329588015 0.2914325842696629 0.5493913857677902
0 0.46980337078651685 0.6748595505617978 0.47559691011235955 0.6818820224719101 0.4780547752808989 0.7008426966292135 0.4747191011235955 0.711376404494382 0.4668188202247191 0.7186329588014981 0.45646067415730335 0.7169943820224719 0.4515449438202247 0.713249063670412 0.44785814606741575 0.7064606741573034 0.44785814606741575 0.6917134831460674 0.4490870786516854 0.6825842696629213 0.4529494382022472 0.6769662921348315 0.45628511235955055 0.674625468164794 0.46962780898876405 0.6748595505617978
0 0.34497893258426965 0.5498595505617978 0.35287921348314605 0.5557116104868914 0.3572682584269663 0.5802902621722846 0.34620786516853935 0.5926966292134831 0.33532303370786515 0.5976123595505618 0.324438202247191 0.5877808988764045 0.32707162921348315 0.5608614232209738 0.33497191011235955 0.5507958801498127 0.34480337078651685 0.5498595505617978
0 0.5544241573033708 0.6296816479400749 0.5647823033707865 0.6329588014981273 0.5702247191011236 0.6409176029962547 0.5709269662921348 0.6580056179775281 0.5758426966292135 0.6697097378277154 0.5681179775280899 0.6797752808988764 0.5498595505617978 0.6720505617977528 0.5430126404494382 0.6605805243445693 0.5419592696629213 0.6533239700374532 0.5440660112359551 0.638810861423221 0.554248595505618 0.6296816479400749
0 0.7117275280898876 0.550561797752809 0.7240168539325843 0.5564138576779026 0.7282303370786517 0.5683520599250936 0.726123595505618 0.5814606741573034 0.7208567415730337 0.5894194756554307 0.7171699438202247 0.5912921348314607 0.7048806179775281 0.5894194756554307 0.694873595505618 0.5814606741573034 0.6952247191011236 0.5641385767790262 0.6982092696629213 0.5557116104868914 0.7033005617977528 0.5510299625468165 0.7115519662921348 0.550561797752809
0 0.35270365168539325 0.6676029962546817 0.355688202247191 0.6690074906367042 0.35832162921348315 0.6750936329588015 0.3558637640449438 0.7015449438202247 0.3597261235955056 0.714185393258427 0.3558637640449438 0.721441947565543 0.34901685393258425 0.726123595505618 0.33865870786516855 0.7216760299625468 0.3279494382022472 0.7120786516853933 0.32549157303370785 0.7034176029962547 0.32707162921348315 0.6900749063670412 0.32566713483146065 0.6783707865168539 0.328125 0.6713483146067416 0.33900983146067415 0.673689138576779 0.35252808988764045 0.6676029962546817
0 0.40747893258426965 0.6643258426966292 0.41924157303370785 0.6713483146067416 0.41924157303370785 0.6788389513108615 0.4159058988764045 0.6858614232209738 0.4123946629213483 0.7036516853932584 0.4078300561797753 0.7092696629213483 0.40115870786516855 0.7120786516853933 0.39378511235955055 0.7109082397003745 0.3885182584269663 0.7064606741573034 0.3865870786516854 0.7001404494382022 0.38746488764044945 0.6849250936329588 0.3904494382022472 0.6732209737827716 0.4008075842696629 0.6647940074906367 0.40730337078651685 0.6643258426966292
1 0.24959094101123597 0.5668703183520599 0.03686797752808989 0.04291432584269663
1 0.3174736657303371 0.5262944756554307 0.03452773876404494 0.03667368913857678
1 0.3189378511235955 0.5668703183520599 0.033941362359550566 0.03667368913857678
1 0.34527212078651687 0.6054939138576779 0.0351123595505618 0.04057350187265918
1 0.37219101123595505 0.6031530898876405 0.03160112359550562 0.03901451310861423
1 0.37716467696629213 0.6425561797752809 0.03218574438202247 0.04603698501872659
1 0.28002106741573035 0.6468469101123595 0.025163272471910116 0.034332865168539325
1 0.2481267556179775 0.68937265917603 0.029260884831460672 0.039794007490636704
1 0.4064255617977528 0.6480173220973783 0.031016502808988763 0.04603698501872659
1 0.43597787921348313 0.6464583333333334 0.03160112359550562 0.039794007490636704
1 0.4371488764044944 0.6078347378277154 0.030430126404494384 0.04057350187265918
1 0.4356864466292135 0.5656999063670413 0.029845505617977528 0.03901451310861423
1 0.4959620786516854 0.6074438202247191 0.02750526685393258 0.04135533707865168
1 0.5538974719101124 0.6054939138576779 0.03218574438202247 0.035891853932584275
1 0.5541906601123595 0.6878113295880149 0.03160112359550562 0.039794007490636704
1 0.645189606741573 0.6503581460674157 0.02282303370786517 0.03667368913857678
1 0.645189606741573 0.5664794007490637 0.028674508426966294 0.04681647940074907
1 0.5872542134831461 0.5656999063670413 0.02750526685393258 0.04525514981273408
1 0.37716467696629213 0.5235650749063671 0.028674508426966294 0.04681647940074907
1 0.46465414325842697 0.5274648876404494 0.030430126404494384 0.03901451310861423
2 0.22705986657303373 0.499375702247191 0.7297519311797753 0.5079588014981273 0.7297519311797753 0.7225344101123595 0.22413395365168537 0.7139513108614233