0 0.4162570224719101 0.6395131086142322 0.42240168539325845 0.6404494382022472 0.4273174157303371 0.6444288389513109 0.4311797752808989 0.6650280898876404 0.4273174157303371 0.674625468164794 0.42310393258426965 0.6790730337078652 0.4122191011235955 0.6825842696629213 0.4041432584269663 0.6825842696629213 0.39957865168539325 0.6793071161048689 0.3969452247191011 0.6739232209737828 0.3962429775280899 0.6645599250936329 0.39957865168539325 0.6542602996254682 0.4080056179775281 0.6427902621722846 0.4160814606741573 0.6395131086142322
0 0.5017556179775281 0.30758426966292135 0.5086025280898876 0.31179775280898875 0.5126404494382022 0.32092696629213485 0.5086025280898876 0.3403558052434457 0.5019311797752809 0.3424625468164794 0.4903441011235955 0.3389513108614232 0.48700842696629215 0.335440074906367 0.48542837078651685 0.3279494382022472 0.48718398876404495 0.3171816479400749 0.49122191011235955 0.31062734082397003 0.5015800561797753 0.30758426966292135
0 0.43223314606741575 0.44147940074906367 0.44803370786516855 0.4508426966292135 0.4511938202247191 0.4639513108614232 0.4476825842696629 0.477059925093633 0.4355688202247191 0.48618913857677903 0.42872191011235955 0.48478464419475653 0.4253862359550562 0.4803370786516854 0.4236306179775281 0.4559925093632959 0.425561797752809 0.44920411985018727 0.4320575842696629 0.4417134831460674
0 0.6242977528089888 0.3642322097378277 0.6309691011235955 0.3693820224719101 0.6343047752808989 0.3771067415730337 0.6343047752808989 0.38342696629213485 0.6283356741573034 0.39653558052434457 0.6163974719101124 0.40074906367041196 0.6128862359550562 0.40051498127340823 0.6065660112359551 0.39419475655430714 0.6049859550561798 0.37663857677902624 0.6135884831460674 0.36493445692883897 0.624122191011236 0.3642322097378277
0 0.5761938202247191 0.4477996254681648 0.5898876404494382 0.45224719101123595 0.5941011235955056 0.45997191011235955 0.5933988764044944 0.4791666666666667 0.5888342696629213 0.4854868913857678 0.5846207865168539 0.487125468164794 0.578125 0.48642322097378277 0.5732092696629213 0.48197565543071164 0.5675912921348315 0.47027153558052437 0.567064606741573 0.4524812734082397 0.5760182584269663 0.4477996254681648
0 0.5231741573033708 0.3895131086142322 0.5316011235955056 0.3960674157303371 0.5344101123595506 0.40870786516853935 0.5305477528089888 0.41970973782771537 0.522998595505618 0.42368913857677903 0.5124648876404494 0.4187734082397004 0.5087780898876404 0.4056647940074906 0.5096558988764045 0.39747191011235955 0.5131671348314607 0.39325842696629215 0.522998595505618 0.3895131086142322
0 0.5366924157303371 0.35159176029962547 0.5444171348314607 0.3548689138576779 0.5495084269662921 0.3661048689138577 0.547752808988764 0.38038389513108617 0.5410814606741573 0.3904494382022472 0.5366924157303371 0.39185393258426965 0.5293188202247191 0.3904494382022472 0.5221207865168539 0.38085205992509363 0.5244030898876404 0.3607209737827715 0.5284410112359551 0.35510299625468167 0.5365168539325843 0.35159176029962547
0 0.3709620786516854 0.3012640449438202 0.3807935393258427 0.3092228464419476 0.38412921348314605 0.324438202247191 0.38149578651685395 0.3333333333333333 0.37412219101123595 0.33707865168539325 0.36218398876404495 0.33614232209737827 0.35832162921348315 0.3321629213483146 0.355688202247191 0.323501872659176 0.3558637640449438 0.31109550561797755 0.3590238764044944 0.30407303370786515 0.3707865168539326 0.3012640449438202
0 0.4020365168539326 0.3036048689138577 0.4120435393258427 0.3092228464419476 0.41467696629213485 0.32186329588014984 0.41151685393258425 0.3330992509363296 0.40115870786516855 0.33918539325842695 0.3948384831460674 0.33754681647940077 0.3904494382022472 0.3326310861423221 0.3886938202247191 0.31952247191011235 0.38957162921348315 0.31086142322097376 0.3922050561797753 0.30641385767790263 0.4018609550561798 0.3036048689138577
0 0.5300210674157303 0.438436329588015 0.5379213483146067 0.44358614232209737 0.5409058988764045 0.45529026217228463 0.5405547752808989 0.46324906367041196 0.5379213483146067 0.46863295880149813 0.5300210674157303 0.4756554307116105 0.5180828651685393 0.4737827715355805 0.5140449438202247 0.46348314606741575 0.514747191011236 0.450374531835206 0.5172050561797753 0.4447565543071161 0.5224719101123596 0.4396067415730337 0.5298455056179775 0.438436329588015
0 0.5537219101123596 0.6116573033707865 0.561622191011236 0.6128277153558053 0.5675912921348315 0.62312734082397 0.5686446629213483 0.6360018726591761 0.5653089887640449 0.647003745318352 0.5603932584269663 0.651685393258427 0.5537219101123596 0.6519194756554307 0.5466994382022472 0.6477059925093633 0.5428370786516854 0.6406835205992509 0.5417837078651685 0.6257022471910112 0.543188202247191 0.6161048689138576 0.5535463483146067 0.6118913857677902
0 0.5977879213483146 0.5283239700374532 0.6023525280898876 0.5316011235955056 0.6037570224719101 0.5360486891385767 0.6028792134831461 0.5613295880149812 0.5962078651685393 0.5711610486891385 0.5888342696629213 0.5730337078651685 0.5835674157303371 0.572565543071161 0.578125 0.5676498127340824 0.5740870786516854 0.5575842696629213 0.574438202247191 0.5463483146067416 0.577247191011236 0.5381554307116105 0.5830407303370787 0.5330056179775281 0.5918188202247191 0.5283239700374532 0.5976123595505618 0.5283239700374532
0 0.46014747191011235 0.31484082397003743 0.47349016853932585 0.3181179775280899 0.47559691011235955 0.3211610486891386 0.4784058988764045 0.33824906367041196 0.4741924157303371 0.350187265917603 0.45646067415730335 0.3600187265917603 0.45172050561797755 0.3595505617977528 0.4455758426966292 0.3529962546816479 0.44452247191011235 0.34386704119850187 0.4489115168539326 0.32209737827715357 0.4550561797752809 0.3160112359550562 0.45997191011235955 0.31484082397003743
0 0.5890098314606742 0.3609550561797753 0.5963834269662921 0.36446629213483145 0.6002457865168539 0.36961610486891383 0.6025280898876404 0.3874063670411985 0.5958567415730337 0.39957865168539325 0.5791783707865169 0.40823970037453183 0.574438202247191 0.4075374531835206 0.5675912921348315 0.39957865168539325 0.566186797752809 0.386938202247191 0.5768960674157303 0.36563670411985016 0.581811797752809 0.3618913857677903 0.5888342696629213 0.3609550561797753
0 0.6200842696629213 0.4524812734082397 0.6232443820224719 0.45646067415730335 0.6232443820224719 0.4602059925093633 0.6269311797752809 0.45997191011235955 0.6290379213483146 0.47097378277153557 0.6267556179775281 0.4803370786516854 0.6220154494382022 0.4854868913857678 0.6095505617977528 0.4887640449438202 0.6055126404494382 0.48782771535580527 0.6004213483146067 0.48103932584269665 0.5995435393258427 0.4705056179775281 0.601123595505618 0.4618445692883895 0.6058637640449438 0.45435393258426965 0.6199087078651685 0.4524812734082397
0 0.5240519662921348 0.6537921348314607 0.530372191011236 0.6596441947565543 0.5330056179775281 0.6722846441947565 0.5305477528089888 0.6830524344569289 0.5224719101123596 0.68937265917603 0.5108848314606742 0.68562734082397 0.5075491573033708 0.6790730337078652 0.5061446629213483 0.6669007490636704 0.5096558988764045 0.6577715355805244 0.5184339887640449 0.6533239700374532 0.523876404494382 0.6537921348314607
0 0.620435393258427 0.32303370786516855 0.6307935393258427 0.32514044943820225 0.6348314606741573 0.34129213483146065 0.6348314606741573 0.3487827715355805 0.6320224719101124 0.3562734082397004 0.6239466292134831 0.36282771535580527 0.6088483146067416 0.36282771535580527 0.6012991573033708 0.35580524344569286 0.6067415730337079 0.3312265917602996 0.6132373595505618 0.32397003745318353 0.6202598314606742 0.32303370786516855
0 0.3597261235955056 0.6406835205992509 0.3672752808988764 0.6432584269662921 0.3734199438202247 0.6502808988764045 0.3748244382022472 0.6615168539325843 0.36815308988764045 0.6753277153558053 0.3574438202247191 0.6804775280898876 0.35077247191011235 0.6800093632958801 0.34691011235955055 0.6769662921348315 0.34445224719101125 0.6722846441947565 0.34322331460674155 0.6612827715355806 0.34515449438202245 0.6526217228464419 0.34901685393258425 0.6465355805243446 0.3595505617977528 0.6406835205992509
0 0.5609199438202247 0.3171816479400749 0.5684691011235955 0.32397003745318353 0.5718047752808989 0.336376404494382 0.566186797752809 0.35042134831460675 0.5572331460674157 0.3553370786516854 0.5537219101123596 0.3544007490636704 0.5472261235955056 0.3466760299625468 0.5451193820224719 0.33497191011235955 0.5489817415730337 0.32303370786516855 0.5565308988764045 0.31741573033707865 0.5607443820224719 0.3171816479400749
0 0.6162219101123596 0.6528558052434457 0.6271067415730337 0.6612827715355806 0.6313202247191011 0.6779026217228464 0.6300912921348315 0.6879681647940075 0.6271067415730337 0.6938202247191011 0.6162219101123596 0.697565543071161 0.605688202247191 0.6917134831460674 0.6014747191011236 0.6844569288389513 0.5997191011235955 0.675561797752809 0.6023525280898876 0.6596441947565543 0.6083216292134831 0.6544943820224719 0.6160463483146067 0.6528558052434457
0 0.4432935393258427 0.6310861423220974 0.44978932584269665 0.6329588014981273 0.4585674157303371 0.6404494382022472 0.46348314606741575 0.650749063670412 0.45997191011235955 0.6666666666666666 0.453125 0.6753277153558053 0.4487359550561798 0.6762640449438202 0.43802668539325845 0.6720505617977528 0.4317064606741573 0.6580056179775281 0.4313553370786517 0.6399812734082397 0.4355688202247191 0.6331928838951311 0.4431179775280899 0.6310861423220974
0 0.5851474719101124 0.49063670411985016 0.5918188202247191 0.4953183520599251 0.5962078651685393 0.5030430711610487 0.5972612359550562 0.5154494382022472 0.5926966292134831 0.5259831460674157 0.5825140449438202 0.5311329588014981 0.5763693820224719 0.5297284644194756 0.5705758426966292 0.5236423220973783 0.5693469101123596 0.5044475655430711 0.5730337078651685 0.4932116104868914 0.5849719101123596 0.49063670411985016
0 0.41520365168539325 0.5931647940074907 0.42521067415730335 0.5941011235955056 0.43820224719101125 0.6022940074906367 0.44030898876404495 0.6151685393258427 0.4390800561797753 0.62312734082397 0.43223314606741575 0.6331928838951311 0.4238061797752809 0.6345973782771536 0.40941011235955055 0.6320224719101124 0.4043188202247191 0.6266385767790262 0.40308988764044945 0.6158707865168539 0.40572331460674155 0.6027621722846442 0.41116573033707865 0.5950374531835206 0.41502808988764045 0.5931647940074907
0 0.39764747191011235 0.47542134831460675 0.4081811797752809 0.48057116104868913 0.4123946629213483 0.4948501872659176 0.4066011235955056 0.5086610486891385 0.39747191011235955 0.5121722846441947 0.3864115168539326 0.5060861423220974 0.3829002808988764 0.49508426966292135 0.3862359550561798 0.48010299625468167 0.39747191011235955 0.47542134831460675
0 0.3709620786516854 0.42532771535580527 0.38009129213483145 0.4328183520599251 0.383251404494382 0.44803370786516855 0.3830758426966292 0.4529494382022472 0.3792134831460674 0.4595037453183521 0.3727176966292135 0.4627808988764045 0.35867275280898875 0.4602059925093633 0.3549859550561798 0.45552434456928836 0.35270365168539325 0.4438202247191011 0.355688202247191 0.4302434456928839 0.3655196629213483 0.4250936329588015 0.3707865168539326 0.42532771535580527
0 0.5786516853932584 0.6460674157303371 0.5907654494382022 0.6542602996254682 0.5935744382022472 0.6720505617977528 0.5869030898876404 0.68562734082397 0.5681179775280899 0.6900749063670412 0.5626755617977528 0.6891385767790262 0.5572331460674157 0.6821161048689138 0.5565308988764045 0.6718164794007491 0.5674157303370787 0.6493445692883895 0.5784761235955056 0.6460674157303371
0 0.4022120786516854 0.5500936329588015 0.41116573033707865 0.5526685393258427 0.41520365168539325 0.5568820224719101 0.4183637640449438 0.5704588014981273 0.413623595505618 0.5849719101123596 0.398876404494382 0.5926966292134831 0.386938202247191 0.5870786516853933 0.3851825842696629 0.5742041198501873 0.38957162921348315 0.5566479400749064 0.3941362359550562 0.5519662921348315 0.4020365168539326 0.5500936329588015
0 0.5331811797752809 0.30969101123595505 0.5421348314606742 0.3211610486891386 0.542310393258427 0.33497191011235955 0.5372191011235955 0.34527153558052437 0.5231741573033708 0.3529962546816479 0.5186095505617978 0.3522940074906367 0.5191362359550562 0.34808052434456926 0.5154494382022472 0.34948501872659177 0.5122893258426966 0.34129213483146065 0.5140449438202247 0.32092696629213485 0.520189606741573 0.31203183520599254 0.5330056179775281 0.30969101123595505
0 0.48893960674157305 0.6100187265917603 0.49736657303370785 0.6139981273408239 0.5019311797752809 0.6264044943820225 0.49912219101123595 0.6411516853932584 0.491748595505618 0.6460674157303371 0.47787921348314605 0.6409176029962547 0.4745435393258427 0.6306179775280899 0.47717696629213485 0.6168071161048689 0.48156601123595505 0.6118913857677902 0.4887640449438202 0.6100187265917603
0 0.49525983146067415 0.3934925093632959 0.5064957865168539 0.40004681647940077 0.5079002808988764 0.4164325842696629 0.5026334269662921 0.42743445692883897 0.49350421348314605 0.4307116104868914 0.48384831460674155 0.4241573033707865 0.48121488764044945 0.4089419475655431 0.4864817415730337 0.3970037453183521 0.49508426966292135 0.3934925093632959
0 0.40150983146067415 0.3801498127340824 0.40519662921348315 0.3801498127340824 0.4155547752808989 0.38717228464419473 0.4202949438202247 0.3993445692883895 0.41941713483146065 0.4091760299625468 0.4157303370786517 0.4166666666666667 0.4058988764044944 0.42064606741573035 0.3967696629213483 0.41830524344569286 0.3902738764044944 0.40823970037453183 0.39009831460674155 0.39021535580524347 0.390625 0.387874531835206 0.39396067415730335 0.38857677902621723 0.4008075842696629 0.3838951310861423 0.40150983146067415 0.38038389513108617
0 0.38728932584269665 0.6088483146067416 0.3946629213483146 0.6128277153558053 0.39975421348314605 0.6264044943820225 0.39747191011235955 0.6383426966292135 0.3902738764044944 0.6460674157303371 0.38009129213483145 0.6446629213483146 0.37622893258426965 0.6411516853932584 0.37254213483146065 0.6315543071161048 0.3727176966292135 0.6207865168539326 0.3746488764044944 0.6165730337078652 0.3806179775280899 0.6093164794007491 0.3871137640449438 0.6088483146067416
0 0.5540730337078652 0.5669475655430711 0.5651334269662921 0.5727996254681648 0.5689957865168539 0.5884831460674157 0.5674157303370787 0.5955056179775281 0.5628511235955056 0.6022940074906367 0.5537219101123596 0.6046348314606742 0.5400280898876404 0.5952715355805244 0.5389747191011236 0.5838014981273408 0.5396769662921348 0.574438202247191 0.543188202247191 0.5676498127340824 0.5538974719101124 0.5669475655430711
0 0.5175561797752809 0.5884831460674157 0.5307233146067416 0.6025280898876404 0.5342345505617978 0.6118913857677902 0.5335323033707865 0.6226591760299626 0.530372191011236 0.6292134831460674 0.5196629213483146 0.6371722846441947 0.5112359550561798 0.635065543071161 0.5064957865168539 0.6301498127340824 0.5035112359550562 0.6242977528089888 0.5021067415730337 0.613061797752809 0.5049157303370787 0.5952715355805244 0.5101825842696629 0.5884831460674157 0.5173806179775281 0.5884831460674157
0 0.3628862359550562 0.33941947565543074 0.37008426966292135 0.3403558052434457 0.3767556179775281 0.3445692883895131 0.3813202247191011 0.352059925093633 0.38149578651685395 0.36352996254681647 0.3753511235955056 0.37359550561797755 0.36604634831460675 0.37687265917602997 0.359375 0.37336142322097376 0.355688202247191 0.36680711610486894 0.3553370786516854 0.3487827715355805 0.36271067415730335 0.33965355805243447
0 0.6202598314606742 0.5299625468164794 0.6265800561797753 0.5316011235955056 0.6302668539325843 0.5355805243445693 0.6348314606741573 0.5479868913857678 0.6344803370786517 0.5571161048689138 0.6318469101123596 0.5641385767790262 0.6232443820224719 0.5699906367041199 0.6142907303370787 0.5676498127340824 0.6053370786516854 0.5573501872659176 0.6063904494382022 0.5360486891385767 0.6095505617977528 0.5325374531835206 0.6200842696629213 0.5299625468164794
0 0.5581109550561798 0.5252808988764045 0.5668890449438202 0.5325374531835206 0.5709269662921348 0.5433052434456929 0.5682935393258427 0.5557116104868914 0.5639044943820225 0.5610955056179775 0.558813202247191 0.5629681647940075 0.5533707865168539 0.5627340823970037 0.5454705056179775 0.5575842696629213 0.5417837078651685 0.5442415730337079 0.5430126404494382 0.5334737827715356 0.5465238764044944 0.5290262172284644 0.557935393258427 0.5252808988764045
0 0.5077247191011236 0.34901685393258425 0.5175561797752809 0.35603932584269665 0.5207162921348315 0.36235955056179775 0.5208918539325843 0.37008426966292135 0.5175561797752809 0.3815543071161049 0.5056179775280899 0.3920880149812734 0.4938553370786517 0.3904494382022472 0.4906952247191011 0.38553370786516855 0.48893960674157305 0.37219101123595505 0.4901685393258427 0.3600187265917603 0.4936797752808989 0.3544007490636704 0.5075491573033708 0.34901685393258425
0 0.519311797752809 0.5320692883895131 0.5233497191011236 0.5362827715355806 0.5263342696629213 0.5468164794007491 0.5252808988764045 0.5571161048689138 0.5212429775280899 0.5629681647940075 0.5129915730337079 0.5671816479400749 0.5086025280898876 0.5662453183520599 0.503686797752809 0.56062734082397 0.5012289325842697 0.545880149812734 0.5068469101123596 0.5353464419475655 0.5191362359550562 0.5320692883895131
0 0.3883426966292135 0.5133426966292135 0.39747191011235955 0.5173220973782772 0.4022120786516854 0.5259831460674157 0.4023876404494382 0.5318352059925093 0.3925561797752809 0.5444756554307116 0.38395365168539325 0.5484550561797753 0.37377106741573035 0.5428370786516854 0.37219101123595505 0.5292602996254682 0.37816011235955055 0.5170880149812734 0.38342696629213485 0.5133426966292135 0.38816713483146065 0.5133426966292135
0 0.49087078651685395 0.5667134831460674 0.4996488764044944 0.5723314606741573 0.5024578651685393 0.5838014981273408 0.4996488764044944 0.5987827715355806 0.48964185393258425 0.6036985018726592 0.48384831460674155 0.6036985018726592 0.4784058988764045 0.5990168539325843 0.47594803370786515 0.5847378277153558 0.4768258426966292 0.5774812734082397 0.480688202247191 0.5697565543071161 0.4906952247191011 0.5667134831460674
0 0.3669241573033708 0.5592228464419475 0.37763342696629215 0.5627340823970037 0.38026685393258425 0.5681179775280899 0.38026685393258425 0.5805243445692884 0.37359550561797755 0.5919943820224719 0.3655196629213483 0.5985486891385767 0.3595505617977528 0.5997191011235955 0.3491924157303371 0.5955056179775281 0.34638342696629215 0.5917602996254682 0.3460323033707865 0.5765449438202247 0.3530547752808989 0.5636704119850188 0.359375 0.5596910112359551 0.366748595505618 0.5592228464419475
0 0.4671699438202247 0.39536516853932585 0.47349016853932585 0.39747191011235955 0.4766502808988764 0.4014513108614232 0.4782303370786517 0.4286048689138577 0.47384129213483145 0.43703183520599254 0.46383426966292135 0.4407771535580524 0.4566362359550562 0.4396067415730337 0.45189606741573035 0.4328183520599251 0.44996488764044945 0.42228464419475653 0.4529494382022472 0.40519662921348315 0.46014747191011235 0.39630149812734083 0.4669943820224719 0.39536516853932585
0 0.37359550561797755 0.47846441947565543 0.3809691011235955 0.4845505617977528 0.3811446629213483 0.5086610486891385 0.37640449438202245 0.5168539325842697 0.36639747191011235 0.5262172284644194 0.3595505617977528 0.525749063670412 0.3530547752808989 0.5189606741573034 0.35287921348314605 0.5014044943820225 0.3549859550561798 0.49063670411985016 0.3595505617977528 0.48384831460674155 0.36639747191011235 0.4789325842696629 0.3734199438202247 0.47846441947565543
0 0.5849719101123596 0.4080056179775281 0.5919943820224719 0.4112827715355805 0.5965589887640449 0.4204119850187266 0.5965589887640449 0.43000936329588013 0.5935744382022472 0.43726591760299627 0.5884831460674157 0.4419475655430712 0.5814606741573034 0.4421816479400749 0.574438202247191 0.43820224719101125 0.5711025280898876 0.43211610486891383 0.5732092696629213 0.4133895131086142 0.5774227528089888 0.4096441947565543 0.5847963483146067 0.40823970037453183
0 0.4785814606741573 0.6446629213483146 0.49315308988764045 0.6502808988764045 0.4978932584269663 0.6645599250936329 0.4982443820224719 0.6720505617977528 0.4924508426966292 0.6811797752808989 0.4826193820224719 0.6860955056179775 0.4729634831460674 0.68562734082397 0.4666432584269663 0.6821161048689138 0.4631320224719101 0.6718164794007491 0.46348314606741575 0.6645599250936329 0.4669943820224719 0.6558988764044944 0.47366573033707865 0.6465355805243446 0.4784058988764045 0.6446629213483146
0 0.4294241573033708 0.31086142322097376 0.43855337078651685 0.31437265917602997 0.4436446629213483 0.324438202247191 0.441186797752809 0.33941947565543074 0.4373244382022472 0.3450374531835206 0.4332865168539326 0.3464419475655431 0.42433286516853935 0.3441011235955056 0.41871488764044945 0.33497191011235955 0.41853932584269665 0.32420411985018727 0.42064606741573035 0.3171816479400749 0.429248595505618 0.31086142322097376
0 0.46400983146067415 0.5610955056179775 0.46787219101123595 0.5641385767790262 0.4708567415730337 0.5852059925093633 0.46787219101123595 0.5936329588014981 0.45979634831460675 0.600187265917603 0.4452247191011236 0.5952715355805244 0.4436446629213483 0.5896535580524345 0.44417134831460675 0.5746722846441947 0.449438202247191 0.5641385767790262 0.46383426966292135 0.5610955056179775
0 0.6235955056179775 0.48735955056179775 0.6318469101123596 0.49414794007490637 0.6358848314606742 0.5086610486891385 0.6314957865168539 0.5224719101123596 0.6232443820224719 0.528558052434457 0.6125351123595506 0.5278558052434457 0.6027036516853933 0.5196629213483146 0.6002457865168539 0.514747191011236 0.5997191011235955 0.5065543071161048 0.6012991573033708 0.49765917602996257 0.6044592696629213 0.4943820224719101 0.6141151685393258 0.48782771535580527 0.6234199438202247 0.48735955056179775
0 0.5914676966292135 0.362125468164794 0.5997191011235955 0.36961610486891383 0.6018258426966292 0.3836610486891386 0.5988412921348315 0.39185393258426965 0.5888342696629213 0.39489700374531833 0.5840941011235955 0.3946629213483146 0.5795294943820225 0.3904494382022472 0.5730337078651685 0.3801498127340824 0.5733848314606742 0.37312734082397003 0.5816362359550562 0.36329588014981273 0.5912921348314607 0.362125468164794
0 0.5484550561797753 0.39630149812734083 0.5619733146067416 0.4058988764044944 0.5665379213483146 0.412687265917603 0.5677668539325843 0.42134831460674155 0.5672401685393258 0.43586142322097376 0.5640800561797753 0.4461610486891386 0.5572331460674157 0.45341760299625467 0.5503862359550562 0.4545880149812734 0.5428370786516854 0.44709737827715357 0.5365168539325843 0.42485955056179775 0.5398525280898876 0.4091760299625468 0.547752808988764 0.40426029962546817 0.5445926966292135 0.39747191011235955 0.5482794943820225 0.39630149812734083
0 0.5918188202247191 0.3192883895131086 0.5993679775280899 0.32397003745318353 0.6034058988764045 0.3321629213483146 0.6035814606741573 0.3419943820224719 0.5997191011235955 0.35252808988764045 0.5919943820224719 0.3595505617977528 0.5847963483146067 0.3600187265917603 0.578125 0.35603932584269665 0.5740870786516854 0.3485486891385768 0.5739115168539326 0.33497191011235955 0.5770716292134831 0.3270131086142322 0.5847963483146067 0.3197565543071161 0.5916432584269663 0.31952247191011235
0 0.40115870786516855 0.4241573033707865 0.41116573033707865 0.4276685393258427 0.41537921348314605 0.4344569288389513 0.41678370786516855 0.44358614232209737 0.4123946629213483 0.45692883895131087 0.40098314606741575 0.4639513108614232 0.3964185393258427 0.46348314606741575 0.3904494382022472 0.4580992509363296 0.38588483146067415 0.4431179775280899 0.38922050561797755 0.42954119850187267 0.3941362359550562 0.42392322097378277 0.40098314606741575 0.4241573033707865
0 0.515625 0.5210674157303371 0.5200140449438202 0.5224719101123596 0.5196629213483146 0.526685393258427 0.5256320224719101 0.5297284644194756 0.5293188202247191 0.5287921348314607 0.5319522471910112 0.536750936329588 0.5319522471910112 0.5536048689138576 0.5287921348314607 0.5571161048689138 0.5293188202247191 0.5641385767790262 0.5263342696629213 0.5732677902621723 0.519311797752809 0.5786516853932584 0.5108848314606742 0.5770131086142322 0.5079002808988764 0.574438202247191 0.5015800561797753 0.5559456928838952 0.5014044943820225 0.5430711610486891 0.5107092696629213 0.5311329588014981 0.5128160112359551 0.5227059925093633 0.5154494382022472 0.5213014981273408
2 0.6437266502808988 0.3113295880149813 0.3538325140449438 0.2965440074906367 0.3399887640449438 0.6859803370786517 0.634484375 0.7017167602996255
1 0.4058374297752809 0.3696044007490637 0.023987008426966293 0.03071629213483146
1 0.3801422050561798 0.4113436329588015 0.01941186797752809 0.02836610486891386
1 0.3725158005617977 0.5324695692883895 0.020545997191011234 0.03497425093632959
1 0.3669224016853932 0.6132303370786516 0.02223314606741573 0.03420177902621723
1 0.3960849719101123 0.6571395131086143 0.026720505617977525 0.029948501872659176
1 0.5491748595505618 0.6619288389513109 0.022740519662921347 0.02860252808988764
1 0.5799438202247191 0.6226123595505618 0.019906952247191013 0.027996254681647938
1 0.6093837780898876 0.6249836142322097 0.020265098314606742 0.028057116104868912
1 0.6111393960674157 0.5829424157303371 0.02260884831460674 0.0313623595505618
1 0.5809304775280899 0.5810955056179775 0.020711025280898875 0.0307935393258427
1 0.5203546348314607 0.581933520599251 0.02830231741573034 0.02778558052434457
1 0.4319856039325843 0.5764513108614232 0.023614817415730335 0.035552434456928836
1 0.4348261938202247 0.5339887640449438 0.02344452247191011 0.03333567415730337
1 0.463154845505618 0.5353955992509364 0.02509304775280899 0.03146769662921348
1 0.491253511235955 0.537125468164794 0.023941362359550564 0.030245786516853935
1 0.61390625 0.42559691011235956 0.021118328651685395 0.03190543071161049
1 0.5564220505617977 0.37808754681647944 0.024359199438202247 0.03520131086142322
1 0.5530723314606741 0.4627200374531835 0.021172752808988764 0.029683988764044943
1 0.5545382724719101 0.5007888576779026 0.02176439606741573 0.03403558052434457
1 0.5213096910112359 0.49928136704119847 0.023191713483146068 0.03258192883895131
1 0.49553195224719104 0.458499531835206 0.024304775280898874 0.033728932584269664
1 0.4949016853932584 0.497937734082397 0.021875 0.03145833333333333
1 0.4648806179775281 0.496814138576779 0.021520365168539324 0.02920880149812734
1 0.43645540730337085 0.49518258426966294 0.019682233146067415 0.029068352059925095
1 0.4675 0.4602270599250936 0.019738412921348317 0.026257022471910113
1 0.43789325842696625 0.41773642322097376 0.022557935393258427 0.03022940074906367
1 0.438154845505618 0.3761329588014981 0.02307935393258427 0.029730805243445693
1 0.4692064606741573 0.3767790262172284 0.021980337078651685 0.031022940074906368