0 0.6372893258426966 0.6008895131086143 0.641502808988764 0.6036985018726592 0.647998595505618 0.614934456928839 0.6511587078651685 0.6228932584269663 0.6518609550561798 0.6320224719101124 0.6490519662921348 0.6439606741573034 0.6395716292134831 0.6528558052434457 0.6336025280898876 0.6523876404494382 0.6230688202247191 0.6406835205992509 0.6206109550561798 0.6203183520599251 0.621313202247191 0.6125936329588015 0.6265800561797753 0.6039325842696629 0.6371137640449438 0.6008895131086143
0 0.3393609550561798 0.5880149812734082 0.34427668539325845 0.5936329588014981 0.347436797752809 0.6055711610486891 0.3460323033707865 0.6196161048689138 0.3419943820224719 0.62687265917603 0.3337429775280899 0.6336610486891385 0.32145365168539325 0.6392790262172284 0.3121488764044944 0.6299157303370787 0.3142556179775281 0.6060393258426966 0.3237359550561798 0.5926966292134831 0.33918539325842695 0.5880149812734082
0 0.6014747191011236 0.5241104868913857 0.6091994382022472 0.5255149812734082 0.6127106741573034 0.5297284644194756 0.6178019662921348 0.5463483146067416 0.6170997191011236 0.5536048689138576 0.6134129213483146 0.5596910112359551 0.6025280898876404 0.5653089887640449 0.5953300561797753 0.5627340823970037 0.5898876404494382 0.5571161048689138 0.5867275280898876 0.540496254681648 0.5872542134831461 0.5330056179775281 0.590063202247191 0.528558052434457 0.5953300561797753 0.5245786516853933 0.6012991573033708 0.5241104868913857
0 0.5231741573033708 0.6973314606741573 0.530372191011236 0.7090355805243446 0.5328300561797753 0.727996254681648 0.5294943820224719 0.7378277153558053 0.519311797752809 0.7453183520599251 0.5124648876404494 0.7441479400749064 0.5050912921348315 0.7368913857677902 0.5014044943820225 0.7202715355805244 0.503686797752809 0.7099719101123596 0.5077247191011236 0.7036516853932584 0.516502808988764 0.697565543071161 0.522998595505618 0.6973314606741573
0 0.6025280898876404 0.5667134831460674 0.6162219101123596 0.5737359550561798 0.6192064606741573 0.5847378277153558 0.6162219101123596 0.6018258426966292 0.6123595505617978 0.6065074906367042 0.6051615168539326 0.6079119850187266 0.5932233146067416 0.6062734082397003 0.5872542134831461 0.5990168539325843 0.5847963483146067 0.5896535580524345 0.5856741573033708 0.5784176029962547 0.5883075842696629 0.572565543071161 0.6023525280898876 0.5667134831460674
0 0.675561797752809 0.5603932584269663 0.6797752808988764 0.5625 0.6818820224719101 0.5674157303370787 0.679248595505618 0.5884831460674157 0.6734550561797753 0.5997191011235955 0.667310393258427 0.6022940074906367 0.6576544943820225 0.6018258426966292 0.6509831460674157 0.5969101123595506 0.6458918539325843 0.5859082397003745 0.6444873595505618 0.5742041198501873 0.6465941011235955 0.5681179775280899 0.6527387640449438 0.5627340823970037 0.6753862359550562 0.5603932584269663
0 0.31372893258426965 0.7158239700374532 0.3184691011235955 0.7205056179775281 0.31759129213483145 0.7514044943820225 0.3061797752808989 0.7584269662921348 0.29231039325842695 0.7610018726591761 0.28651685393258425 0.7584269662921348 0.28423455056179775 0.7516385767790262 0.2910814606741573 0.7240168539325843 0.2970505617977528 0.7181647940074907 0.30723314606741575 0.7148876404494382 0.31355337078651685 0.7158239700374532
0 0.5403792134831461 0.5301966292134831 0.5452949438202247 0.5318352059925093 0.5516151685393258 0.5393258426966292 0.555126404494382 0.5554775280898876 0.5510884831460674 0.5676498127340824 0.5403792134831461 0.5716292134831461 0.5317766853932584 0.5692883895131086 0.5247542134831461 0.5573501872659176 0.5277387640449438 0.535814606741573 0.5328300561797753 0.5316011235955056 0.5402036516853933 0.5301966292134831
0 0.519311797752809 0.524812734082397 0.523876404494382 0.5294943820224719 0.5263342696629213 0.5362827715355806 0.5233497191011236 0.5559456928838952 0.5179073033707865 0.5653089887640449 0.5091292134831461 0.5702247191011236 0.5026334269662921 0.5683520599250936 0.4938553370786517 0.5603932584269663 0.49297752808988765 0.5397940074906367 0.5015800561797753 0.5283239700374532 0.5191362359550562 0.524812734082397
0 0.6030547752808989 0.6842228464419475 0.6181530898876404 0.6961610486891385 0.6242977528089888 0.7134831460674157 0.6199087078651685 0.7301029962546817 0.6120084269662921 0.7347846441947565 0.5990168539325843 0.7308052434456929 0.5919943820224719 0.7158239700374532 0.5919943820224719 0.701310861423221 0.5976123595505618 0.6870318352059925 0.6028792134831461 0.6842228464419475
0 0.5087780898876404 0.6139981273408239 0.5212429775280899 0.6191479400749064 0.5268609550561798 0.6367041198501873 0.5268609550561798 0.6441947565543071 0.5240519662921348 0.6500468164794008 0.5191362359550562 0.6554307116104869 0.5129915730337079 0.6566011235955056 0.5017556179775281 0.6551966292134831 0.49473314606741575 0.6404494382022472 0.49508426966292135 0.6301498127340824 0.4980688202247191 0.6219569288389513 0.5019311797752809 0.6158707865168539 0.5086025280898876 0.6139981273408239
0 0.26228932584269665 0.5346441947565543 0.26457162921348315 0.5365168539325843 0.2659761235955056 0.5465823970037453 0.27457865168539325 0.5540730337078652 0.2672050561797753 0.5653089887640449 0.26474719101123595 0.5739700374531835 0.265625 0.5812265917602997 0.2710674157303371 0.5884831460674157 0.2712429775280899 0.5919943820224719 0.26878511235955055 0.5959737827715356 0.25877808988764045 0.598314606741573 0.25491573033707865 0.5957397003745318 0.2478932584269663 0.5781835205992509 0.24648876404494383 0.5639044943820225 0.2482443820224719 0.5571161048689138 0.2543890449438202 0.5491573033707865 0.2543890449438202 0.5365168539325843 0.2621137640449438 0.5346441947565543
0 0.4924508426966292 0.7010767790262172 0.4961376404494382 0.7029494382022472 0.4998244382022472 0.7097378277153558 0.4996488764044944 0.733380149812734 0.49490870786516855 0.7427434456928839 0.48525280898876405 0.7457865168539326 0.47717696629213485 0.7427434456928839 0.4731390449438202 0.7375936329588015 0.4710323033707865 0.713249063670412 0.472436797752809 0.7085674157303371 0.4768258426966292 0.7045880149812734 0.4922752808988764 0.7010767790262172
0 0.38764044943820225 0.5419007490636704 0.394311797752809 0.5447097378277154 0.3987008426966292 0.5500936329588015 0.39975421348314605 0.5713951310861424 0.3950140449438202 0.579119850187266 0.38553370786516855 0.5828651685393258 0.3790379213483146 0.5823970037453183 0.37183988764044945 0.5746722846441947 0.3709620786516854 0.5592228464419475 0.37605337078651685 0.5461142322097379 0.38746488764044945 0.5419007490636704
0 0.484375 0.5784176029962547 0.48964185393258425 0.5812265917602997 0.49297752808988765 0.5919943820224719 0.4920997191011236 0.6093164794007491 0.4884129213483146 0.6165730337078652 0.4808637640449438 0.6217228464419475 0.4706811797752809 0.6212546816479401 0.4631320224719101 0.6058052434456929 0.46365870786516855 0.5926966292134831 0.4669943820224719 0.584503745318352 0.47366573033707865 0.5802902621722846 0.4841994382022472 0.5786516853932584
0 0.5725070224719101 0.6495786516853933 0.5849719101123596 0.6549625468164794 0.592872191011236 0.6647940074906367 0.5969101123595506 0.6858614232209738 0.5932233146067416 0.6961610486891385 0.5884831460674157 0.6992041198501873 0.5711025280898876 0.6942883895131086 0.5628511235955056 0.6825842696629213 0.5591643258426966 0.6575374531835206 0.5635533707865169 0.650749063670412 0.5723314606741573 0.6495786516853933
0 0.6325491573033708 0.677434456928839 0.6457162921348315 0.6875 0.6518609550561798 0.6999063670411985 0.6529143258426966 0.7205056179775281 0.6472963483146067 0.7270599250936329 0.6411516853932584 0.7291666666666666 0.633251404494382 0.7272940074906367 0.6264044943820225 0.7200374531835206 0.6174508426966292 0.6926498127340824 0.6239466292134831 0.6783707865168539 0.632373595505618 0.677434456928839
0 0.42907303370786515 0.6959269662921348 0.43433988764044945 0.6996722846441947 0.4397823033707865 0.7130149812734082 0.4394311797752809 0.7291666666666666 0.4355688202247191 0.7441479400749064 0.42872191011235955 0.7516385767790262 0.4236306179775281 0.7530430711610487 0.4176615168539326 0.75187265917603 0.41151685393258425 0.7453183520599251 0.40905898876404495 0.7336142322097379 0.41151685393258425 0.7169943820224719 0.42240168539325845 0.699438202247191 0.42889747191011235 0.6959269662921348
0 0.4808637640449438 0.5273876404494382 0.49122191011235955 0.5409644194756554 0.4924508426966292 0.5517322097378277 0.48542837078651685 0.5704588014981273 0.47735252808988765 0.5767790262172284 0.46611657303370785 0.574438202247191 0.4666432584269663 0.5639044943820225 0.4626053370786517 0.5536048689138576 0.46190308988764045 0.5414325842696629 0.4668188202247191 0.5327715355805244 0.480688202247191 0.5273876404494382
0 0.4120435393258427 0.5383895131086143 0.4259129213483146 0.5428370786516854 0.4297752808988764 0.549625468164794 0.43223314606741575 0.5620318352059925 0.4297752808988764 0.5770131086142322 0.42485955056179775 0.5819288389513109 0.4178370786516854 0.5835674157303371 0.4104634831460674 0.5826310861423221 0.4041432584269663 0.5758426966292135 0.4001053370786517 0.5573501872659176 0.3999297752808989 0.5468164794007491 0.4023876404494382 0.5423689138576779 0.40765449438202245 0.5381554307116105 0.4118679775280899 0.5383895131086143
0 0.5970856741573034 0.6076779026217228 0.6128862359550562 0.6114232209737828 0.6193820224719101 0.62312734082397 0.6190308988764045 0.6404494382022472 0.6144662921348315 0.6477059925093633 0.609375 0.6502808988764045 0.5988412921348315 0.6484082397003745 0.5914676966292135 0.6406835205992509 0.5884831460674157 0.6329588014981273 0.5877808988764045 0.614934456928839 0.5916432584269663 0.6086142322097379 0.5969101123595506 0.6076779026217228
0 0.3107443820224719 0.6301498127340824 0.32110252808988765 0.6425561797752809 0.3186446629213483 0.6544943820224719 0.30740870786516855 0.6692415730337079 0.2907303370786517 0.6750936329588015 0.2847612359550562 0.673689138576779 0.2810744382022472 0.6697097378277154 0.2752808988764045 0.6512172284644194 0.2751053370786517 0.6432584269662921 0.28651685393258425 0.6348314606741573 0.3105688202247191 0.6301498127340824
0 0.5732092696629213 0.5287921348314607 0.5797050561797753 0.5318352059925093 0.5858497191011236 0.5393258426966292 0.5872542134831461 0.5547752808988764 0.5862008426966292 0.5608614232209738 0.5819873595505618 0.5669475655430711 0.5725070224719101 0.5702247191011236 0.5675912921348315 0.5699906367041199 0.5593398876404494 0.5615636704119851 0.5567064606741573 0.5566479400749064 0.5553019662921348 0.5461142322097379 0.5575842696629213 0.5365168539325843 0.5607443820224719 0.5325374531835206 0.5730337078651685 0.5287921348314607
0 0.4510182584269663 0.5788857677902621 0.4585674157303371 0.5830992509363296 0.46155196629213485 0.5887172284644194 0.46207865168539325 0.6079119850187266 0.45821629213483145 0.6172752808988764 0.44662921348314605 0.6226591760299626 0.43890449438202245 0.6200842696629213 0.4332865168539326 0.6128277153558053 0.4320575842696629 0.5952715355805244 0.441186797752809 0.5814606741573034 0.4508426966292135 0.5788857677902621
0 0.655372191011236 0.6837546816479401 0.6664325842696629 0.6910112359550562 0.6776685393258427 0.6940543071161048 0.6831109550561798 0.7045880149812734 0.6846910112359551 0.7125468164794008 0.6834620786516854 0.7207397003745318 0.6790730337078652 0.7272940074906367 0.6724016853932584 0.7308052434456929 0.6625702247191011 0.7272940074906367 0.6537921348314607 0.713249063670412 0.6506320224719101 0.6924157303370787 0.6523876404494382 0.6853932584269663 0.6551966292134831 0.6837546816479401
0 0.42292837078651685 0.6200842696629213 0.42907303370786515 0.6219569288389513 0.4332865168539326 0.62687265917603 0.4357443820224719 0.637874531835206 0.4294241573033708 0.6647940074906367 0.42240168539325845 0.6725187265917603 0.41485252808988765 0.6750936329588015 0.4080056179775281 0.6729868913857678 0.4039676966292135 0.6685393258426966 0.4002808988764045 0.6540262172284644 0.40344101123595505 0.6371722846441947 0.41274578651685395 0.6289794007490637 0.41502808988764045 0.6228932584269663 0.42275280898876405 0.6200842696629213
0 0.38026685393258425 0.6900749063670412 0.3871137640449438 0.6924157303370787 0.38922050561797755 0.699438202247191 0.3793890449438202 0.7174625468164794 0.3767556179775281 0.7336142322097379 0.37745786516853935 0.7413389513108615 0.37394662921348315 0.7478932584269663 0.36622191011235955 0.7556179775280899 0.3558637640449438 0.7563202247191011 0.34866573033707865 0.7450842696629213 0.3479634831460674 0.7305711610486891 0.351123595505618 0.7186329588014981 0.3551615168539326 0.7127808988764045 0.38009129213483145 0.6903089887640449
0 0.36411516853932585 0.5472846441947565 0.3707865168539326 0.5536048689138576 0.3711376404494382 0.5746722846441947 0.36639747191011235 0.5823970037453183 0.35252808988764045 0.588249063670412 0.347436797752809 0.5861423220973783 0.34094101123595505 0.5786516853932584 0.3393609550561798 0.56062734082397 0.34111657303370785 0.5552434456928839 0.3479634831460674 0.5484550561797753 0.3537570224719101 0.5461142322097379 0.36393960674157305 0.5472846441947565
0 0.27650983146067415 0.7144194756554307 0.2828300561797753 0.7153558052434457 0.28792134831460675 0.7205056179775281 0.28774578651685395 0.7326779026217228 0.2816011235955056 0.7549157303370787 0.2733497191011236 0.7588951310861424 0.2654494382022472 0.7584269662921348 0.2614115168539326 0.7553838951310862 0.2538623595505618 0.7446161048689138 0.24877106741573032 0.7272940074906367 0.25122893258426965 0.7198033707865169 0.25526685393258425 0.7153558052434457 0.27633426966292135 0.7144194756554307
0 0.6997893258426966 0.6432584269662921 0.7129564606741573 0.6509831460674157 0.7182233146067416 0.6619850187265918 0.7168188202247191 0.6797752808988764 0.7071629213483146 0.6870318352059925 0.692064606741573 0.6811797752808989 0.6831109550561798 0.6544943820224719 0.6839887640449438 0.6491104868913857 0.6996137640449438 0.6432584269662921
0 0.5200140449438202 0.6540262172284644 0.5247542134831461 0.6570692883895131 0.5284410112359551 0.6715823970037453 0.5277387640449438 0.6823501872659176 0.5196629213483146 0.6938202247191011 0.5052668539325843 0.7027153558052435 0.4984199438202247 0.6952247191011236 0.4984199438202247 0.6647940074906367 0.5028089887640449 0.6563670411985019 0.5198384831460674 0.6540262172284644
0 0.6674859550561798 0.5187265917602997 0.6785463483146067 0.524812734082397 0.6817064606741573 0.5362827715355806 0.6795997191011236 0.5536048689138576 0.6746839887640449 0.5585205992509363 0.6685393258426966 0.5603932584269663 0.6583567415730337 0.5587546816479401 0.6529143258426966 0.5540730337078652 0.648876404494382 0.5468164794007491 0.647998595505618 0.5341760299625468 0.6504564606741573 0.5262172284644194 0.6550210674157303 0.5215355805243446 0.667310393258427 0.5187265917602997
0 0.4044943820224719 0.6942883895131086 0.41099016853932585 0.6954588014981273 0.41537921348314605 0.699438202247191 0.4044943820224719 0.7422752808988764 0.3967696629213483 0.7485955056179775 0.3871137640449438 0.7495318352059925 0.3788623595505618 0.7413389513108615 0.37798455056179775 0.7326779026217228 0.3788623595505618 0.7202715355805244 0.3825491573033708 0.7102059925093633 0.39360955056179775 0.699438202247191 0.4043188202247191 0.6945224719101124
0 0.23156601123595505 0.5545411985018727 0.24280196629213482 0.5608614232209738 0.24543539325842698 0.5676498127340824 0.246313202247191 0.5814606741573034 0.23577949438202248 0.5924625468164794 0.22507022471910113 0.5952715355805244 0.2129564606741573 0.5912921348314607 0.2090941011235955 0.5809925093632958 0.2090941011235955 0.5720973782771536 0.21207865168539325 0.5641385767790262 0.2168188202247191 0.5587546816479401 0.23139044943820225 0.5545411985018727
0 0.24561095505617977 0.6741573033707865 0.258251404494382 0.6858614232209738 0.2579002808988764 0.6963951310861424 0.2515800561797753 0.7088014981273408 0.2345505617977528 0.7193352059925093 0.2264747191011236 0.7174625468164794 0.22191011235955055 0.7102059925093633 0.22366573033707865 0.6853932584269663 0.2266502808988764 0.6809456928838952 0.24543539325842698 0.6741573033707865
0 0.288623595505618 0.5512640449438202 0.3030196629213483 0.5573501872659176 0.30740870786516855 0.5639044943820225 0.30740870786516855 0.5709269662921348 0.30389747191011235 0.5814606741573034 0.29353932584269665 0.5926966292134831 0.28634129213483145 0.5959737827715356 0.2752808988764045 0.5924625468164794 0.2673806179775281 0.5849719101123596 0.26457162921348315 0.574438202247191 0.26896067415730335 0.5622659176029963 0.27598314606741575 0.5545411985018727 0.28844803370786515 0.5512640449438202
0 0.5403792134831461 0.6472378277153558 0.5537219101123596 0.6568352059925093 0.5595154494382022 0.6722846441947565 0.5600421348314607 0.6865636704119851 0.5574087078651685 0.7029494382022472 0.5537219101123596 0.7076310861423221 0.5475772471910112 0.7092696629213483 0.5433637640449438 0.7088014981273408 0.5398525280898876 0.7050561797752809 0.5293188202247191 0.6825842696629213 0.5291432584269663 0.6713483146067416 0.5333567415730337 0.6580056179775281 0.5328300561797753 0.6509831460674157 0.5356390449438202 0.6474719101123596 0.5402036516853933 0.6472378277153558
0 0.45172050561797755 0.5337078651685393 0.4608497191011236 0.5414325842696629 0.4666432584269663 0.5636704119850188 0.4645365168539326 0.5723314606741573 0.4566362359550562 0.5779494382022472 0.43890449438202245 0.5735018726591761 0.43451544943820225 0.5681179775280899 0.4317064606741573 0.5571161048689138 0.4313553370786517 0.5489232209737828 0.4371488764044944 0.5374531835205992 0.4455758426966292 0.5330056179775281 0.4515449438202247 0.5337078651685393
0 0.4861306179775281 0.6551966292134831 0.49139747191011235 0.6582397003745318 0.4957865168539326 0.6645599250936329 0.49929775280898875 0.6837546816479401 0.496313202247191 0.6959269662921348 0.49139747191011235 0.7010767790262172 0.48507724719101125 0.7027153558052435 0.47735252808988765 0.702247191011236 0.47366573033707865 0.699438202247191 0.47120786516853935 0.6926498127340824 0.4706811797752809 0.6814138576779026 0.47120786516853935 0.6687734082397003 0.4741924157303371 0.6612827715355806 0.480688202247191 0.6551966292134831 0.4859550561797753 0.6551966292134831
0 0.2563202247191011 0.6392790262172284 0.28054775280898875 0.6404494382022472 0.2772120786516854 0.6425561797752809 0.27633426966292135 0.6479400749063671 0.28072331460674155 0.6753277153558053 0.27879213483146065 0.6786048689138576 0.26228932584269665 0.6825842696629213 0.25526685393258425 0.6804775280898876 0.24771769662921347 0.6720505617977528 0.2442064606741573 0.6573033707865169 0.24455758426966293 0.6453651685393258 0.25070224719101125 0.6392790262172284 0.2561446629213483 0.6392790262172284
0 0.24245084269662923 0.6371722846441947 0.24701544943820225 0.6402153558052435 0.2422752808988764 0.6509831460674157 0.2443820224719101 0.6687734082397003 0.23788623595505617 0.6760299625468165 0.22752808988764045 0.6797752808988764 0.22033005617977527 0.6760299625468165 0.21576544943820225 0.6680711610486891 0.2148876404494382 0.6594101123595506 0.2169943820224719 0.6493445692883895 0.22735252808988765 0.6385767790262172 0.2422752808988764 0.6371722846441947
0 0.3922050561797753 0.6259363295880149 0.3981741573033708 0.6289794007490637 0.4022120786516854 0.6367041198501873 0.402563202247191 0.6484082397003745 0.39975421348314605 0.6580056179775281 0.394311797752809 0.6657303370786517 0.3871137640449438 0.6722846441947565 0.3804424157303371 0.6734550561797753 0.3732443820224719 0.6704119850187266 0.3674508426966292 0.6615168539325843 0.3674508426966292 0.6439606741573034 0.3765800561797753 0.6303838951310862 0.39202949438202245 0.6259363295880149
0 0.7159410112359551 0.5976123595505618 0.717872191011236 0.6025280898876404 0.7134831460674157 0.6093164794007491 0.7143609550561798 0.6233614232209738 0.7115519662921348 0.6331928838951311 0.7066362359550562 0.6411516853932584 0.6927668539325843 0.6448970037453183 0.6885533707865169 0.6446629213483146 0.6843398876404494 0.6404494382022472 0.6841643258426966 0.62312734082397 0.6797752808988764 0.6022940074906367 0.6820575842696629 0.5987827715355806 0.7052317415730337 0.600187265917603 0.7099719101123596 0.5936329588014981 0.7134831460674157 0.5938670411985019 0.7157654494382022 0.5976123595505618
0 0.6997893258426966 0.68562734082397 0.7110252808988764 0.6900749063670412 0.7194522471910112 0.7069288389513109 0.719627808988764 0.7167602996254682 0.7173455056179775 0.724250936329588 0.706811797752809 0.7308052434456929 0.6961025280898876 0.727996254681648 0.688377808988764 0.7174625468164794 0.6834620786516854 0.6961610486891385 0.6846910112359551 0.6924157303370787 0.6908356741573034 0.6877340823970037 0.6996137640449438 0.68562734082397
0 0.546875 0.5702247191011236 0.5558286516853933 0.5720973782771536 0.5607443820224719 0.5674157303370787 0.5626755617977528 0.5709269662921348 0.5600421348314607 0.5746722846441947 0.5612710674157303 0.5987827715355806 0.5572331460674157 0.6081460674157303 0.550561797752809 0.6132958801498127 0.5402036516853933 0.6165730337078652 0.5331811797752809 0.6161048689138576 0.5282654494382022 0.6090823970037453 0.530372191011236 0.5814606741573034 0.5363412921348315 0.5737359550561798 0.5466994382022472 0.5704588014981273
0 0.33093398876404495 0.5484550561797753 0.3395365168539326 0.5538389513108615 0.3393609550561798 0.5786516853932584 0.33479634831460675 0.5859082397003745 0.3218047752808989 0.5901217228464419 0.3168890449438202 0.588249063670412 0.3107443820224719 0.5807584269662921 0.30933988764044945 0.5622659176029963 0.3125 0.5540730337078652 0.31706460674157305 0.5500936329588015 0.3239115168539326 0.5475187265917603 0.33075842696629215 0.5484550561797753
0 0.6580056179775281 0.6423220973782772 0.6794241573033708 0.6533239700374532 0.686622191011236 0.6680711610486891 0.6857443820224719 0.6818820224719101 0.6797752808988764 0.6905430711610487 0.675561797752809 0.6919475655430711 0.6671348314606742 0.6907771535580525 0.6546699438202247 0.6797752808988764 0.6469452247191011 0.6615168539325843 0.6469452247191011 0.651685393258427 0.6506320224719101 0.6439606741573034 0.6578300561797753 0.6423220973782772
0 0.5214185393258427 0.5760767790262172 0.526685393258427 0.5821629213483146 0.5282654494382022 0.5908239700374532 0.5270365168539326 0.612125468164794 0.5226474719101124 0.6163389513108615 0.5054424157303371 0.6135299625468165 0.5014044943820225 0.6097846441947565 0.49947331460674155 0.6013576779026217 0.49929775280898875 0.584503745318352 0.5022823033707865 0.5788857677902621 0.5152738764044944 0.5751404494382022 0.5212429775280899 0.5760767790262172
0 0.2737008426966292 0.596441947565543 0.28230337078651685 0.5978464419475655 0.28581460674157305 0.6008895131086143 0.28792134831460675 0.6058052434456929 0.2875702247191011 0.6128277153558053 0.27791432584269665 0.6324906367041199 0.26685393258426965 0.638810861423221 0.25087780898876405 0.636938202247191 0.2478932584269663 0.6301498127340824 0.24754213483146068 0.6142322097378277 0.25526685393258425 0.6013576779026217 0.2735252808988764 0.596441947565543
0 0.6720505617977528 0.6074438202247191 0.680126404494382 0.6128277153558053 0.6839887640449438 0.6252340823970037 0.6825842696629213 0.636938202247191 0.6741573033707865 0.6448970037453183 0.6604634831460674 0.6406835205992509 0.6548455056179775 0.6301498127340824 0.6560744382022472 0.6123595505617978 0.671875 0.6074438202247191
0 0.45593398876404495 0.7043539325842697 0.4645365168539326 0.7088014981273408 0.4703300561797753 0.7202715355805244 0.47173455056179775 0.7378277153558053 0.4648876404494382 0.74812734082397 0.4668188202247191 0.7560861423220974 0.46207865168539325 0.7595973782771536 0.4589185393258427 0.7584269662921348 0.456811797752809 0.7511704119850188 0.44417134831460675 0.7453183520599251 0.44083567415730335 0.738061797752809 0.44048455056179775 0.723314606741573 0.4432935393258427 0.7102059925093633 0.4492626404494382 0.704119850187266 0.45575842696629215 0.7043539325842697
0 0.6279845505617978 0.514747191011236 0.6429073033707865 0.522003745318352 0.6472963483146067 0.536750936329588 0.6474719101123596 0.5503277153558053 0.6453651685393258 0.5543071161048689 0.6409761235955056 0.5585205992509363 0.6336025280898876 0.5603932584269663 0.6246488764044944 0.5582865168539326 0.6202598314606742 0.5538389513108615 0.6141151685393258 0.5297284644194756 0.6186797752808989 0.5173220973782772 0.6278089887640449 0.514747191011236
0 0.30758426966292135 0.6743913857677902 0.3144311797752809 0.6811797752808989 0.3109199438202247 0.7092696629213483 0.308813202247191 0.7130149812734082 0.3009129213483146 0.7165262172284644 0.29353932584269665 0.7158239700374532 0.2854634831460674 0.7069288389513109 0.2793188202247191 0.68937265917603 0.2791432584269663 0.6825842696629213 0.2830056179775281 0.6767322097378277 0.30740870786516855 0.6743913857677902
0 0.4569873595505618 0.6575374531835206 0.4648876404494382 0.6605805243445693 0.4705056179775281 0.6683052434456929 0.46927668539325845 0.6961610486891385 0.4629564606741573 0.7043539325842697 0.44276685393258425 0.7052902621722846 0.43837780898876405 0.6863295880149812 0.441186797752809 0.6715823970037453 0.449438202247191 0.6598782771535581 0.456811797752809 0.6575374531835206
0 0.7010182584269663 0.5159176029962547 0.7064606741573034 0.5201310861423221 0.7101474719101124 0.5276217228464419 0.7110252808988764 0.5409644194756554 0.7071629213483146 0.5522003745318352 0.6961025280898876 0.5568820224719101 0.688377808988764 0.5554775280898876 0.6824087078651685 0.5503277153558053 0.6795997191011236 0.5259831460674157 0.6855688202247191 0.5177902621722846 0.7008426966292135 0.5159176029962547
0 0.3472612359550562 0.7078651685393258 0.3518258426966292 0.7134831460674157 0.34673455056179775 0.7277621722846442 0.3479634831460674 0.7450842696629213 0.35287921348314605 0.7558520599250936 0.34884129213483145 0.7635767790262172 0.3421699438202247 0.7682584269662921 0.32672050561797755 0.7624063670411985 0.31934691011235955 0.7565543071161048 0.31706460674157305 0.7270599250936329 0.3205758426966292 0.7183988764044944 0.3283005617977528 0.7181647940074907 0.3418188202247191 0.7078651685393258 0.34708567415730335 0.7078651685393258
1 0.23527738764044945 0.617123127340824 0.02814080056179775 0.041985018726591765
1 0.24438026685393258 0.7357186329588015 0.026448384831460676 0.045098314606741574
1 0.27019662921348314 0.692633426966292 0.028922050561797755 0.038511235955056185
1 0.3005196629213483 0.6110978464419476 0.026365870786516855 0.0393000936329588
1 0.3900438904494382 0.6027879213483146 0.08252106741573034 0.03516385767790262
1 0.34573384831460674 0.6477574906367041 0.039548806179775284 0.0330313670411985
1 0.35872717696629214 0.640063202247191 0.02574262640449438 0.11751638576779025
1 0.39494030898876403 0.6750234082397003 0.08997366573033708 0.02982443820224719
1 0.46624122191011236 0.6374485018726591 0.05584445224719101 0.034262640449438206
1 0.5575386235955055 0.6308637640449438 0.0581934691011236 0.036694756554307116
1 0.5727036516853933 0.6077387640449439 0.02883251404494382 0.07627574906367042
1 0.6224789325842697 0.6655407303370786 0.05699087078651686 0.03426498127340824
1 0.6315800561797753 0.5788506554307116 0.026034058988764045 0.03878511235955056
1 0.6977247191011235 0.5760791198501873 0.028407654494382022 0.03480337078651686
1 0.5652580758426966 0.7169522471910112 0.06192942415730337 0.03409176029962546
2 0.215063202247191 0.5465823970037453 0.7127808988764045 0.5161516853932584 0.723314606741573 0.7326779026217228 0.22296348314606743 0.7607677902621723