0 0.45189606741573035 0.6381086142322098 0.461376404494382 0.6441947565543071 0.46400983146067415 0.6544943820224719 0.4533005617977528 0.6753277153558053 0.4475070224719101 0.6762640449438202 0.43855337078651685 0.6715823970037453 0.4352176966292135 0.6647940074906367 0.43293539325842695 0.6509831460674157 0.4357443820224719 0.6406835205992509 0.4392556179775281 0.6418539325842697 0.444873595505618 0.6381086142322098 0.45172050561797755 0.6381086142322098
0 0.38412921348314605 0.6493445692883895 0.3941362359550562 0.6580056179775281 0.3964185393258427 0.6664325842696629 0.3941362359550562 0.6783707865168539 0.38728932584269665 0.6867977528089888 0.37377106741573035 0.6837546816479401 0.36990870786516855 0.6690074906367042 0.37254213483146065 0.6580056179775281 0.38395365168539325 0.6493445692883895
0 0.5019311797752809 0.30758426966292135 0.5086025280898876 0.31203183520599254 0.5121137640449438 0.32092696629213485 0.5105337078651685 0.33239700374531833 0.5021067415730337 0.3410580524344569 0.492626404494382 0.33918539325842695 0.48735955056179775 0.3347378277153558 0.4859550561797753 0.32865168539325845 0.48700842696629215 0.3181179775280899 0.48946629213483145 0.31296816479400746 0.49473314606741575 0.3082865168539326 0.5017556179775281 0.30758426966292135
0 0.522998595505618 0.6530898876404494 0.5310744382022472 0.6591760299625468 0.5340589887640449 0.6732209737827716 0.5310744382022472 0.6849250936329588 0.5224719101123596 0.6898408239700374 0.511938202247191 0.6849250936329588 0.508251404494382 0.6683052434456929 0.5093047752808989 0.6596441947565543 0.5228230337078652 0.6530898876404494
0 0.5860252808988764 0.4028558052434457 0.5930477528089888 0.40636704119850187 0.5963834269662921 0.4131554307116105 0.5963834269662921 0.4311797752808989 0.5919943820224719 0.43913857677902624 0.5816362359550562 0.4431179775280899 0.5793539325842697 0.4426498127340824 0.5807584269662921 0.43913857677902624 0.5693469101123596 0.42532771535580527 0.5688202247191011 0.41760299625468167 0.5702247191011236 0.41058052434456926 0.5733848314606742 0.40636704119850187 0.5858497191011236 0.4028558052434457
0 0.6169241573033708 0.40777153558052437 0.6274578651685393 0.4154962546816479 0.6300912921348315 0.42907303370786515 0.6237710674157303 0.44335205992509363 0.6163974719101124 0.4477996254681648 0.6125351123595506 0.44756554307116103 0.6074438202247191 0.4426498127340824 0.6014747191011236 0.42532771535580527 0.6034058988764045 0.4166666666666667 0.6072682584269663 0.4110486891385768 0.616748595505618 0.40777153558052437
0 0.5396769662921348 0.35252808988764045 0.5472261235955056 0.35931647940074907 0.5498595505617978 0.3728932584269663 0.5474016853932584 0.3815543071161049 0.5363412921348315 0.39068352059925093 0.5291432584269663 0.38647003745318353 0.5242275280898876 0.3801498127340824 0.5240519662921348 0.3625936329588015 0.5300210674157303 0.3548689138576779 0.539501404494382 0.35252808988764045
0 0.5881320224719101 0.5313670411985019 0.5953300561797753 0.5323033707865169 0.5990168539325843 0.5362827715355806 0.6023525280898876 0.5463483146067416 0.6016502808988764 0.5575842696629213 0.5919943820224719 0.5674157303370787 0.5812851123595506 0.56437265917603 0.5740870786516854 0.5538389513108615 0.5768960674157303 0.538623595505618 0.5849719101123596 0.5313670411985019 0.5879564606741573 0.5313670411985019
0 0.5537219101123596 0.6573033707865169 0.5603932584269663 0.6598782771535581 0.5660112359550562 0.6678370786516854 0.5642556179775281 0.6858614232209738 0.5605688202247191 0.6907771535580525 0.554248595505618 0.6931179775280899 0.546875 0.6910112359550562 0.5430126404494382 0.6867977528089888 0.5412570224719101 0.6748595505617978 0.5414325842696629 0.6683052434456929 0.5442415730337079 0.6631554307116105 0.5479283707865169 0.658941947565543 0.5535463483146067 0.6573033707865169
0 0.36973314606741575 0.3012640449438202 0.37763342696629215 0.3059456928838951 0.38149578651685395 0.31647940074906367 0.37763342696629215 0.33052434456928836 0.3709620786516854 0.3352059925093633 0.359375 0.3312265917602996 0.3558637640449438 0.3213951310861423 0.35603932584269665 0.31413857677902624 0.3590238764044944 0.3059456928838951 0.3695575842696629 0.3012640449438202
0 0.40168539325842695 0.3052434456928839 0.4081811797752809 0.3082865168539326 0.4122191011235955 0.31413857677902624 0.4137991573033708 0.3274812734082397 0.4083567415730337 0.3366104868913858 0.39747191011235955 0.34058988764044945 0.39396067415730335 0.3398876404494382 0.39009831460674155 0.3345037453183521 0.38746488764044945 0.31788389513108617 0.3922050561797753 0.3080524344569288 0.40150983146067415 0.3052434456928839
0 0.492626404494382 0.43164794007490637 0.49859550561797755 0.4339887640449438 0.5031601123595506 0.43913857677902624 0.5057935393258427 0.449438202247191 0.5014044943820225 0.4637172284644195 0.49157303370786515 0.4681647940074906 0.4801615168539326 0.4583333333333333 0.4789325842696629 0.449438202247191 0.48314606741573035 0.43703183520599254 0.4924508426966292 0.43164794007490637
0 0.5877808988764045 0.6437265917602997 0.5962078651685393 0.6509831460674157 0.5993679775280899 0.6683052434456929 0.5925210674157303 0.6818820224719101 0.5884831460674157 0.6835205992509363 0.5760182584269663 0.6769662921348315 0.5704002808988764 0.6647940074906367 0.573560393258427 0.649812734082397 0.5814606741573034 0.6439606741573034 0.5876053370786517 0.6437265917602997
0 0.515625 0.5877808988764045 0.5294943820224719 0.601123595505618 0.5340589887640449 0.6123595505617978 0.5333567415730337 0.62312734082397 0.5301966292134831 0.6292134831460674 0.5259831460674157 0.6341292134831461 0.519311797752809 0.636938202247191 0.5105337078651685 0.6343632958801498 0.504564606741573 0.6266385767790262 0.5024578651685393 0.6100187265917603 0.5042134831460674 0.5922284644194756 0.5089536516853933 0.5880149812734082 0.5154494382022472 0.5877808988764045
0 0.4668188202247191 0.3157771535580524 0.4747191011235955 0.32092696629213485 0.4782303370786517 0.3387172284644195 0.47384129213483145 0.3497191011235955 0.46207865168539325 0.35463483146067415 0.45259831460674155 0.34995318352059923 0.4489115168539326 0.3441011235955056 0.44856039325842695 0.3291198501872659 0.4510182584269663 0.3213951310861423 0.4554073033707865 0.31624531835205993 0.4666432584269663 0.3157771535580524
0 0.5305477528089888 0.48267790262172283 0.5380969101123596 0.488061797752809 0.5407303370786517 0.49929775280898875 0.5370435393258427 0.5124063670411985 0.5294943820224719 0.516619850187266 0.5179073033707865 0.512874531835206 0.5140449438202247 0.5035112359550562 0.514747191011236 0.49461610486891383 0.5189606741573034 0.48618913857677903 0.530372191011236 0.48267790262172283
0 0.36271067415730335 0.5102996254681648 0.3748244382022472 0.5154494382022472 0.3793890449438202 0.5325374531835206 0.37780898876404495 0.5435393258426966 0.37025983146067415 0.5514981273408239 0.3635884831460674 0.5519662921348315 0.3576193820224719 0.548689138576779 0.35059691011235955 0.5362827715355806 0.352001404494382 0.5189606741573034 0.355688202247191 0.5149812734082397 0.36025280898876405 0.5159176029962547 0.35814606741573035 0.511938202247191 0.36253511235955055 0.5105337078651685
0 0.5228230337078652 0.39232209737827717 0.5307233146067416 0.39957865168539325 0.5326544943820225 0.40823970037453183 0.5300210674157303 0.41924157303370785 0.5263342696629213 0.4232209737827715 0.5208918539325843 0.4243913857677903 0.5152738764044944 0.4243913857677903 0.511060393258427 0.4204119850187266 0.508251404494382 0.4147940074906367 0.5079002808988764 0.4044943820224719 0.511060393258427 0.39653558052434457 0.5226474719101124 0.39232209737827717
0 0.5612710674157303 0.3171816479400749 0.5681179775280899 0.32303370786516855 0.5718047752808989 0.3352059925093633 0.5679424157303371 0.3471441947565543 0.5584620786516854 0.3522940074906367 0.5537219101123596 0.352059925093633 0.5486306179775281 0.3476123595505618 0.5458216292134831 0.3342696629213483 0.551439606741573 0.32045880149812733 0.5610955056179775 0.3171816479400749
0 0.4183637640449438 0.5945692883895131 0.4273174157303371 0.6004213483146067 0.43082865168539325 0.6142322097378277 0.42485955056179775 0.6266385767790262 0.41520365168539325 0.6306179775280899 0.4043188202247191 0.6240636704119851 0.4022120786516854 0.6093164794007491 0.4043188202247191 0.6022940074906367 0.4097612359550562 0.5957397003745318 0.418188202247191 0.5945692883895131
0 0.40291432584269665 0.4758895131086142 0.4102879213483146 0.48010299625468167 0.41327247191011235 0.4892322097378277 0.4097612359550562 0.5056179775280899 0.40098314606741575 0.5110018726591761 0.39325842696629215 0.5093632958801498 0.3867626404494382 0.5037453183520599 0.38553370786516855 0.48782771535580527 0.39325842696629215 0.4779962546816479 0.4027387640449438 0.4758895131086142
0 0.6144662921348315 0.45482209737827717 0.620435393258427 0.4583333333333333 0.6251755617977528 0.46652621722846443 0.624122191011236 0.48057116104868913 0.6209620786516854 0.4854868913857678 0.609375 0.48852996254681647 0.6004213483146067 0.48080524344569286 0.5991924157303371 0.4669943820224719 0.6053370786516854 0.45529026217228463 0.6142907303370787 0.45482209737827717
0 0.6163974719101124 0.6526217228464419 0.6272823033707865 0.6605805243445693 0.6314957865168539 0.6776685393258427 0.6278089887640449 0.6912453183520599 0.6188553370786517 0.6973314606741573 0.6125351123595506 0.6970973782771536 0.6060393258426966 0.6926498127340824 0.6000702247191011 0.6788389513108615 0.6037570224719101 0.6580056179775281 0.6091994382022472 0.6533239700374532 0.6162219101123596 0.6526217228464419
0 0.378686797752809 0.3848314606741573 0.3843047752808989 0.38881086142322097 0.38728932584269665 0.39442883895131087 0.38781601123595505 0.4096441947565543 0.38360252808988765 0.41830524344569286 0.3734199438202247 0.42228464419475653 0.36271067415730335 0.4147940074906367 0.35849719101123595 0.40098314606741575 0.3670997191011236 0.38553370786516855 0.3785112359550562 0.3848314606741573
0 0.5316011235955056 0.31015917602996257 0.5393258426966292 0.3176498127340824 0.5405547752808989 0.33146067415730335 0.5337078651685393 0.3431647940074906 0.5261587078651685 0.34573970037453183 0.5145716292134831 0.33824906367041196 0.5140449438202247 0.32186329588014984 0.5191362359550562 0.31296816479400746 0.5314255617977528 0.31015917602996257
0 0.6197331460674157 0.36446629213483145 0.6265800561797753 0.3661048689138577 0.6320224719101124 0.37336142322097376 0.6337780898876404 0.38038389513108617 0.6307935393258427 0.3925561797752809 0.6232443820224719 0.39957865168539325 0.6095505617977528 0.39747191011235955 0.6076193820224719 0.39419475655430714 0.6058637640449438 0.38436329588014984 0.6069171348314607 0.37265917602996257 0.6125351123595506 0.36680711610486894 0.6195575842696629 0.3647003745318352
0 0.49332865168539325 0.4789325842696629 0.5026334269662921 0.4833801498127341 0.5052668539325843 0.48782771535580527 0.5056179775280899 0.49461610486891383 0.5029845505617978 0.5070224719101124 0.49508426966292135 0.5133426966292135 0.48349719101123595 0.5112359550561798 0.4805126404494382 0.5072565543071161 0.4787570224719101 0.49836142322097376 0.4805126404494382 0.48478464419475653 0.4847261235955056 0.48057116104868913 0.49315308988764045 0.4789325842696629
0 0.5093047752808989 0.35042134831460675 0.5166783707865169 0.3562734082397004 0.5196629213483146 0.3625936329588015 0.520189606741573 0.3705524344569288 0.5168539325842697 0.38085205992509363 0.5089536516853933 0.3874063670411985 0.5033356741573034 0.38670411985018727 0.49877106741573035 0.3815543071161049 0.4959620786516854 0.3693820224719101 0.4978932584269663 0.35252808988764045 0.5091292134831461 0.35042134831460675
0 0.46032303370786515 0.4014513108614232 0.4671699438202247 0.40636704119850187 0.4703300561797753 0.4152621722846442 0.4668188202247191 0.4318820224719101 0.4566362359550562 0.43937265917602997 0.44610252808988765 0.4363295880149813 0.4415379213483146 0.4234550561797753 0.4490870786516854 0.4068352059925094 0.45610955056179775 0.40098314606741575 0.46014747191011235 0.4014513108614232
0 0.37008426966292135 0.6051029962546817 0.3772823033707865 0.6128277153558053 0.3788623595505618 0.6301498127340824 0.371313202247191 0.6404494382022472 0.3634129213483146 0.6420880149812734 0.3535814606741573 0.6371722846441947 0.35094803370786515 0.6299157303370787 0.35077247191011235 0.6198501872659176 0.35481039325842695 0.6095505617977528 0.3590238764044944 0.6058052434456929 0.36271067415730335 0.6036985018726592 0.36990870786516855 0.6051029962546817
0 0.3867626404494382 0.514747191011236 0.4027387640449438 0.5168539325842697 0.4085323033707865 0.5250468164794008 0.4097612359550562 0.5372191011235955 0.4078300561797753 0.5451779026217228 0.3981741573033708 0.548689138576779 0.383251404494382 0.5433052434456929 0.3813202247191011 0.522003745318352 0.3829002808988764 0.5154494382022472 0.3865870786516854 0.514747191011236
0 0.6255266853932584 0.4911048689138577 0.6336025280898876 0.5014044943820225 0.6346558988764045 0.5124063670411985 0.6309691011235955 0.5222378277153558 0.6239466292134831 0.526685393258427 0.6158707865168539 0.5262172284644194 0.6100772471910112 0.5222378277153558 0.6083216292134831 0.5189606741573034 0.6081460674157303 0.5051498127340824 0.6158707865168539 0.49414794007490637 0.6253511235955056 0.4911048689138577
0 0.6206109550561798 0.3232677902621723 0.6279845505617978 0.3267790262172285 0.6314957865168539 0.33169475655430714 0.6329002808988764 0.3387172284644195 0.625 0.3539325842696629 0.617626404494382 0.35697565543071164 0.6088483146067416 0.35252808988764045 0.6058637640449438 0.33707865168539325 0.6097261235955056 0.32724719101123595 0.6142907303370787 0.3237359550561798 0.620435393258427 0.3232677902621723
0 0.42082162921348315 0.6364700374531835 0.42889747191011235 0.6448970037453183 0.4311797752808989 0.6629213483146067 0.42521067415730335 0.6715823970037453 0.4183637640449438 0.6753277153558053 0.41309691011235955 0.6734550561797753 0.40519662921348315 0.662687265917603 0.4027387640449438 0.6519194756554307 0.4043188202247191 0.6441947565543071 0.40747893258426965 0.639747191011236 0.42064606741573035 0.6364700374531835
0 0.37025983146067415 0.34058988764044945 0.3785112359550562 0.34784644194756553 0.3809691011235955 0.35908239700374533 0.37780898876404495 0.3677434456928839 0.37008426966292135 0.37359550561797755 0.36007724719101125 0.37102059925093633 0.355688202247191 0.36587078651685395 0.35463483146067415 0.3600187265917603 0.35481039325842695 0.352059925093633 0.3591994382022472 0.34269662921348315 0.36235955056179775 0.34012172284644193 0.37008426966292135 0.34058988764044945
0 0.3576193820224719 0.6441947565543071 0.3670997191011236 0.6505149812734082 0.3693820224719101 0.6577715355805244 0.3669241573033708 0.673689138576779 0.3628862359550562 0.6786048689138576 0.3574438202247191 0.6804775280898876 0.3476123595505618 0.6772003745318352 0.3435744382022472 0.6661985018726592 0.34462780898876405 0.6549625468164794 0.3479634831460674 0.6477059925093633 0.35252808988764045 0.6439606741573034 0.3574438202247191 0.6441947565543071
0 0.6235955056179775 0.5316011235955056 0.6313202247191011 0.5397940074906367 0.6334269662921348 0.5500936329588015 0.6304424157303371 0.5620318352059925 0.6202598314606742 0.5683520599250936 0.6077949438202247 0.5610955056179775 0.6058637640449438 0.5573501872659176 0.605688202247191 0.5440074906367042 0.6104283707865169 0.533941947565543 0.6156952247191011 0.5311329588014981 0.6234199438202247 0.5316011235955056
0 0.624122191011236 0.5732677902621723 0.6313202247191011 0.5814606741573034 0.6327247191011236 0.5929307116104869 0.6306179775280899 0.6020599250936329 0.6225421348314607 0.6097846441947565 0.6162219101123596 0.6090823970037453 0.608497191011236 0.6022940074906367 0.6063904494382022 0.584503745318352 0.6072682584269663 0.5779494382022472 0.6109550561797753 0.574438202247191 0.6239466292134831 0.5732677902621723
0 0.49122191011235955 0.5648408239700374 0.49701544943820225 0.5699906367041199 0.5014044943820225 0.5830992509363296 0.4982443820224719 0.5978464419475655 0.48911516853932585 0.6022940074906367 0.4785814606741573 0.599250936329588 0.47524578651685395 0.5922284644194756 0.4743679775280899 0.5840355805243446 0.4766502808988764 0.5742041198501873 0.48103932584269665 0.5678838951310862 0.49104634831460675 0.5648408239700374
0 0.39747191011235955 0.4332865168539326 0.4081811797752809 0.43469101123595505 0.4137991573033708 0.438436329588015 0.41660814606741575 0.44288389513108617 0.4178370786516854 0.4524812734082397 0.41678370786516855 0.4639513108614232 0.41309691011235955 0.46863295880149813 0.40344101123595505 0.47191011235955055 0.394311797752809 0.46769662921348315 0.39132724719101125 0.46324906367041196 0.38922050561797755 0.448501872659176 0.39360955056179775 0.4375 0.39747191011235955 0.43352059925093633
0 0.3767556179775281 0.5566479400749064 0.3825491573033708 0.5676498127340824 0.3825491573033708 0.5816947565543071 0.3785112359550562 0.5896535580524345 0.3670997191011236 0.5957397003745318 0.36271067415730335 0.5955056179775281 0.3574438202247191 0.588249063670412 0.3549859550561798 0.575374531835206 0.35691713483146065 0.5641385767790262 0.36973314606741575 0.5564138576779026 0.3765800561797753 0.5566479400749064
0 0.36990870786516855 0.47097378277153557 0.37974016853932585 0.4758895131086142 0.3843047752808989 0.48735955056179775 0.3804424157303371 0.5046816479400749 0.37429775280898875 0.5088951310861424 0.3595505617977528 0.5051498127340824 0.3539325842696629 0.49836142322097376 0.3572682584269663 0.4772940074906367 0.36271067415730335 0.4716760299625468 0.36973314606741575 0.47097378277153557
0 0.48191713483146065 0.6467696629213483 0.4943820224719101 0.6514513108614233 0.4977176966292135 0.6643258426966292 0.4977176966292135 0.6720505617977528 0.49508426966292135 0.6788389513108615 0.48490168539325845 0.68562734082397 0.4768258426966292 0.68562734082397 0.4705056179775281 0.6818820224719101 0.4685744382022472 0.6783707865168539 0.47173455056179775 0.6753277153558053 0.46997893258426965 0.673689138576779 0.4669943820224719 0.6767322097378277 0.46558988764044945 0.6687734082397003 0.4703300561797753 0.6530898876404494 0.47717696629213485 0.6467696629213483 0.48174157303370785 0.6467696629213483
0 0.4352176966292135 0.30852059925093633 0.4432935393258427 0.3169475655430712 0.44452247191011235 0.32841760299625467 0.4392556179775281 0.3398876404494382 0.43275983146067415 0.3433988764044944 0.42275280898876405 0.3389513108614232 0.4202949438202247 0.3342696629213483 0.41941713483146065 0.32420411985018727 0.42082162921348315 0.31647940074906367 0.42450842696629215 0.31062734082397003 0.42889747191011235 0.3080524344569288 0.43504213483146065 0.30852059925093633
0 0.6207865168539326 0.48642322097378277 0.629564606741573 0.49087078651685395 0.6364115168539326 0.5049157303370787 0.6339536516853933 0.5189606741573034 0.6278089887640449 0.5264513108614233 0.6232443820224719 0.5283239700374532 0.6127106741573034 0.5280898876404494 0.6027036516853933 0.5205992509363296 0.5988412921348315 0.5126404494382022 0.5998946629213483 0.5016385767790262 0.6051615168539326 0.4936797752808989 0.6123595505617978 0.48829588014981273 0.6206109550561798 0.48642322097378277
0 0.5888342696629213 0.36025280898876405 0.5958567415730337 0.363998127340824 0.5997191011235955 0.37008426966292135 0.6004213483146067 0.38249063670411987 0.5990168539325843 0.3895131086142322 0.5953300561797753 0.39419475655430714 0.5918188202247191 0.3972378277153558 0.5849719101123596 0.39747191011235955 0.5746137640449438 0.3883426966292135 0.5711025280898876 0.37312734082397003 0.5746137640449438 0.3661048689138577 0.5886587078651685 0.36025280898876405
0 0.4592696629213483 0.5990168539325843 0.46875 0.6041666666666666 0.47208567415730335 0.6128277153558053 0.46875 0.6301498127340824 0.4608497191011236 0.6355337078651685 0.4487359550561798 0.6313202247191011 0.44452247191011235 0.6233614232209738 0.444873595505618 0.6125936329588015 0.44803370786516855 0.6041666666666666 0.453125 0.5997191011235955 0.4590941011235955 0.5990168539325843
0 0.5279143258426966 0.43796816479400746 0.5363412921348315 0.4463951310861423 0.5375702247191011 0.45786516853932585 0.5345856741573034 0.4660580524344569 0.5265098314606742 0.4726123595505618 0.5152738764044944 0.4683988764044944 0.511938202247191 0.46301498127340823 0.511060393258427 0.4529494382022472 0.511938202247191 0.44592696629213485 0.5152738764044944 0.4407771535580524 0.5277387640449438 0.43796816479400746
0 0.5856741573033708 0.4866573033707865 0.5921699438202247 0.4901685393258427 0.5962078651685393 0.49812734082397003 0.5972612359550562 0.5121722846441947 0.5926966292134831 0.5224719101123596 0.5849719101123596 0.5271535580524345 0.5730337078651685 0.5229400749063671 0.5691713483146067 0.5156835205992509 0.5677668539325843 0.5046816479400749 0.5723314606741573 0.4911048689138577 0.578125 0.48735955056179775 0.585498595505618 0.4866573033707865
0 0.6371137640449438 0.3171816479400749 0.6404494382022472 0.324438202247191 0.6348314606741573 0.33146067415730335 0.6357092696629213 0.34831460674157305 0.6320224719101124 0.3579119850187266 0.6234199438202247 0.363998127340824 0.6095505617977528 0.3661048689138577 0.6058637640449438 0.3647003745318352 0.6005969101123596 0.35603932584269665 0.6090238764044944 0.32771535580524347 0.6169241573033708 0.32256554307116103 0.6265800561797753 0.32467228464419473 0.6336025280898876 0.3171816479400749 0.636938202247191 0.3171816479400749
0 0.554248595505618 0.3892790262172285 0.5639044943820225 0.3960674157303371 0.5665379213483146 0.40426029962546817 0.566186797752809 0.41151685393258425 0.5639044943820225 0.4187734082397004 0.5602176966292135 0.42181647940074907 0.5574087078651685 0.4328183520599251 0.5512640449438202 0.43375468164794007 0.5433637640449438 0.43000936329588013 0.5430126404494382 0.42158239700374533 0.5389747191011236 0.4075374531835206 0.5433637640449438 0.39302434456928836 0.5540730337078652 0.3892790262172285
0 0.3950140449438202 0.6441947565543071 0.40115870786516855 0.6514513108614233 0.40115870786516855 0.6582397003745318 0.4039676966292135 0.6612827715355806 0.40291432584269665 0.6683052434456929 0.40502106741573035 0.6718164794007491 0.38395365168539325 0.6963951310861424 0.3767556179775281 0.6952247191011236 0.37166432584269665 0.6891385767790262 0.3692064606741573 0.6772003745318352 0.37043539325842695 0.6612827715355806 0.37622893258426965 0.6484082397003745 0.39378511235955055 0.6423220973782772 0.3948384831460674 0.6441947565543071
0 0.592872191011236 0.3192883895131086 0.5997191011235955 0.32397003745318353 0.6041081460674157 0.33707865168539325 0.6030547752808989 0.3455056179775281 0.5997191011235955 0.35252808988764045 0.5918188202247191 0.35908239700374533 0.5779494382022472 0.35510299625468167 0.5746137640449438 0.34831460674157305 0.5740870786516854 0.33848314606741575 0.5797050561797753 0.32397003745318353 0.5853230337078652 0.31952247191011235 0.5926966292134831 0.3192883895131086
0 0.3648174157303371 0.4272003745318352 0.37587780898876405 0.43141385767790263 0.38009129213483145 0.438436329588015 0.37622893258426965 0.45997191011235955 0.36780196629213485 0.46207865168539325 0.3576193820224719 0.45997191011235955 0.35252808988764045 0.4461610486891386 0.3558637640449438 0.43258426966292135 0.36464185393258425 0.4272003745318352
0 0.4919241573033708 0.6076779026217228 0.49894662921348315 0.6135299625468165 0.5021067415730337 0.6310861423220974 0.4982443820224719 0.6425561797752809 0.48964185393258425 0.6460674157303371 0.4841994382022472 0.6458333333333334 0.4789325842696629 0.6420880149812734 0.47594803370786515 0.6374063670411985 0.4748946629213483 0.6301498127340824 0.4762991573033708 0.6193820224719101 0.4803370786516854 0.6116573033707865 0.491748595505618 0.6076779026217228
2 0.6419710323033708 0.3113295880149813 0.3539810393258427 0.29737312734082394 0.34029950842696627 0.6865594569288389 0.6339403089887641 0.6996350655430711
1 0.40583040730337083 0.3718305243445693 0.026316713483146067 0.03205290262172285
1 0.43956811797752815 0.3770224719101124 0.020052668539325844 0.028389513108614234
1 0.4687341994382022 0.3781835205992509 0.021035814606741574 0.027588951310861424
1 0.555814606741573 0.380311329588015 0.018463834269662922 0.020922284644194756
1 0.5841450140449438 0.4640308988764045 0.020114115168539323 0.03230805243445693
1 0.552094452247191 0.46195692883895134 0.02038623595505618 0.03439840823970037
1 0.5514167837078652 0.5018305243445693 0.01903265449438202 0.02831460674157303
1 0.5805372191011235 0.5827130149812734 0.021091994382022472 0.030905898876404495
1 0.6098349719101124 0.6224274344569289 0.01999824438202247 0.030746722846441945
1 0.5792117275280899 0.62187265917603 0.02078125 0.02807818352059925
1 0.5478528792134831 0.6198852996254682 0.022438553370786516 0.03190543071161049
1 0.5492011938202247 0.5784925093632959 0.021622191011235956 0.030269194756554308
1 0.5500122893258427 0.5394709737827715 0.020905898876404493 0.03181179775280899
1 0.5201018258426966 0.5376310861423221 0.021945224719101125 0.03437734082397004
1 0.5184884129213483 0.5782350187265917 0.022231390449438202 0.03287453183520599
1 0.49023174157303373 0.5370294943820225 0.02423806179775281 0.03473080524344569
1 0.4662394662921348 0.4580360486891386 0.023067064606741572 0.03280196629213483
1 0.49640625000000005 0.4174742509363296 0.022540379213483144 0.0281437265917603
1 0.4397489466292135 0.41653792134831463 0.021587078651685392 0.03095271535580524
1 0.407589536516854 0.4134316479400749 0.019299508426966292 0.030983146067415732
1 0.4349736657303371 0.45557818352059926 0.02373946629213483 0.032567883895131086
1 0.43500877808988764 0.49462312734082403 0.022638693820224716 0.032628745318352054
1 0.4644838483146067 0.4970763108614233 0.02423806179775281 0.03129213483146068
1 0.4338237359550562 0.5346371722846441 0.020270365168539323 0.03150983146067416
1 0.46281952247191005 0.5354915730337079 0.023253160112359547 0.031654962546816476
1 0.4014255617977528 0.5721395131086142 0.0221875 0.02380383895131086
1 0.3976176264044944 0.6097144194756554 0.018081109550561796 0.02404728464419476
1 0.430840941011236 0.5747050561797753 0.02249648876404494 0.025812265917602994
1 0.461343047752809 0.5741760299625468 0.024978932584269663 0.02631554307116105