0 0.42521067415730335 0.4953183520599251 0.43240870786516855 0.49765917602996257 0.43662219101123595 0.5032771535580525 0.4376755617977528 0.5154494382022472 0.4339887640449438 0.5234082397003745 0.42889747191011235 0.5280898876404494 0.41924157303370785 0.5273876404494382 0.41485252808988765 0.524812734082397 0.4118679775280899 0.5189606741573034 0.41292134831460675 0.5074906367041199 0.4162570224719101 0.5 0.4201193820224719 0.49625468164794007 0.42503511235955055 0.4955524344569288
0 0.3690308988764045 0.6451310861423221 0.37359550561797755 0.6472378277153558 0.3772823033707865 0.6530898876404494 0.37780898876404495 0.6687734082397003 0.37377106741573035 0.6800093632958801 0.3635884831460674 0.6872659176029963 0.3555126404494382 0.6863295880149812 0.34831460674157305 0.6804775280898876 0.3460323033707865 0.6718164794007491 0.34673455056179775 0.6605805243445693 0.34866573033707865 0.653558052434457 0.35410814606741575 0.6474719101123596 0.3688553370786517 0.6451310861423221
0 0.5895365168539326 0.32256554307116103 0.5958567415730337 0.32865168539325845 0.5986657303370787 0.3433988764044944 0.5960323033707865 0.3529962546816479 0.5886587078651685 0.362125468164794 0.5777738764044944 0.3609550561797753 0.5723314606741573 0.3565074906367041 0.5691713483146067 0.34948501872659177 0.5689957865168539 0.33801498127340823 0.5728581460674157 0.32818352059925093 0.5777738764044944 0.323501872659176 0.5893609550561798 0.32256554307116103
0 0.554248595505618 0.39957865168539325 0.5630266853932584 0.4080056179775281 0.5654845505617978 0.4190074906367041 0.561622191011236 0.4323501872659176 0.5531952247191011 0.43984082397003743 0.547752808988764 0.43913857677902624 0.5393258426966292 0.4332865168539326 0.5370435393258427 0.4147940074906367 0.5398525280898876 0.40426029962546817 0.5540730337078652 0.39957865168539325
0 0.522998595505618 0.5269194756554307 0.5293188202247191 0.5283239700374532 0.5340589887640449 0.5327715355805244 0.5370435393258427 0.5470505617977528 0.5340589887640449 0.56062734082397 0.5296699438202247 0.5653089887640449 0.5226474719101124 0.5669475655430711 0.511938202247191 0.5617977528089888 0.5079002808988764 0.5540730337078652 0.507373595505618 0.5468164794007491 0.5084269662921348 0.5383895131086143 0.5115870786516854 0.5323033707865169 0.5228230337078652 0.5269194756554307
0 0.5265098314606742 0.44803370786516855 0.5335323033707865 0.45435393258426965 0.5356390449438202 0.46676029962546817 0.5335323033707865 0.47542134831460675 0.5261587078651685 0.4833801498127341 0.5187851123595506 0.4829119850187266 0.5143960674157303 0.4794007490636704 0.5105337078651685 0.47425093632958804 0.5086025280898876 0.4653558052434457 0.5094803370786517 0.45669475655430714 0.5129915730337079 0.4517790262172285 0.5184339887640449 0.448501872659176 0.5263342696629213 0.44803370786516855
0 0.36657303370786515 0.31015917602996257 0.37359550561797755 0.31741573033707865 0.3751755617977528 0.32865168539325845 0.3707865168539326 0.34012172284644193 0.3628862359550562 0.3443352059925094 0.3570926966292135 0.3424625468164794 0.35235252808988765 0.33707865168539325 0.35024578651685395 0.324438202247191 0.3553370786516854 0.31320224719101125 0.3590238764044944 0.3103932584269663 0.36639747191011235 0.31015917602996257
0 0.3964185393258427 0.3125 0.40484550561797755 0.3169475655430712 0.4085323033707865 0.32631086142322097 0.4064255617977528 0.33918539325842695 0.39764747191011235 0.34597378277153557 0.386938202247191 0.3429307116104869 0.38219803370786515 0.33146067415730335 0.3830758426966292 0.3211610486891386 0.38553370786516855 0.3171816479400749 0.3962429775280899 0.3125
0 0.49139747191011235 0.398876404494382 0.49877106741573035 0.40613295880149813 0.5003511235955056 0.41853932584269665 0.4957865168539326 0.4297752808988764 0.488061797752809 0.4332865168539326 0.4841994382022472 0.4323501872659176 0.4768258426966292 0.42485955056179775 0.476123595505618 0.41198501872659177 0.4805126404494382 0.4014513108614232 0.49122191011235955 0.398876404494382
0 0.5235252808988764 0.487125468164794 0.53125 0.49063670411985016 0.534936797752809 0.5049157303370787 0.5335323033707865 0.5156835205992509 0.5300210674157303 0.5203651685393258 0.5244030898876404 0.5222378277153558 0.511938202247191 0.5182584269662921 0.5077247191011236 0.5051498127340824 0.5093047752808989 0.49414794007490637 0.5186095505617978 0.487125468164794 0.5233497191011236 0.487125468164794
0 0.46629213483146065 0.31320224719101125 0.4747191011235955 0.3213951310861423 0.4766502808988764 0.33169475655430714 0.4727879213483146 0.3455056179775281 0.4648876404494382 0.3506554307116105 0.45575842696629215 0.3487827715355805 0.4496137640449438 0.33848314606741575 0.44856039325842695 0.32982209737827717 0.4550561797752809 0.31647940074906367 0.45997191011235955 0.31273408239700373 0.46611657303370785 0.31320224719101125
0 0.4297752808988764 0.3155430711610487 0.43697331460674155 0.3202247191011236 0.44066011235955055 0.3321629213483146 0.4394311797752809 0.3419943820224719 0.43223314606741575 0.3497191011235955 0.42047050561797755 0.34620786516853935 0.4143258426966292 0.3345037453183521 0.414501404494382 0.32771535580524347 0.4183637640449438 0.31999063670411987 0.42521067415730335 0.3150749063670412 0.4295997191011236 0.3155430711610487
0 0.6165730337078652 0.36680711610486894 0.6214887640449438 0.36891385767790263 0.6265800561797753 0.37523408239700373 0.6278089887640449 0.386001872659176 0.6246488764044944 0.39536516853932585 0.6163974719101124 0.40191947565543074 0.6076193820224719 0.398876404494382 0.6012991573033708 0.3874063670411985 0.6030547752808989 0.37359550561797755 0.6163974719101124 0.36680711610486894
0 0.49473314606741575 0.5297284644194756 0.5026334269662921 0.5402621722846442 0.5028089887640449 0.5540730337078652 0.49877106741573035 0.5634363295880149 0.4884129213483146 0.5671816479400749 0.48121488764044945 0.5648408239700374 0.47770365168539325 0.5603932584269663 0.47577247191011235 0.5400280898876404 0.48349719101123595 0.5311329588014981 0.4945575842696629 0.5297284644194756
0 0.3948384831460674 0.35135767790262173 0.4027387640449438 0.35557116104868913 0.4066011235955056 0.36352996254681647 0.40326544943820225 0.3813202247191011 0.394311797752809 0.3862359550561798 0.38728932584269665 0.38436329588014984 0.383251404494382 0.37991573033707865 0.3806179775280899 0.3625936329588015 0.38412921348314605 0.3553370786516854 0.3946629213483146 0.35135767790262173
0 0.45365168539325845 0.3548689138576779 0.465063202247191 0.36142322097378277 0.4671699438202247 0.3698501872659176 0.4648876404494382 0.37991573033707865 0.4533005617977528 0.3883426966292135 0.44434691011235955 0.3836610486891386 0.4417134831460674 0.3761704119850187 0.4413623595505618 0.3663389513108614 0.4455758426966292 0.3579119850187266 0.4534761235955056 0.3548689138576779
0 0.5563553370786517 0.32092696629213485 0.5647823033707865 0.3279494382022472 0.5668890449438202 0.34222846441947563 0.5637289325842697 0.35159176029962547 0.555126404494382 0.35510299625468167 0.5502106741573034 0.3544007490636704 0.5430126404494382 0.34808052434456926 0.5409058988764045 0.33497191011235955 0.5465238764044944 0.323501872659176 0.5561797752808989 0.32092696629213485
0 0.6134129213483146 0.4974250936329588 0.6234199438202247 0.5051498127340824 0.6253511235955056 0.5203651685393258 0.6197331460674157 0.5316011235955056 0.6099016853932584 0.536750936329588 0.6062148876404494 0.5362827715355806 0.6072682584269663 0.5327715355805244 0.6012991573033708 0.526685393258427 0.598314606741573 0.5152153558052435 0.6005969101123596 0.5016385767790262 0.605688202247191 0.49812734082397003 0.6132373595505618 0.4974250936329588
0 0.398876404494382 0.4897003745318352 0.4081811797752809 0.49765917602996257 0.40923455056179775 0.5086610486891385 0.4066011235955056 0.5184925093632958 0.39764747191011235 0.5241104868913857 0.38606039325842695 0.5201310861423221 0.3825491573033708 0.5086610486891385 0.386938202247191 0.49414794007490637 0.39115168539325845 0.49063670411985016 0.3987008426966292 0.4897003745318352
0 0.43047752808988765 0.4058988764044944 0.4373244382022472 0.41245318352059923 0.4397823033707865 0.4208801498127341 0.4394311797752809 0.4286048689138577 0.43416432584269665 0.43679775280898875 0.4257373595505618 0.4386704119850187 0.41731039325842695 0.4349250936329588 0.4143258426966292 0.42579588014981273 0.414501404494382 0.41970973782771537 0.4183637640449438 0.40823970037453183 0.42503511235955055 0.40472846441947563 0.43030196629213485 0.4058988764044944
0 0.5823384831460674 0.4091760299625468 0.5902387640449438 0.4154962546816479 0.5921699438202247 0.42579588014981273 0.5886587078651685 0.4386704119850187 0.5821629213483146 0.44358614232209737 0.574438202247191 0.44147940074906367 0.569873595505618 0.43726591760299627 0.5667134831460674 0.42743445692883897 0.5674157303370787 0.4173689138576779 0.5711025280898876 0.41081460674157305 0.5821629213483146 0.4091760299625468
0 0.36815308988764045 0.5622659176029963 0.3767556179775281 0.5662453183520599 0.3806179775280899 0.5746722846441947 0.3809691011235955 0.5819288389513109 0.3767556179775281 0.6025280898876404 0.3693820224719101 0.6025280898876404 0.3611306179775281 0.5987827715355806 0.35235252808988765 0.5868445692883895 0.351123595505618 0.5779494382022472 0.3537570224719101 0.5678838951310862 0.3591994382022472 0.5622659176029963 0.36797752808988765 0.5622659176029963
0 0.398876404494382 0.3977059925093633 0.4085323033707865 0.4028558052434457 0.4116924157303371 0.41058052434456926 0.40958567415730335 0.4272003745318352 0.40150983146067415 0.43352059925093633 0.3904494382022472 0.4330524344569288 0.38360252808988765 0.425561797752809 0.3825491573033708 0.41947565543071164 0.3830758426966292 0.41151685393258425 0.38922050561797755 0.40051498127340823 0.3987008426966292 0.3977059925093633
0 0.5270365168539326 0.3136704119850187 0.5365168539325843 0.3232677902621723 0.5384480337078652 0.33497191011235955 0.5328300561797753 0.3487827715355805 0.5265098314606742 0.3527621722846442 0.5107092696629213 0.3443352059925094 0.5086025280898876 0.3347378277153558 0.5145716292134831 0.3171816479400749 0.5196629213483146 0.31390449438202245 0.5268609550561798 0.3136704119850187
0 0.4666432584269663 0.44358614232209737 0.47208567415730335 0.4482677902621723 0.47594803370786515 0.4674625468164794 0.47384129213483145 0.4756554307116105 0.4643609550561798 0.4815074906367041 0.45224719101123595 0.4756554307116105 0.4468047752808989 0.4597378277153558 0.45189606741573035 0.4482677902621723 0.45979634831460675 0.44335205992509363 0.4664676966292135 0.44358614232209737
0 0.46172752808988765 0.39957865168539325 0.4706811797752809 0.4066011235955056 0.47331460674157305 0.4187734082397004 0.47173455056179775 0.4286048689138577 0.46752106741573035 0.4332865168539326 0.4612008426966292 0.43515917602996257 0.45224719101123595 0.4323501872659176 0.44627808988764045 0.4229868913857678 0.44592696629213485 0.41760299625468167 0.45066713483146065 0.4054307116104869 0.46155196629213485 0.39957865168539325
0 0.49157303370786515 0.3586142322097378 0.4998244382022472 0.36563670411985016 0.5026334269662921 0.37429775280898875 0.500877808988764 0.38717228464419473 0.4980688202247191 0.39091760299625467 0.49139747191011235 0.3934925093632959 0.480688202247191 0.3892790262172285 0.47752808988764045 0.37312734082397003 0.4841994382022472 0.36118913857677903 0.49139747191011235 0.3586142322097378
0 0.37447331460674155 0.5241104868913857 0.3804424157303371 0.5292602996254682 0.38360252808988765 0.5437734082397003 0.3809691011235955 0.5545411985018727 0.3734199438202247 0.5629681647940075 0.35884831460674155 0.5585205992509363 0.35252808988764045 0.5500936329588015 0.352001404494382 0.5426029962546817 0.35270365168539325 0.5388576779026217 0.3651685393258427 0.5252808988764045 0.37429775280898875 0.5241104868913857
0 0.5533707865168539 0.49508426966292135 0.5603932584269663 0.49859550561797755 0.5639044943820225 0.5088951310861424 0.5642556179775281 0.516619850187266 0.5607443820224719 0.5264513108614233 0.551439606741573 0.5316011235955056 0.5396769662921348 0.5250468164794008 0.5384480337078652 0.5058520599250936 0.5426615168539326 0.49765917602996257 0.5531952247191011 0.49508426966292135
0 0.6163974719101124 0.325374531835206 0.6237710674157303 0.33146067415730335 0.625 0.34527153558052437 0.6206109550561798 0.3544007490636704 0.6134129213483146 0.3583801498127341 0.6074438202247191 0.3565074906367041 0.6012991573033708 0.3487827715355805 0.6004213483146067 0.33848314606741575 0.605688202247191 0.32771535580524347 0.6162219101123596 0.325374531835206
0 0.40537219101123595 0.535814606741573 0.4102879213483146 0.5374531835205992 0.41309691011235955 0.5419007490636704 0.4157303370786517 0.5470505617977528 0.4159058988764045 0.5540730337078652 0.41081460674157305 0.5676498127340824 0.4027387640449438 0.5711610486891385 0.39308286516853935 0.5660112359550562 0.38974719101123595 0.5531367041198502 0.39325842696629215 0.540496254681648 0.40519662921348315 0.535814606741573
0 0.3648174157303371 0.34831460674157305 0.3707865168539326 0.3522940074906367 0.3751755617977528 0.36282771535580527 0.37412219101123595 0.3728932584269663 0.3711376404494382 0.3796816479400749 0.363061797752809 0.3838951310861423 0.3516502808988764 0.3771067415730337 0.34901685393258425 0.363061797752809 0.35410814606741575 0.351123595505618 0.3590238764044944 0.34808052434456926 0.36464185393258425 0.34831460674157305
0 0.42696629213483145 0.35159176029962547 0.43627106741573035 0.3607209737827715 0.4373244382022472 0.3717228464419476 0.4332865168539326 0.3817883895131086 0.4260884831460674 0.38506554307116103 0.41853932584269665 0.38436329588014984 0.414501404494382 0.3796816479400749 0.4122191011235955 0.3661048689138577 0.41695926966292135 0.3544007490636704 0.42679073033707865 0.35159176029962547
0 0.6118328651685393 0.45786516853932585 0.6207865168539326 0.4648876404494382 0.6221910112359551 0.475187265917603 0.620435393258427 0.48525280898876405 0.6106039325842697 0.49180711610486894 0.598314606741573 0.48478464419475653 0.5953300561797753 0.477059925093633 0.5993679775280899 0.46207865168539325 0.6046348314606742 0.4580992509363296 0.6116573033707865 0.45786516853932585
0 0.5540730337078652 0.4520131086142322 0.5621488764044944 0.45997191011235955 0.5656601123595506 0.4726123595505618 0.5621488764044944 0.48431647940074907 0.5540730337078652 0.4897003745318352 0.543188202247191 0.48618913857677903 0.5384480337078652 0.47635767790262173 0.5389747191011236 0.4658239700374532 0.5430126404494382 0.45341760299625467 0.5538974719101124 0.4520131086142322
0 0.49490870786516855 0.31203183520599254 0.5031601123595506 0.3169475655430712 0.5064957865168539 0.32982209737827717 0.5022823033707865 0.3419943820224719 0.49508426966292135 0.3466760299625468 0.4840238764044944 0.3408239700374532 0.48191713483146065 0.33192883895131087 0.48332162921348315 0.31741573033707865 0.48718398876404495 0.3136704119850187 0.49473314606741575 0.31203183520599254
0 0.5226474719101124 0.4068352059925094 0.5258075842696629 0.40777153558052437 0.5305477528089888 0.41502808988764045 0.5310744382022472 0.4349250936329588 0.5268609550561798 0.44147940074906367 0.5161516853932584 0.4442883895131086 0.5115870786516854 0.4426498127340824 0.5064957865168539 0.43609550561797755 0.5054424157303371 0.42579588014981273 0.507373595505618 0.41502808988764045 0.5121137640449438 0.4080056179775281 0.5224719101123596 0.4068352059925094
0 0.5844452247191011 0.4875936329588015 0.5923455056179775 0.4948501872659176 0.5948033707865169 0.5053838951310862 0.5919943820224719 0.5191947565543071 0.5884831460674157 0.5231741573033708 0.5816362359550562 0.5245786516853933 0.570751404494382 0.5173220973782772 0.5689957865168539 0.5 0.5711025280898876 0.4911048689138577 0.5842696629213483 0.4875936329588015
0 0.4956109550561798 0.44662921348314605 0.5019311797752809 0.44897003745318353 0.5050912921348315 0.45318352059925093 0.5061446629213483 0.4627808988764045 0.503686797752809 0.4772940074906367 0.49473314606741575 0.4845505617977528 0.48297050561797755 0.4803370786516854 0.47963483146067415 0.4737827715355805 0.47910814606741575 0.46301498127340823 0.4841994382022472 0.4508426966292135 0.49543539325842695 0.44662921348314605
0 0.40344101123595505 0.4461610486891386 0.4083567415730337 0.4508426966292135 0.41134129213483145 0.46441947565543074 0.4081811797752809 0.47425093632958804 0.39764747191011235 0.4812734082397004 0.3864115168539326 0.47542134831460675 0.38360252808988765 0.47027153558052437 0.38360252808988765 0.45786516853932585 0.39185393258426965 0.4473314606741573 0.40326544943820225 0.4461610486891386
0 0.45979634831460675 0.4866573033707865 0.46752106741573035 0.49414794007490637 0.4685744382022472 0.5058520599250936 0.46348314606741575 0.5175561797752809 0.4571629213483146 0.5208333333333334 0.4455758426966292 0.5154494382022472 0.44206460674157305 0.49929775280898875 0.4452247191011236 0.4913389513108614 0.4492626404494382 0.48782771535580527 0.45962078651685395 0.4866573033707865
0 0.36850421348314605 0.48384831460674155 0.37412219101123595 0.48642322097378277 0.3806179775280899 0.49625468164794007 0.3767556179775281 0.5173220973782772 0.3558637640449438 0.5152153558052435 0.35428370786516855 0.5121722846441947 0.3537570224719101 0.49812734082397003 0.3555126404494382 0.4911048689138577 0.3628862359550562 0.48384831460674155 0.36832865168539325 0.48384831460674155
0 0.3648174157303371 0.43703183520599254 0.37359550561797755 0.4417134831460674 0.37587780898876405 0.4562265917602996 0.3746488764044944 0.46348314606741575 0.371313202247191 0.4679307116104869 0.3632373595505618 0.4726123595505618 0.3558637640449438 0.47073970037453183 0.352001404494382 0.4660580524344569 0.3493679775280899 0.45271535580524347 0.3514747191011236 0.44335205992509363 0.35481039325842695 0.4386704119850187 0.36464185393258425 0.43703183520599254
0 0.5491573033707865 0.362125468164794 0.5544241573033708 0.3642322097378277 0.5607443820224719 0.37265917602996257 0.5610955056179775 0.38764044943820225 0.5572331460674157 0.3946629213483146 0.5402036516853933 0.3970037453183521 0.5352879213483146 0.3890449438202247 0.5345856741573034 0.37312734082397003 0.539501404494382 0.36493445692883897 0.5489817415730337 0.362125468164794
0 0.4573384831460674 0.5344101123595506 0.46541432584269665 0.5379213483146067 0.4708567415730337 0.5519662921348315 0.46734550561797755 0.5660112359550562 0.46032303370786515 0.5709269662921348 0.4487359550561798 0.5648408239700374 0.44417134831460675 0.5536048689138576 0.445751404494382 0.5390917602996255 0.4496137640449438 0.5355805243445693 0.4571629213483146 0.5344101123595506
0 0.43030196629213485 0.45318352059925093 0.43679775280898875 0.4559925093632959 0.44224016853932585 0.4705056179775281 0.43679775280898875 0.4829119850187266 0.4276685393258427 0.4868913857677903 0.418188202247191 0.48197565543071164 0.41467696629213485 0.4737827715355805 0.4137991573033708 0.4639513108614232 0.4159058988764045 0.45646067415730335 0.421875 0.45318352059925093 0.430126404494382 0.45318352059925093
0 0.6067415730337079 0.41175093632958804 0.6178019662921348 0.4133895131086142 0.624122191011236 0.425561797752809 0.6218398876404494 0.44241573033707865 0.6128862359550562 0.4499063670411985 0.6051615168539326 0.44569288389513106 0.5986657303370787 0.4323501872659176 0.6007724719101124 0.41502808988764045 0.6065660112359551 0.41175093632958804
0 0.581811797752809 0.3637640449438202 0.5925210674157303 0.37336142322097376 0.59375 0.38249063670411987 0.5918188202247191 0.39232209737827717 0.5819873595505618 0.39747191011235955 0.5740870786516854 0.39536516853932585 0.570751404494382 0.3904494382022472 0.5686446629213483 0.38108614232209737 0.570751404494382 0.36961610486891383 0.5816362359550562 0.3637640449438202
0 0.5869030898876404 0.45107677902621723 0.5925210674157303 0.4597378277153558 0.5925210674157303 0.4737827715355805 0.5888342696629213 0.4812734082397004 0.581811797752809 0.4845505617977528 0.5704002808988764 0.48174157303370785 0.5672401685393258 0.46324906367041196 0.569873595505618 0.4562265917602996 0.5742626404494382 0.4520131086142322 0.5867275280898876 0.45107677902621723
0 0.5196629213483146 0.36235955056179775 0.5270365168539326 0.36750936329588013 0.5301966292134831 0.37897940074906367 0.5265098314606742 0.3925561797752809 0.5191362359550562 0.3977059925093633 0.5086025280898876 0.39419475655430714 0.5042134831460674 0.386938202247191 0.503686797752809 0.3785112359550562 0.5086025280898876 0.3661048689138577 0.5194873595505618 0.36235955056179775
0 0.3732443820224719 0.3972378277153558 0.38026685393258425 0.40472846441947563 0.3813202247191011 0.4147940074906367 0.37780898876404495 0.42602996254681647 0.36973314606741575 0.4311797752808989 0.3591994382022472 0.4288389513108614 0.35463483146067415 0.42181647940074907 0.35428370786516855 0.41081460674157305 0.355688202247191 0.4044943820224719 0.36218398876404495 0.3970037453183521 0.3730688202247191 0.3972378277153558
0 0.4885884831460674 0.49040262172284643 0.49877106741573035 0.4978932584269663 0.4996488764044944 0.5088951310861424 0.4943820224719101 0.5217696629213483 0.4845505617977528 0.5264513108614233 0.47735252808988765 0.5231741573033708 0.47401685393258425 0.5182584269662921 0.4731390449438202 0.5051498127340824 0.47735252808988765 0.49461610486891383 0.4808637640449438 0.4913389513108614 0.4884129213483146 0.49040262172284643
2 0.6378744733146068 0.3113295880149813 0.3477586025280899 0.30406015917602996 0.3420003511235955 0.692563904494382 0.6328065308988764 0.702561095505618
1 0.49006846910112356 0.6243820224719101 0.284910463483146 0.04713951310861423
1 0.5060445926966292 0.6306484082397004 0.2489817415730337 0.13457865168539324
1 0.5840853230337079 0.6110159176029963 0.09139220505617979 0.17334269662921348