0 0.35235252808988765 0.6678370786516854 0.3570926966292135 0.6750936329588015 0.3535814606741573 0.6954588014981273 0.35410814606741575 0.7055243445692884 0.3577949438202247 0.7134831460674157 0.35639044943820225 0.7205056179775281 0.3491924157303371 0.7272940074906367 0.3455056179775281 0.7277621722846442 0.32935393258426965 0.7167602996254682 0.3240870786516854 0.7066947565543071 0.32514044943820225 0.6788389513108615 0.32759831460674155 0.6734550561797753 0.33532303370786515 0.6753277153558053 0.35217696629213485 0.6680711610486891
0 0.42872191011235955 0.5021067415730337 0.44399578651685395 0.5112359550561798 0.4490870786516854 0.5259831460674157 0.44803370786516855 0.5362827715355806 0.444873595505618 0.5426029962546817 0.429248595505618 0.5482209737827716 0.4178370786516854 0.5362827715355806 0.41467696629213485 0.5154494382022472 0.4183637640449438 0.5049157303370787 0.42257724719101125 0.5016385767790262 0.42854634831460675 0.5021067415730337
0 0.6234199438202247 0.5110018726591761 0.6318469101123596 0.522003745318352 0.6341292134831461 0.536750936329588 0.6309691011235955 0.5456460674157303 0.6207865168539326 0.5512640449438202 0.6127106741573034 0.5498595505617978 0.6044592696629213 0.5435393258426966 0.6027036516853933 0.523876404494382 0.6055126404494382 0.5163857677902621 0.609375 0.512874531835206 0.6232443820224719 0.5110018726591761
0 0.6142907303370787 0.5943352059925093 0.624122191011236 0.5987827715355806 0.6288623595505618 0.6051029962546817 0.6313202247191011 0.6154026217228464 0.628686797752809 0.6292134831460674 0.6244733146067416 0.6343632958801498 0.6200842696629213 0.6357677902621723 0.6107794943820225 0.6352996254681648 0.6051615168539326 0.6299157303370787 0.6014747191011236 0.62312734082397 0.5984901685393258 0.6058052434456929 0.6037570224719101 0.5952715355805244 0.6141151685393258 0.5943352059925093
0 0.6808286516853933 0.5533707865168539 0.6925912921348315 0.5547752808988764 0.6954002808988764 0.5575842696629213 0.6903089887640449 0.586376404494382 0.6860955056179775 0.5919943820224719 0.679248595505618 0.5943352059925093 0.6688904494382022 0.5933988764044944 0.6590589887640449 0.586376404494382 0.6560744382022472 0.5816947565543071 0.6560744382022472 0.5737359550561798 0.657127808988764 0.5617977528089888 0.6613412921348315 0.5566479400749064 0.6715238764044944 0.5522003745318352 0.6806530898876404 0.5533707865168539
0 0.31495786516853935 0.6685393258426966 0.3246137640449438 0.6718164794007491 0.32338483146067415 0.6788389513108615 0.32549157303370785 0.68937265917603 0.3225070224719101 0.7064606741573034 0.31548455056179775 0.7109082397003745 0.2970505617977528 0.712312734082397 0.2933637640449438 0.712312734082397 0.28985252808988765 0.7066947565543071 0.29389044943820225 0.6891385767790262 0.3031952247191011 0.672752808988764 0.30740870786516855 0.6694756554307116 0.3147823033707865 0.6685393258426966
0 0.5581109550561798 0.5105337078651685 0.5649578651685393 0.5131086142322098 0.5684691011235955 0.5175561797752809 0.5709269662921348 0.5390917602996255 0.5677668539325843 0.5472846441947565 0.5540730337078652 0.5519662921348315 0.5428370786516854 0.5440074906367042 0.5400280898876404 0.5365168539325843 0.5402036516853933 0.5287921348314607 0.5416081460674157 0.5189606741573034 0.5449438202247191 0.512874531835206 0.557935393258427 0.5105337078651685
0 0.6127106741573034 0.6762640449438202 0.6230688202247191 0.6811797752808989 0.6274578651685393 0.6863295880149812 0.6309691011235955 0.6999063670411985 0.6271067415730337 0.7144194756554307 0.6199087078651685 0.7205056179775281 0.6123595505617978 0.7205056179775281 0.6060393258426966 0.7167602996254682 0.6012991573033708 0.7097378277153558 0.5984901685393258 0.6996722846441947 0.5988412921348315 0.6872659176029963 0.6058637640449438 0.677434456928839 0.6125351123595506 0.6764981273408239
0 0.5189606741573034 0.5896535580524345 0.5330056179775281 0.5936329588014981 0.5363412921348315 0.5978464419475655 0.5377457865168539 0.6046348314606742 0.5372191011235955 0.6214887640449438 0.5335323033707865 0.6275749063670412 0.5231741573033708 0.6338951310861424 0.5121137640449438 0.6299157303370787 0.5071980337078652 0.6186797752808989 0.5084269662921348 0.601123595505618 0.5154494382022472 0.5898876404494382 0.5187851123595506 0.5896535580524345
0 0.49490870786516855 0.6760299625468165 0.5015800561797753 0.677434456928839 0.5071980337078652 0.6921816479400749 0.5059691011235955 0.7045880149812734 0.5026334269662921 0.7137172284644194 0.49508426966292135 0.7188670411985019 0.48735955056179775 0.7183988764044944 0.4808637640449438 0.7146535580524345 0.4766502808988764 0.6961610486891385 0.4808637640449438 0.6802434456928839 0.484375 0.6767322097378277 0.49473314606741575 0.6760299625468165
0 0.6227176966292135 0.6364700374531835 0.6348314606741573 0.6465355805243446 0.6381671348314607 0.6580056179775281 0.6379915730337079 0.665496254681648 0.6351825842696629 0.6722846441947565 0.6248244382022472 0.6802434456928839 0.6195575842696629 0.6793071161048689 0.6088483146067416 0.6711142322097379 0.6042837078651685 0.6580056179775281 0.6044592696629213 0.6465355805243446 0.6076193820224719 0.6402153558052435 0.613061797752809 0.6367041198501873 0.6225421348314607 0.6364700374531835
0 0.5791783707865169 0.6364700374531835 0.5953300561797753 0.6381086142322098 0.6030547752808989 0.6484082397003745 0.6060393258426966 0.6713483146067416 0.601123595505618 0.6788389513108615 0.5955056179775281 0.6811797752808989 0.5816362359550562 0.6762640449438202 0.5730337078651685 0.6683052434456929 0.5702247191011236 0.6547284644194756 0.570751404494382 0.6374063670411985 0.579002808988764 0.6364700374531835
0 0.641502808988764 0.6715823970037453 0.6529143258426966 0.6786048689138576 0.6585323033707865 0.6867977528089888 0.6604634831460674 0.6956928838951311 0.6592345505617978 0.7130149812734082 0.6481741573033708 0.7186329588014981 0.6404494382022472 0.7169943820224719 0.6327247191011236 0.7102059925093633 0.6281601123595506 0.6863295880149812 0.6283356741573034 0.6814138576779026 0.6334269662921348 0.6743913857677902 0.636938202247191 0.6711142322097379 0.6413272471910112 0.6715823970037453
0 0.4882373595505618 0.5065543071161048 0.49543539325842695 0.5079588014981273 0.5 0.5121722846441947 0.5029845505617978 0.5231741573033708 0.5029845505617978 0.5327715355805244 0.4980688202247191 0.5454119850187266 0.48367275280898875 0.5489232209737828 0.4747191011235955 0.5479868913857678 0.4706811797752809 0.5447097378277154 0.46752106741573035 0.5294943820224719 0.47594803370786515 0.5117041198501873 0.488061797752809 0.5065543071161048
0 0.5586376404494382 0.6299157303370787 0.5688202247191011 0.6371722846441947 0.5718047752808989 0.6638576779026217 0.5696980337078652 0.6783707865168539 0.5617977528089888 0.6835205992509363 0.5556530898876404 0.6823501872659176 0.5463483146067416 0.6685393258426966 0.5426615168539326 0.6615168539325843 0.5403792134831461 0.6441947565543071 0.5410814606741573 0.6404494382022472 0.5502106741573034 0.6303838951310862 0.5570575842696629 0.6280430711610487 0.5584620786516854 0.6299157303370787
0 0.2772120786516854 0.5905898876404494 0.29037921348314605 0.5987827715355806 0.2910814606741573 0.6191479400749064 0.2873946629213483 0.62687265917603 0.2731741573033708 0.6343632958801498 0.26492275280898875 0.6313202247191011 0.258251404494382 0.6224250936329588 0.2542134831460674 0.6093164794007491 0.2542134831460674 0.6008895131086143 0.25860252808988765 0.5912921348314607 0.2770365168539326 0.5905898876404494
0 0.3126755617977528 0.5859082397003745 0.32338483146067415 0.5915262172284644 0.32900280898876405 0.5973782771535581 0.3302317415730337 0.6027621722846442 0.32882724719101125 0.6093164794007491 0.31741573033707865 0.6242977528089888 0.3010884831460674 0.6275749063670412 0.29617275280898875 0.6259363295880149 0.2928370786516854 0.6184456928838952 0.29160814606741575 0.5987827715355806 0.3031952247191011 0.5868445692883895 0.3125 0.5859082397003745
0 0.4683988764044944 0.5081928838951311 0.4727879213483146 0.5105337078651685 0.47401685393258425 0.5154494382022472 0.46875 0.5325374531835206 0.46945224719101125 0.5430711610486891 0.46383426966292135 0.5456460674157303 0.4575140449438202 0.5440074906367042 0.45224719101123595 0.535814606741573 0.4510182584269663 0.5161516853932584 0.4533005617977528 0.5091292134831461 0.46822331460674155 0.5081928838951311
0 0.43679775280898875 0.5484550561797753 0.44434691011235955 0.5543071161048689 0.44645365168539325 0.5667134831460674 0.44399578651685395 0.5807584269662921 0.4357443820224719 0.5847378277153558 0.43030196629213485 0.5828651685393258 0.4238061797752809 0.5758426966292135 0.4215238764044944 0.5634363295880149 0.4274929775280899 0.5517322097378277 0.43662219101123595 0.5484550561797753
0 0.46207865168539325 0.5489232209737828 0.4722612359550562 0.5543071161048689 0.47524578651685395 0.5681179775280899 0.47191011235955055 0.5852059925093633 0.46734550561797755 0.5896535580524345 0.4606741573033708 0.5908239700374532 0.4492626404494382 0.5868445692883895 0.4454002808988764 0.5758426966292135 0.4492626404494382 0.5538389513108615 0.453125 0.5493913857677902 0.46190308988764045 0.5489232209737828
0 0.6181530898876404 0.5526685393258427 0.6300912921348315 0.5596910112359551 0.6337780898876404 0.5706928838951311 0.6307935393258427 0.5880149812734082 0.6207865168539326 0.5938670411985019 0.6113061797752809 0.5929307116104869 0.6042837078651685 0.5887172284644194 0.6012991573033708 0.5849719101123596 0.598314606741573 0.5735018726591761 0.6018258426966292 0.5587546816479401 0.6058637640449438 0.5554775280898876 0.6179775280898876 0.5526685393258427
0 0.4081811797752809 0.5908239700374532 0.41713483146067415 0.6022940074906367 0.41660814606741575 0.6170411985018727 0.413623595505618 0.6266385767790262 0.4046699438202247 0.635065543071161 0.3871137640449438 0.6360018726591761 0.3829002808988764 0.614934456928839 0.3862359550561798 0.600187265917603 0.39396067415730335 0.5936329588014981 0.4080056179775281 0.5908239700374532
0 0.6504564606741573 0.5908239700374532 0.6587078651685393 0.5987827715355806 0.6602879213483146 0.6191479400749064 0.6581811797752809 0.6324906367041199 0.6511587078651685 0.6404494382022472 0.6383426966292135 0.6381086142322098 0.6334269662921348 0.6324906367041199 0.629564606741573 0.6060393258426966 0.629564606741573 0.6022940074906367 0.6330758426966292 0.5978464419475655 0.6437851123595506 0.591058052434457 0.6502808988764045 0.5908239700374532
0 0.49525983146067415 0.552434456928839 0.5014044943820225 0.5552434456928839 0.5052668539325843 0.5608614232209738 0.5070224719101124 0.5770131086142322 0.5019311797752809 0.5908239700374532 0.49122191011235955 0.5943352059925093 0.4841994382022472 0.5936329588014981 0.4801615168539326 0.5889513108614233 0.4768258426966292 0.5802902621722846 0.4764747191011236 0.5718632958801498 0.48103932584269665 0.5571161048689138 0.4878862359550562 0.5529026217228464 0.49508426966292135 0.552434456928839
0 0.6650280898876404 0.672752808988764 0.6725772471910112 0.6809456928838952 0.6859199438202247 0.6867977528089888 0.6901334269662921 0.6933520599250936 0.6917134831460674 0.7066947565543071 0.6896067415730337 0.7158239700374532 0.6853932584269663 0.7207397003745318 0.6788974719101124 0.7223782771535581 0.6715238764044944 0.7209737827715356 0.6618679775280899 0.709503745318352 0.6569522471910112 0.6786048689138576 0.6594101123595506 0.6743913857677902 0.6648525280898876 0.672752808988764
0 0.3491924157303371 0.6282771535580525 0.359375 0.6299157303370787 0.359375 0.6448970037453183 0.3498946629213483 0.6659644194756554 0.33707865168539325 0.6729868913857678 0.3316362359550562 0.6720505617977528 0.3237359550561798 0.6647940074906367 0.32162921348314605 0.6547284644194756 0.32356039325842695 0.6434925093632958 0.32689606741573035 0.6367041198501873 0.33321629213483145 0.6317883895131086 0.34901685393258425 0.6282771535580525
0 0.2808988764044944 0.48618913857677903 0.2830056179775281 0.48735955056179775 0.28423455056179775 0.49765917602996257 0.29441713483146065 0.5058520599250936 0.3010884831460674 0.5213014981273408 0.29985955056179775 0.5294943820224719 0.28967696629213485 0.5470505617977528 0.28370786516853935 0.5498595505617978 0.27422752808988765 0.5475187265917603 0.26509831460674155 0.5276217228464419 0.2638693820224719 0.5194288389513109 0.26615168539325845 0.5084269662921348 0.2737008426966292 0.49812734082397003 0.27264747191011235 0.48829588014981273 0.28072331460674155 0.48618913857677903
0 0.47138342696629215 0.5898876404494382 0.47945926966292135 0.5990168539325843 0.48174157303370785 0.62312734082397 0.46769662921348315 0.6317883895131086 0.4590941011235955 0.6313202247191011 0.45242275280898875 0.6266385767790262 0.44610252808988765 0.612125468164794 0.4454002808988764 0.6015917602996255 0.4469803370786517 0.5955056179775281 0.45242275280898875 0.5912921348314607 0.47120786516853935 0.5898876404494382
0 0.3809691011235955 0.6652621722846442 0.3867626404494382 0.6722846441947565 0.3851825842696629 0.6992041198501873 0.38009129213483145 0.7099719101123596 0.36973314606741575 0.7172284644194756 0.3628862359550562 0.7167602996254682 0.3590238764044944 0.7134831460674157 0.35481039325842695 0.7057584269662921 0.35445926966292135 0.6928838951310862 0.3590238764044944 0.6788389513108615 0.36218398876404495 0.6748595505617978 0.3732443820224719 0.6652621722846442 0.3807935393258427 0.6652621722846442
0 0.36622191011235955 0.5435393258426966 0.37991573033707865 0.5491573033707865 0.3844803370786517 0.5536048689138576 0.3862359550561798 0.5601591760299626 0.3850070224719101 0.5788857677902621 0.3883426966292135 0.588249063670412 0.38728932584269665 0.5926966292134831 0.38360252808988765 0.5884831460674157 0.3809691011235955 0.5917602996254682 0.36622191011235955 0.5905898876404494 0.35849719101123595 0.5821629213483146 0.3532303370786517 0.5536048689138576 0.35849719101123595 0.5468164794007491 0.36604634831460675 0.5437734082397003
0 0.4085323033707865 0.5081928838951311 0.41485252808988765 0.5145131086142322 0.41660814606741575 0.5362827715355806 0.41134129213483145 0.5437734082397003 0.40133426966292135 0.547752808988764 0.39396067415730335 0.5461142322097379 0.3890449438202247 0.5411985018726592 0.38553370786516855 0.5292602996254682 0.3862359550561798 0.5191947565543071 0.3888693820224719 0.5121722846441947 0.39378511235955055 0.5081928838951311 0.4083567415730337 0.5081928838951311
0 0.28844803370786515 0.6664325842696629 0.29564606741573035 0.6718164794007491 0.29582162921348315 0.6821161048689138 0.288623595505618 0.7048220973782772 0.27668539325842695 0.7106741573033708 0.269311797752809 0.7088014981273408 0.26422050561797755 0.7036516853932584 0.25509129213483145 0.6849250936329588 0.25509129213483145 0.677434456928839 0.26228932584269665 0.6661985018726592 0.28827247191011235 0.6664325842696629
0 0.5259831460674157 0.6741573033707865 0.5294943820224719 0.6769662921348315 0.5370435393258427 0.6924157303370787 0.5379213483146067 0.704119850187266 0.5345856741573034 0.7167602996254682 0.5291432584269663 0.7216760299625468 0.5189606741573034 0.7226123595505618 0.5121137640449438 0.7172284644194756 0.5084269662921348 0.7104400749063671 0.5079002808988764 0.6952247191011236 0.5098314606741573 0.68562734082397 0.5166783707865169 0.6779026217228464 0.5258075842696629 0.6743913857677902
0 0.3772823033707865 0.6252340823970037 0.3806179775280899 0.6294475655430711 0.3804424157303371 0.6336610486891385 0.3851825842696629 0.6385767790262172 0.38746488764044945 0.650749063670412 0.38026685393258425 0.662687265917603 0.36973314606741575 0.6664325842696629 0.3614817415730337 0.661750936329588 0.35867275280898875 0.6509831460674157 0.3651685393258427 0.6303838951310862 0.37025983146067415 0.6252340823970037 0.3771067415730337 0.6252340823970037
0 0.4355688202247191 0.6257022471910112 0.444873595505618 0.6289794007490637 0.44820926966292135 0.6343632958801498 0.44259129213483145 0.6601123595505618 0.43504213483146065 0.6631554307116105 0.42872191011235955 0.661750936329588 0.41941713483146065 0.6472378277153558 0.4202949438202247 0.6367041198501873 0.4236306179775281 0.6308520599250936 0.42872191011235955 0.62687265917603 0.4353932584269663 0.6259363295880149
0 0.5163272471910112 0.6322565543071161 0.5326544943820225 0.6345973782771536 0.5366924157303371 0.6425561797752809 0.5366924157303371 0.6551966292134831 0.5345856741573034 0.662687265917603 0.5294943820224719 0.6699438202247191 0.5122893258426966 0.6786048689138576 0.5052668539325843 0.674625468164794 0.5014044943820225 0.6676029962546817 0.5049157303370787 0.6584737827715356 0.5071980337078652 0.636938202247191 0.5121137640449438 0.6324906367041199 0.5161516853932584 0.6322565543071161
0 0.5923455056179775 0.5135767790262172 0.5993679775280899 0.5189606741573034 0.6025280898876404 0.5245786516853933 0.6034058988764045 0.5400280898876404 0.5986657303370787 0.5507958801498127 0.5919943820224719 0.5538389513108615 0.5816362359550562 0.5512640449438202 0.5761938202247191 0.5461142322097379 0.5730337078651685 0.5395599250936329 0.5723314606741573 0.5271535580524345 0.5732092696629213 0.5201310861423221 0.5763693820224719 0.5154494382022472 0.5844452247191011 0.5124063670411985 0.5921699438202247 0.5135767790262172
0 0.4118679775280899 0.6638576779026217 0.41731039325842695 0.6715823970037453 0.4180126404494382 0.6818820224719101 0.4125702247191011 0.7027153558052435 0.40765449438202245 0.7099719101123596 0.40115870786516855 0.714185393258427 0.39325842696629215 0.7134831460674157 0.386938202247191 0.7064606741573034 0.38764044943820225 0.6788389513108615 0.3902738764044944 0.6741573033707865 0.4041432584269663 0.6643258426966292 0.4116924157303371 0.6638576779026217
0 0.711376404494382 0.6399812734082397 0.7219101123595506 0.6465355805243446 0.7275280898876404 0.6580056179775281 0.7255969101123596 0.6757958801498127 0.7169943820224719 0.6828183520599251 0.7029494382022472 0.6790730337078652 0.6982092696629213 0.674625468164794 0.6961025280898876 0.6683052434456929 0.6955758426966292 0.6481741573033708 0.703125 0.6406835205992509 0.7112008426966292 0.6399812734082397
0 0.24859550561797752 0.5028089887640449 0.2612359550561798 0.5091292134831461 0.2640449438202247 0.5297284644194756 0.26053370786516855 0.5362827715355806 0.2478932584269663 0.5433052434456929 0.2303370786516854 0.5397940074906367 0.22700140449438203 0.5351123595505618 0.22542134831460675 0.522003745318352 0.22629915730337077 0.5152153558052435 0.230688202247191 0.5074906367041199 0.23858848314606743 0.5030430711610487 0.24841994382022473 0.5028089887640449
0 0.4064255617977528 0.5489232209737828 0.4157303370786517 0.5568820224719101 0.41889044943820225 0.5641385767790262 0.4195926966292135 0.5786516853932584 0.41695926966292135 0.5870786516853933 0.40150983146067415 0.5908239700374532 0.3929073033707865 0.5898876404494382 0.3883426966292135 0.5854400749063671 0.38606039325842695 0.5784176029962547 0.3865870786516854 0.5613295880149812 0.39360955056179775 0.5522003745318352 0.40625 0.5489232209737828
0 0.43662219101123595 0.5866104868913857 0.44592696629213485 0.591058052434457 0.4468047752808989 0.5952715355805244 0.44469803370786515 0.6058052434456929 0.4454002808988764 0.6168071161048689 0.4357443820224719 0.6245318352059925 0.4315308988764045 0.6242977528089888 0.4236306179775281 0.6170411985018727 0.42064606741573035 0.6015917602996255 0.42521067415730335 0.591058052434457 0.43644662921348315 0.5866104868913857
0 0.25509129213483145 0.6219569288389513 0.2696629213483146 0.6355337078651685 0.269311797752809 0.6474719101123596 0.2598314606741573 0.6594101123595506 0.2515800561797753 0.6647940074906367 0.24087078651685392 0.6683052434456929 0.2322682584269663 0.6612827715355806 0.23086376404494383 0.6556647940074907 0.2345505617977528 0.6329588014981273 0.25491573033707865 0.6221910112359551
0 0.34445224719101125 0.5051498127340824 0.35814606741573035 0.511938202247191 0.3616573033707865 0.5224719101123596 0.36042837078651685 0.5297284644194756 0.3558637640449438 0.5381554307116105 0.3419943820224719 0.545880149812734 0.33479634831460675 0.5451779026217228 0.328125 0.5402621722846442 0.3240870786516854 0.5327715355805244 0.3237359550561798 0.5222378277153558 0.3319873595505618 0.5079588014981273 0.33848314606741575 0.5046816479400749 0.34427668539325845 0.5051498127340824
0 0.5021067415730337 0.5924625468164794 0.5061446629213483 0.5985486891385767 0.5066713483146067 0.6090823970037453 0.5049157303370787 0.6191479400749064 0.4984199438202247 0.6240636704119851 0.484375 0.6212546816479401 0.4808637640449438 0.6142322097378277 0.4803370786516854 0.6015917602996255 0.4841994382022472 0.5941011235955056 0.5019311797752809 0.5924625468164794
0 0.5298455056179775 0.5044475655430711 0.5377457865168539 0.5079588014981273 0.5410814606741573 0.5191947565543071 0.5342345505617978 0.5411985018726592 0.5231741573033708 0.547752808988764 0.5179073033707865 0.5475187265917603 0.5101825842696629 0.5426029962546817 0.5061446629213483 0.5365168539325843 0.5056179775280899 0.5262172284644194 0.5101825842696629 0.5110018726591761 0.5189606741573034 0.5056179775280899 0.5296699438202247 0.5044475655430711
0 0.6648525280898876 0.6357677902621723 0.6855688202247191 0.6425561797752809 0.6934691011235955 0.6509831460674157 0.6950491573033708 0.6722846441947565 0.6918890449438202 0.6797752808988764 0.6848665730337079 0.6837546816479401 0.6780196629213483 0.6832865168539326 0.6704705056179775 0.6790730337078652 0.6566011235955056 0.6577715355805244 0.6546699438202247 0.6502808988764045 0.6569522471910112 0.6409176029962547 0.6604634831460674 0.6364700374531835 0.6646769662921348 0.6357677902621723
0 0.49683988764044945 0.6313202247191011 0.5029845505617978 0.636938202247191 0.5056179775280899 0.6582397003745318 0.5010533707865169 0.6692415730337079 0.49473314606741575 0.6739232209737828 0.48507724719101125 0.6734550561797753 0.48103932584269665 0.6699438202247191 0.4762991573033708 0.6612827715355806 0.47577247191011235 0.6519194756554307 0.4768258426966292 0.6434925093632958 0.48332162921348315 0.6334269662921348 0.49122191011235955 0.6303838951310862 0.49666432584269665 0.6313202247191011
0 0.4643609550561798 0.6338951310861424 0.4748946629213483 0.6404494382022472 0.47577247191011235 0.6523876404494382 0.4747191011235955 0.6622191011235955 0.4710323033707865 0.670880149812734 0.4624297752808989 0.6753277153558053 0.4489115168539326 0.672752808988764 0.44469803370786515 0.6683052434456929 0.4429424157303371 0.6568352059925093 0.444873595505618 0.6467696629213483 0.4490870786516854 0.6390449438202247 0.4566362359550562 0.6341292134831461 0.46418539325842695 0.6338951310861424
0 0.3769311797752809 0.5072565543071161 0.38360252808988765 0.5091292134831461 0.38728932584269665 0.5140449438202247 0.38588483146067415 0.5217696629213483 0.3871137640449438 0.5383895131086143 0.38026685393258425 0.545880149812734 0.36832865168539325 0.5419007490636704 0.36411516853932585 0.5365168539325843 0.36218398876404495 0.5294943820224719 0.36464185393258425 0.5154494382022472 0.3695575842696629 0.5095973782771536 0.3767556179775281 0.5072565543071161
0 0.3142556179775281 0.6264044943820225 0.3261938202247191 0.6336610486891385 0.3225070224719101 0.6528558052434457 0.3240870786516854 0.6650280898876404 0.32110252808988765 0.6685393258426966 0.3084620786516854 0.6697097378277154 0.30179073033707865 0.6683052434456929 0.2966994382022472 0.662687265917603 0.2930126404494382 0.653558052434457 0.29195926966292135 0.6385767790262172 0.296875 0.6289794007490637 0.3140800561797753 0.6264044943820225
0 0.2498244382022472 0.5856741573033708 0.2557935393258427 0.5880149812734082 0.25702247191011235 0.5917602996254682 0.25280898876404495 0.6020599250936329 0.25491573033707865 0.6196161048689138 0.24490870786516855 0.62687265917603 0.23858848314606743 0.6280430711610487 0.2341994382022472 0.62687265917603 0.22735252808988765 0.6172752808988764 0.2266502808988764 0.6022940074906367 0.22963483146067415 0.5952715355805244 0.23665730337078653 0.588249063670412 0.24964887640449437 0.5856741573033708
0 0.43433988764044945 0.6671348314606742 0.4392556179775281 0.6683052434456929 0.441186797752809 0.6788389513108615 0.4450491573033708 0.6863295880149812 0.445751404494382 0.6959269662921348 0.43995786516853935 0.7167602996254682 0.42872191011235955 0.7205056179775281 0.4216994382022472 0.7183988764044944 0.4174859550561798 0.7139513108614233 0.41485252808988765 0.6992041198501873 0.41906601123595505 0.6823501872659176 0.42872191011235955 0.6694756554307116 0.43416432584269665 0.6671348314606742
0 0.7245435393258427 0.5905898876404494 0.7303370786516854 0.5994850187265918 0.7255969101123596 0.6058052434456929 0.7259480337078652 0.6198501872659176 0.7238412921348315 0.6282771535580525 0.7168188202247191 0.6383426966292135 0.7006671348314607 0.6392790262172284 0.6941713483146067 0.6336610486891385 0.6952247191011236 0.6179775280898876 0.692064606741573 0.5955056179775281 0.7171699438202247 0.5971441947565543 0.7243679775280899 0.5905898876404494
0 0.7069873595505618 0.6821161048689138 0.7173455056179775 0.6853932584269663 0.7273525280898876 0.699438202247191 0.7268258426966292 0.7116104868913857 0.7238412921348315 0.7198033707865169 0.7205056179775281 0.7240168539325843 0.7134831460674157 0.7268258426966292 0.7008426966292135 0.7207397003745318 0.6936446629213483 0.7102059925093633 0.692064606741573 0.6959269662921348 0.6952247191011236 0.6870318352059925 0.6987359550561798 0.6837546816479401 0.706811797752809 0.6821161048689138
0 0.41520365168539325 0.6264044943820225 0.41889044943820225 0.6367041198501873 0.41871488764044945 0.6484082397003745 0.4157303370786517 0.6561329588014981 0.4046699438202247 0.6640917602996255 0.39905196629213485 0.6629213483146067 0.38922050561797755 0.6526217228464419 0.3864115168539326 0.6404494382022472 0.3902738764044944 0.635065543071161 0.4043188202247191 0.635065543071161 0.41502808988764045 0.6264044943820225
0 0.7148876404494382 0.5105337078651685 0.7248946629213483 0.5177902621722846 0.7273525280898876 0.5236423220973783 0.7282303370786517 0.5351123595505618 0.7231390449438202 0.5470505617977528 0.7140098314606742 0.5514981273408239 0.698560393258427 0.5465823970037453 0.6996137640449438 0.533941947565543 0.6961025280898876 0.5187265917602997 0.6978581460674157 0.5152153558052435 0.7050561797752809 0.5114700374531835 0.7147120786516854 0.5105337078651685
0 0.5333567415730337 0.5522003745318352 0.538623595505618 0.5571161048689138 0.5421348314606742 0.5716292134831461 0.5398525280898876 0.584503745318352 0.5328300561797753 0.5901217228464419 0.5142205056179775 0.5870786516853933 0.5100070224719101 0.5746722846441947 0.514747191011236 0.5566479400749064 0.5254564606741573 0.5519662921348315 0.5331811797752809 0.5522003745318352
0 0.28405898876404495 0.5500936329588015 0.2972261235955056 0.5522003745318352 0.3007373595505618 0.5571161048689138 0.30196629213483145 0.5634363295880149 0.3009129213483146 0.5706928838951311 0.2933637640449438 0.586376404494382 0.284936797752809 0.591058052434457 0.26702949438202245 0.5887172284644194 0.2633426966292135 0.5821629213483146 0.26228932584269665 0.5720973782771536 0.26492275280898875 0.56062734082397 0.2717696629213483 0.5522003745318352 0.27598314606741575 0.549625468164794 0.28388342696629215 0.5500936329588015
0 0.5651334269662921 0.5517322097378277 0.5718047752808989 0.5538389513108615 0.5754915730337079 0.5674157303370787 0.5747893258426966 0.5812265917602997 0.5672401685393258 0.5915262172284644 0.5554775280898876 0.5948033707865169 0.5470505617977528 0.5931647940074907 0.5433637640449438 0.589185393258427 0.5433637640449438 0.5641385767790262 0.5502106741573034 0.5543071161048689 0.5649578651685393 0.5517322097378277
0 0.682935393258427 0.6006554307116105 0.6908356741573034 0.6046348314606742 0.6950491573033708 0.6191479400749064 0.6929424157303371 0.6324906367041199 0.6853932584269663 0.6385767790262172 0.6734550561797753 0.6343632958801498 0.6667837078651685 0.6264044943820225 0.664501404494382 0.6165730337078652 0.668188202247191 0.6046348314606742 0.6827598314606742 0.6006554307116105
0 0.5849719101123596 0.5938670411985019 0.5921699438202247 0.5969101123595506 0.5967345505617978 0.6022940074906367 0.6005969101123596 0.6214887640449438 0.5997191011235955 0.6266385767790262 0.5951544943820225 0.6331928838951311 0.5853230337078652 0.6376404494382022 0.5730337078651685 0.6310861423220974 0.569873595505618 0.6261704119850188 0.5679424157303371 0.6165730337078652 0.570751404494382 0.6008895131086143 0.5779494382022472 0.5941011235955056 0.5847963483146067 0.5938670411985019
0 0.4643609550561798 0.675561797752809 0.47208567415730335 0.6821161048689138 0.4762991573033708 0.7066947565543071 0.4743679775280899 0.713249063670412 0.46822331460674155 0.7202715355805244 0.46787219101123595 0.7256554307116105 0.46348314606741575 0.7308052434456929 0.4624297752808989 0.7235486891385767 0.4475070224719101 0.7134831460674157 0.4454002808988764 0.7029494382022472 0.44627808988764045 0.6891385767790262 0.4487359550561798 0.6816479400749064 0.453125 0.6769662921348315 0.46418539325842695 0.675561797752809
0 0.6408005617977528 0.5042134831460674 0.6474719101123596 0.5051498127340824 0.6594101123595506 0.511938202247191 0.6639747191011236 0.5224719101123596 0.6627457865168539 0.5369850187265918 0.664501404494382 0.5442415730337079 0.6511587078651685 0.5500936329588015 0.6423806179775281 0.5484550561797753 0.6348314606741573 0.5433052434456929 0.6344803370786517 0.5292602996254682 0.6309691011235955 0.5152153558052435 0.6336025280898876 0.5081928838951311 0.640625 0.5042134831460674
0 0.3421699438202247 0.552434456928839 0.35235252808988765 0.5592228464419475 0.35656601123595505 0.5781835205992509 0.3495435393258427 0.5896535580524345 0.33532303370786515 0.5994850187265918 0.32478932584269665 0.5896535580524345 0.3246137640449438 0.5739700374531835 0.3298806179775281 0.5557116104868914 0.33479634831460675 0.5519662921348315 0.3419943820224719 0.552434456928839
0 0.6848665730337079 0.5117041198501873 0.6931179775280899 0.5154494382022472 0.6968047752808989 0.5198970037453183 0.6996137640449438 0.5351123595505618 0.6969803370786517 0.5451779026217228 0.6864466292134831 0.5522003745318352 0.6748595505617978 0.550561797752809 0.6701193820224719 0.5475187265917603 0.6652036516853933 0.5397940074906367 0.667310393258427 0.5201310861423221 0.6748595505617978 0.5126404494382022 0.6846910112359551 0.5117041198501873
1 0.24750702247191012 0.5670060861423221 0.030361657303370787 0.040067883895131086
1 0.24904669943820223 0.6935814606741573 0.028760533707865167 0.04352762172284644
1 0.31402914325842696 0.5478113295880149 0.025296699438202248 0.08126404494382022
1 0.27959620786516853 0.648808520599251 0.024315308988764044 0.038251404494382024
1 0.3571190308988764 0.6108778089887641 0.04944346910112359 0.03729868913857678
1 0.37018785112359553 0.6293375468164795 0.027593047752808988 0.07889981273408239
1 0.37405021067415734 0.5272588951310861 0.024784058988764044 0.03703885767790262
1 0.40246488764044946 0.6467556179775281 0.0886376404494382 0.037268258426966294
1 0.4322120786516854 0.606315543071161 0.028748244382022472 0.11556179775280899
1 0.4603054775280899 0.5242720037453183 0.02407654494382022 0.038869382022471914
1 0.4937359550561798 0.6113670411985019 0.02539325842696629 0.03827949438202247
1 0.5554968398876404 0.6150842696629213 0.02836376404494382 0.03635065543071161
1 0.565684691011236 0.698686797752809 0.05927317415730337 0.05686329588014981
1 0.5858584971910112 0.5713389513108614 0.02588307584269663 0.03624531835205993
1 0.6460463483146067 0.5691619850187266 0.030389747191011236 0.04125702247191011
1 0.6454266151685393 0.6575046816479401 0.018614817415730338 0.0431624531835206
1 0.7087728230337079 0.5749602059925094 0.031776685393258425 0.03880852059925093