0 0.46365870786516855 0.31273408239700373 0.47401685393258425 0.31952247191011235 0.4766502808988764 0.33075842696629215 0.47208567415730335 0.3450374531835206 0.4648876404494382 0.34831460674157305 0.45997191011235955 0.34808052434456926 0.4552317415730337 0.3441011235955056 0.4510182584269663 0.33848314606741575 0.45049157303370785 0.33192883895131087 0.4554073033707865 0.3181179775280899 0.46348314606741575 0.31273408239700373
0 0.36990870786516855 0.6500468164794008 0.3767556179775281 0.6568352059925093 0.37745786516853935 0.6760299625468165 0.37359550561797755 0.6849250936329588 0.363061797752809 0.6907771535580525 0.3549859550561798 0.6896067415730337 0.34866573033707865 0.6828183520599251 0.34620786516853935 0.6729868913857678 0.34673455056179775 0.6645599250936329 0.34901685393258425 0.6580056179775281 0.35463483146067415 0.651685393258427 0.36973314606741575 0.6500468164794008
0 0.6183286516853933 0.3672752808988764 0.6253511235955056 0.37312734082397003 0.6278089887640449 0.38412921348314605 0.6246488764044944 0.39536516853932585 0.6163974719101124 0.40168539325842695 0.6090238764044944 0.399812734082397 0.6035814606741573 0.3937265917602996 0.6016502808988764 0.38085205992509363 0.604810393258427 0.37219101123595505 0.6121839887640449 0.36750936329588013 0.6181530898876404 0.3672752808988764
0 0.5540730337078652 0.40074906367041196 0.5621488764044944 0.40730337078651685 0.5649578651685393 0.4204119850187266 0.5623244382022472 0.43211610486891383 0.5538974719101124 0.43937265917602997 0.5435393258426966 0.43609550561797755 0.539501404494382 0.43211610486891383 0.5380969101123596 0.4154962546816479 0.5396769662921348 0.4070692883895131 0.543188202247191 0.40308988764044945 0.5538974719101124 0.40074906367041196
0 0.5200140449438202 0.36235955056179775 0.5270365168539326 0.3677434456928839 0.5301966292134831 0.37687265917602997 0.5268609550561798 0.3913857677902622 0.5189606741573034 0.3977059925093633 0.5086025280898876 0.39396067415730335 0.5049157303370787 0.386938202247191 0.5042134831460674 0.3792134831460674 0.5084269662921348 0.3663389513108614 0.5198384831460674 0.36235955056179775
0 0.37447331460674155 0.6116573033707865 0.3809691011235955 0.6207865168539326 0.38219803370786515 0.6301498127340824 0.38009129213483145 0.6399812734082397 0.36973314606741575 0.6474719101123596 0.359375 0.6458333333333334 0.35217696629213485 0.636938202247191 0.3553370786516854 0.6338951310861424 0.35410814606741575 0.6264044943820225 0.35867275280898875 0.6182116104868914 0.36604634831460675 0.612125468164794 0.37429775280898875 0.6116573033707865
0 0.5512640449438202 0.45271535580524347 0.5596910112359551 0.45575842696629215 0.5651334269662921 0.46676029962546817 0.5635533707865169 0.48080524344569286 0.5609199438202247 0.48525280898876405 0.5544241573033708 0.488998127340824 0.5430126404494382 0.4845505617977528 0.5391502808988764 0.4758895131086142 0.5417837078651685 0.4592696629213483 0.5510884831460674 0.45271535580524347
0 0.5228230337078652 0.5271535580524345 0.5333567415730337 0.5327715355805244 0.5366924157303371 0.545880149812734 0.5340589887640449 0.56062734082397 0.5291432584269663 0.5657771535580525 0.5233497191011236 0.5674157303370787 0.5122893258426966 0.5625 0.5077247191011236 0.5503277153558053 0.5080758426966292 0.5395599250936329 0.5112359550561798 0.5313670411985019 0.5154494382022472 0.5276217228464419 0.5226474719101124 0.5271535580524345
0 0.366748595505618 0.3103932584269663 0.37377106741573035 0.31788389513108617 0.3751755617977528 0.3279494382022472 0.371313202247191 0.3389513108614232 0.3628862359550562 0.3443352059925094 0.3574438202247191 0.3424625468164794 0.35235252808988765 0.3368445692883895 0.35042134831460675 0.32420411985018727 0.3555126404494382 0.31320224719101125 0.359375 0.3103932584269663 0.36657303370786515 0.3103932584269663
0 0.4645365168539326 0.5346441947565543 0.4729634831460674 0.5407303370786517 0.47524578651685395 0.5519662921348315 0.47173455056179775 0.5648408239700374 0.4645365168539326 0.5692883895131086 0.4547050561797753 0.5657771535580525 0.44838483146067415 0.5545411985018727 0.4489115168539326 0.5465823970037453 0.4515449438202247 0.5416666666666666 0.4643609550561798 0.5346441947565543
0 0.40150983146067415 0.3146067415730337 0.40712780898876405 0.32092696629213485 0.4081811797752809 0.3321629213483146 0.4044943820224719 0.34129213483146065 0.39782303370786515 0.3455056179775281 0.386938202247191 0.34269662921348315 0.3827247191011236 0.33590823970037453 0.382373595505618 0.3270131086142322 0.38553370786516855 0.31741573033707865 0.3902738764044944 0.3136704119850187 0.40133426966292135 0.3146067415730337
0 0.4924508426966292 0.3993445692883895 0.49877106741573035 0.4054307116104869 0.500877808988764 0.41830524344569286 0.4957865168539326 0.4302434456928839 0.4884129213483146 0.43375468164794007 0.4841994382022472 0.4330524344569288 0.477001404494382 0.42485955056179775 0.4764747191011236 0.4110486891385768 0.4805126404494382 0.40215355805243447 0.4922752808988764 0.3993445692883895
0 0.5572331460674157 0.49414794007490637 0.5644311797752809 0.4974250936329588 0.5682935393258427 0.5049157303370787 0.5689957865168539 0.5177902621722846 0.5653089887640449 0.5259831460674157 0.5535463483146067 0.5297284644194756 0.547752808988764 0.5259831460674157 0.5430126404494382 0.5187265917602997 0.5433637640449438 0.5002340823970037 0.5484550561797753 0.49625468164794007 0.5570575842696629 0.4943820224719101
0 0.5270365168539326 0.4875936329588015 0.5340589887640449 0.49087078651685395 0.5379213483146067 0.5053838951310862 0.5372191011235955 0.512874531835206 0.5340589887640449 0.5189606741573034 0.5265098314606742 0.5222378277153558 0.5163272471910112 0.5191947565543071 0.5091292134831461 0.5081928838951311 0.514747191011236 0.49250936329588013 0.5221207865168539 0.4875936329588015 0.5268609550561798 0.4875936329588015
0 0.581811797752809 0.36282771535580527 0.5897120786516854 0.36797752808988765 0.59375 0.37640449438202245 0.5923455056179775 0.3890449438202247 0.5821629213483146 0.39536516853932585 0.5737359550561798 0.3913857677902622 0.5686446629213483 0.3801498127340824 0.5704002808988764 0.36914794007490637 0.5746137640449438 0.3647003745318352 0.5816362359550562 0.36282771535580527
0 0.425561797752809 0.31530898876404495 0.4336376404494382 0.31741573033707865 0.43995786516853935 0.32771535580524347 0.4396067415730337 0.3419943820224719 0.43258426966292135 0.3497191011235955 0.42047050561797755 0.3464419475655431 0.414501404494382 0.336376404494382 0.4157303370786517 0.324438202247191 0.42082162921348315 0.31741573033707865 0.4253862359550562 0.31530898876404495
0 0.49543539325842695 0.5301966292134831 0.5019311797752809 0.5334737827715356 0.5056179775280899 0.5397940074906367 0.5066713483146067 0.5517322097378277 0.5014044943820225 0.5639044943820225 0.49525983146067415 0.5664794007490637 0.48384831460674155 0.5625 0.4801615168539326 0.5568820224719101 0.4787570224719101 0.5475187265917603 0.4789325842696629 0.5433052434456929 0.484375 0.5325374531835206 0.49525983146067415 0.5301966292134831
0 0.6174508426966292 0.3258426966292135 0.6237710674157303 0.33146067415730335 0.6257022471910112 0.3424625468164794 0.6221910112359551 0.35252808988764045 0.6142907303370787 0.3583801498127341 0.6086727528089888 0.3574438202247191 0.6039325842696629 0.3529962546816479 0.6012991573033708 0.3487827715355805 0.6005969101123596 0.33918539325842695 0.6058637640449438 0.32771535580524347 0.6172752808988764 0.3258426966292135
0 0.37008426966292135 0.48080524344569286 0.3769311797752809 0.488061797752809 0.3793890449438202 0.49719101123595505 0.378686797752809 0.511938202247191 0.3771067415730337 0.5156835205992509 0.37359550561797755 0.5163857677902621 0.3590238764044944 0.5133426966292135 0.352001404494382 0.5039794007490637 0.355688202247191 0.487125468164794 0.36253511235955055 0.48197565543071164 0.36990870786516855 0.48080524344569286
0 0.398876404494382 0.44288389513108617 0.40484550561797755 0.4447565543071161 0.40905898876404495 0.449438202247191 0.4116924157303371 0.4616104868913858 0.40888342696629215 0.4714419475655431 0.40098314606741575 0.47752808988764045 0.3871137640449438 0.4735486891385768 0.3829002808988764 0.4637172284644195 0.386938202247191 0.4482677902621723 0.3908005617977528 0.44452247191011235 0.3987008426966292 0.44288389513108617
0 0.43679775280898875 0.5351123595505618 0.44276685393258425 0.5423689138576779 0.44434691011235955 0.5578183520599251 0.4396067415730337 0.5692883895131086 0.43240870786516855 0.572565543071161 0.42521067415730335 0.5709269662921348 0.421875 0.5669475655430711 0.41889044943820225 0.5564138576779026 0.41924157303370785 0.5465823970037453 0.4253862359550562 0.5374531835205992 0.43662219101123595 0.5351123595505618
0 0.5549508426966292 0.32069288389513106 0.5646067415730337 0.32841760299625467 0.5667134831460674 0.3366104868913858 0.5646067415730337 0.35042134831460675 0.5607443820224719 0.3541666666666667 0.555126404494382 0.3548689138576779 0.5449438202247191 0.35042134831460675 0.5409058988764045 0.3419943820224719 0.5428370786516854 0.32841760299625467 0.5502106741573034 0.3211610486891386 0.5547752808988764 0.32069288389513106
0 0.5263342696629213 0.31320224719101125 0.5363412921348315 0.32209737827715357 0.5387991573033708 0.335440074906367 0.5335323033707865 0.3487827715355805 0.5242275280898876 0.35603932584269665 0.5215941011235955 0.35580524344569286 0.5219452247191011 0.352059925093633 0.5112359550561798 0.34691011235955055 0.5086025280898876 0.3431647940074906 0.508251404494382 0.33497191011235955 0.5105337078651685 0.32467228464419473 0.5149227528089888 0.3167134831460674 0.5261587078651685 0.31320224719101125
0 0.5830407303370787 0.40613295880149813 0.5884831460674157 0.40941011235955055 0.5932233146067416 0.41924157303370785 0.5918188202247191 0.4332865168539326 0.5844452247191011 0.44124531835205993 0.5730337078651685 0.43726591760299627 0.5684691011235955 0.4332865168539326 0.5667134831460674 0.42837078651685395 0.567064606741573 0.4157303370786517 0.5695224719101124 0.4110486891385768 0.5740870786516854 0.4070692883895131 0.5828651685393258 0.40613295880149813
0 0.39554073033707865 0.4857209737827715 0.40677668539325845 0.4927434456928839 0.40905898876404495 0.49812734082397003 0.40905898876404495 0.5056179775280899 0.40870786516853935 0.511938202247191 0.40572331460674155 0.5159176029962547 0.394311797752809 0.5201310861423221 0.38588483146067415 0.5154494382022472 0.3829002808988764 0.5039794007490637 0.3862359550561798 0.4913389513108614 0.390625 0.4866573033707865 0.39536516853932585 0.4857209737827715
0 0.4648876404494382 0.4438202247191011 0.472436797752809 0.4487359550561798 0.476123595505618 0.4648876404494382 0.4743679775280899 0.4756554307116105 0.46383426966292135 0.48174157303370785 0.45628511235955055 0.4791666666666667 0.4513693820224719 0.47425093632958804 0.4476825842696629 0.45997191011235955 0.45259831460674155 0.4487359550561798 0.45839185393258425 0.44452247191011235 0.4647120786516854 0.4438202247191011
0 0.49122191011235955 0.3586142322097378 0.4984199438202247 0.36352996254681647 0.5024578651685393 0.37265917602996257 0.5007022471910112 0.3874063670411985 0.4980688202247191 0.39091760299625467 0.49139747191011235 0.39325842696629215 0.4808637640449438 0.3904494382022472 0.47770365168539325 0.3771067415730337 0.47928370786516855 0.3677434456928839 0.48525280898876405 0.3607209737827715 0.49104634831460675 0.3586142322097378
0 0.39782303370786515 0.39536516853932585 0.4081811797752809 0.40074906367041196 0.4118679775280899 0.40777153558052437 0.4116924157303371 0.41807116104868913 0.40888342696629215 0.4250936329588015 0.40098314606741575 0.43164794007490637 0.386938202247191 0.4288389513108614 0.3825491573033708 0.4152621722846442 0.3829002808988764 0.40777153558052437 0.3865870786516854 0.40004681647940077 0.3902738764044944 0.3960674157303371 0.39764747191011235 0.39536516853932585
0 0.456811797752809 0.3544007490636704 0.46594101123595505 0.3616573033707865 0.4671699438202247 0.3698501872659176 0.465063202247191 0.37874531835205993 0.461376404494382 0.3838951310861423 0.4534761235955056 0.387874531835206 0.44417134831460675 0.3815543071161049 0.44206460674157305 0.36587078651685395 0.44820926966292135 0.35557116104868913 0.4566362359550562 0.3544007490636704
0 0.35990168539325845 0.5599250936329588 0.37183988764044945 0.5632022471910112 0.37816011235955055 0.5718632958801498 0.37816011235955055 0.5777153558052435 0.375 0.5852059925093633 0.36639747191011235 0.5931647940074907 0.35797050561797755 0.5908239700374532 0.3512991573033708 0.5795880149812734 0.3518258426966292 0.5676498127340824 0.3551615168539326 0.56062734082397 0.3597261235955056 0.5599250936329588
0 0.40484550561797755 0.5262172284644194 0.4122191011235955 0.5327715355805244 0.4159058988764045 0.5435393258426966 0.4123946629213483 0.5547752808988764 0.4044943820224719 0.5608614232209738 0.4004564606741573 0.56062734082397 0.39325842696629215 0.5552434456928839 0.38939606741573035 0.5421348314606742 0.39360955056179775 0.5316011235955056 0.3999297752808989 0.5262172284644194 0.4046699438202247 0.5262172284644194
0 0.3632373595505618 0.3487827715355805 0.36990870786516855 0.3522940074906367 0.3753511235955056 0.362125468164794 0.37447331460674155 0.37359550561797755 0.37025983146067415 0.38108614232209737 0.3635884831460674 0.38459737827715357 0.35252808988764045 0.3785112359550562 0.34884129213483145 0.36680711610486894 0.35094803370786515 0.3562734082397004 0.3539325842696629 0.35159176029962547 0.363061797752809 0.3487827715355805
0 0.425561797752809 0.351123595505618 0.4320575842696629 0.3544007490636704 0.4375 0.3625936329588015 0.4359199438202247 0.3771067415730337 0.43275983146067415 0.3815543071161049 0.4257373595505618 0.38506554307116103 0.42082162921348315 0.3848314606741573 0.4159058988764045 0.38108614232209737 0.4123946629213483 0.3705524344569288 0.414501404494382 0.35720973782771537 0.4178370786516854 0.35346441947565543 0.4253862359550562 0.351123595505618
0 0.42872191011235955 0.4049625468164794 0.43697331460674155 0.412687265917603 0.43995786516853935 0.4232209737827715 0.43697331460674155 0.4342228464419476 0.4280196629213483 0.438436329588015 0.42099719101123595 0.43726591760299627 0.4176615168539326 0.4339887640449438 0.41502808988764045 0.4204119850187266 0.4183637640449438 0.40941011235955055 0.42854634831460675 0.4049625468164794
0 0.4612008426966292 0.3993445692883895 0.47120786516853935 0.40730337078651685 0.47331460674157305 0.4178370786516854 0.47120786516853935 0.42837078651685395 0.4668188202247191 0.4332865168539326 0.4612008426966292 0.4344569288389513 0.45417837078651685 0.43164794007490637 0.4476825842696629 0.42181647940074907 0.4473314606741573 0.4152621722846442 0.4527738764044944 0.40402621722846443 0.4610252808988764 0.3993445692883895
0 0.394311797752809 0.3508895131086142 0.40291432584269665 0.35510299625468167 0.40695224719101125 0.3625936329588015 0.4064255617977528 0.37336142322097376 0.40361657303370785 0.3806179775280899 0.3944873595505618 0.38553370786516855 0.38570926966292135 0.3817883895131086 0.3825491573033708 0.37640449438202245 0.3809691011235955 0.36540262172284643 0.38377808988764045 0.35557116104868913 0.3941362359550562 0.3508895131086142
0 0.5273876404494382 0.44897003745318353 0.5337078651685393 0.4545880149812734 0.5359901685393258 0.4669943820224719 0.5316011235955056 0.48010299625468167 0.522998595505618 0.48431647940074907 0.5150983146067416 0.48174157303370785 0.5117626404494382 0.47635767790262173 0.5087780898876404 0.4669943820224719 0.5089536516853933 0.4595037453183521 0.5154494382022472 0.45014044943820225 0.5272120786516854 0.44897003745318353
0 0.5865519662921348 0.32162921348314605 0.5919943820224719 0.323501872659176 0.5955056179775281 0.3279494382022472 0.5986657303370787 0.34269662921348315 0.5962078651685393 0.3527621722846442 0.5905898876404494 0.36025280898876405 0.5862008426966292 0.36235955056179775 0.5747893258426966 0.35931647940074907 0.569873595505618 0.3527621722846442 0.5688202247191011 0.3445692883895131 0.5696980337078652 0.3347378277153558 0.5733848314606742 0.3274812734082397 0.578125 0.3232677902621723 0.586376404494382 0.32162921348314605
0 0.4956109550561798 0.31226591760299627 0.5033356741573034 0.31741573033707865 0.5064957865168539 0.33192883895131087 0.5021067415730337 0.34269662921348315 0.49525983146067415 0.34691011235955055 0.48297050561797755 0.34012172284644193 0.48191713483146065 0.32397003745318353 0.48349719101123595 0.3171816479400749 0.4864817415730337 0.31413857677902624 0.49543539325842695 0.31226591760299627
0 0.5207162921348315 0.4091760299625468 0.5300210674157303 0.41502808988764045 0.532127808988764 0.42907303370786515 0.5279143258426966 0.4407771535580524 0.5170294943820225 0.44452247191011235 0.5121137640449438 0.44335205992509363 0.5079002808988764 0.4386704119850187 0.5054424157303371 0.42837078651685395 0.5098314606741573 0.413623595505618 0.5154494382022472 0.4091760299625468 0.5205407303370787 0.4091760299625468
0 0.6100772471910112 0.45669475655430714 0.6141151685393258 0.45739700374531833 0.6200842696629213 0.46301498127340823 0.6220154494382022 0.47495318352059923 0.6188553370786517 0.4854868913857678 0.609375 0.49157303370786515 0.5972612359550562 0.48431647940074907 0.5951544943820225 0.48080524344569286 0.5949789325842697 0.4737827715355805 0.5991924157303371 0.46207865168539325 0.6099016853932584 0.45669475655430714
0 0.45979634831460675 0.48642322097378277 0.46769662921348315 0.49180711610486894 0.4703300561797753 0.5051498127340824 0.46804775280898875 0.5154494382022472 0.45768960674157305 0.5224719101123596 0.45049157303370785 0.5203651685393258 0.44610252808988765 0.5156835205992509 0.44417134831460675 0.5014044943820225 0.4489115168539326 0.49040262172284643 0.45962078651685395 0.48642322097378277
0 0.37412219101123595 0.5231741573033708 0.3809691011235955 0.5294943820224719 0.3830758426966292 0.5435393258426966 0.3771067415730337 0.5575842696629213 0.36990870786516855 0.5610955056179775 0.36200842696629215 0.5580524344569289 0.35445926966292135 0.5503277153558053 0.35235252808988765 0.5428370786516854 0.3634129213483146 0.5245786516853933 0.37394662921348315 0.5231741573033708
0 0.3628862359550562 0.43703183520599254 0.3730688202247191 0.44124531835205993 0.37622893258426965 0.45341760299625467 0.37201544943820225 0.46722846441947563 0.363061797752809 0.4726123595505618 0.35217696629213485 0.4669943820224719 0.3491924157303371 0.4529494382022472 0.35217696629213485 0.44241573033707865 0.35656601123595505 0.43820224719101125 0.36271067415730335 0.43703183520599254
0 0.4334620786516854 0.4538857677902622 0.43995786516853935 0.4592696629213483 0.4431179775280899 0.47073970037453183 0.4396067415730337 0.4812734082397004 0.4359199438202247 0.48525280898876405 0.42872191011235955 0.4875936329588015 0.4183637640449438 0.48080524344569286 0.4157303370786517 0.47401685393258425 0.4157303370786517 0.4660580524344569 0.42099719101123595 0.45646067415730335 0.4332865168539326 0.4538857677902622
0 0.6069171348314607 0.4112827715355805 0.6174508426966292 0.4131554307116105 0.6242977528089888 0.4250936329588015 0.6211376404494382 0.44241573033707865 0.6135884831460674 0.44967228464419473 0.6062148876404494 0.4473314606741573 0.5984901685393258 0.4328183520599251 0.601123595505618 0.4147940074906367 0.6067415730337079 0.4112827715355805
0 0.4295997191011236 0.49297752808988765 0.43802668539325845 0.49812734082397003 0.44030898876404495 0.5117041198501873 0.43609550561797755 0.5236423220973783 0.4295997191011236 0.5276217228464419 0.4216994382022472 0.5252808988764045 0.413623595505618 0.5133426966292135 0.414501404494382 0.50187265917603 0.41853932584269665 0.4948501872659176 0.4294241573033708 0.49297752808988765
0 0.49947331460674155 0.44803370786516855 0.5059691011235955 0.4559925093632959 0.5057935393258427 0.4705056179775281 0.5026334269662921 0.47869850187265917 0.49490870786516855 0.4845505617977528 0.4841994382022472 0.48080524344569286 0.4799859550561798 0.4737827715355805 0.47910814606741575 0.46348314606741575 0.480688202247191 0.4559925093632959 0.4861306179775281 0.44920411985018727 0.49929775280898875 0.44803370786516855
0 0.37201544943820225 0.39747191011235955 0.3793890449438202 0.40426029962546817 0.3811446629213483 0.4133895131086142 0.37763342696629215 0.42696629213483145 0.36990870786516855 0.43141385767790263 0.36271067415730335 0.4309456928838951 0.35849719101123595 0.4272003745318352 0.3553370786516854 0.4204119850187266 0.35445926966292135 0.4112827715355805 0.3558637640449438 0.40472846441947563 0.36235955056179775 0.3977059925093633 0.37183988764044945 0.39747191011235955
0 0.5502106741573034 0.36235955056179775 0.5540730337078652 0.363998127340824 0.5612710674157303 0.37312734082397003 0.5612710674157303 0.38717228464419473 0.5568820224719101 0.3951310861423221 0.5438904494382022 0.3972378277153558 0.5398525280898876 0.3972378277153558 0.5359901685393258 0.3895131086142322 0.5347612359550562 0.37312734082397003 0.5398525280898876 0.3651685393258427 0.5500351123595506 0.36235955056179775
0 0.48946629213483145 0.4913389513108614 0.4982443820224719 0.49625468164794007 0.5010533707865169 0.5060861423220974 0.49754213483146065 0.5189606741573034 0.4882373595505618 0.5259831460674157 0.4764747191011236 0.5213014981273408 0.47384129213483145 0.5124063670411985 0.47384129213483145 0.5028089887640449 0.4801615168539326 0.4927434456928839 0.48929073033707865 0.4913389513108614
0 0.3908005617977528 0.5709269662921348 0.39764747191011235 0.5742041198501873 0.40519662921348315 0.588249063670412 0.4008075842696629 0.6020599250936329 0.39764747191011235 0.6062734082397003 0.3909761235955056 0.6090823970037453 0.3829002808988764 0.6058052434456929 0.37833567415730335 0.5990168539325843 0.37991573033707865 0.5814606741573034 0.390625 0.5709269662921348
2 0.6378744733146068 0.31210978464419475 0.34974280196629215 0.30475210674157305 0.33988132022471906 0.69175 0.6322738764044944 0.7024789325842696
1 0.5814905196629213 0.5686142322097378 0.02768082865168539 0.24927668539325845
1 0.598028441011236 0.5923665730337079 0.060756671348314605 0.2093890449438202
1 0.583407654494382 0.6115730337078651 0.09003511235955057 0.16821629213483147
1 0.520595154494382 0.6285369850187266 0.2125386235955056 0.12411516853932585
1 0.5036446629213484 0.6487687265917603 0.2441818820224719 0.08031132958801497