2 0.643141327247191 0.31054939138576776 0.3530414325842697 0.3011463014981274 0.3437696629213483 0.6902808988764045 0.6374058988764045 0.7018937265917603
1 0.36609550561797755 0.3268562734082397 0.01706987359550562 0.035737359550561794
1 0.40339185393258425 0.37152855805243445 0.02377808988764045 0.03301029962546817
1 0.43579529494382024 0.49859316479400745 0.02420997191011236 0.029644194756554307
1 0.46602176966292136 0.4621512172284644 0.02263342696629213 0.033227996254681647
1 0.46501755617977525 0.4989513108614232 0.02296699438202247 0.03192415730337079
1 0.4644224016853932 0.5372354868913858 0.024115168539325844 0.03358146067415731
1 0.4631917134831461 0.6211470037453184 0.022824789325842695 0.034426498127340825
1 0.5212622893258427 0.5826006554307116 0.025438904494382023 0.033801498127340825
1 0.5833655196629214 0.5839887640449438 0.02206811797752809 0.031900749063670415
1 0.5534796348314607 0.5039442883895131 0.02432935393258427 0.03254213483146068
1 0.5518820224719101 0.46506086142322095 0.021134129213483146 0.029683988764044943
0 0.37991573033707865 0.32818352059925093 0.37780898876404495 0.33824906367041196 0.3753511235955056 0.3419943820224719 0.37798455056179775 0.34480337078651685 0.3790379213483146 0.3487827715355805 0.382373595505618 0.3527621722846442 0.3871137640449438 0.35580524344569286 0.39360955056179775 0.35697565543071164 0.3960674157303371 0.3565074906367041 0.40098314606741575 0.35346441947565543 0.40554775280898875 0.35252808988764045 0.4078300561797753 0.351123595505618 0.4101123595505618 0.3487827715355805 0.41151685393258425 0.34573970037453183 0.41099016853932585 0.34152621722846443 0.4122191011235955 0.3377808988764045 0.40870786516853935 0.325374531835206 0.40572331460674155 0.32092696629213485 0.40133426966292135 0.31741573033707865 0.394311797752809 0.3150749063670412 0.3904494382022472 0.3157771535580524 0.3829002808988764 0.323501872659176
0 0.3539325842696629 0.35767790262172283 0.3539325842696629 0.36493445692883897 0.35481039325842695 0.3693820224719101 0.35814606741573035 0.37640449438202245 0.3628862359550562 0.38085205992509363 0.3732443820224719 0.38342696629213485 0.38184691011235955 0.37663857677902624 0.3827247191011236 0.37476591760299627 0.38360252808988765 0.37453183520599254 0.3851825842696629 0.3693820224719101 0.38553370786516855 0.3661048689138577 0.3850070224719101 0.3647003745318352 0.38360252808988765 0.3625936329588015 0.3807935393258427 0.36142322097378277 0.37991573033707865 0.3583801498127341 0.3804424157303371 0.35580524344569286 0.37587780898876405 0.3506554307116105 0.37377106741573035 0.34620786516853935 0.37025983146067415 0.3431647940074906 0.3649929775280899 0.3431647940074906 0.359375 0.34620786516853935 0.3553370786516854 0.3522940074906367
0 0.3534058988764045 0.40051498127340823 0.3535814606741573 0.40777153558052437 0.355688202247191 0.4147940074906367 0.3591994382022472 0.4204119850187266 0.36235955056179775 0.42228464419475653 0.3669241573033708 0.4220505617977528 0.3692064606741573 0.4232209737827715 0.3734199438202247 0.4234550561797753 0.3767556179775281 0.42275280898876405 0.3785112359550562 0.4204119850187266 0.38167134831460675 0.41970973782771537 0.38360252808988765 0.4147940074906367 0.3830758426966292 0.4112827715355805 0.3850070224719101 0.40823970037453183 0.3829002808988764 0.4049625468164794 0.3813202247191011 0.3970037453183521 0.3792134831460674 0.39302434456928836 0.36639747191011235 0.386001872659176 0.3628862359550562 0.38670411985018727 0.35867275280898875 0.3892790262172285 0.3549859550561798 0.3946629213483146
0 0.3888693820224719 0.3937265917602996 0.3886938202247191 0.39747191011235955 0.38992275280898875 0.40823970037453183 0.39185393258426965 0.41830524344569286 0.39378511235955055 0.4208801498127341 0.40098314606741575 0.4250936329588015 0.40572331460674155 0.4250936329588015 0.41151685393258425 0.4241573033707865 0.41695926966292135 0.41924157303370785 0.41906601123595505 0.41198501872659177 0.41941713483146065 0.4002808988764045 0.4178370786516854 0.3960674157303371 0.41116573033707865 0.38881086142322097 0.40537219101123595 0.38670411985018727 0.40115870786516855 0.3822565543071161 0.39396067415730335 0.38342696629213485 0.3908005617977528 0.38717228464419473
0 0.35252808988764045 0.43890449438202245 0.35217696629213485 0.44686329588014984 0.3535814606741573 0.4529494382022472 0.3555126404494382 0.45692883895131087 0.3609550561797753 0.4606741573033708 0.36271067415730335 0.4637172284644195 0.3695575842696629 0.4616104868913858 0.3765800561797753 0.46114232209737827 0.382373595505618 0.44967228464419473 0.38202247191011235 0.4375 0.37974016853932585 0.4323501872659176 0.3769311797752809 0.42930711610486894 0.37429775280898875 0.4286048689138577 0.36850421348314605 0.42485955056179775 0.36200842696629215 0.4241573033707865 0.3591994382022472 0.4250936329588015 0.3555126404494382 0.4288389513108614
0 0.3883426966292135 0.4288389513108614 0.38939606741573035 0.42930711610486894 0.39009831460674155 0.43258426966292135 0.38764044943820225 0.4353932584269663 0.3883426966292135 0.43937265917602997 0.3883426966292135 0.45318352059925093 0.38992275280898875 0.46324906367041196 0.39378511235955055 0.4669943820224719 0.39922752808988765 0.46886704119850187 0.4018609550561798 0.4691011235955056 0.40888342696629215 0.4674625468164794 0.4120435393258427 0.4639513108614232 0.41344803370786515 0.45997191011235955 0.41502808988764045 0.44756554307116103 0.41485252808988765 0.4426498127340824 0.4116924157303371 0.4353932584269663 0.4078300561797753 0.43164794007490637 0.39396067415730335 0.4241573033707865 0.3922050561797753 0.4250936329588015 0.3909761235955056 0.42790262172284643
0 0.35235252808988765 0.4887640449438202 0.3512991573033708 0.5007022471910112 0.3534058988764045 0.5051498127340824 0.36007724719101125 0.5095973782771536 0.3686797752808989 0.5091292134831461 0.3767556179775281 0.5056179775280899 0.38026685393258425 0.5016385767790262 0.38342696629213485 0.4913389513108614 0.38412921348314605 0.4772940074906367 0.3813202247191011 0.4716760299625468 0.3769311797752809 0.4674625468164794 0.36832865168539325 0.4658239700374532 0.3628862359550562 0.4658239700374532 0.3590238764044944 0.46863295880149813 0.355688202247191 0.4735486891385768
0 0.3851825842696629 0.48408239700374533 0.3851825842696629 0.49836142322097376 0.3865870786516854 0.5032771535580525 0.38992275280898875 0.5081928838951311 0.39308286516853935 0.5095973782771536 0.40133426966292135 0.5088951310861424 0.4039676966292135 0.5077247191011236 0.40747893258426965 0.5088951310861424 0.4083567415730337 0.5084269662921348 0.4078300561797753 0.5070224719101124 0.41151685393258425 0.49812734082397003 0.41081460674157305 0.4953183520599251 0.4122191011235955 0.4911048689138577 0.41151685393258425 0.48408239700374533 0.40958567415730335 0.4794007490636704 0.4064255617977528 0.475187265917603 0.40133426966292135 0.4726123595505618 0.3927317415730337 0.4714419475655431 0.39150280898876405 0.47237827715355807 0.39115168539325845 0.4737827715355805 0.3871137640449438 0.477059925093633
0 0.3811446629213483 0.5426029962546817 0.3809691011235955 0.5470505617977528 0.38219803370786515 0.5498595505617978 0.3871137640449438 0.5540730337078652 0.38974719101123595 0.5547752808988764 0.39782303370786515 0.5547752808988764 0.40115870786516855 0.5536048689138576 0.40484550561797755 0.5543071161048689 0.41134129213483145 0.5468164794007491 0.41292134831460675 0.5407303370786517 0.4143258426966292 0.5327715355805244 0.4143258426966292 0.525749063670412 0.4125702247191011 0.5189606741573034 0.40905898876404495 0.5145131086142322 0.4039676966292135 0.5126404494382022 0.39729634831460675 0.5117041198501873 0.3909761235955056 0.5140449438202247 0.38606039325842695 0.5187265917602997 0.3844803370786517 0.5215355805243446
0 0.3498946629213483 0.5327715355805244 0.3493679775280899 0.5400280898876404 0.35217696629213485 0.5498595505617978 0.3555126404494382 0.5540730337078652 0.3590238764044944 0.5564138576779026 0.3635884831460674 0.5568820224719101 0.3669241573033708 0.5561797752808989 0.37043539325842695 0.5545411985018727 0.37798455056179775 0.5465823970037453 0.3793890449438202 0.5362827715355806 0.3790379213483146 0.5224719101123596 0.3765800561797753 0.5198970037453183 0.3728932584269663 0.5201310861423221 0.3669241573033708 0.5175561797752809 0.3590238764044944 0.5187265917602997 0.3558637640449438 0.5208333333333334 0.35252808988764045 0.524812734082397
0 0.3476123595505618 0.5751404494382022 0.3476123595505618 0.5812265917602997 0.35252808988764045 0.5957397003745318 0.3637640449438202 0.5966760299625468 0.37025983146067415 0.5994850187265918 0.375 0.5959737827715356 0.37745786516853935 0.5952715355805244 0.3790379213483146 0.5919943820224719 0.38167134831460675 0.5746722846441947 0.3811446629213483 0.5639044943820225 0.3769311797752809 0.56062734082397 0.37008426966292135 0.5578183520599251 0.36604634831460675 0.5575842696629213 0.35849719101123595 0.5589887640449438 0.3551615168539326 0.5603932584269663 0.35077247191011235 0.5648408239700374
0 0.3807935393258427 0.5849719101123596 0.3807935393258427 0.5912921348314607 0.3829002808988764 0.5957397003745318 0.38360252808988765 0.5969101123595506 0.3871137640449438 0.598314606741573 0.38957162921348315 0.6008895131086143 0.3967696629213483 0.5994850187265918 0.39975421348314605 0.5973782771535581 0.4044943820224719 0.5959737827715356 0.4081811797752809 0.5931647940074907 0.4120435393258427 0.5880149812734082 0.41344803370786515 0.5781835205992509 0.4122191011235955 0.5671816479400749 0.4106390449438202 0.5613295880149812 0.40765449438202245 0.5585205992509363 0.40168539325842695 0.5571161048689138 0.3871137640449438 0.5585205992509363 0.3850070224719101 0.5613295880149812 0.3830758426966292 0.5671816479400749 0.38360252808988765 0.5716292134831461
0 0.34058988764044945 0.6238295880149812 0.3402387640449438 0.6306179775280899 0.3421699438202247 0.6367041198501873 0.3458567415730337 0.6418539325842697 0.34866573033707865 0.6439606741573034 0.355688202247191 0.6427902621722846 0.367626404494382 0.6385767790262172 0.36990870786516855 0.6374063670411985 0.37219101123595505 0.6329588014981273 0.3753511235955056 0.6128277153558053 0.3751755617977528 0.6095505617977528 0.3706109550561798 0.6020599250936329 0.36622191011235955 0.5994850187265918 0.3595505617977528 0.5978464419475655 0.35235252808988765 0.5987827715355806 0.34673455056179775 0.6058052434456929 0.3435744382022472 0.6125936329588015
0 0.34638342696629215 0.6612827715355806 0.3453300561797753 0.6680711610486891 0.3456811797752809 0.6837546816479401 0.3458567415730337 0.68562734082397 0.34831460674157305 0.6877340823970037 0.35445926966292135 0.6886704119850188 0.363061797752809 0.6865636704119851 0.367626404494382 0.6842228464419475 0.3690308988764045 0.6816479400749064 0.3728932584269663 0.6797752808988764 0.375 0.6753277153558053 0.3751755617977528 0.6661985018726592 0.3765800561797753 0.6577715355805244 0.3746488764044944 0.6523876404494382 0.367626404494382 0.6446629213483146 0.36218398876404495 0.6434925093632958 0.352001404494382 0.6463014981273408 0.34901685393258425 0.6509831460674157
0 0.3748244382022472 0.6743913857677902 0.3748244382022472 0.6818820224719101 0.37640449438202245 0.6889044943820225 0.38009129213483145 0.6928838951310862 0.38395365168539325 0.6945224719101124 0.3871137640449438 0.6947565543071161 0.3981741573033708 0.6863295880149812 0.40168539325842695 0.6821161048689138 0.4018609550561798 0.6783707865168539 0.40291432584269665 0.675561797752809 0.40326544943820225 0.6612827715355806 0.40098314606741575 0.6474719101123596 0.39747191011235955 0.6437265917602997 0.39518960674157305 0.6448970037453183 0.390625 0.6451310861423221 0.37974016853932585 0.6523876404494382 0.37622893258426965 0.6612827715355806
0 0.37359550561797755 0.6336610486891385 0.375 0.6374063670411985 0.3732443820224719 0.6404494382022472 0.3771067415730337 0.6474719101123596 0.37974016853932585 0.648876404494382 0.38412921348314605 0.6474719101123596 0.40133426966292135 0.6338951310861424 0.40361657303370785 0.62687265917603 0.40379213483146065 0.6196161048689138 0.40168539325842695 0.610252808988764 0.3987008426966292 0.6060393258426966 0.39782303370786515 0.6022940074906367 0.3844803370786517 0.6046348314606742 0.378686797752809 0.610252808988764 0.3753511235955056 0.6193820224719101
0 0.4066011235955056 0.6163389513108615 0.4064255617977528 0.6196161048689138 0.40747893258426965 0.6266385767790262 0.4102879213483146 0.6308520599250936 0.41467696629213485 0.6343632958801498 0.42327949438202245 0.6357677902621723 0.43030196629213485 0.6336610486891385 0.43258426966292135 0.6301498127340824 0.4313553370786517 0.62687265917603 0.43293539325842695 0.6233614232209738 0.4334620786516854 0.6139981273408239 0.43416432584269665 0.613061797752809 0.43609550561797755 0.6128277153558053 0.4332865168539326 0.6128277153558053 0.43030196629213485 0.6060393258426966 0.4262640449438202 0.6015917602996255 0.41467696629213485 0.601123595505618 0.41151685393258425 0.6027621722846442 0.40905898876404495 0.6058052434456929 0.40695224719101125 0.612125468164794
0 0.40519662921348315 0.6509831460674157 0.40502106741573035 0.6788389513108615 0.40712780898876405 0.6825842696629213 0.41116573033707865 0.6853932584269663 0.41485252808988765 0.6858614232209738 0.42240168539325845 0.6823501872659176 0.43047752808988765 0.6753277153558053 0.4315308988764045 0.6687734082397003 0.433813202247191 0.6615168539325843 0.4336376404494382 0.6577715355805244 0.4313553370786517 0.6467696629213483 0.4274929775280899 0.6423220973782772 0.4222261235955056 0.6402153558052435 0.41485252808988765 0.6404494382022472 0.4101123595505618 0.6427902621722846
0 0.4355688202247191 0.6448970037453183 0.4352176966292135 0.6474719101123596 0.43627106741573035 0.6502808988764045 0.43662219101123595 0.6563670411985019 0.4355688202247191 0.6624531835205992 0.4373244382022472 0.6715823970037453 0.44224016853932585 0.6772003745318352 0.44610252808988765 0.6793071161048689 0.45400280898876405 0.6788389513108615 0.45646067415730335 0.6767322097378277 0.456811797752809 0.6725187265917603 0.46225421348314605 0.6612827715355806 0.4626053370786517 0.6547284644194756 0.46383426966292135 0.6512172284644194 0.4624297752808989 0.6472378277153558 0.46032303370786515 0.6441947565543071 0.45259831460674155 0.6404494382022472 0.4492626404494382 0.636938202247191 0.44627808988764045 0.6360018726591761 0.4410112359550562 0.636938202247191 0.44083567415730335 0.6409176029962547 0.43662219101123595 0.6430243445692884
0 0.41520365168539325 0.5632022471910112 0.4159058988764045 0.5667134831460674 0.41678370786516855 0.5847378277153558 0.418188202247191 0.5887172284644194 0.42047050561797755 0.5919943820224719 0.4278441011235955 0.5959737827715356 0.4353932584269663 0.5985486891385767 0.4392556179775281 0.5971441947565543 0.44224016853932585 0.5915262172284644 0.444873595505618 0.5774812734082397 0.444873595505618 0.5674157303370787 0.4438202247191011 0.5639044943820225 0.44048455056179775 0.5596910112359551 0.4353932584269663 0.5552434456928839 0.43223314606741575 0.5540730337078652 0.4280196629213483 0.5543071161048689 0.425561797752809 0.5531367041198502 0.42292837078651685 0.5536048689138576 0.418188202247191 0.5561797752808989 0.41713483146067415 0.5573501872659176
0 0.4174859550561798 0.523876404494382 0.4174859550561798 0.5323033707865169 0.41924157303370785 0.5397940074906367 0.42082162921348315 0.5440074906367042 0.4241573033707865 0.5479868913857678 0.42872191011235955 0.5510299625468165 0.43609550561797755 0.5519662921348315 0.43995786516853935 0.5498595505617978 0.44399578651685395 0.5433052434456929 0.4434691011235955 0.528558052434457 0.44206460674157305 0.5229400749063671 0.44030898876404495 0.5189606741573034 0.43609550561797755 0.5142790262172284 0.43047752808988765 0.5124063670411985 0.42521067415730335 0.5131086142322098 0.4199438202247191 0.5177902621722846
0 0.4473314606741573 0.5814606741573034 0.4475070224719101 0.5917602996254682 0.45049157303370785 0.5987827715355806 0.45417837078651685 0.601123595505618 0.460498595505618 0.6032303370786517 0.47120786516853935 0.6004213483146067 0.47401685393258425 0.5985486891385767 0.4747191011235955 0.5805243445692884 0.47349016853932585 0.5739700374531835 0.4741924157303371 0.5704588014981273 0.47384129213483145 0.5678838951310862 0.4706811797752809 0.5636704119850188 0.45979634831460675 0.5622659176029963 0.4513693820224719 0.5664794007490637 0.449438202247191 0.5699906367041199
0 0.4174859550561798 0.4700374531835206 0.41713483146067415 0.4777621722846442 0.418188202247191 0.4812734082397004 0.4202949438202247 0.48431647940074907 0.4253862359550562 0.48782771535580527 0.43275983146067415 0.4892322097378277 0.44610252808988765 0.4824438202247191 0.4489115168539326 0.4737827715355805 0.4492626404494382 0.4658239700374532 0.4475070224719101 0.45646067415730335 0.4471558988764045 0.44756554307116103 0.44610252808988765 0.44452247191011235 0.44452247191011235 0.4426498127340824 0.444873595505618 0.43913857677902624 0.44241573033707865 0.438436329588015 0.43820224719101125 0.44147940074906367 0.43433988764044945 0.44241573033707865 0.4318820224719101 0.44452247191011235 0.4236306179775281 0.448501872659176 0.42047050561797755 0.45341760299625467 0.41906601123595505 0.4639513108614232
0 0.42117275280898875 0.4122191011235955 0.42099719101123595 0.4187734082397004 0.4201193820224719 0.42158239700374533 0.42099719101123595 0.4243913857677903 0.42064606741573035 0.4323501872659176 0.4222261235955056 0.43562734082397003 0.42854634831460675 0.4417134831460674 0.43258426966292135 0.4419475655430712 0.4390800561797753 0.43890449438202245 0.444873595505618 0.43375468164794007 0.4471558988764045 0.43047752808988765 0.4489115168539326 0.42602996254681647 0.44803370786516855 0.40426029962546817 0.4469803370786517 0.4012172284644195 0.44259129213483145 0.3955992509363296 0.43802668539325845 0.39489700374531833 0.42872191011235955 0.3967696629213483 0.42450842696629215 0.40098314606741575
0 0.4078300561797753 0.36891385767790263 0.40765449438202245 0.375 0.4097612359550562 0.3801498127340824 0.41274578651685395 0.38412921348314605 0.41713483146067415 0.3857677902621723 0.4202949438202247 0.3881086142322097 0.421875 0.39091760299625467 0.43240870786516855 0.39115168539325845 0.4352176966292135 0.38974719101123595 0.44206460674157305 0.3848314606741573 0.4431179775280899 0.38342696629213485 0.4450491573033708 0.37687265917602997 0.4452247191011236 0.37265917602996257 0.44259129213483145 0.36282771535580527 0.4417134831460674 0.35580524344569286 0.4357443820224719 0.35042134831460675 0.429248595505618 0.3487827715355805 0.421875 0.34948501872659177 0.4176615168539326 0.3541666666666667 0.4162570224719101 0.3586142322097378 0.4116924157303371 0.36235955056179775
0 0.41713483146067415 0.32397003745318353 0.41731039325842695 0.33146067415730335 0.41941713483146065 0.337312734082397 0.42521067415730335 0.3443352059925094 0.4359952598314607 0.3445692883895131 0.43855337078651685 0.34573970037453183 0.4392556179775281 0.34691011235955055 0.44259129213483145 0.3445692883895131 0.44452247191011235 0.324438202247191 0.44399578651685395 0.32069288389513106 0.4417134831460674 0.3150749063670412 0.43872893258426965 0.31109550561797755 0.4315308988764045 0.3089887640449438 0.42872191011235955 0.3092228464419476 0.4238061797752809 0.3113295880149813 0.4202949438202247 0.3146067415730337
0 0.4473314606741573 0.3279494382022472 0.4471558988764045 0.3330992509363296 0.4450491573033708 0.34152621722846443 0.4450491573033708 0.34925093632958804 0.44627808988764045 0.35252808988764045 0.4489115168539326 0.3562734082397004 0.45628511235955055 0.36025280898876405 0.45997191011235955 0.35978464419475653 0.46348314606741575 0.35674157303370785 0.47015449438202245 0.35463483146067415 0.477001404494382 0.3487827715355805 0.4784058988764045 0.3389513108614232 0.4782303370786517 0.33497191011235955 0.476123595505618 0.32607677902621723 0.47577247191011235 0.31999063670411987 0.4745435393258427 0.3176498127340824 0.46769662921348315 0.3146067415730337 0.45646067415730335 0.31390449438202245 0.45049157303370785 0.31999063670411987
0 0.45365168539325845 0.37336142322097376 0.4527738764044944 0.3806179775280899 0.45400280898876405 0.3862359550561798 0.4569873595505618 0.39091760299625467 0.45979634831460675 0.39325842696629215 0.46611657303370785 0.3951310861423221 0.4741924157303371 0.39489700374531833 0.4766502808988764 0.39396067415730335 0.4787570224719101 0.3913857677902622 0.48156601123595505 0.3796816479400749 0.48139044943820225 0.37265917602996257 0.4801615168539326 0.36680711610486894 0.4780547752808989 0.362125468164794 0.4745435393258427 0.35908239700374533 0.4669943820224719 0.35767790262172283 0.46190308988764045 0.35978464419475653 0.45839185393258425 0.3625936329588015 0.45558286516853935 0.3663389513108614
0 0.45014044943820225 0.4080056179775281 0.4496137640449438 0.41245318352059923 0.4508426966292135 0.4241573033707865 0.45558286516853935 0.43515917602996257 0.45979634831460675 0.4400749063670412 0.4666432584269663 0.44147940074906367 0.472436797752809 0.4405430711610487 0.47577247191011235 0.43773408239700373 0.48191713483146065 0.4288389513108614 0.48191713483146065 0.4157303370786517 0.4808637640449438 0.4112827715355805 0.47770365168539325 0.40472846441947563 0.47384129213483145 0.4014513108614232 0.46822331460674155 0.40051498127340823 0.46365870786516855 0.4012172284644195 0.4612008426966292 0.40004681647940077 0.45628511235955055 0.39957865168539325
0 0.4845505617977528 0.32162921348314605 0.4841994382022472 0.3347378277153558 0.48560393258426965 0.34176029962546817 0.48700842696629215 0.3443352059925094 0.48718398876404495 0.34901685393258425 0.4887640449438202 0.3518258426966292 0.49122191011235955 0.3529962546816479 0.4938553370786517 0.35252808988764045 0.5028089887640449 0.3487827715355805 0.5043890449438202 0.3455056179775281 0.5071980337078652 0.3431647940074906 0.5100070224719101 0.33403558052434457 0.5107092696629213 0.32724719101123595 0.5101825842696629 0.3211610486891386 0.5091292134831461 0.31741573033707865 0.5063202247191011 0.31320224719101125 0.5003511235955056 0.31062734082397003 0.49473314606741575 0.31015917602996257 0.48929073033707865 0.3136704119850187
0 0.48542837078651685 0.37476591760299627 0.48577949438202245 0.3836610486891386 0.4903441011235955 0.3916198501872659 0.5010533707865169 0.39279026217228463 0.5056179775280899 0.39232209737827717 0.5107092696629213 0.3899812734082397 0.5154494382022472 0.3838951310861423 0.5173806179775281 0.37687265917602997 0.5168539325842697 0.36493445692883897 0.5152738764044944 0.35978464419475653 0.5121137640449438 0.35463483146067415 0.5068469101123596 0.35252808988764045 0.5012289325842697 0.3518258426966292 0.4940308988764045 0.35580524344569286 0.48929073033707865 0.3616573033707865
0 0.48911516853932585 0.397940074906367 0.488061797752809 0.4033239700374532 0.48560393258426965 0.40777153558052437 0.4861306179775281 0.41151685393258425 0.488061797752809 0.41502808988764045 0.48911516853932585 0.41970973782771537 0.4919241573033708 0.42392322097378277 0.4961376404494382 0.4276685393258427 0.5017556179775281 0.4297752808988764 0.5056179775280899 0.4272003745318352 0.5091292134831461 0.42228464419475653 0.5112359550561798 0.4147940074906367 0.5112359550561798 0.4075374531835206 0.5096558988764045 0.40215355805243447 0.5064957865168539 0.39747191011235955 0.5015800561797753 0.39489700374531833 0.49350421348314605 0.39489700374531833 0.4906952247191011 0.3958333333333333
0 0.4805126404494382 0.449438202247191 0.4801615168539326 0.45646067415730335 0.48103932584269665 0.460440074906367 0.4801615168539326 0.46348314606741575 0.48560393258426965 0.4700374531835206 0.48542837078651685 0.47237827715355807 0.4841994382022472 0.4737827715355805 0.4885884831460674 0.47425093632958804 0.49701544943820225 0.4726123595505618 0.5017556179775281 0.47284644194756553 0.5070224719101124 0.46348314606741575 0.5077247191011236 0.45365168539325845 0.5068469101123596 0.44592696629213485 0.5040379213483146 0.4419475655430712 0.4982443820224719 0.43796816479400746 0.4924508426966292 0.43679775280898875 0.4863061797752809 0.43984082397003743 0.48332162921348315 0.4426498127340824
0 0.4789325842696629 0.49461610486891383 0.4787570224719101 0.49953183520599254 0.47963483146067415 0.5072565543071161 0.48332162921348315 0.5161516853932584 0.488061797752809 0.5184925093632958 0.492626404494382 0.5175561797752809 0.5017556179775281 0.5180243445692884 0.5047401685393258 0.5156835205992509 0.5054424157303371 0.5110018726591761 0.5080758426966292 0.5049157303370787 0.5071980337078652 0.5025749063670412 0.5070224719101124 0.4913389513108614 0.5028089887640449 0.48431647940074907 0.49719101123595505 0.4812734082397004 0.49122191011235955 0.4803370786516854 0.48771067415730335 0.4815074906367041 0.48139044943820225 0.48782771535580527
0 0.47542134831460675 0.5365168539325843 0.4748946629213483 0.5440074906367042 0.4764747191011236 0.5571161048689138 0.48103932584269665 0.56062734082397 0.48771067415730335 0.5634363295880149 0.4945575842696629 0.5622659176029963 0.5001755617977528 0.5580524344569289 0.5029845505617978 0.5538389513108615 0.5035112359550562 0.550561797752809 0.5033356741573034 0.5362827715355806 0.49929775280898875 0.5292602996254682 0.49525983146067415 0.524812734082397 0.48946629213483145 0.5234082397003745 0.4841994382022472 0.524812734082397 0.4782303370786517 0.5304307116104869
0 0.4785814606741573 0.5793539325842697 0.4784058988764045 0.5896535580524345 0.47981039325842695 0.5955056179775281 0.4827949438202247 0.6004213483146067 0.49157303370786515 0.6041666666666666 0.4956109550561798 0.6046348314606742 0.49877106741573035 0.6020599250936329 0.5015800561797753 0.6015917602996255 0.503686797752809 0.5985486891385767 0.5077247191011236 0.5884831460674157 0.5064957865168539 0.5746722846441947 0.5047401685393258 0.5706928838951311 0.4982443820224719 0.5627340823970037 0.4841994382022472 0.5655430711610487 0.47963483146067415 0.5732677902621723
0 0.47349016853932585 0.6233614232209738 0.47349016853932585 0.6404494382022472 0.4782303370786517 0.6448970037453183 0.4841994382022472 0.647003745318352 0.4905196629213483 0.6463014981273408 0.4961376404494382 0.6439606741573034 0.49859550561797755 0.6406835205992509 0.5010533707865169 0.6301498127340824 0.4996488764044944 0.6198501872659176 0.4964887640449438 0.613061797752809 0.4920997191011236 0.6086142322097379 0.4878862359550562 0.6086142322097379 0.4826193820224719 0.611189138576779 0.48139044943820225 0.613061797752809 0.4782303370786517 0.6147003745318352 0.4762991573033708 0.6168071161048689
0 0.46611657303370785 0.6587078651685393 0.45962078651685395 0.6718164794007491 0.46190308988764045 0.6750936329588015 0.45997191011235955 0.6790730337078652 0.4626053370786517 0.68562734082397 0.47349016853932585 0.6886704119850188 0.48490168539325845 0.6879681647940075 0.48771067415730335 0.6872659176029963 0.49157303370786515 0.6844569288389513 0.49701544943820225 0.6748595505617978 0.4978932584269663 0.6718164794007491 0.4978932584269663 0.6669007490636704 0.4998244382022472 0.661750936329588 0.49754213483146065 0.6584737827715356 0.4956109550561798 0.653558052434457 0.49683988764044945 0.650749063670412 0.4956109550561798 0.6493445692883895 0.49139747191011235 0.6479400749063671 0.48718398876404495 0.6486423220973783 0.484375 0.6474719101123596 0.47717696629213485 0.6472378277153558 0.4705056179775281 0.6528558052434457
0 0.5049157303370787 0.6004213483146067 0.5010533707865169 0.6058052434456929 0.5028089887640449 0.62687265917603 0.5040379213483146 0.6310861423220974 0.507373595505618 0.6355337078651685 0.515625 0.6399812734082397 0.523876404494382 0.638810861423221 0.5294943820224719 0.6310861423220974 0.53125 0.625 0.5317766853932584 0.6156367041198502 0.5301966292134831 0.6069756554307116 0.5221207865168539 0.5990168539325843 0.5196629213483146 0.5952715355805244 0.5086025280898876 0.5959737827715356
0 0.5038623595505618 0.6612827715355806 0.5042134831460674 0.6718164794007491 0.5029845505617978 0.675561797752809 0.504564606741573 0.6830524344569289 0.5077247191011236 0.6877340823970037 0.5152738764044944 0.6905430711610487 0.5219452247191011 0.6903089887640449 0.5256320224719101 0.6884363295880149 0.5296699438202247 0.6823501872659176 0.5305477528089888 0.6790730337078652 0.5305477528089888 0.6640917602996255 0.5293188202247191 0.6601123595505618 0.5293188202247191 0.6577715355805244 0.5245786516853933 0.6493445692883895 0.5198384831460674 0.6474719101123596 0.511938202247191 0.6474719101123596 0.5068469101123596 0.653558052434457 0.5061446629213483 0.6568352059925093
0 0.5338834269662921 0.6680711610486891 0.5337078651685393 0.6821161048689138 0.5354634831460674 0.6860955056179775 0.5396769662921348 0.6905430711610487 0.5437148876404494 0.6907771535580525 0.5466994382022472 0.6926498127340824 0.5502106741573034 0.6921816479400749 0.5574087078651685 0.6884363295880149 0.5605688202247191 0.6823501872659176 0.5617977528089888 0.6725187265917603 0.5614466292134831 0.6647940074906367 0.5605688202247191 0.6612827715355806 0.5586376404494382 0.6580056179775281 0.5537219101123596 0.653558052434457 0.546875 0.6514513108614233 0.5398525280898876 0.6554307116104869 0.535814606741573 0.6598782771535581
0 0.5426615168539326 0.6154026217228464 0.5428370786516854 0.6301498127340824 0.5442415730337079 0.6362359550561798 0.5444171348314607 0.6406835205992509 0.545997191011236 0.6432584269662921 0.5516151685393258 0.6484082397003745 0.5572331460674157 0.6514513108614233 0.5640800561797753 0.6502808988764045 0.5688202247191011 0.6453651685393258 0.5705758426966292 0.6399812734082397 0.5711025280898876 0.6296816479400749 0.5693469101123596 0.6196161048689138 0.5656601123595506 0.6144662921348315 0.5628511235955056 0.6125936329588015 0.5607443820224719 0.6097846441947565 0.5568820224719101 0.611189138576779 0.5549508426966292 0.6095505617977528 0.5502106741573034 0.6088483146067416 0.5454705056179775 0.6104868913857678
0 0.5398525280898876 0.5774812734082397 0.5398525280898876 0.5943352059925093 0.5416081460674157 0.598314606741573 0.5456460674157303 0.6039325842696629 0.5512640449438202 0.6067415730337079 0.5586376404494382 0.6069756554307116 0.5625 0.6053370786516854 0.5653089887640449 0.6022940074906367 0.5679424157303371 0.5950374531835206 0.5679424157303371 0.587312734082397 0.5658356741573034 0.5784176029962547 0.5635533707865169 0.574438202247191 0.5575842696629213 0.5709269662921348 0.5531952247191011 0.5706928838951311 0.545997191011236 0.5735018726591761
0 0.5068469101123596 0.5320692883895131 0.5061446629213483 0.5402621722846442 0.5086025280898876 0.5472846441947565 0.5093047752808989 0.5522003745318352 0.5115870786516854 0.5571161048689138 0.5152738764044944 0.5585205992509363 0.5200140449438202 0.5578183520599251 0.5284410112359551 0.5543071161048689 0.53125 0.5522003745318352 0.5345856741573034 0.5468164794007491 0.5370435393258427 0.5400280898876404 0.5380969101123596 0.5327715355805244 0.5370435393258427 0.5245786516853933 0.5352879213483146 0.5203651685393258 0.5273876404494382 0.5154494382022472 0.5196629213483146 0.5133426966292135 0.5158005617977528 0.5140449438202247 0.5098314606741573 0.5191947565543071 0.5077247191011236 0.5243445692883895
0 0.5635533707865169 0.6647940074906367 0.5640800561797753 0.6669007490636704 0.5626755617977528 0.6804775280898876 0.5628511235955056 0.6849250936329588 0.5644311797752809 0.6891385767790262 0.5674157303370787 0.6907771535580525 0.5711025280898876 0.6914794007490637 0.5819873595505618 0.6898408239700374 0.5881320224719101 0.6872659176029963 0.5921699438202247 0.6823501872659176 0.5942766853932584 0.6767322097378277 0.5955056179775281 0.6753277153558053 0.5956811797752809 0.6680711610486891 0.5933988764044944 0.6577715355805244 0.5905898876404494 0.6540262172284644 0.5833918539325843 0.6495786516853933 0.5816362359550562 0.6474719101123596 0.574438202247191 0.6479400749063671 0.5702247191011236 0.6500468164794008 0.5663623595505618 0.6544943820224719 0.5649578651685393 0.6573033707865169 0.5647823033707865 0.6619850187265918
0 0.6023525280898876 0.6699438202247191 0.6025280898876404 0.6809456928838952 0.6035814606741573 0.6849250936329588 0.6074438202247191 0.6921816479400749 0.6114817415730337 0.6959269662921348 0.6155196629213483 0.697565543071161 0.6234199438202247 0.697565543071161 0.628686797752809 0.6945224719101124 0.6316713483146067 0.6903089887640449 0.6337780898876404 0.6779026217228464 0.6311446629213483 0.6650280898876404 0.629564606741573 0.661750936329588 0.6272823033707865 0.6594101123595506 0.6200842696629213 0.6573033707865169 0.6097261235955056 0.6575374531835206 0.6070926966292135 0.6591760299625468 0.6042837078651685 0.662687265917603 0.6032303370786517 0.6647940074906367
0 0.6062148876404494 0.62312734082397 0.6070926966292135 0.6254681647940075 0.6063904494382022 0.6299157303370787 0.6067415730337079 0.6324906367041199 0.6041081460674157 0.6411516853932584 0.6044592696629213 0.6439606741573034 0.6063904494382022 0.6460674157303371 0.6095505617977528 0.6526217228464419 0.6132373595505618 0.6551966292134831 0.6239466292134831 0.6558988764044944 0.6288623595505618 0.6542602996254682 0.6316713483146067 0.6505149812734082 0.6336025280898876 0.6439606741573034 0.6350070224719101 0.6338951310861424 0.6344803370786517 0.6271067415730337 0.6336025280898876 0.625 0.6202598314606742 0.6161048689138576 0.6123595505617978 0.6170411985018727 0.6095505617977528 0.6182116104868914
0 0.5733848314606742 0.6214887640449438 0.5733848314606742 0.6287453183520599 0.5753160112359551 0.6364700374531835 0.5740870786516854 0.6404494382022472 0.5763693820224719 0.641619850187266 0.5779494382022472 0.6444288389513109 0.5853230337078652 0.6491104868913857 0.5912921348314607 0.6505149812734082 0.5960323033707865 0.648876404494382 0.5988412921348315 0.6453651685393258 0.602001404494382 0.6371722846441947 0.6028792134831461 0.6266385767790262 0.6009480337078652 0.6200842696629213 0.5953300561797753 0.6118913857677902 0.5884831460674157 0.6095505617977528 0.5812851123595506 0.6100187265917603 0.5754915730337079 0.6158707865168539 0.573560393258427 0.6193820224719101
0 0.6005969101123596 0.5847378277153558 0.5997191011235955 0.5884831460674157 0.6000702247191011 0.5955056179775281 0.6016502808988764 0.6053370786516854 0.6023525280898876 0.6065074906367042 0.6132373595505618 0.613061797752809 0.6197331460674157 0.6139981273408239 0.6234199438202247 0.613061797752809 0.6262289325842697 0.6095505617977528 0.6313202247191011 0.6058052434456929 0.6329002808988764 0.5952715355805244 0.6318469101123596 0.5880149812734082 0.6285112359550562 0.5812265917602997 0.6235955056179775 0.5758426966292135 0.6197331460674157 0.5742041198501873 0.6120084269662921 0.5739700374531835 0.6034058988764045 0.5781835205992509 0.6023525280898876 0.5823970037453183
0 0.6032303370786517 0.5510299625468165 0.6027036516853933 0.5571161048689138 0.6042837078651685 0.5634363295880149 0.608497191011236 0.5699906367041199 0.6113061797752809 0.5716292134831461 0.6195575842696629 0.572565543071161 0.6239466292134831 0.5720973782771536 0.6274578651685393 0.5688202247191011 0.6336025280898876 0.5608614232209738 0.632373595505618 0.5580524344569289 0.6313202247191011 0.5500936329588015 0.6283356741573034 0.5435393258426966 0.6223665730337079 0.5381554307116105 0.616748595505618 0.5351123595505618 0.613061797752809 0.5365168539325843 0.6091994382022472 0.5362827715355806 0.6086727528089888 0.5381554307116105 0.6067415730337079 0.5397940074906367 0.605688202247191 0.5444756554307116 0.6039325842696629 0.5468164794007491
0 0.5684691011235955 0.5393258426966292 0.5679424157303371 0.5503277153558053 0.5696980337078652 0.5547752808988764 0.5691713483146067 0.5571161048689138 0.570751404494382 0.5587546816479401 0.570751404494382 0.5641385767790262 0.5749648876404494 0.5711610486891385 0.5811095505617978 0.5739700374531835 0.5911165730337079 0.5732677902621723 0.5977879213483146 0.5667134831460674 0.5993679775280899 0.5613295880149812 0.5998946629213483 0.5526685393258427 0.5993679775280899 0.5461142322097379 0.5977879213483146 0.5400280898876404 0.5963834269662921 0.5383895131086143 0.5886587078651685 0.5323033707865169 0.5746137640449438 0.5294943820224719 0.5705758426966292 0.5330056179775281
0 0.5398525280898876 0.535814606741573 0.5396769662921348 0.5435393258426966 0.5409058988764045 0.5503277153558053 0.5465238764044944 0.5571161048689138 0.5538974719101124 0.5575842696629213 0.5614466292134831 0.5526685393258427 0.5644311797752809 0.5468164794007491 0.5658356741573034 0.5325374531835206 0.5630266853932584 0.525749063670412 0.5607443820224719 0.5227059925093633 0.5565308988764045 0.5205992509363296 0.5502106741573034 0.5198970037453183 0.5445926966292135 0.5208333333333334 0.5410814606741573 0.5227059925093633
0 0.5981390449438202 0.5084269662921348 0.5972612359550562 0.5170880149812734 0.5956811797752809 0.5222378277153558 0.5962078651685393 0.5294943820224719 0.5979634831460674 0.5327715355805244 0.6012991573033708 0.5346441947565543 0.6041081460674157 0.5348782771535581 0.6121839887640449 0.5327715355805244 0.6197331460674157 0.5323033707865169 0.6237710674157303 0.5292602996254682 0.6279845505617978 0.5189606741573034 0.6283356741573034 0.5011704119850188 0.6290379213483146 0.49836142322097376 0.6306179775280899 0.49719101123595505 0.6320224719101124 0.49461610486891383 0.6299157303370787 0.4922752808988764 0.6251755617977528 0.49461610486891383 0.6153441011235955 0.4927434456928839 0.605688202247191 0.4948501872659176 0.6027036516853933 0.4964887640449438 0.6004213483146067 0.49976591760299627
0 0.5691713483146067 0.5049157303370787 0.5689957865168539 0.5140449438202247 0.5702247191011236 0.5198970037453183 0.5726825842696629 0.5236423220973783 0.5779494382022472 0.5278558052434457 0.5842696629213483 0.5292602996254682 0.5883075842696629 0.5287921348314607 0.5932233146067416 0.5234082397003745 0.5960323033707865 0.5159176029962547 0.5958567415730337 0.5016385767790262 0.5923455056179775 0.49461610486891383 0.5883075842696629 0.49087078651685395 0.5807584269662921 0.48993445692883897 0.5737359550561798 0.4927434456928839 0.5711025280898876 0.49602059925093633
0 0.5136938202247191 0.48103932584269665 0.5129915730337079 0.4857209737827715 0.5138693820224719 0.49836142322097376 0.5149227528089888 0.5053838951310862 0.5173806179775281 0.5091292134831461 0.5194873595505618 0.5102996254681648 0.5263342696629213 0.5114700374531835 0.5305477528089888 0.5091292134831461 0.5337078651685393 0.5091292134831461 0.5384480337078652 0.5070224719101124 0.5400280898876404 0.49508426966292135 0.5400280898876404 0.49040262172284643 0.5373946629213483 0.48057116104868913 0.53125 0.47495318352059923 0.5259831460674157 0.47331460674157305 0.5191362359550562 0.475187265917603
0 0.5149227528089888 0.44967228464419473 0.514747191011236 0.45669475655430714 0.515625 0.4616104868913858 0.5173806179775281 0.4658239700374532 0.5191362359550562 0.46769662921348315 0.5287921348314607 0.46980337078651685 0.5326544943820225 0.46863295880149813 0.5366924157303371 0.4653558052434457 0.5389747191011236 0.4602059925093633 0.5396769662921348 0.45271535580524347 0.538623595505618 0.44241573033707865 0.5361657303370787 0.43773408239700373 0.5328300561797753 0.43562734082397003 0.5261587078651685 0.4349250936329588 0.5224719101123596 0.43586142322097376 0.5186095505617978 0.438436329588015 0.5161516853932584 0.44241573033707865
0 0.5135182584269663 0.4033239700374532 0.5131671348314607 0.40847378277153557 0.5142205056179775 0.4220505617977528 0.5168539325842697 0.4267322097378277 0.5194873595505618 0.4286048689138577 0.5219452247191011 0.43211610486891383 0.5259831460674157 0.43000936329588013 0.5296699438202247 0.42954119850187267 0.5307233146067416 0.42790262172284643 0.5337078651685393 0.426498127340824 0.5366924157303371 0.4220505617977528 0.5379213483146067 0.4070692883895131 0.535814606741573 0.3972378277153558 0.534936797752809 0.3960674157303371 0.5272120786516854 0.3925561797752809 0.5219452247191011 0.39279026217228463 0.5168539325842697 0.3960674157303371 0.5149227528089888 0.3991104868913858
0 0.5208918539325843 0.3661048689138577 0.5212429775280899 0.37991573033707865 0.5256320224719101 0.3852996254681648 0.5298455056179775 0.3874063670411985 0.5314255617977528 0.39068352059925093 0.5398525280898876 0.39115168539325845 0.5472261235955056 0.37874531835205993 0.5479283707865169 0.3719569288389513 0.5461727528089888 0.36282771535580527 0.543188202247191 0.3583801498127341 0.5363412921348315 0.3541666666666667 0.5326544943820225 0.3539325842696629 0.5261587078651685 0.35674157303370785 0.5237008426966292 0.35931647940074907
0 0.5112359550561798 0.3419943820224719 0.5108848314606742 0.34925093632958804 0.5126404494382022 0.3522940074906367 0.5177317415730337 0.35603932584269665 0.522998595505618 0.3562734082397004 0.5365168539325843 0.3506554307116105 0.5380969101123596 0.3487827715355805 0.538623595505618 0.3450374531835206 0.5400280898876404 0.3419943820224719 0.5393258426966292 0.3387172284644195 0.5400280898876404 0.33497191011235955 0.5396769662921348 0.3274812734082397 0.5379213483146067 0.31741573033707865 0.5345856741573034 0.31390449438202245 0.5294943820224719 0.31203183520599254 0.5189606741573034 0.31413857677902624 0.5133426966292135 0.32467228464419473 0.5122893258426966 0.3312265917602996 0.5128160112359551 0.33801498127340823
0 0.5449438202247191 0.3312265917602996 0.5440660112359551 0.3476123595505618 0.5466994382022472 0.35580524344569286 0.5528441011235955 0.3586142322097378 0.5575842696629213 0.35884831460674155 0.5626755617977528 0.35720973782771537 0.5667134831460674 0.3544007490636704 0.5693469101123596 0.3487827715355805 0.5714536516853933 0.3387172284644195 0.5712780898876404 0.33286516853932585 0.5672401685393258 0.32092696629213485 0.5612710674157303 0.31741573033707865 0.5531952247191011 0.31858614232209737 0.5482794943820225 0.3232677902621723 0.5458216292134831 0.3274812734082397
0 0.5733848314606742 0.33707865168539325 0.5733848314606742 0.3464419475655431 0.574438202247191 0.3529962546816479 0.5775983146067416 0.3579119850187266 0.5807584269662921 0.3600187265917603 0.5851474719101124 0.3607209737827715 0.5919943820224719 0.3600187265917603 0.5970856741573034 0.35557116104868913 0.5990168539325843 0.35252808988764045 0.6012991573033708 0.34620786516853935 0.6025280898876404 0.33497191011235955 0.6005969101123596 0.32818352059925093 0.5963834269662921 0.3227996254681648 0.5923455056179775 0.32045880149812733 0.5879564606741573 0.31999063670411987 0.581811797752809 0.32186329588014984 0.577247191011236 0.32631086142322097 0.5742626404494382 0.33169475655430714
0 0.6042837078651685 0.3347378277153558 0.6032303370786517 0.3450374531835206 0.5995435393258427 0.35580524344569286 0.6002457865168539 0.35814606741573035 0.6012991573033708 0.35884831460674155 0.6127106741573034 0.3651685393258427 0.6148174157303371 0.36352996254681647 0.6188553370786517 0.36235955056179775 0.6235955056179775 0.36282771535580527 0.6265800561797753 0.3616573033707865 0.6304424157303371 0.3574438202247191 0.6330758426966292 0.35252808988764045 0.6341292134831461 0.3464419475655431 0.6339536516853933 0.34012172284644193 0.6314957865168539 0.3312265917602996 0.6334269662921348 0.32771535580524347 0.6337780898876404 0.32420411985018727 0.6320224719101124 0.32092696629213485 0.6300912921348315 0.32045880149812733 0.6290379213483146 0.32420411985018727 0.6269311797752809 0.3256086142322097 0.6190308988764045 0.3227996254681648 0.6128862359550562 0.323501872659176 0.6088483146067416 0.3265449438202247 0.6051615168539326 0.33169475655430714
0 0.6049859550561798 0.375 0.6051615168539326 0.3815543071161049 0.6041081460674157 0.39396067415730335 0.6091994382022472 0.39864232209737827 0.6156952247191011 0.40004681647940077 0.6234199438202247 0.3993445692883895 0.6297401685393258 0.3946629213483146 0.632373595505618 0.39068352059925093 0.6334269662921348 0.38717228464419473 0.6337780898876404 0.3796816479400749 0.6320224719101124 0.3728932584269663 0.6300912921348315 0.3686797752808989 0.6253511235955056 0.36493445692883897 0.6197331460674157 0.3637640449438202 0.6134129213483146 0.36540262172284643 0.6081460674157303 0.36891385767790263 0.6053370786516854 0.37265917602996257
0 0.5675912921348315 0.3838951310861423 0.5663623595505618 0.38717228464419473 0.5668890449438202 0.3977059925093633 0.5725070224719101 0.4056647940074906 0.5740870786516854 0.4066011235955056 0.5784761235955056 0.40636704119850187 0.5919943820224719 0.4014513108614232 0.5958567415730337 0.398876404494382 0.5993679775280899 0.3946629213483146 0.6016502808988764 0.3904494382022472 0.6025280898876404 0.38436329588014984 0.6023525280898876 0.37640449438202245 0.5998946629213483 0.36961610486891383 0.5953300561797753 0.3642322097378277 0.5895365168539326 0.3616573033707865 0.5814606741573034 0.3625936329588015 0.5770716292134831 0.3647003745318352 0.5737359550561798 0.36914794007490637
0 0.5414325842696629 0.4250936329588015 0.5417837078651685 0.4272003745318352 0.5410814606741573 0.4330524344569288 0.543188202247191 0.4407771535580524 0.5433637640449438 0.44967228464419473 0.5449438202247191 0.45341760299625467 0.5463483146067416 0.4545880149812734 0.5523174157303371 0.45552434456928836 0.5565308988764045 0.4541198501872659 0.5653089887640449 0.4461610486891386 0.569873595505618 0.43913857677902624 0.5702247191011236 0.43562734082397003 0.566186797752809 0.41502808988764045 0.5632022471910112 0.41058052434456926 0.5595154494382022 0.4075374531835206 0.5570575842696629 0.4068352059925094 0.5510884831460674 0.4089419475655431 0.5465238764044944 0.4110486891385768 0.5437148876404494 0.4133895131086142 0.5428370786516854 0.414559925093633
0 0.5733848314606742 0.4147940074906367 0.5728581460674157 0.4323501872659176 0.5747893258426966 0.43562734082397003 0.574438202247191 0.43913857677902624 0.577247191011236 0.44241573033707865 0.5816362359550562 0.4442883895131086 0.5849719101123596 0.4473314606741573 0.5890098314606742 0.4473314606741573 0.5919943820224719 0.4461610486891386 0.5942766853932584 0.44288389513108617 0.5977879213483146 0.44030898876404495 0.6002457865168539 0.43726591760299627 0.601123595505618 0.4318820224719101 0.6002457865168539 0.4276685393258427 0.5997191011235955 0.4178370786516854 0.5990168539325843 0.41502808988764045 0.5972612359550562 0.4131554307116105 0.5958567415730337 0.4096441947565543 0.5853230337078652 0.4080056179775281 0.579002808988764 0.40870786516853935 0.5753160112359551 0.4112827715355805
0 0.5654845505617978 0.4576310861423221 0.5653089887640449 0.46348314606741575 0.5667134831460674 0.4735486891385768 0.5660112359550562 0.4772940074906367 0.5712780898876404 0.48782771535580527 0.5761938202247191 0.488998127340824 0.5884831460674157 0.4887640449438202 0.5951544943820225 0.48384831460674155 0.5969101123595506 0.47752808988764045 0.5969101123595506 0.47331460674157305 0.5990168539325843 0.46418539325842695 0.5986657303370787 0.4592696629213483 0.5993679775280899 0.4562265917602996 0.5988412921348315 0.4545880149812734 0.5970856741573034 0.45435393258426965 0.5962078651685393 0.4529494382022472 0.5939255617977528 0.45271535580524347 0.5907654494382022 0.4506086142322097 0.5849719101123596 0.44967228464419473 0.5809339887640449 0.44686329588014984 0.5742626404494382 0.44662921348314605 0.5711025280898876 0.4482677902621723 0.5686446629213483 0.45107677902621723 0.567064606741573 0.45318352059925093
0 0.5998946629213483 0.46769662921348315 0.5995435393258427 0.47097378277153557 0.601123595505618 0.48080524344569286 0.6025280898876404 0.48525280898876405 0.6025280898876404 0.4875936329588015 0.6046348314606742 0.49204119850187267 0.6088483146067416 0.49250936329588013 0.613061797752809 0.4911048689138577 0.6197331460674157 0.49063670411985016 0.6230688202247191 0.4892322097378277 0.6279845505617978 0.48431647940074907 0.6279845505617978 0.48197565543071164 0.6307935393258427 0.4772940074906367 0.6309691011235955 0.47331460674157305 0.6300912921348315 0.46676029962546817 0.628686797752809 0.46301498127340823 0.6281601123595506 0.45770903558052434 0.6292134831460674 0.45482209737827717 0.6311446629213483 0.4529494382022472 0.6316713483146067 0.449438202247191 0.629564606741573 0.4461610486891386 0.6262289325842697 0.44686329588014984 0.6232443820224719 0.4506086142322097 0.6123595505617978 0.4499063670411985 0.6062148876404494 0.4520131086142322 0.6039325842696629 0.45529026217228463
1 0.556283356741573 0.378939606741573 0.02291432584269663 0.035346441947565546