0 0.46032303370786515 0.3036048689138577 0.46769662921348315 0.3068820224719101 0.47384129213483145 0.32092696629213485 0.4708567415730337 0.3347378277153558 0.46032303370786515 0.34058988764044945 0.45031601123595505 0.3366104868913858 0.4468047752808989 0.3211610486891386 0.44785814606741575 0.3103932584269663 0.453125 0.30547752808988765 0.46014747191011235 0.3036048689138577
0 0.6144662921348315 0.45575842696629215 0.6227176966292135 0.46348314606741575 0.6246488764044944 0.47425093632958804 0.6211376404494382 0.48431647940074907 0.613061797752809 0.49040262172284643 0.6018258426966292 0.48852996254681647 0.5976123595505618 0.4833801498127341 0.5958567415730337 0.4737827715355805 0.5981390449438202 0.46348314606741575 0.602001404494382 0.4583333333333333 0.6142907303370787 0.45575842696629215
0 0.38939606741573035 0.6458333333333334 0.3967696629213483 0.6502808988764045 0.40115870786516855 0.6631554307116105 0.3960674157303371 0.6764981273408239 0.3904494382022472 0.6802434456928839 0.3793890449438202 0.6772003745318352 0.3751755617977528 0.6666666666666666 0.3753511235955056 0.6582397003745318 0.37780898876404495 0.6519194756554307 0.38922050561797755 0.6458333333333334
0 0.5849719101123596 0.32092696629213485 0.5923455056179775 0.3237359550561798 0.5979634831460674 0.335440074906367 0.5981390449438202 0.3455056179775281 0.5926966292134831 0.35814606741573035 0.5879564606741573 0.362125468164794 0.5779494382022472 0.3609550561797753 0.569873595505618 0.3522940074906367 0.5691713483146067 0.33918539325842695 0.570751404494382 0.33146067415730335 0.5768960674157303 0.32397003745318353 0.5847963483146067 0.3211610486891386
0 0.5819873595505618 0.41058052434456926 0.5909410112359551 0.41760299625468167 0.5925210674157303 0.4286048689138577 0.5884831460674157 0.4410112359550562 0.5816362359550562 0.4440543071161049 0.5730337078651685 0.44124531835205993 0.5689957865168539 0.43703183520599254 0.567064606741573 0.42134831460674155 0.5711025280898876 0.413623595505618 0.581811797752809 0.41058052434456926
0 0.5556530898876404 0.3202247191011236 0.5646067415730337 0.3274812734082397 0.5667134831460674 0.3347378277153558 0.5649578651685393 0.3485486891385768 0.5575842696629213 0.3548689138576779 0.547752808988764 0.3529962546816479 0.542310393258427 0.34737827715355807 0.5405547752808989 0.3419943820224719 0.5412570224719101 0.33146067415730335 0.5454705056179775 0.32420411985018727 0.5503862359550562 0.3202247191011236 0.5554775280898876 0.3202247191011236
0 0.5502106741573034 0.6594101123595506 0.5570575842696629 0.6610486891385767 0.5603932584269663 0.6650280898876404 0.5632022471910112 0.6781367041198502 0.5612710674157303 0.6889044943820225 0.5581109550561798 0.6931179775280899 0.550561797752809 0.6961610486891385 0.542310393258427 0.6928838951310862 0.5375702247191011 0.6809456928838952 0.5377457865168539 0.6694756554307116 0.5398525280898876 0.6633895131086143 0.5433637640449438 0.6601123595505618 0.5500351123595506 0.6594101123595506
0 0.5263342696629213 0.5269194756554307 0.5314255617977528 0.5290262172284644 0.5365168539325843 0.535814606741573 0.5377457865168539 0.5489232209737828 0.5345856741573034 0.5608614232209738 0.5249297752808989 0.5667134831460674 0.5189606741573034 0.5660112359550562 0.5121137640449438 0.56062734082397 0.5086025280898876 0.5540730337078652 0.5080758426966292 0.5451779026217228 0.511938202247191 0.5318352059925093 0.5184339887640449 0.5273876404494382 0.5261587078651685 0.5269194756554307
0 0.363061797752809 0.3099250936329588 0.37025983146067415 0.31273408239700373 0.3734199438202247 0.3169475655430712 0.3751755617977528 0.3288857677902622 0.37025983146067415 0.3408239700374532 0.3628862359550562 0.34480337078651685 0.3539325842696629 0.33918539325842695 0.35042134831460675 0.3279494382022472 0.351123595505618 0.3213951310861423 0.3549859550561798 0.31413857677902624 0.3628862359550562 0.3099250936329588
0 0.49139747191011235 0.526685393258427 0.4996488764044944 0.5304307116104869 0.5033356741573034 0.5390917602996255 0.5019311797752809 0.5545411985018727 0.49859550561797755 0.5594569288389513 0.4920997191011236 0.5622659176029963 0.48542837078651685 0.5613295880149812 0.4799859550561798 0.5573501872659176 0.4764747191011236 0.5435393258426966 0.48103932584269665 0.5299625468164794 0.49122191011235955 0.526685393258427
0 0.39764747191011235 0.31273408239700373 0.40572331460674155 0.3188202247191011 0.4083567415730337 0.32724719101123595 0.4066011235955056 0.3389513108614232 0.39764747191011235 0.34597378277153557 0.386938202247191 0.34269662921348315 0.38219803370786515 0.3321629213483146 0.3830758426966292 0.3211610486891386 0.38606039325842695 0.31647940074906367 0.39747191011235955 0.31273408239700373
0 0.40695224719101125 0.5280898876404494 0.41485252808988765 0.5311329588014981 0.41485252808988765 0.5337078651685393 0.4123946629213483 0.5311329588014981 0.40905898876404495 0.5327715355805244 0.4157303370786517 0.5426029962546817 0.4159058988764045 0.5503277153558053 0.4120435393258427 0.5634363295880149 0.40484550561797755 0.5683520599250936 0.38992275280898875 0.5641385767790262 0.38395365168539325 0.5536048689138576 0.3862359550561798 0.5397940074906367 0.39185393258426965 0.5327715355805244 0.39729634831460675 0.5287921348314607 0.40677668539325845 0.5280898876404494
0 0.586376404494382 0.6484082397003745 0.5930477528089888 0.653558052434457 0.5960323033707865 0.6683052434456929 0.5916432584269663 0.6797752808988764 0.5853230337078652 0.6844569288389513 0.5711025280898876 0.6757958801498127 0.5675912921348315 0.6715823970037453 0.567064606741573 0.6629213483146067 0.5675912921348315 0.6577715355805244 0.5719803370786517 0.649812734082397 0.5862008426966292 0.6484082397003745
0 0.6174508426966292 0.6205524344569289 0.6234199438202247 0.6214887640449438 0.6274578651685393 0.6252340823970037 0.6311446629213483 0.6360018726591761 0.6299157303370787 0.647003745318352 0.6207865168539326 0.6556647940074907 0.6091994382022472 0.651685393258427 0.6030547752808989 0.6409176029962547 0.6067415730337079 0.6285112359550562 0.6128862359550562 0.6214887640449438 0.6172752808988764 0.6205524344569289
0 0.35990168539325845 0.6505149812734082 0.3695575842696629 0.6561329588014981 0.3707865168539326 0.6788389513108615 0.3635884831460674 0.6889044943820225 0.3576193820224719 0.6910112359550562 0.352001404494382 0.6907771535580525 0.3477879213483146 0.6875 0.3439255617977528 0.6786048689138576 0.34375 0.6678370786516854 0.3481390449438202 0.6570692883895131 0.355688202247191 0.650749063670412 0.3597261235955056 0.6505149812734082
0 0.5215941011235955 0.6575374531835206 0.5298455056179775 0.662687265917603 0.5337078651685393 0.672752808988764 0.5310744382022472 0.6870318352059925 0.5228230337078652 0.6938202247191011 0.5158005617977528 0.6933520599250936 0.5122893258426966 0.6903089887640449 0.5080758426966292 0.6821161048689138 0.5075491573033708 0.6762640449438202 0.5093047752808989 0.6643258426966292 0.515625 0.6584737827715356 0.5214185393258427 0.6575374531835206
0 0.4878862359550562 0.4833801498127341 0.49666432584269665 0.487125468164794 0.5017556179775281 0.49812734082397003 0.4998244382022472 0.5124063670411985 0.49157303370786515 0.5189606741573034 0.4803370786516854 0.516619850187266 0.47577247191011235 0.5056179775280899 0.47717696629213485 0.4911048689138577 0.4805126404494382 0.4859550561797753 0.48771067415730335 0.4833801498127341
0 0.6162219101123596 0.36540262172284643 0.6232443820224719 0.36914794007490637 0.6278089887640449 0.37663857677902624 0.6283356741573034 0.386938202247191 0.6253511235955056 0.39442883895131087 0.6174508426966292 0.4014513108614232 0.6132373595505618 0.40168539325842695 0.6055126404494382 0.3972378277153558 0.6016502808988764 0.39068352059925093 0.6025280898876404 0.37336142322097376 0.6076193820224719 0.3684456928838951 0.6160463483146067 0.36563670411985016
0 0.3637640449438202 0.6036985018726592 0.3767556179775281 0.6088483146067416 0.38009129213483145 0.614934456928839 0.3804424157303371 0.6205524344569289 0.3711376404494382 0.6385767790262172 0.363061797752809 0.641619850187266 0.35252808988764045 0.6352996254681648 0.34884129213483145 0.6226591760299626 0.3535814606741573 0.610252808988764 0.3635884831460674 0.6036985018726592
0 0.3746488764044944 0.5227059925093633 0.3807935393258427 0.5283239700374532 0.38342696629213485 0.5400280898876404 0.3804424157303371 0.552434456928839 0.3734199438202247 0.5571161048689138 0.36271067415730335 0.5559456928838952 0.35463483146067415 0.5465823970037453 0.36218398876404495 0.5252808988764045 0.37447331460674155 0.5227059925093633
0 0.41871488764044945 0.6020599250936329 0.4297752808988764 0.6088483146067416 0.4317064606741573 0.6161048689138576 0.42872191011235955 0.6329588014981273 0.41853932584269665 0.6392790262172284 0.4104634831460674 0.6360018726591761 0.40554775280898875 0.6299157303370787 0.4041432584269663 0.6242977528089888 0.4064255617977528 0.6093164794007491 0.41853932584269665 0.6020599250936329
0 0.46032303370786515 0.3548689138576779 0.46804775280898875 0.3600187265917603 0.4710323033707865 0.3703183520599251 0.46769662921348315 0.38319288389513106 0.4566362359550562 0.39091760299625467 0.4496137640449438 0.3881086142322097 0.4454002808988764 0.38202247191011235 0.44417134831460675 0.37008426966292135 0.4489115168539326 0.3579119850187266 0.46014747191011235 0.3548689138576779
0 0.5818995786516854 0.6690074906367042 0.03458567415730337 0.052434456928838954
0 0.4018609550561798 0.4440543071161049 0.4080056179775281 0.4452247191011236 0.4116924157303371 0.44897003745318353 0.41485252808988765 0.45646067415730335 0.41537921348314605 0.46652621722846443 0.41134129213483145 0.4782303370786517 0.40098314606741575 0.4836142322097378 0.39202949438202245 0.47659176029962547 0.38764044943820225 0.46676029962546817 0.38957162921348315 0.45224719101123595 0.3967696629213483 0.4452247191011236 0.40168539325842695 0.4440543071161049
0 0.4706811797752809 0.40379213483146065 0.4785814606741573 0.4075374531835206 0.4827949438202247 0.41970973782771537 0.4808637640449438 0.4353932584269663 0.47384129213483145 0.4407771535580524 0.460498595505618 0.43726591760299627 0.45768960674157305 0.4286048689138577 0.4589185393258427 0.4080056179775281 0.4705056179775281 0.40379213483146065
0 0.5259831460674157 0.313436329588015 0.5365168539325843 0.32256554307116103 0.5387991573033708 0.33497191011235955 0.5314255617977528 0.3487827715355805 0.5226474719101124 0.3508895131086142 0.5108848314606742 0.3450374531835206 0.5087780898876404 0.34176029962546817 0.5084269662921348 0.3326310861423221 0.5101825842696629 0.324438202247191 0.5150983146067416 0.31647940074906367 0.5258075842696629 0.313436329588015
0 0.4606741573033708 0.4833801498127341 0.46822331460674155 0.4897003745318352 0.46997893258426965 0.5035112359550562 0.4683988764044944 0.5105337078651685 0.4643609550561798 0.5161516853932584 0.456811797752809 0.5184925093632958 0.4476825842696629 0.513810861423221 0.44452247191011235 0.4974250936329588 0.4492626404494382 0.48618913857677903 0.453125 0.4833801498127341 0.460498595505618 0.4833801498127341
0 0.49297752808988765 0.3583801498127341 0.5021067415730337 0.3642322097378277 0.5054424157303371 0.37687265917602997 0.5014044943820225 0.39021535580524347 0.4922752808988764 0.3934925093632959 0.48542837078651685 0.3916198501872659 0.48121488764044945 0.38717228464419473 0.47928370786516855 0.37312734082397003 0.48577949438202245 0.3604868913857678 0.49280196629213485 0.3583801498127341
0 0.4039676966292135 0.3991104868913858 0.41081460674157305 0.4044943820224719 0.41134129213483145 0.4190074906367041 0.40958567415730335 0.42930711610486894 0.4022120786516854 0.4344569288389513 0.386938202247191 0.4297752808988764 0.3844803370786517 0.41760299625468167 0.3862359550561798 0.40847378277153557 0.39132724719101125 0.4002808988764045 0.40379213483146065 0.3991104868913858
0 0.5549508426966292 0.6139981273408239 0.5605688202247191 0.6163389513108615 0.566186797752809 0.6320224719101124 0.5649578651685393 0.6444288389513109 0.5570575842696629 0.6523876404494382 0.5463483146067416 0.6505149812734082 0.5412570224719101 0.6441947565543071 0.5389747191011236 0.6352996254681648 0.5398525280898876 0.6196161048689138 0.5433637640449438 0.614934456928839 0.5547752808988764 0.6139981273408239
0 0.5265098314606742 0.6013576779026217 0.5363412921348315 0.611189138576779 0.5370435393258427 0.6233614232209738 0.5330056179775281 0.6336610486891385 0.5240519662921348 0.639747191011236 0.5154494382022472 0.6381086142322098 0.5117626404494382 0.6341292134831461 0.5096558988764045 0.6196161048689138 0.5103581460674157 0.6128277153558053 0.5133426966292135 0.6079119850187266 0.5263342696629213 0.6013576779026217
0 0.6165730337078652 0.5348782771535581 0.6265800561797753 0.5433052434456929 0.6285112359550562 0.5540730337078652 0.6267556179775281 0.5632022471910112 0.6163974719101124 0.5720973782771536 0.6113061797752809 0.5713951310861424 0.6023525280898876 0.56437265917603 0.5997191011235955 0.5540730337078652 0.6007724719101124 0.5456460674157303 0.6037570224719101 0.540496254681648 0.6123595505617978 0.5348782771535581 0.6163974719101124 0.5348782771535581
0 0.6188553370786517 0.3256086142322097 0.6248244382022472 0.33146067415730335 0.6260533707865169 0.34269662921348315 0.6214887640449438 0.3541666666666667 0.6141151685393258 0.35814606741573035 0.6083216292134831 0.35674157303370785 0.6014747191011236 0.3485486891385768 0.6007724719101124 0.3352059925093633 0.6088483146067416 0.325374531835206 0.6186797752808989 0.3256086142322097
0 0.40133426966292135 0.5709269662921348 0.4081811797752809 0.5742041198501873 0.4139747191011236 0.5816947565543071 0.41502808988764045 0.5952715355805244 0.40098314606741575 0.6088483146067416 0.3941362359550562 0.6100187265917603 0.3871137640449438 0.6058052434456929 0.38395365168539325 0.5985486891385767 0.38535814606741575 0.5793539325842697 0.38992275280898875 0.5732677902621723 0.40115870786516855 0.5709269662921348
0 0.3648174157303371 0.350187265917603 0.37201544943820225 0.35510299625468167 0.3753511235955056 0.36282771535580527 0.3730688202247191 0.3782771535580524 0.36639747191011235 0.3848314606741573 0.3549859550561798 0.3815543071161049 0.351123595505618 0.37663857677902624 0.34901685393258425 0.36680711610486894 0.35235252808988765 0.3544007490636704 0.3570926966292135 0.3506554307116105 0.36464185393258425 0.350187265917603
0 0.4274929775280899 0.3541666666666667 0.43679775280898875 0.362125468164794 0.4373244382022472 0.37359550561797755 0.4311797752808989 0.38436329588014984 0.4239817415730337 0.3862359550561798 0.4180126404494382 0.386001872659176 0.41344803370786515 0.3813202247191011 0.41151685393258425 0.36891385767790263 0.413623595505618 0.3595505617977528 0.41678370786516855 0.35557116104868913 0.4215238764044944 0.3532303370786517 0.4273174157303371 0.3541666666666667
0 0.43258426966292135 0.3960674157303371 0.4394311797752809 0.3993445692883895 0.44399578651685395 0.41081460674157305 0.4429424157303371 0.4220505617977528 0.4355688202247191 0.4328183520599251 0.42099719101123595 0.426498127340824 0.4176615168539326 0.41713483146067415 0.41853932584269665 0.4044943820224719 0.4253862359550562 0.397940074906367 0.43240870786516855 0.3960674157303371
0 0.6165730337078652 0.5756086142322098 0.6255266853932584 0.5802902621722846 0.6300912921348315 0.589185393258427 0.628686797752809 0.602996254681648 0.6246488764044944 0.6097846441947565 0.6200842696629213 0.6118913857677902 0.6125351123595506 0.6109550561797753 0.6053370786516854 0.6058052434456929 0.6014747191011236 0.596441947565543 0.6055126404494382 0.5809925093632958 0.6163974719101124 0.5756086142322098
0 0.49490870786516855 0.31226591760299627 0.5022823033707865 0.31624531835205993 0.5066713483146067 0.325374531835206 0.5059691011235955 0.3368445692883895 0.4982443820224719 0.34737827715355807 0.48577949438202245 0.3433988764044944 0.4820926966292135 0.335440074906367 0.4841994382022472 0.3176498127340824 0.4878862359550562 0.31390449438202245 0.49473314606741575 0.31226591760299627
0 0.46014747191011235 0.5344101123595506 0.46752106741573035 0.5397940074906367 0.4706811797752809 0.5538389513108615 0.4669943820224719 0.5664794007490637 0.45997191011235955 0.5704588014981273 0.4489115168539326 0.5650749063670412 0.44417134831460675 0.5536048689138576 0.44627808988764045 0.5381554307116105 0.45997191011235955 0.5344101123595506
0 0.37025983146067415 0.48080524344569286 0.3771067415730337 0.48408239700374533 0.38342696629213485 0.4927434456928839 0.38412921348314605 0.5021067415730337 0.3809691011235955 0.5121722846441947 0.3767556179775281 0.5168539325842697 0.3649929775280899 0.5149812734082397 0.3558637640449438 0.5170880149812734 0.35252808988764045 0.5163857677902621 0.3498946629213483 0.5091292134831461 0.3551615168539326 0.48993445692883897 0.36271067415730335 0.48220973782771537 0.37008426966292135 0.48080524344569286
0 0.36622191011235955 0.43703183520599254 0.37570224719101125 0.4440543071161049 0.37763342696629215 0.45903558052434457 0.3728932584269663 0.46769662921348315 0.3635884831460674 0.47237827715355807 0.3577949438202247 0.47097378277153557 0.3518258426966292 0.46465355805243447 0.3497191011235955 0.4524812734082397 0.35410814606741575 0.44030898876404495 0.35884831460674155 0.43703183520599254 0.36604634831460675 0.43703183520599254
0 0.5816362359550562 0.3642322097378277 0.5888342696629213 0.36797752808988765 0.5925210674157303 0.3728932584269663 0.5942766853932584 0.38202247191011235 0.5918188202247191 0.3937265917602996 0.5825140449438202 0.3977059925093633 0.5700491573033708 0.3937265917602996 0.5679424157303371 0.3806179775280899 0.5712780898876404 0.3682116104868914 0.5814606741573034 0.3642322097378277
0 0.43082865168539325 0.31647940074906367 0.43679775280898875 0.3223314606741573 0.4396067415730337 0.33801498127340823 0.43609550561797755 0.3464419475655431 0.42643960674157305 0.34995318352059923 0.41678370786516855 0.3429307116104869 0.4141502808988764 0.33614232209737827 0.4141502808988764 0.32771535580524347 0.42082162921348315 0.3176498127340824 0.43065308988764045 0.31647940074906367
0 0.6062148876404494 0.49461610486891383 0.620435393258427 0.4969569288389513 0.6253511235955056 0.5053838951310862 0.625877808988764 0.5131086142322098 0.6234199438202247 0.5243445692883895 0.6169241573033708 0.5311329588014981 0.6099016853932584 0.5323033707865169 0.6023525280898876 0.5299625468164794 0.5993679775280899 0.5198970037453183 0.5988412921348315 0.49929775280898875 0.6060393258426966 0.49461610486891383
0 0.617626404494382 0.4112827715355805 0.6242977528089888 0.41970973782771537 0.6251755617977528 0.43211610486891383 0.6202598314606742 0.44241573033707865 0.613061797752809 0.4463951310861423 0.6058637640449438 0.4452247191011236 0.6016502808988764 0.43984082397003743 0.5991924157303371 0.42743445692883897 0.6025280898876404 0.41385767790262173 0.6090238764044944 0.41058052434456926 0.6174508426966292 0.4112827715355805
0 0.6186797752808989 0.6561329588014981 0.6269311797752809 0.6610486891385767 0.6302668539325843 0.6680711610486891 0.6311446629213483 0.6783707865168539 0.6283356741573034 0.6928838951310862 0.6232443820224719 0.6977996254681648 0.6186797752808989 0.6985018726591761 0.6127106741573034 0.6980337078651685 0.6058637640449438 0.6928838951310862 0.6018258426966292 0.6853932584269663 0.6002457865168539 0.6764981273408239 0.6014747191011236 0.6664325842696629 0.6051615168539326 0.6601123595505618 0.6121839887640449 0.6558988764044944 0.6185042134831461 0.6561329588014981
0 0.5860252808988764 0.6125936329588015 0.592872191011236 0.6179775280898876 0.5951544943820225 0.6294475655430711 0.5925210674157303 0.6402153558052435 0.5814606741573034 0.6472378277153558 0.5709269662921348 0.6432584269662921 0.5688202247191011 0.6343632958801498 0.5689957865168539 0.6228932584269663 0.5721558988764045 0.6168071161048689 0.5779494382022472 0.6125936329588015 0.5858497191011236 0.6125936329588015
0 0.5797050561797753 0.40847378277153557 0.5969101123595506 0.4147940074906367 0.59375 0.42158239700374533 0.59375 0.4323501872659176 0.5898876404494382 0.44569288389513106 0.5726825842696629 0.4545880149812734 0.5626755617977528 0.45014044943820225 0.5584620786516854 0.43890449438202245 0.5688202247191011 0.413623595505618 0.5721558988764045 0.4101123595505618 0.5795294943820225 0.40847378277153557
0 0.5196629213483146 0.36352996254681647 0.526685393258427 0.36540262172284643 0.5323033707865169 0.37336142322097376 0.530372191011236 0.3913857677902622 0.5263342696629213 0.39653558052434457 0.5196629213483146 0.39864232209737827 0.5086025280898876 0.3934925093632959 0.5064957865168539 0.3782771535580524 0.5068469101123596 0.37312734082397003 0.5107092696629213 0.36704119850187267 0.5194873595505618 0.36352996254681647
0 0.3706109550561798 0.39630149812734083 0.3804424157303371 0.40098314606741575 0.383251404494382 0.4091760299625468 0.3811446629213483 0.4241573033707865 0.37254213483146065 0.4309456928838951 0.359375 0.4286048689138577 0.35603932584269665 0.4220505617977528 0.35674157303370785 0.4110486891385768 0.36077949438202245 0.40098314606741575 0.37043539325842695 0.39630149812734083
0 0.547752808988764 0.36540262172284643 0.5602176966292135 0.37312734082397003 0.5617977528089888 0.3801498127340824 0.5607443820224719 0.3955992509363296 0.5570575842696629 0.4012172284644195 0.5507373595505618 0.40402621722846443 0.5405547752808989 0.39957865168539325 0.535814606741573 0.38717228464419473 0.5373946629213483 0.37336142322097376 0.5430126404494382 0.3661048689138577 0.5475772471910112 0.36540262172284643
0 0.3767556179775281 0.5594569288389513 0.3830758426966292 0.5676498127340824 0.38395365168539325 0.5749063670411985 0.38009129213483145 0.5924625468164794 0.37798455056179775 0.5919943820224719 0.3792134831460674 0.5884831460674157 0.37640449438202245 0.5875468164794008 0.37640449438202245 0.5919943820224719 0.3732443820224719 0.5959737827715356 0.363061797752809 0.5952715355805244 0.35814606741573035 0.5922284644194756 0.3555126404494382 0.5884831460674157 0.3535814606741573 0.574438202247191 0.3558637640449438 0.5648408239700374 0.3597261235955056 0.5610955056179775 0.3765800561797753 0.5594569288389513
0 0.3871137640449438 0.6385767790262172 0.40484550561797755 0.6474719101123596 0.40765449438202245 0.6544943820224719 0.4066011235955056 0.6678370786516854 0.397998595505618 0.68562734082397 0.39343398876404495 0.68937265917603 0.3843047752808989 0.6889044943820225 0.3753511235955056 0.6748595505617978 0.37394662921348315 0.6544943820224719 0.378686797752809 0.6451310861423221 0.386938202247191 0.638810861423221
2 0.6372893258426966 0.31445060861423224 0.6325688202247192 0.6998820224719101 0.3421032303370786 0.6901956928838952 0.3499738412921348 0.3061664325842697
1 0.49327773876404496 0.422188670411985 0.02096383426966292 0.03601357677902622
1 0.5192327949438202 0.42257958801498124 0.027227879213483148 0.03523408239700375
1 0.5501193820224719 0.4249672284644195 0.0222875702247191 0.0337687265917603
1 0.43277738764044943 0.4617041198501873 0.021688904494382023 0.03233380149812734
1 0.4007075140449438 0.501498127340824 0.024260884831460675 0.030774812734082398
1 0.4311481741573034 0.49970739700374533 0.024281952247191013 0.031874999999999994
1 0.46210498595505617 0.46437031835205994 0.026502808988764046 0.03298455056179775
1 0.4930407303370787 0.4627808988764045 0.022831811797752812 0.03136704119850187
1 0.5191643258426966 0.4667275280898876 0.021241221910112358 0.02989700374531835
1 0.5493855337078652 0.4669756554307116 0.021990870786516854 0.03195458801498127
1 0.5803388342696629 0.46714887640449443 0.020696980337078653 0.032298689138576774
1 0.5800017556179775 0.5031437265917602 0.02236306179775281 0.032502340823970036
1 0.5800438904494382 0.5443820224719101 0.022445575842696627 0.03071161048689138
1 0.5812517556179775 0.5827808988764045 0.026034058988764045 0.03260065543071161
1 0.5485463483146067 0.5825351123595506 0.019143258426966292 0.02743211610486891
1 0.5493925561797753 0.5423829588014981 0.01966643258426966 0.029836142322097376
1 0.5495365168539326 0.5044194756554308 0.019952598314606742 0.03349719101123595
1 0.5174174859550562 0.5027083333333334 0.021257022471910112 0.0316315543071161
1 0.43287921348314606 0.5412780898876405 0.020719803370786515 0.03230805243445693
1 0.43176264044943824 0.5819826779026217 0.023168890449438203 0.02320458801498127
1 0.4281232443820225 0.658560393258427 0.02642380617977528 0.0281062734082397
1 0.45876755617977527 0.6585486891385768 0.028023174157303373 0.021842228464419477
1 0.4884638342696629 0.659817415730337 0.03006495786516854 0.021259363295880147
1 0.4613711376404494 0.6225538389513109 0.023865870786516852 0.02319756554307116
1 0.4901966292134831 0.6201404494382022 0.025337078651685392 0.029297752808988765
1 0.4903300561797753 0.5805126404494382 0.026774929775280898 0.028066479400749064
1 0.46027212078651686 0.5827926029962547 0.027521067415730335 0.021701779026217227
1 0.5213096910112359 0.5809105805243446 0.026702949438202245 0.027301029962546814