2 0.23700842696629212 0.47362663857677906 0.7238997542134831 0.5227839419475656 0.7192182233146068 0.7389201779026217 0.22120786516853932 0.700686563670412
1 0.25917310393258425 0.5360486891385767 0.029406601123595506 0.03745318352059925
1 0.28243504213483145 0.5389747191011236 0.022384129213483147 0.03745318352059925
1 0.31579178370786515 0.6267556179775281 0.029406601123595506 0.03745318352059925
1 0.34256495786516855 0.6320224719101124 0.029406601123595506 0.03745318352059925
1 0.37767731741573035 0.552434456928839 0.029406601123595506 0.03745318352059925
1 0.37372717696629215 0.5881320224719101 0.029406601123595506 0.03745318352059925
1 0.40532830056179775 0.5951544943820225 0.029406601123595506 0.03745318352059925
1 0.40532830056179775 0.5547752808988764 0.029406601123595506 0.03745318352059925
1 0.40093925561797755 0.6308520599250936 0.029406601123595506 0.03745318352059925
1 0.42683462078651685 0.6724016853932584 0.029406601123595506 0.03745318352059925
1 0.4598981741573034 0.6450912921348314 0.02823560393258427 0.02886938202247191
1 0.5519224016853933 0.571746254681648 0.029406601123595506 0.03745318352059925
1 0.5786955758426966 0.5746722846441947 0.029406601123595506 0.03745318352059925
1 0.5479722612359551 0.6501638576779026 0.029406601123595506 0.03745318352059925
1 0.5763553370786517 0.6511399812734082 0.02706636235955056 0.03199204119850187
1 0.5795733848314607 0.6911282771535581 0.029406601123595506 0.03745318352059925
1 0.6085410814606742 0.6558216292134832 0.03291783707865169 0.034332865168539325
1 0.6098577949438202 0.6922986891385767 0.029406601123595506 0.03745318352059925
1 0.6370698735955056 0.6536750936329588 0.029406601123595506 0.03745318352059925
1 0.6401422050561798 0.5781835205992509 0.029406601123595506 0.03745318352059925
1 0.26092872191011235 0.4974250936329588 0.03642907303370786 0.042134831460674156
1 0.28770189606741575 0.5009363295880149 0.03642907303370786 0.042134831460674156
1 0.3149139747191011 0.502691947565543 0.03642907303370786 0.042134831460674156
1 0.3785551264044944 0.5085440074906367 0.03642907303370786 0.042134831460674156
1 0.40488939606741575 0.5152738764044944 0.024139747191011238 0.03920880149812734
1 0.5233936095505618 0.5307818352059925 0.03642907303370786 0.042134831460674156
1 0.5554336376404494 0.5301966292134831 0.03642907303370786 0.042134831460674156
1 0.4338570926966292 0.5571161048689138 0.03642907303370786 0.042134831460674156
1 0.49310919943820225 0.5638459737827716 0.03028441011235955 0.033356741573033706
1 0.24776158707865167 0.6232443820224719 0.03642907303370786 0.042134831460674156
1 0.43078476123595505 0.6340706928838952 0.03028441011235955 0.04037921348314607
1 0.39720856741573035 0.6706460674157303 0.03160112359550562 0.03745318352059925
1 0.48718398876404495 0.6814723782771536 0.028967696629213485 0.03686797752808989
1 0.5165905898876404 0.6858614232209738 0.028089887640449437 0.039794007490636704
1 0.5179073033707865 0.6042251872659176 0.029845505617977528 0.04154962546816479
1 0.6146857443820225 0.5781835205992509 0.03642907303370786 0.042134831460674156
1 0.547313904494382 0.6873244382022472 0.03160112359550562 0.04154962546816479
1 0.5203212780898876 0.5682350187265918 0.03204002808988764 0.0351123595505618
1 0.4321014747191011 0.5954470973782772 0.026773174157303372 0.03569756554307116
1 0.28660463483146065 0.624122191011236 0.033356741573033706 0.04037921348314607
1 0.3693381320224719 0.625877808988764 0.03204002808988764 0.04037921348314607
1 0.45777738764044945 0.6791315543071161 0.033356741573033706 0.04389044943820225
1 0.5181267556179775 0.6472378277153558 0.029406601123595506 0.03745318352059925
1 0.6664764747191011 0.6615753745318352 0.03204002808988764 0.033356741573033706
1 0.34454002808988765 0.5471676029962547 0.030723314606741572 0.03745318352059925
0 0.32742275280898875 0.4988295880149813 0.32707162921348315 0.5053838951310862 0.32882724719101125 0.511938202247191 0.33058286516853935 0.516619850187266 0.3356741573033708 0.5229400749063671 0.3395365168539326 0.5241104868913857 0.34901685393258425 0.5227059925093633 0.3539325842696629 0.5189606741573034 0.35603932584269665 0.5152153558052435 0.35674157303370785 0.4978932584269663 0.35410814606741575 0.48080524344569286 0.352001404494382 0.477059925093633 0.3416432584269663 0.47448501872659177 0.33865870786516855 0.4772940074906367 0.3377808988764045 0.4794007490636704 0.33479634831460675 0.4824438202247191 0.33339185393258425 0.4859550561797753 0.33146067415730335 0.48782771535580527
0 0.22559691011235955 0.579119850187266 0.22524578651685392 0.5849719101123596 0.22735252808988765 0.5929307116104869 0.23191713483146068 0.5990168539325843 0.23771067415730338 0.6025280898876404 0.24473314606741572 0.6036985018726592 0.25140449438202245 0.6004213483146067 0.25667134831460675 0.5957397003745318 0.2594803370786517 0.5919943820224719 0.26035814606741575 0.5887172284644194 0.26053370786516855 0.5788857677902621 0.2594803370786517 0.572565543071161 0.257373595505618 0.5641385767790262 0.25509129213483145 0.5622659176029963 0.2480688202247191 0.56062734082397 0.24385533707865167 0.56062734082397 0.23525280898876405 0.5639044943820225 0.23086376404494383 0.5671816479400749 0.22805477528089887 0.5711610486891385 0.2264747191011236 0.5746722846441947
0 0.25912921348314605 0.5627340823970037 0.25895365168539325 0.5676498127340824 0.2615870786516854 0.5786516853932584 0.26228932584269665 0.5917602996254682 0.26896067415730335 0.5999531835205992 0.27247191011235955 0.6015917602996255 0.2830056179775281 0.6008895131086143 0.28634129213483145 0.6067415730337079 0.28774578651685395 0.6058052434456929 0.28985252808988765 0.6022940074906367 0.28651685393258425 0.5985486891385767 0.2868679775280899 0.5917602996254682 0.2889747191011236 0.5807584269662921 0.2912570224719101 0.574438202247191 0.2907303370786517 0.5676498127340824 0.2891502808988764 0.56437265917603 0.28265449438202245 0.5585205992509363 0.27071629213483145 0.5540730337078652 0.2652738764044944 0.5557116104868914 0.26035814606741575 0.5603932584269663
0 0.28967696629213485 0.5842696629213483 0.2889747191011236 0.5933988764044944 0.29002808988764045 0.599250936329588 0.29406601123595505 0.6060393258426966 0.30003511235955055 0.610252808988764 0.30758426966292135 0.6100187265917603 0.31530898876404495 0.6055711610486891 0.3188202247191011 0.5990168539325843 0.31969803370786515 0.5955056179775281 0.31917134831460675 0.5924625468164794 0.32092696629213485 0.5849719101123596 0.319873595505618 0.5779494382022472 0.3186446629213483 0.5760767790262172 0.3128511235955056 0.5706928838951311 0.30775983146067415 0.5685861423220974 0.30337078651685395 0.5685861423220974 0.2966994382022472 0.5711610486891385 0.29213483146067415 0.576310861423221 0.29020365168539325 0.5809925093632958
0 0.3221558988764045 0.5915262172284644 0.3221558988764045 0.5994850187265918 0.32356039325842695 0.6062734082397003 0.33110955056179775 0.6158707865168539 0.3325140449438202 0.6200842696629213 0.3339185393258427 0.6219569288389513 0.33848314606741575 0.6228932584269663 0.34515449438202245 0.6207865168539326 0.34884129213483145 0.6168071161048689 0.3512991573033708 0.6055711610486891 0.3532303370786517 0.6013576779026217 0.35674157303370785 0.5884831460674157 0.3535814606741573 0.5784176029962547 0.35235252808988765 0.5767790262172284 0.3379564606741573 0.5718632958801498 0.3362008426966292 0.5697565543071161 0.3362008426966292 0.5674157303370787 0.33497191011235955 0.5641385767790262 0.33093398876404495 0.5629681647940075 0.32759831460674155 0.5641385767790262 0.32478932584269665 0.5676498127340824 0.32672050561797755 0.5704588014981273 0.32672050561797755 0.5793539325842697
0 0.21945224719101122 0.6669007490636704 0.21927668539325842 0.6715823970037453 0.22033005617977527 0.6767322097378277 0.22313904494382023 0.6821161048689138 0.22717696629213482 0.6863295880149812 0.23103932584269662 0.6879681647940075 0.23507724719101122 0.6882022471910112 0.24139747191011235 0.6860955056179775 0.2459620786516854 0.6823501872659176 0.24859550561797752 0.6786048689138576 0.2480688202247191 0.6741573033707865 0.24841994382022473 0.6718164794007491 0.25 0.6687734082397003 0.25052668539325845 0.6650280898876404 0.25070224719101125 0.6612827715355806 0.2498244382022472 0.6582397003745318 0.25052668539325845 0.6544943820224719 0.2501755617977528 0.6519194756554307 0.2478932584269663 0.6479400749063671 0.24262640449438203 0.6458333333333334 0.23788623595505617 0.6455992509363296 0.23279494382022473 0.647003745318352 0.22700140449438203 0.650749063670412 0.22384129213483145 0.6554307116104869 0.22033005617977527 0.6610486891385767
0 0.25280898876404495 0.6647940074906367 0.25140449438202245 0.6790730337078652 0.2538623595505618 0.68562734082397 0.25684691011235955 0.6891385767790262 0.2617626404494382 0.6910112359550562 0.26843398876404495 0.6905430711610487 0.27229634831460675 0.6886704119850188 0.27844101123595505 0.6821161048689138 0.2791432584269663 0.6781367041198502 0.27844101123595505 0.675561797752809 0.27826544943820225 0.6647940074906367 0.2768609550561798 0.6601123595505618 0.2770365168539326 0.6542602996254682 0.27405196629213485 0.6502808988764045 0.2696629213483146 0.648876404494382 0.26474719101123595 0.6502808988764045 0.26070926966292135 0.6549625468164794 0.25474016853932585 0.6596441947565543
0 0.28423455056179775 0.6570692883895131 0.28423455056179775 0.6650280898876404 0.2854634831460674 0.6718164794007491 0.2889747191011236 0.6788389513108615 0.2966994382022472 0.6835205992509363 0.29827949438202245 0.6853932584269663 0.2991573033707865 0.6889044943820225 0.2989817415730337 0.6928838951310862 0.30021067415730335 0.6963951310861424 0.30723314606741575 0.6952247191011236 0.308813202247191 0.6926498127340824 0.30723314606741575 0.6865636704119851 0.3082865168539326 0.6811797752808989 0.3146067415730337 0.6743913857677902 0.31566011235955055 0.6706460674157303 0.31566011235955055 0.6657303370786517 0.3146067415730337 0.6610486891385767 0.31548455056179775 0.6577715355805244 0.31530898876404495 0.6505149812734082 0.31320224719101125 0.6460674157303371 0.3089887640449438 0.6423220973782772 0.30372191011235955 0.6355337078651685 0.300561797752809 0.6348314606741573 0.2947682584269663 0.6352996254681648 0.2926615168539326 0.6364700374531835 0.28985252808988765 0.6406835205992509 0.28827247191011235 0.6467696629213483 0.2854634831460674 0.650749063670412
0 0.31741573033707865 0.6486423220973783 0.31759129213483145 0.6540262172284644 0.31899578651685395 0.6577715355805244 0.3188202247191011 0.6657303370786517 0.31934691011235955 0.6678370786516854 0.3181179775280899 0.6753277153558053 0.3186446629213483 0.6786048689138576 0.320751404494382 0.6837546816479401 0.3246137640449438 0.6867977528089888 0.328125 0.6882022471910112 0.33146067415730335 0.6889044943820225 0.3358497191011236 0.6882022471910112 0.3376053370786517 0.6891385767790262 0.34041432584269665 0.6917134831460674 0.3414676966292135 0.6961610486891385 0.34304775280898875 0.6959269662921348 0.34269662921348315 0.6786048689138576 0.34322331460674155 0.6753277153558053 0.34673455056179775 0.6643258426966292 0.3495435393258427 0.6612827715355806 0.347436797752809 0.6580056179775281 0.34655898876404495 0.6537921348314607 0.3435744382022472 0.6502808988764045 0.33883426966292135 0.6467696629213483 0.328125 0.6418539325842697 0.3242626404494382 0.641619850187266 0.32110252808988765 0.6427902621722846
0 0.3460323033707865 0.6753277153558053 0.3455056179775281 0.6858614232209738 0.3472612359550562 0.6961610486891385 0.35252808988764045 0.7001404494382022 0.359375 0.7008426966292135 0.36446629213483145 0.699438202247191 0.3688553370786517 0.6959269662921348 0.3732443820224719 0.6889044943820225 0.37552668539325845 0.6832865168539326 0.3767556179775281 0.6793071161048689 0.3771067415730337 0.674625468164794 0.375 0.6685393258426966 0.3748244382022472 0.6659644194756554 0.37219101123595505 0.6612827715355806 0.3632373595505618 0.6577715355805244 0.3613061797752809 0.6577715355805244 0.3558637640449438 0.658941947565543 0.351123595505618 0.661750936329588 0.3493679775280899 0.6645599250936329 0.34849016853932585 0.6692415730337079
0 0.41924157303370785 0.5079588014981273 0.418188202247191 0.5124063670411985 0.41941713483146065 0.525749063670412 0.425561797752809 0.5327715355805244 0.4320575842696629 0.5362827715355806 0.4357443820224719 0.5360486891385767 0.4410112359550562 0.533941947565543 0.4454002808988764 0.5294943820224719 0.44803370786516855 0.5086610486891385 0.4431179775280899 0.5004681647940075 0.4357443820224719 0.49625468164794007 0.42872191011235955 0.4964887640449438 0.4222261235955056 0.50187265917603
0 0.449438202247191 0.5231741573033708 0.4496137640449438 0.5292602996254682 0.4513693820224719 0.5287921348314607 0.45224719101123595 0.5308988764044944 0.4515449438202247 0.5327715355805244 0.45435393258426965 0.5362827715355806 0.45575842696629215 0.5402621722846442 0.45593398876404495 0.5433052434456929 0.46032303370786515 0.5461142322097379 0.46629213483146065 0.547752808988764 0.4703300561797753 0.5470505617977528 0.4741924157303371 0.5435393258426966 0.4789325842696629 0.5292602996254682 0.4785814606741573 0.5194288389513109 0.476123595505618 0.5121722846441947 0.47120786516853935 0.5063202247191011 0.4669943820224719 0.5037453183520599 0.461376404494382 0.5044475655430711 0.45593398876404495 0.5077247191011236 0.4529494382022472 0.5121722846441947 0.4513693820224719 0.5196629213483146
0 0.44259129213483145 0.5543071161048689 0.44259129213483145 0.5639044943820225 0.4436446629213483 0.5685861423220974 0.44592696629213485 0.5739700374531835 0.4455758426966292 0.5779494382022472 0.4471558988764045 0.584503745318352 0.4511938202247191 0.5896535580524345 0.4573384831460674 0.5924625468164794 0.4643609550561798 0.5929307116104869 0.46822331460674155 0.5908239700374532 0.47349016853932585 0.586376404494382 0.4748946629213483 0.5821629213483146 0.47524578651685395 0.5704588014981273 0.4743679775280899 0.5646067415730337 0.4710323033707865 0.5559456928838952 0.4589185393258427 0.549625468164794 0.4566362359550562 0.5465823970037453 0.453125 0.5437734082397003 0.4496137640449438 0.5440074906367042 0.44627808988764045 0.5468164794007491 0.44399578651685395 0.5503277153558053
0 0.44066011235955055 0.6135299625468165 0.44048455056179775 0.6163389513108615 0.4418890449438202 0.62312734082397 0.4454002808988764 0.6296816479400749 0.4496137640449438 0.6338951310861424 0.453125 0.6348314606741573 0.46190308988764045 0.6413857677902621 0.46629213483146065 0.641619850187266 0.4708567415730337 0.6390449438202247 0.4741924157303371 0.6352996254681648 0.4766502808988764 0.6301498127340824 0.4766502808988764 0.6264044943820225 0.4731390449438202 0.6142322097378277 0.47208567415730335 0.6055711610486891 0.46822331460674155 0.598314606741573 0.46348314606741575 0.5943352059925093 0.4489115168539326 0.5908239700374532 0.4454002808988764 0.5980805243445693 0.44434691011235955 0.6027621722846442 0.4413623595505618 0.6093164794007491
0 0.4731390449438202 0.6402153558052435 0.47208567415730335 0.6544943820224719 0.47331460674157305 0.6612827715355806 0.47542134831460675 0.6650280898876404 0.48121488764044945 0.6697097378277154 0.4864817415730337 0.6711142322097379 0.49139747191011235 0.6704119850187266 0.49490870786516855 0.6673689138576779 0.5003511235955056 0.6582397003745318 0.5017556179775281 0.6500468164794008 0.5015800561797753 0.6434925093632958 0.4982443820224719 0.6331928838951311 0.4945575842696629 0.6301498127340824 0.4805126404494382 0.6289794007490637 0.47594803370786515 0.6338951310861424
0 0.4748946629213483 0.6046348314606742 0.4748946629213483 0.6128277153558053 0.47735252808988765 0.62312734082397 0.48156601123595505 0.6285112359550562 0.48718398876404495 0.6296816479400749 0.4957865168539326 0.6292134831460674 0.4980688202247191 0.6278089887640449 0.5028089887640449 0.6217228464419475 0.5056179775280899 0.6147003745318352 0.5056179775280899 0.6055711610486891 0.5040379213483146 0.5985486891385767 0.5024578651685393 0.5948033707865169 0.49894662921348315 0.5903558052434457 0.49473314606741575 0.5875468164794008 0.4884129213483146 0.5868445692883895 0.4841994382022472 0.588249063670412 0.4784058988764045 0.5945692883895131
0 0.4826193820224719 0.511938202247191 0.48103932584269665 0.5187265917602997 0.48156601123595505 0.5262172284644194 0.48332162921348315 0.5330056179775281 0.48946629213483145 0.5428370786516854 0.5017556179775281 0.548689138576779 0.5064957865168539 0.5463483146067416 0.5122893258426966 0.5397940074906367 0.5129915730337079 0.536750936329588 0.5131671348314607 0.5189606741573034 0.5126404494382022 0.5154494382022472 0.5107092696629213 0.5098314606741573 0.5063202247191011 0.5039794007490637 0.4984199438202247 0.49976591760299627 0.49508426966292135 0.4988295880149813 0.49122191011235955 0.49953183520599254 0.4861306179775281 0.5037453183520599
0 0.5665379213483146 0.5149812734082397 0.5651334269662921 0.5194288389513109 0.5677668539325843 0.5433052434456929 0.5733848314606742 0.5512640449438202 0.5775983146067416 0.5543071161048689 0.5884831460674157 0.5580524344569289 0.592872191011236 0.5559456928838952 0.5963834269662921 0.5491573033707865 0.597436797752809 0.5400280898876404 0.5977879213483146 0.5224719101123596 0.5932233146067416 0.516619850187266 0.5884831460674157 0.5121722846441947 0.5779494382022472 0.5072565543071161 0.574438202247191 0.5070224719101124 0.5718047752808989 0.5086610486891385 0.5682935393258427 0.511938202247191
0 0.535814606741573 0.6022940074906367 0.5338834269662921 0.6128277153558053 0.5344101123595506 0.6193820224719101 0.5380969101123596 0.6296816479400749 0.5426615168539326 0.6362359550561798 0.5479283707865169 0.6381086142322098 0.5540730337078652 0.6376404494382022 0.5582865168539326 0.6355337078651685 0.5625 0.6306179775280899 0.5646067415730337 0.6235955056179775 0.5647823033707865 0.6093164794007491 0.5623244382022472 0.6022940074906367 0.5584620786516854 0.5973782771535581 0.5535463483146067 0.5933988764044944 0.5466994382022472 0.5915262172284644 0.5391502808988764 0.5952715355805244 0.5373946629213483 0.6006554307116105
0 0.5667134831460674 0.6067415730337079 0.5668890449438202 0.6235955056179775 0.5695224719101124 0.6292134831460674 0.569873595505618 0.6334269662921348 0.5746137640449438 0.6390449438202247 0.5775983146067416 0.641619850187266 0.5823384831460674 0.6425561797752809 0.5893609550561798 0.6413857677902621 0.5941011235955056 0.636938202247191 0.5967345505617978 0.6303838951310862 0.5972612359550562 0.6193820224719101 0.5958567415730337 0.6090823970037453 0.5930477528089888 0.6041666666666666 0.5823384831460674 0.5966760299625468 0.5784761235955056 0.5950374531835206 0.5760182584269663 0.5950374531835206 0.5711025280898876 0.5978464419475655
0 0.5981390449438202 0.5454119850187266 0.5993679775280899 0.5545411985018727 0.5977879213483146 0.5608614232209738 0.5988412921348315 0.5629681647940075 0.6012991573033708 0.5594569288389513 0.6060393258426966 0.5580524344569289 0.6088483146067416 0.5601591760299626 0.609375 0.5683520599250936 0.6135884831460674 0.5695224719101124 0.6169241573033708 0.5674157303370787 0.6232443820224719 0.5529026217228464 0.6267556179775281 0.5482209737827716 0.6274578651685393 0.5449438202247191 0.6274578651685393 0.5362827715355806 0.625877808988764 0.5308988764044944 0.625 0.5224719101123596 0.6192064606741573 0.5114700374531835 0.6165730337078652 0.5098314606741573 0.6090238764044944 0.510065543071161 0.6055126404494382 0.512874531835206 0.6007724719101124 0.522003745318352 0.5997191011235955 0.525749063670412
0 0.6014747191011236 0.6046348314606742 0.5988412921348315 0.6090823970037453 0.5993679775280899 0.62687265917603 0.6014747191011236 0.6345973782771536 0.6060393258426966 0.6420880149812734 0.6128862359550562 0.6495786516853933 0.6160463483146067 0.6505149812734082 0.6195575842696629 0.6502808988764045 0.624122191011236 0.6477059925093633 0.6267556179775281 0.6439606741573034 0.6274578651685393 0.6273408239700374 0.6255266853932584 0.6093164794007491 0.624122191011236 0.6060393258426966 0.6193820224719101 0.6025280898876404 0.6127106741573034 0.6008895131086143 0.6046348314606742 0.601123595505618
0 0.628686797752809 0.6158707865168539 0.6290379213483146 0.62687265917603 0.6302668539325843 0.6329588014981273 0.6321980337078652 0.6374063670411985 0.6365870786516854 0.6423220973782772 0.6441362359550562 0.647003745318352 0.647998595505618 0.6472378277153558 0.6508075842696629 0.6467696629213483 0.6544943820224719 0.6446629213483146 0.6594101123595506 0.6392790262172284 0.6613412921348315 0.6310861423220974 0.6613412921348315 0.6207865168539326 0.6606390449438202 0.6168071161048689 0.6590589887640449 0.6135299625468165 0.6520365168539326 0.6053370786516854 0.6469452247191011 0.6034644194756554 0.6400983146067416 0.6034644194756554 0.6358848314606742 0.6046348314606742 0.6306179775280899 0.6079119850187266 0.6290379213483146 0.6116573033707865
0 0.6262289325842697 0.6865636704119851 0.6246488764044944 0.6945224719101124 0.6230688202247191 0.6956928838951311 0.6230688202247191 0.7029494382022472 0.6260533707865169 0.7064606741573034 0.6272823033707865 0.7118445692883895 0.6293890449438202 0.7137172284644194 0.628686797752809 0.7155898876404494 0.6288623595505618 0.7200374531835206 0.6309691011235955 0.7235486891385767 0.640625 0.7265917602996255 0.648876404494382 0.7155898876404494 0.6522120786516854 0.7092696629213483 0.6529143258426966 0.6924157303370787 0.647998595505618 0.6790730337078652 0.6492275280898876 0.6718164794007491 0.6474719101123596 0.6685393258426966 0.645189606741573 0.6690074906367042 0.6432584269662921 0.6715823970037453 0.6448384831460674 0.6750936329588015 0.6439606741573034 0.6783707865168539 0.640625 0.6781367041198502 0.6309691011235955 0.6811797752808989 0.6283356741573034 0.6832865168539326
0 0.6569522471910112 0.7027153558052435 0.6569522471910112 0.7104400749063671 0.6580056179775281 0.7155898876404494 0.6622191011235955 0.7235486891385767 0.6652036516853933 0.7272940074906367 0.6687148876404494 0.7298689138576779 0.6715238764044944 0.7310393258426966 0.6787219101123596 0.7305711610486891 0.6822331460674157 0.7277621722846442 0.6867977528089888 0.7202715355805244 0.6880266853932584 0.7078651685393258 0.6867977528089888 0.6999063670411985 0.6850421348314607 0.6961610486891385 0.6783707865168539 0.6900749063670412 0.6720505617977528 0.6875 0.6634480337078652 0.6875 0.6615168539325843 0.6898408239700374 0.6590589887640449 0.6903089887640449
0 0.6931179775280899 0.7165262172284644 0.6929424157303371 0.7202715355805244 0.6959269662921348 0.7308052434456929 0.6989115168539326 0.7343164794007491 0.703125 0.7354868913857678 0.7092696629213483 0.7354868913857678 0.7133075842696629 0.7331460674157303 0.7164676966292135 0.7272940074906367 0.7176966292134831 0.7207397003745318 0.7169943820224719 0.713249063670412 0.7140098314606742 0.7066947565543071 0.7097963483146067 0.7024812734082397 0.7055828651685393 0.7010767790262172 0.703125 0.6987359550561798 0.6987359550561798 0.701310861423221 0.6954002808988764 0.7059925093632958 0.6932935393258427 0.7130149812734082
0 0.6827598314606742 0.6577715355805244 0.682935393258427 0.6687734082397003 0.6899578651685393 0.6835205992509363 0.6983848314606742 0.6919475655430711 0.7018960674157303 0.6935861423220974 0.7103230337078652 0.6928838951310862 0.7157654494382022 0.6903089887640449 0.7183988764044944 0.68562734082397 0.7205056179775281 0.677434456928839 0.7191011235955056 0.6645599250936329 0.7173455056179775 0.6605805243445693 0.7133075842696629 0.6561329588014981 0.7033005617977528 0.6509831460674157 0.695751404494382 0.6493445692883895 0.6867977528089888 0.6544943820224719
0 0.6936446629213483 0.6137640449438202 0.6915379213483146 0.6163389513108615 0.6918890449438202 0.6196161048689138 0.6941713483146067 0.62312734082397 0.6954002808988764 0.6271067415730337 0.6961025280898876 0.6327247191011236 0.6954002808988764 0.6406835205992509 0.6961025280898876 0.6439606741573034 0.699438202247191 0.6474719101123596 0.7048806179775281 0.6500468164794008 0.7133075842696629 0.6523876404494382 0.7168188202247191 0.6512172284644194 0.7231390449438202 0.6409176029962547 0.7241924157303371 0.636938202247191 0.7238412921348315 0.6271067415730337 0.7206811797752809 0.6189138576779026 0.7180477528089888 0.6151685393258427 0.7138342696629213 0.6118913857677902 0.706811797752809 0.610252808988764 0.6996137640449438 0.610252808988764
0 0.6557233146067416 0.5742041198501873 0.6555477528089888 0.5816947565543071 0.6548455056179775 0.584503745318352 0.6555477528089888 0.5884831460674157 0.6581811797752809 0.5919943820224719 0.6609901685393258 0.5933988764044944 0.6674859550561798 0.6039325842696629 0.6697682584269663 0.6062734082397003 0.6825842696629213 0.6097846441947565 0.688377808988764 0.6072097378277154 0.6929424157303371 0.6022940074906367 0.6941713483146067 0.5952715355805244 0.6941713483146067 0.588249063670412 0.6929424157303371 0.5777153558052435 0.6908356741573034 0.5742041198501873 0.6871488764044944 0.5711610486891385 0.6815308988764045 0.5681179775280899 0.6750351123595506 0.5674157303370787 0.664501404494382 0.5699906367041199 0.6629213483146067 0.5720973782771536 0.6611657303370787 0.5727996254681648 0.6595856741573034 0.5690543071161048 0.6578300561797753 0.5685861423220974 0.6564255617977528 0.5706928838951311
0 0.694873595505618 0.5788857677902621 0.6959269662921348 0.5905898876404494 0.6950491573033708 0.599250936329588 0.6978581460674157 0.6041666666666666 0.7006671348314607 0.6069756554307116 0.7106741573033708 0.6100187265917603 0.7159410112359551 0.6097846441947565 0.7205056179775281 0.6067415730337079 0.7240168539325843 0.6020599250936329 0.7255969101123596 0.5985486891385767 0.7266502808988764 0.5952715355805244 0.7268258426966292 0.5901217228464419 0.7250702247191011 0.5814606741573034 0.7201544943820225 0.5737359550561798 0.7147120786516854 0.5699906367041199 0.7069873595505618 0.5685861423220974 0.7024227528089888 0.5690543071161048 0.6968047752808989 0.5742041198501873
0 0.6925912921348315 0.5393258426966292 0.6913623595505618 0.5533707865168539 0.692064606741573 0.5571161048689138 0.6983848314606742 0.5650749063670412 0.7062851123595506 0.5678838951310862 0.7134831460674157 0.5681179775280899 0.7173455056179775 0.5662453183520599 0.7231390449438202 0.5573501872659176 0.7264747191011236 0.5468164794007491 0.7212078651685393 0.5332397003745318 0.7205056179775281 0.5292602996254682 0.7127808988764045 0.5259831460674157 0.7027738764044944 0.5269194756554307 0.6978581460674157 0.528558052434457 0.6943469101123596 0.5323033707865169
0 0.6581811797752809 0.5215355805243446 0.6578300561797753 0.5224719101123596 0.6594101123595506 0.5283239700374532 0.6620435393258427 0.5489232209737828 0.6659058988764045 0.5575842696629213 0.6680126404494382 0.5592228464419475 0.6745084269662921 0.5615636704119851 0.679248595505618 0.5617977528089888 0.6869733146067416 0.5580524344569289 0.6889044943820225 0.5554775280898876 0.6910112359550562 0.5442415730337079 0.6915379213483146 0.5330056179775281 0.6892556179775281 0.5259831460674157 0.6857443820224719 0.522003745318352 0.6787219101123596 0.5154494382022472 0.6753862359550562 0.5145131086142322 0.6716994382022472 0.5117041198501873 0.6685393258426966 0.5105337078651685 0.6613412921348315 0.5152153558052435
0 0.6300912921348315 0.5301966292134831 0.6293890449438202 0.535814606741573 0.6299157303370787 0.545880149812734 0.6344803370786517 0.5536048689138576 0.6506320224719101 0.5653089887640449 0.6560744382022472 0.5641385767790262 0.6613412921348315 0.5592228464419475 0.6622191011235955 0.5573501872659176 0.6615168539325843 0.5550093632958801 0.658766327247191 0.5550093632958801 0.6569522471910112 0.5531367041198502 0.6585323033707865 0.550561797752809 0.6576544943820225 0.5465823970037453 0.6592345505617978 0.5435393258426966 0.6597612359550562 0.5360486891385767 0.6560744382022472 0.5224719101123596 0.6508075842696629 0.5184925093632958 0.6478230337078652 0.5173220973782772 0.636938202247191 0.5173220973782772 0.6321980337078652 0.5189606741573034
0 0.6629213483146067 0.6198501872659176 0.6630969101123596 0.6306179775280899 0.6616924157303371 0.6367041198501873 0.6625702247191011 0.6406835205992509 0.671875 0.6509831460674157 0.6757373595505618 0.6537921348314607 0.6822331460674157 0.6549625468164794 0.6892556179775281 0.6521535580524345 0.6929424157303371 0.6479400749063671 0.6941713483146067 0.6444288389513109 0.6945224719101124 0.6406835205992509 0.694873595505618 0.6329588014981273 0.6941713483146067 0.62687265917603 0.6922401685393258 0.6207865168539326 0.6860955056179775 0.6144662921348315 0.6804775280898876 0.6109550561797753 0.6753862359550562 0.6095505617977528 0.6713483146067416 0.6095505617977528 0.6680126404494382 0.611189138576779 0.6637991573033708 0.6158707865168539
0 0.2945926966292135 0.5362827715355806 0.29389044943820225 0.5395599250936329 0.29424157303370785 0.547752808988764 0.2951193820224719 0.552434456928839 0.2970505617977528 0.5568820224719101 0.3044241573033708 0.5629681647940075 0.3068820224719101 0.5641385767790262 0.31109550561797755 0.56437265917603 0.3160112359550562 0.5620318352059925 0.3237359550561798 0.5547752808988764 0.3279494382022472 0.5463483146067416 0.33075842696629215 0.5365168539325843 0.33093398876404495 0.5327715355805244 0.32917837078651685 0.5262172284644194 0.32496488764044945 0.5198970037453183 0.3142556179775281 0.5196629213483146 0.3070575842696629 0.5203651685393258 0.30021067415730335 0.523876404494382 0.29634831460674155 0.5290262172284644