2 0.610341 0.471910 0.027563 0.037921
2 0.583831 0.340473 0.030021 0.040964
2 0.552230 0.417837 0.029319 0.042603
2 0.613940 0.382725 0.028441 0.035581
2 0.522735 0.545646 0.029670 0.040730
2 0.521770 0.462898 0.025983 0.034878
2 0.362798 0.327247 0.025456 0.035581
2 0.395277 0.329003 0.027212 0.033942
2 0.488940 0.415496 0.024930 0.035581
2 0.396419 0.506554 0.026685 0.035112
2 0.523789 0.503979 0.028617 0.035581
2 0.460850 0.329471 0.030548 0.041433
2 0.579003 0.382608 0.030548 0.038155
2 0.489554 0.547636 0.028968 0.037687
2 0.551879 0.468633 0.026159 0.039326
2 0.368241 0.582631 0.032128 0.041667
2 0.394575 0.369733 0.027563 0.038155
2 0.454442 0.370201 0.025808 0.034410
2 0.553722 0.337430 0.025983 0.037219
2 0.613150 0.555595 0.027563 0.039092
2 0.456812 0.553020 0.029494 0.037687
2 0.579091 0.426030 0.026861 0.038390
2 0.427669 0.421699 0.025983 0.036283
2 0.580320 0.468867 0.025456 0.034644
2 0.616134 0.676264 0.031426 0.042135
2 0.397296 0.419242 0.030548 0.042603
2 0.523701 0.334387 0.031250 0.045178
2 0.461201 0.461376 0.030548 0.040730
2 0.363237 0.454939 0.028090 0.035346
2 0.489642 0.375234 0.026334 0.036985
2 0.426176 0.511821 0.027212 0.036751
2 0.368329 0.539911 0.031952 0.044242
2 0.555390 0.509949 0.026861 0.037687
2 0.428897 0.468165 0.027388 0.037453
2 0.613325 0.340824 0.025456 0.034644
2 0.456197 0.502692 0.026861 0.036751
2 0.362711 0.367509 0.027739 0.037921
2 0.425123 0.368329 0.024754 0.033942
2 0.494119 0.328769 0.025105 0.034410
2 0.521243 0.422636 0.030548 0.040496
2 0.492012 0.465005 0.026159 0.038624
2 0.366836 0.500819 0.028968 0.034878
2 0.460674 0.415145 0.026685 0.034878
2 0.367012 0.414911 0.029670 0.038155
2 0.547577 0.377575 0.027037 0.032303
2 0.427405 0.332163 0.026861 0.035581
2 0.611833 0.429307 0.027037 0.040730
2 0.516854 0.378511 0.027037 0.036049
2 0.398789 0.463483 0.027212 0.038390
2 0.487184 0.507374 0.026685 0.035815
2 0.403353 0.552200 0.030723 0.038858
0 0.489783 0.502316 0.295012 0.397224
3 0.579336 0.503017 0.024542 0.035372
3 0.547981 0.542575 0.020355 0.034899
3 0.581785 0.544579 0.023592 0.038907
3 0.610488 0.584412 0.023646 0.029623
3 0.581606 0.584553 0.025572 0.033024
3 0.548810 0.582261 0.023181 0.031564
3 0.519371 0.582273 0.022825 0.028464
3 0.491097 0.582247 0.025966 0.031538
3 0.461982 0.583862 0.022748 0.028525
3 0.431041 0.545641 0.021726 0.026987
3 0.430348 0.581760 0.021512 0.033682
3 0.399134 0.578277 0.024626 0.028275
3 0.369349 0.614754 0.017723 0.027886
3 0.397658 0.619640 0.021673 0.028291
3 0.430711 0.621199 0.022238 0.022046
3 0.461006 0.622240 0.024307 0.027184
3 0.489633 0.622140 0.023041 0.022369
3 0.517776 0.620836 0.019635 0.024441
3 0.546979 0.623076 0.019519 0.024239
3 0.577586 0.623694 0.018701 0.023916
3 0.609594 0.624831 0.020688 0.027750
3 0.366810 0.658729 0.022008 0.023762
3 0.397827 0.658380 0.020841 0.026063
3 0.428581 0.659096 0.023829 0.027619
3 0.459270 0.660964 0.025514 0.031355
3 0.488899 0.661559 0.025081 0.026304
3 0.517047 0.662849 0.024031 0.028883
3 0.546441 0.666433 0.023127 0.031367
3 0.578471 0.663277 0.021643 0.028174
