2 0.646331 0.691011 0.031426 0.044944
2 0.342960 0.697331 0.033181 0.059925
2 0.523525 0.522940 0.033708 0.044007
2 0.432145 0.523993 0.033883 0.045646
2 0.370435 0.564256 0.030899 0.047519
2 0.618592 0.526685 0.031777 0.040730
2 0.616836 0.611072 0.032479 0.041901
2 0.676791 0.567767 0.039677 0.041901
2 0.309867 0.691948 0.038975 0.045412
2 0.587781 0.528909 0.031601 0.041433
2 0.622893 0.656835 0.034761 0.045880
2 0.554688 0.526685 0.030021 0.039326
2 0.616310 0.694991 0.030021 0.043539
2 0.493943 0.696395 0.030723 0.042135
2 0.401246 0.526100 0.031074 0.040496
2 0.524930 0.607444 0.030899 0.042603
2 0.589185 0.655080 0.034761 0.043305
2 0.711113 0.570693 0.032830 0.040730
2 0.461903 0.525281 0.024228 0.037921
2 0.558901 0.652388 0.033181 0.045880
2 0.616485 0.569522 0.034937 0.042135
2 0.586025 0.611189 0.033357 0.043539
2 0.277563 0.691713 0.038975 0.042603
2 0.277388 0.612125 0.032303 0.042603
2 0.311710 0.606273 0.038448 0.039794
2 0.464712 0.652739 0.031952 0.041901
2 0.431531 0.569991 0.029846 0.042135
2 0.462781 0.568469 0.029846 0.042369
2 0.407742 0.607795 0.035288 0.044242
2 0.310920 0.566245 0.034761 0.040730
2 0.647384 0.611540 0.035990 0.046582
2 0.680829 0.610955 0.032654 0.038390
2 0.491836 0.571044 0.028265 0.040496
2 0.676527 0.692299 0.033181 0.047051
2 0.283269 0.518024 0.041959 0.062734
2 0.455671 0.609199 0.035639 0.042369
2 0.277563 0.654728 0.033006 0.038858
2 0.372718 0.690543 0.030899 0.053371
2 0.524842 0.696278 0.030723 0.047987
2 0.403792 0.688085 0.033357 0.051264
2 0.712693 0.654846 0.033883 0.041901
2 0.243943 0.525047 0.037044 0.040262
2 0.246752 0.648057 0.032830 0.044242
2 0.682409 0.526802 0.034761 0.040028
2 0.486394 0.523876 0.034937 0.043071
2 0.676879 0.654846 0.039150 0.047987
2 0.374824 0.525515 0.026334 0.037921
2 0.401246 0.567650 0.030723 0.040262
2 0.243504 0.608965 0.034761 0.042369
2 0.431531 0.692884 0.030548 0.051498
2 0.585323 0.695810 0.030899 0.043773
2 0.710850 0.697566 0.034410 0.045412
2 0.710235 0.612243 0.030372 0.041433
2 0.340327 0.524930 0.038097 0.040964
2 0.712956 0.529377 0.031250 0.041901
2 0.559077 0.569405 0.033532 0.044710
2 0.527914 0.568118 0.028792 0.036985
2 0.278968 0.570693 0.031601 0.041199
2 0.463044 0.699321 0.030021 0.042369
2 0.647209 0.522121 0.033181 0.045178
2 0.309515 0.649345 0.032654 0.043539
2 0.341292 0.573385 0.031250 0.048455
2 0.340678 0.652271 0.037395 0.041901
2 0.523876 0.651802 0.031952 0.045646
2 0.494645 0.654026 0.029670 0.038390
3 0.248631 0.568797 0.026757 0.035847
3 0.251211 0.691524 0.023725 0.050339
3 0.317021 0.525538 0.023086 0.039843
3 0.375012 0.526227 0.026712 0.036536
3 0.361670 0.607935 0.055032 0.028294
3 0.376513 0.622037 0.023859 0.072102
3 0.406275 0.642456 0.082212 0.042713
3 0.435916 0.628661 0.025623 0.068184
3 0.461673 0.527186 0.024470 0.043134
3 0.555130 0.610641 0.028799 0.035265
3 0.555913 0.696447 0.024515 0.036777
3 0.587281 0.568368 0.024047 0.039672
3 0.646378 0.647973 0.025200 0.033460
3 0.646792 0.567638 0.021348 0.042891
