2 0.459621 0.325257 0.025632 0.036751
2 0.610253 0.473432 0.028792 0.034410
2 0.389484 0.672870 0.028968 0.036751
2 0.401246 0.459738 0.027563 0.038390
2 0.583831 0.341643 0.029670 0.040964
2 0.579881 0.427200 0.025632 0.033708
2 0.553634 0.337547 0.025808 0.035112
2 0.581812 0.628511 0.026334 0.035112
2 0.550035 0.676498 0.025281 0.037921
2 0.522033 0.619733 0.029319 0.040496
2 0.362886 0.327715 0.024579 0.034644
2 0.486745 0.669944 0.027212 0.038858
2 0.395453 0.329471 0.027212 0.033006
2 0.581373 0.667486 0.029319 0.039092
2 0.617188 0.638460 0.027914 0.035346
2 0.454793 0.328184 0.035639 0.044007
2 0.553020 0.631905 0.027739 0.038624
2 0.520629 0.675913 0.026861 0.036751
2 0.614993 0.383778 0.027037 0.035346
2 0.357619 0.670997 0.028090 0.040028
2 0.367714 0.537453 0.031426 0.040730
2 0.423455 0.618563 0.031601 0.039560
2 0.419856 0.663038 0.026159 0.036283
2 0.456110 0.374064 0.025983 0.035112
2 0.398876 0.545529 0.029846 0.039560
2 0.523613 0.332280 0.029670 0.036751
2 0.491573 0.375702 0.024579 0.033240
2 0.425298 0.369382 0.025808 0.034176
2 0.393258 0.369733 0.027037 0.033474
2 0.365081 0.579471 0.030723 0.041433
2 0.396331 0.586728 0.028265 0.035815
2 0.613237 0.341292 0.025983 0.033708
2 0.362096 0.368212 0.026510 0.034176
2 0.404319 0.414677 0.030548 0.037219
2 0.362798 0.626170 0.026159 0.037453
2 0.614466 0.553722 0.028441 0.036751
2 0.493943 0.330758 0.025456 0.035581
2 0.615783 0.593750 0.028968 0.037219
2 0.491485 0.631671 0.026159 0.037219
2 0.458655 0.625585 0.025456 0.034410
2 0.368241 0.498361 0.032479 0.036517
2 0.581197 0.380852 0.026159 0.033240
2 0.427142 0.332631 0.025632 0.033240
2 0.398876 0.501287 0.025983 0.035815
2 0.611921 0.512992 0.026861 0.036283
2 0.612184 0.428488 0.026334 0.034410
2 0.615695 0.677317 0.029143 0.041901
2 0.576633 0.431648 0.034937 0.045880
2 0.518785 0.380267 0.025281 0.035346
2 0.369558 0.412921 0.028441 0.036049
2 0.548631 0.385885 0.026685 0.040496
2 0.451633 0.665964 0.029670 0.041199
2 0.390449 0.628862 0.030197 0.040496
2 0.364027 0.454120 0.028265 0.034644
0 0.489812 0.503556 0.296126 0.395681
3 0.432985 0.421018 0.024442 0.033670
3 0.463954 0.422427 0.023178 0.030248
3 0.491854 0.423343 0.022800 0.032076
3 0.519386 0.423979 0.020513 0.031793
3 0.550581 0.424792 0.023215 0.030297
3 0.580693 0.468560 0.021406 0.028883
3 0.579647 0.503511 0.021656 0.036360
3 0.579837 0.544125 0.020864 0.033317
3 0.579115 0.584092 0.020590 0.028984
3 0.548251 0.583401 0.020894 0.030721
3 0.548215 0.544635 0.021991 0.029656
3 0.549273 0.504944 0.018255 0.032985
3 0.549013 0.465875 0.022419 0.031316
3 0.519421 0.463752 0.019412 0.033310
3 0.518323 0.504335 0.020729 0.030206
3 0.517981 0.543275 0.022386 0.031618
3 0.518678 0.583542 0.021440 0.032563
3 0.489800 0.581737 0.024542 0.028951
3 0.461361 0.583272 0.021505 0.027343
3 0.430741 0.580349 0.023466 0.029300
3 0.431118 0.540016 0.021882 0.029785
3 0.431801 0.501868 0.023248 0.029953
3 0.433329 0.460810 0.022788 0.032107
3 0.464041 0.463682 0.021015 0.028490
3 0.463825 0.503478 0.020583 0.030054
3 0.462981 0.541571 0.021234 0.029773
3 0.490776 0.542289 0.021812 0.031208
3 0.492774 0.503368 0.024638 0.029834
3 0.492256 0.463881 0.023603 0.032006
