0 0.474602 0.602372 0.503277 0.255930
3 0.466117 0.516386 0.028441 0.038390
3 0.584094 0.524813 0.028441 0.038390
3 0.583743 0.566479 0.028441 0.038390
3 0.556706 0.564139 0.028441 0.038390
3 0.493153 0.558989 0.028441 0.038390
3 0.465063 0.556648 0.028441 0.038390
3 0.435569 0.552903 0.028441 0.038390
3 0.404670 0.551030 0.028441 0.038390
3 0.377985 0.548689 0.028441 0.038390
3 0.347086 0.545412 0.028441 0.038390
3 0.315485 0.542603 0.028441 0.038390
2 0.277651 0.584270 0.028265 0.052903
3 0.285990 0.539794 0.028441 0.038390
3 0.259656 0.535112 0.028441 0.038390
3 0.252927 0.614700 0.028441 0.038390
3 0.282479 0.617041 0.028441 0.038390
3 0.312324 0.617041 0.028441 0.038390
3 0.340999 0.623673 0.028441 0.038390
3 0.369382 0.628745 0.028441 0.038390
3 0.400399 0.630695 0.028441 0.038390
3 0.430829 0.633036 0.028441 0.038390
3 0.458625 0.636159 0.028441 0.038390
3 0.429366 0.669710 0.028441 0.038390
3 0.400105 0.668148 0.028441 0.038390
3 0.369089 0.666199 0.028441 0.038390
3 0.340708 0.664249 0.028441 0.038390
3 0.311153 0.659567 0.028441 0.038390
3 0.251462 0.653715 0.028441 0.038390
3 0.281601 0.655274 0.028441 0.038390
3 0.551966 0.600655 0.028441 0.038390
3 0.580641 0.604167 0.028441 0.038390
3 0.549333 0.641229 0.028441 0.038390
3 0.515976 0.685316 0.028441 0.038390
3 0.544651 0.682975 0.028441 0.038390
3 0.576545 0.685705 0.028441 0.038390
3 0.606975 0.693118 0.028441 0.038390
3 0.642381 0.573345 0.028441 0.038390
3 0.645307 0.610410 0.028441 0.038390
3 0.641796 0.653715 0.028441 0.038390
3 0.710265 0.579588 0.028441 0.038390
3 0.704705 0.615871 0.028441 0.038390
2 0.247015 0.494382 0.032303 0.038390
2 0.278529 0.497659 0.028617 0.040262
2 0.309603 0.502926 0.032128 0.040496
2 0.340941 0.510183 0.029846 0.063436
2 0.371752 0.508193 0.030372 0.039794
2 0.402475 0.515215 0.027914 0.063202
2 0.433462 0.512640 0.030899 0.040262
2 0.241749 0.577481 0.036166 0.040730
2 0.307321 0.581227 0.028265 0.060861
2 0.339537 0.581461 0.031250 0.058052
2 0.367714 0.597846 0.031074 0.059457
2 0.399140 0.591760 0.033883 0.043071
2 0.429161 0.602645 0.030021 0.051732
2 0.457865 0.602528 0.028792 0.045412
2 0.489730 0.602294 0.032128 0.048221
2 0.521419 0.606625 0.030548 0.044710
2 0.521857 0.649345 0.038448 0.039794
2 0.480249 0.642907 0.038448 0.042369
2 0.452598 0.683989 0.034410 0.054307
2 0.485253 0.687851 0.030548 0.045178
2 0.494909 0.513577 0.030899 0.058989
2 0.526071 0.521653 0.029670 0.039092
2 0.557409 0.527037 0.028441 0.038624
2 0.529319 0.563319 0.031601 0.045178
2 0.615959 0.530197 0.032479 0.041199
2 0.615169 0.571512 0.033708 0.040496
2 0.613764 0.614349 0.033708 0.043305
2 0.581548 0.650632 0.032128 0.045178
2 0.613501 0.655665 0.030372 0.044944
2 0.637816 0.700726 0.032303 0.060159
2 0.646067 0.537570 0.031250 0.062968
2 0.675035 0.529143 0.034059 0.049391
2 0.677405 0.576428 0.034235 0.039560
2 0.675825 0.616690 0.035990 0.041901
2 0.672138 0.659293 0.035639 0.046582
2 0.669593 0.699789 0.036868 0.052200
2 0.705232 0.666081 0.034410 0.046114
2 0.706548 0.709972 0.027212 0.036985
2 0.709445 0.539911 0.031250 0.040028
