2 0.499034 0.324321 0.025456 0.032537
2 0.417223 0.653441 0.025456 0.033942
2 0.521243 0.670997 0.025281 0.036283
2 0.583304 0.421114 0.026159 0.036517
2 0.615783 0.426849 0.026861 0.037219
2 0.527212 0.327247 0.027037 0.035112
2 0.588834 0.550328 0.027037 0.036049
2 0.553634 0.676030 0.024754 0.034176
2 0.368768 0.317884 0.025105 0.032772
2 0.400808 0.322331 0.026334 0.034176
2 0.495348 0.450140 0.024403 0.034644
2 0.558901 0.334270 0.026159 0.034176
2 0.462166 0.333099 0.026510 0.034644
2 0.611745 0.471676 0.025808 0.032772
2 0.528353 0.500585 0.025808 0.034410
2 0.357532 0.662219 0.027914 0.036049
2 0.396857 0.494031 0.027212 0.034878
2 0.458392 0.617509 0.026685 0.036049
2 0.619733 0.549508 0.026334 0.036283
2 0.448912 0.655314 0.025281 0.033942
2 0.416169 0.612828 0.027914 0.034176
2 0.367012 0.443703 0.027563 0.035346
2 0.619821 0.381905 0.027914 0.035346
2 0.536605 0.370669 0.026159 0.033942
2 0.454266 0.421816 0.026159 0.033708
2 0.405811 0.402037 0.028617 0.035346
2 0.364115 0.623478 0.027388 0.037219
2 0.519751 0.616690 0.029319 0.036283
2 0.621752 0.509714 0.025456 0.033006
2 0.618943 0.340122 0.027563 0.034176
2 0.367451 0.356625 0.025983 0.032537
2 0.584796 0.662921 0.029494 0.038858
2 0.491924 0.494616 0.025281 0.034176
2 0.557848 0.543656 0.026159 0.035815
2 0.366661 0.577715 0.028617 0.037453
2 0.436447 0.462898 0.025281 0.034410
2 0.366046 0.494967 0.028441 0.036283
2 0.483409 0.666081 0.027212 0.036283
2 0.432145 0.325492 0.025105 0.034410
2 0.454881 0.504096 0.025281 0.033942
2 0.617802 0.507491 0.036517 0.041667
2 0.586552 0.378394 0.028090 0.036283
2 0.615871 0.674977 0.031601 0.044710
2 0.524930 0.455173 0.026685 0.034410
2 0.583041 0.507725 0.029143 0.040262
2 0.552844 0.406484 0.025983 0.033006
2 0.507549 0.370201 0.024228 0.040496
2 0.520102 0.408591 0.024403 0.032069
2 0.488940 0.628043 0.026685 0.036049
2 0.589010 0.339302 0.030197 0.040028
2 0.388957 0.531250 0.024754 0.033006
2 0.403617 0.446512 0.029143 0.037219
2 0.487535 0.584972 0.026334 0.034176
0 0.492979 0.498432 0.305615 0.408538
3 0.379524 0.413153 0.017008 0.030428
3 0.372179 0.533766 0.017533 0.032891
3 0.400342 0.573027 0.023529 0.031821
3 0.396390 0.612570 0.029672 0.034443
3 0.397719 0.654668 0.025307 0.034368
3 0.432697 0.574546 0.022697 0.034860
3 0.433933 0.534853 0.022828 0.031941
3 0.435964 0.495803 0.022209 0.027189
3 0.405818 0.372610 0.025121 0.028928
3 0.439414 0.375548 0.020916 0.030119
3 0.469084 0.377933 0.020565 0.027090
3 0.435244 0.414895 0.019598 0.027669
3 0.496485 0.418345 0.025039 0.031449
3 0.556745 0.379279 0.019156 0.023539
3 0.583824 0.464019 0.024156 0.032285
3 0.552024 0.461266 0.023759 0.029897
3 0.552347 0.503326 0.018550 0.029752
3 0.465983 0.459394 0.022556 0.030836
3 0.463933 0.536318 0.020795 0.028628
3 0.462430 0.576599 0.023641 0.028041
3 0.492363 0.537736 0.022647 0.028345
3 0.520858 0.539597 0.023459 0.030503
3 0.520132 0.580051 0.018494 0.027144
3 0.549401 0.581711 0.020853 0.028904
3 0.549048 0.622140 0.021317 0.027051
3 0.579424 0.623312 0.023548 0.027837
3 0.579544 0.582444 0.022618 0.028806
3 0.609349 0.583404 0.019026 0.026044
3 0.609333 0.621334 0.021333 0.028563
