2 0.499034 0.324672 0.025808 0.032772
2 0.417223 0.654026 0.026510 0.034176
2 0.619733 0.381320 0.028792 0.035112
2 0.520892 0.670997 0.026334 0.036751
2 0.581987 0.469452 0.025281 0.034878
2 0.583919 0.426147 0.027037 0.036751
2 0.588571 0.549743 0.026159 0.036751
2 0.370611 0.318820 0.029143 0.035581
2 0.461903 0.332982 0.027388 0.034878
2 0.494909 0.495904 0.025632 0.034410
2 0.525632 0.454705 0.025983 0.035815
2 0.612184 0.472027 0.024579 0.032537
2 0.528178 0.500936 0.026159 0.034644
2 0.357707 0.662102 0.028265 0.037219
2 0.395277 0.492978 0.027212 0.034176
2 0.456900 0.616690 0.027914 0.036283
2 0.448560 0.655548 0.025632 0.034878
2 0.496138 0.410698 0.026334 0.033942
2 0.583216 0.510651 0.028090 0.039092
2 0.553722 0.676381 0.024579 0.033006
2 0.417310 0.613881 0.025632 0.033474
2 0.367363 0.443352 0.027914 0.036517
2 0.558462 0.334738 0.027037 0.035112
2 0.386938 0.530080 0.025281 0.033006
2 0.406338 0.401919 0.027563 0.035581
2 0.523262 0.409410 0.025105 0.034176
2 0.387553 0.625936 0.027563 0.038858
2 0.520277 0.616339 0.029319 0.037921
2 0.621138 0.509012 0.026685 0.036283
2 0.367539 0.356273 0.025105 0.034644
2 0.454091 0.418539 0.026510 0.032772
2 0.584796 0.664677 0.029846 0.041901
2 0.493241 0.451194 0.026510 0.034878
2 0.619382 0.549743 0.026334 0.036751
2 0.557672 0.543539 0.027212 0.036517
2 0.526422 0.329237 0.025808 0.034410
2 0.487535 0.584621 0.026685 0.034878
2 0.432058 0.327598 0.026334 0.035815
2 0.364291 0.579003 0.029143 0.037219
2 0.436534 0.463015 0.026159 0.038390
2 0.366134 0.499415 0.027563 0.038624
2 0.483409 0.665964 0.026861 0.036985
2 0.455144 0.504799 0.024754 0.033006
2 0.589010 0.378511 0.028792 0.033708
2 0.615783 0.675094 0.031426 0.044944
2 0.618680 0.340590 0.027739 0.034176
2 0.556004 0.407303 0.027037 0.034176
2 0.536517 0.371489 0.026685 0.038390
2 0.507812 0.370787 0.024052 0.034176
2 0.488852 0.627926 0.026861 0.036283
2 0.588746 0.339771 0.030021 0.040496
2 0.403792 0.444522 0.029143 0.041667
0 0.492166 0.498283 0.306001 0.408239
3 0.407530 0.333104 0.023861 0.031065
3 0.406297 0.372378 0.026078 0.028464
3 0.438336 0.377193 0.022272 0.030293
3 0.469419 0.376952 0.023574 0.029808
3 0.558873 0.377662 0.023411 0.031227
3 0.613413 0.426259 0.020130 0.031669
3 0.553588 0.463921 0.022205 0.030529
3 0.467942 0.458001 0.022962 0.031168
3 0.438297 0.417238 0.018683 0.030794
3 0.379354 0.411507 0.019008 0.027132
3 0.372163 0.537743 0.017498 0.029918
3 0.368750 0.617069 0.017698 0.026273
3 0.396234 0.664483 0.022337 0.033710
3 0.401691 0.574471 0.020374 0.028467
3 0.435643 0.494698 0.022737 0.029656
3 0.433869 0.533539 0.020362 0.032432
3 0.431615 0.573027 0.020532 0.031821
3 0.462762 0.573469 0.021963 0.029586
3 0.464577 0.535400 0.020915 0.029913
3 0.491866 0.536316 0.025167 0.034867
3 0.520623 0.538546 0.021817 0.029965
3 0.519586 0.578148 0.024422 0.031140
3 0.551619 0.502554 0.019435 0.028202
3 0.547551 0.579693 0.021836 0.026428
3 0.546924 0.618820 0.022921 0.031337
3 0.581173 0.583256 0.018852 0.030433
3 0.578945 0.621669 0.022590 0.032355
3 0.610258 0.624127 0.022014 0.029464
3 0.611087 0.584913 0.020160 0.027505
