2 0.434077 0.665730 0.031074 0.046348
2 0.656426 0.645833 0.031952 0.046816
2 0.687500 0.606156 0.033708 0.042369
2 0.716204 0.609785 0.032479 0.042135
2 0.344803 0.663507 0.033708 0.054073
2 0.251141 0.562500 0.032128 0.041199
2 0.557233 0.677317 0.029846 0.047051
2 0.623947 0.598315 0.031250 0.041667
2 0.658006 0.559340 0.030548 0.040964
2 0.535200 0.502341 0.032128 0.044476
2 0.656074 0.602645 0.033708 0.041433
2 0.619119 0.681180 0.030021 0.044476
2 0.529319 0.586962 0.029494 0.043773
2 0.527475 0.631788 0.032479 0.045880
2 0.382198 0.491456 0.030899 0.039560
2 0.627019 0.643375 0.033883 0.045646
2 0.314080 0.609316 0.031952 0.044944
2 0.650193 0.682116 0.028968 0.043071
2 0.719013 0.567533 0.035639 0.040496
2 0.443469 0.494850 0.033006 0.046348
2 0.310920 0.653441 0.037219 0.043773
2 0.412570 0.493095 0.029846 0.040964
2 0.495260 0.669476 0.030548 0.042603
2 0.592697 0.595974 0.032303 0.043071
2 0.258164 0.478113 0.036341 0.041433
2 0.282742 0.568469 0.030723 0.045646
2 0.314958 0.567065 0.031601 0.040028
2 0.503950 0.498010 0.033532 0.043305
2 0.440221 0.538624 0.030372 0.041199
2 0.627195 0.557584 0.031426 0.042135
2 0.375263 0.578418 0.034235 0.043539
2 0.317416 0.526217 0.033006 0.039326
2 0.598139 0.511938 0.030548 0.038858
2 0.252282 0.601358 0.036517 0.044476
2 0.687237 0.561681 0.031074 0.040496
2 0.679951 0.687500 0.030197 0.043539
2 0.471296 0.621957 0.028968 0.046816
2 0.292486 0.476241 0.031250 0.062032
2 0.343838 0.614115 0.032830 0.041901
2 0.372103 0.620084 0.031074 0.040730
2 0.471032 0.540262 0.028792 0.038390
2 0.349280 0.525281 0.033532 0.037921
2 0.281777 0.648057 0.036868 0.043305
2 0.526422 0.675913 0.029670 0.044242
2 0.563466 0.637172 0.034586 0.050562
2 0.373508 0.659527 0.028968 0.041901
2 0.718926 0.651919 0.030548 0.042603
2 0.256671 0.519780 0.038624 0.041433
2 0.498771 0.588717 0.029143 0.040262
2 0.380530 0.534059 0.031074 0.044242
2 0.410815 0.533825 0.030548 0.040028
2 0.244733 0.645833 0.041784 0.043071
2 0.474192 0.495552 0.028792 0.047285
2 0.597788 0.553605 0.030548 0.040730
2 0.686271 0.647823 0.038272 0.050328
2 0.466819 0.579003 0.034059 0.047051
2 0.346822 0.567650 0.030723 0.048689
2 0.441099 0.613998 0.033181 0.045880
2 0.351475 0.486774 0.030899 0.040496
2 0.281513 0.610370 0.033883 0.037219
2 0.403704 0.660112 0.030372 0.043071
2 0.410288 0.575375 0.034410 0.042135
2 0.587605 0.679892 0.030899 0.044242
2 0.714010 0.693820 0.033708 0.044944
2 0.406162 0.617275 0.032830 0.044007
2 0.535112 0.548923 0.031250 0.041667
2 0.322331 0.480571 0.030548 0.056648
2 0.660112 0.514981 0.031952 0.046816
2 0.723754 0.524813 0.030723 0.041667
2 0.566275 0.509597 0.033181 0.040730
2 0.501580 0.547285 0.029846 0.042603
2 0.285727 0.527856 0.032830 0.041199
2 0.566011 0.551381 0.032654 0.043773
2 0.595681 0.640684 0.030548 0.044944
2 0.464185 0.672285 0.031250 0.051030
2 0.629301 0.514279 0.031777 0.039794
2 0.500000 0.629448 0.028441 0.039794
2 0.692591 0.520248 0.034059 0.040964
3 0.559458 0.590667 0.031601 0.042135
3 0.442416 0.575063 0.032772 0.040574
0 0.482502 0.586767 0.524930 0.263733
