0 0.473139 0.613686 0.502692 0.225499
3 0.250395 0.562968 0.029407 0.037453
3 0.252151 0.606859 0.029407 0.037453
3 0.309647 0.567650 0.029407 0.037453
3 0.311403 0.609199 0.029407 0.037453
3 0.314475 0.641386 0.029407 0.037453
3 0.344321 0.646067 0.029407 0.037453
3 0.340809 0.684691 0.029407 0.037453
3 0.369777 0.686447 0.029407 0.037453
3 0.378555 0.565309 0.029407 0.037453
3 0.373288 0.608029 0.029407 0.037453
3 0.401817 0.608029 0.029407 0.037453
3 0.406206 0.571746 0.029407 0.037453
3 0.401378 0.642556 0.029407 0.037453
3 0.426396 0.693469 0.029407 0.037453
3 0.460630 0.648993 0.029407 0.037453
3 0.462386 0.608029 0.029407 0.037453
3 0.461947 0.569991 0.029407 0.037453
3 0.431663 0.529611 0.029407 0.037453
3 0.460630 0.529026 0.029407 0.037453
3 0.580012 0.533708 0.029407 0.037453
3 0.551922 0.571746 0.029407 0.037453
3 0.578696 0.574672 0.029407 0.037453
3 0.548411 0.611540 0.029407 0.037453
3 0.580012 0.610955 0.029407 0.037453
3 0.547972 0.650164 0.029407 0.037453
3 0.575184 0.648408 0.029407 0.037453
3 0.579573 0.691128 0.029407 0.037453
3 0.610297 0.654260 0.029407 0.037453
3 0.609858 0.692299 0.029407 0.037453
3 0.637070 0.653675 0.029407 0.037453
3 0.638387 0.616807 0.029407 0.037453
3 0.640142 0.578184 0.029407 0.037453
3 0.700711 0.578184 0.029407 0.037453
3 0.704222 0.618563 0.029407 0.037453
2 0.242188 0.522472 0.032479 0.040262
2 0.273086 0.523759 0.032128 0.040028
2 0.304951 0.524110 0.030197 0.041667
2 0.336113 0.525866 0.029670 0.040964
2 0.367451 0.529143 0.032303 0.041901
2 0.238413 0.652739 0.036517 0.043773
2 0.238676 0.695927 0.034235 0.042603
2 0.273174 0.694054 0.035112 0.051498
2 0.273789 0.650164 0.030723 0.034410
2 0.281601 0.607327 0.047051 0.053137
2 0.278353 0.565543 0.046173 0.042135
2 0.307584 0.686564 0.034410 0.055712
2 0.367626 0.654846 0.032654 0.059691
2 0.336376 0.616690 0.034059 0.042369
2 0.338483 0.571980 0.038624 0.050796
2 0.399579 0.529260 0.030197 0.059925
2 0.429073 0.569757 0.032303 0.041199
2 0.430829 0.611540 0.044944 0.042369
2 0.425913 0.656601 0.031601 0.043071
2 0.394312 0.693235 0.032654 0.046114
2 0.454881 0.701077 0.031250 0.062266
2 0.487096 0.700257 0.030021 0.046114
2 0.484287 0.656601 0.046524 0.042603
2 0.485077 0.613413 0.040028 0.044710
2 0.496313 0.571278 0.035463 0.043773
2 0.490432 0.524228 0.030372 0.055478
2 0.522033 0.532772 0.029319 0.038858
2 0.529143 0.575140 0.035815 0.043071
2 0.519224 0.619382 0.030372 0.044007
2 0.523525 0.661283 0.033006 0.044944
2 0.519400 0.706812 0.030372 0.044242
2 0.550474 0.698034 0.030723 0.051966
2 0.553020 0.535581 0.029143 0.040262
2 0.611218 0.535463 0.031777 0.040496
2 0.612360 0.577481 0.030899 0.042135
2 0.615256 0.623947 0.034937 0.046114
2 0.642293 0.540496 0.029670 0.061798
2 0.670909 0.529963 0.034937 0.049157
2 0.672314 0.577013 0.038799 0.040262
2 0.674596 0.617392 0.037395 0.041433
2 0.670734 0.659644 0.032830 0.044476
2 0.672489 0.704705 0.034235 0.045646
2 0.639396 0.703769 0.030197 0.059691
2 0.707953 0.710089 0.026159 0.034410
2 0.709182 0.666901 0.027563 0.041199
2 0.706373 0.538858 0.030021 0.041667
