2 0.543890 0.674860 0.031952 0.063670
2 0.302581 0.726241 0.031777 0.048923
2 0.357180 0.600772 0.033181 0.043773
2 0.665379 0.584504 0.041784 0.041667
2 0.543539 0.549860 0.028441 0.041199
2 0.572244 0.634363 0.033532 0.046816
2 0.488150 0.711962 0.030372 0.052669
2 0.513694 0.541667 0.031952 0.047285
2 0.233322 0.560393 0.033708 0.041667
2 0.460235 0.675328 0.035990 0.044476
2 0.424684 0.726826 0.032303 0.049157
2 0.446366 0.638694 0.035639 0.045646
2 0.272033 0.732912 0.031074 0.045412
2 0.484199 0.637757 0.036517 0.047519
2 0.237886 0.729167 0.035463 0.044476
2 0.265888 0.643493 0.038448 0.043071
2 0.300562 0.601943 0.038272 0.042837
2 0.425913 0.678839 0.030197 0.044476
2 0.417310 0.551030 0.032303 0.044476
2 0.356742 0.558052 0.031601 0.041667
2 0.669768 0.706929 0.038624 0.050094
2 0.543890 0.592697 0.030548 0.043071
2 0.300386 0.642790 0.035112 0.045880
2 0.577247 0.593633 0.034059 0.046816
2 0.636587 0.629682 0.033708 0.044476
2 0.453301 0.596208 0.034059 0.049625
2 0.390362 0.641152 0.033883 0.043071
2 0.263079 0.558872 0.031074 0.041433
2 0.268258 0.688085 0.034059 0.044710
2 0.481829 0.592580 0.028968 0.044242
2 0.388167 0.553839 0.030197 0.040262
2 0.511938 0.674391 0.038272 0.053371
2 0.334796 0.723549 0.036517 0.051966
2 0.698297 0.662336 0.041608 0.045646
2 0.421612 0.597963 0.030021 0.042837
2 0.581373 0.671114 0.041959 0.042603
2 0.329617 0.600890 0.031777 0.042603
2 0.237623 0.686096 0.030021 0.043071
2 0.295295 0.558169 0.032654 0.041901
2 0.391064 0.597378 0.032830 0.047285
2 0.234375 0.602879 0.035112 0.041901
2 0.456724 0.724017 0.031074 0.055243
2 0.334445 0.642322 0.036517 0.043071
2 0.335499 0.682818 0.037570 0.045880
2 0.326106 0.557233 0.030021 0.041433
2 0.573912 0.545880 0.030548 0.041667
2 0.481742 0.544125 0.030899 0.053137
2 0.451369 0.546816 0.034059 0.044007
2 0.512465 0.590005 0.030197 0.042369
2 0.269487 0.601007 0.038975 0.041433
2 0.392907 0.718750 0.035112 0.054073
2 0.298016 0.680595 0.032830 0.043305
3 0.601299 0.544242 0.024579 0.035112
3 0.628511 0.543656 0.026334 0.038624
3 0.658357 0.543071 0.026334 0.032772
3 0.688641 0.541901 0.027212 0.039794
3 0.695664 0.586962 0.021945 0.036283
3 0.629828 0.583450 0.027212 0.038624
3 0.600421 0.583450 0.024579 0.036283
3 0.542486 0.626756 0.026334 0.029260
3 0.513518 0.627926 0.029846 0.029260
3 0.421787 0.636119 0.023701 0.033942
3 0.364291 0.643141 0.019312 0.036283
3 0.234375 0.640215 0.029846 0.044476
3 0.603933 0.620318 0.031601 0.042135
3 0.670207 0.625000 0.023701 0.035112
3 0.697858 0.620904 0.031601 0.029260
3 0.365169 0.677669 0.026334 0.032772
3 0.397647 0.675328 0.026334 0.030431
3 0.366924 0.720974 0.028090 0.049157
3 0.488062 0.670295 0.023876 0.032537
3 0.515713 0.716292 0.032479 0.035112
3 0.547753 0.715122 0.033357 0.032772
3 0.576808 0.707514 0.024754 0.031601
3 0.666257 0.665379 0.029846 0.036283
3 0.633778 0.668890 0.026334 0.033942
3 0.602616 0.664209 0.030723 0.036283
3 0.605162 0.703184 0.028441 0.035581
3 0.633954 0.702715 0.027739 0.031835
3 0.696454 0.700140 0.024228 0.026685
0 0.467433 0.633778 0.506496 0.230571
