0 0.471603 0.612711 0.500790 0.223549
2 0.393434 0.693001 0.031952 0.045646
2 0.306794 0.687149 0.036692 0.053605
2 0.584972 0.664092 0.031601 0.046816
2 0.490081 0.525398 0.031777 0.057350
2 0.552932 0.535581 0.031074 0.041199
2 0.455144 0.701896 0.032128 0.062968
2 0.430302 0.611540 0.047051 0.042369
2 0.550298 0.701662 0.030372 0.046114
2 0.523438 0.661634 0.032830 0.042837
2 0.554775 0.663272 0.029846 0.044710
2 0.672051 0.577013 0.041081 0.041667
2 0.487184 0.700960 0.031250 0.046582
2 0.519400 0.620084 0.030372 0.043539
2 0.703915 0.706695 0.032830 0.041199
2 0.281338 0.606156 0.046524 0.055009
2 0.278617 0.565543 0.047402 0.042135
2 0.366661 0.529143 0.032479 0.041433
2 0.550562 0.617392 0.030899 0.044242
2 0.668890 0.617626 0.039677 0.040964
2 0.670383 0.703066 0.038799 0.049391
2 0.335938 0.616105 0.035288 0.044007
2 0.272823 0.523993 0.033357 0.040964
2 0.428459 0.570225 0.032479 0.040262
2 0.399491 0.529494 0.031777 0.063670
2 0.273262 0.696161 0.033532 0.049157
2 0.519838 0.706461 0.030548 0.044944
2 0.670646 0.530314 0.035112 0.048455
2 0.702423 0.661166 0.035815 0.048923
2 0.242012 0.523291 0.033532 0.040496
2 0.238852 0.694757 0.034937 0.044944
2 0.669154 0.656952 0.037746 0.051264
2 0.305126 0.524462 0.030899 0.040964
2 0.483673 0.657889 0.046699 0.041901
2 0.425825 0.656484 0.033532 0.045178
2 0.279319 0.649930 0.044242 0.047987
2 0.338308 0.572097 0.040379 0.051966
2 0.241924 0.649696 0.043539 0.049391
2 0.335411 0.526451 0.030372 0.040262
2 0.366485 0.655548 0.034235 0.058287
2 0.483673 0.615051 0.042135 0.042369
2 0.639221 0.704354 0.032303 0.059925
2 0.522121 0.533825 0.029494 0.038155
2 0.495523 0.573151 0.035288 0.040964
2 0.528704 0.576428 0.037395 0.042369
2 0.641591 0.536634 0.035288 0.049391
2 0.704354 0.538507 0.033006 0.041901
3 0.432540 0.529319 0.030284 0.039209
3 0.460850 0.529904 0.027212 0.036868
3 0.461508 0.569405 0.027651 0.036283
3 0.401159 0.569405 0.024579 0.035112
3 0.372630 0.568528 0.029846 0.035698
3 0.314256 0.567650 0.028968 0.036283
3 0.310305 0.603347 0.026334 0.035112
3 0.314475 0.643141 0.027651 0.036283
3 0.246006 0.566187 0.029407 0.039209
3 0.244470 0.606566 0.028090 0.036868
3 0.373288 0.607151 0.031162 0.035698
3 0.402695 0.609199 0.029407 0.033942
3 0.402037 0.645482 0.028968 0.031601
3 0.340809 0.643434 0.025018 0.034527
3 0.339273 0.681472 0.028968 0.035698
3 0.367363 0.690250 0.025456 0.035698
3 0.427054 0.690250 0.028968 0.033357
3 0.459972 0.648408 0.027212 0.033942
3 0.457777 0.608907 0.022823 0.040379
3 0.551922 0.573794 0.022384 0.036868
3 0.581768 0.533415 0.025895 0.039209
3 0.610077 0.532245 0.028968 0.039209
3 0.578476 0.572331 0.028968 0.037453
3 0.607883 0.573209 0.028968 0.036868
3 0.637289 0.574380 0.026334 0.035698
3 0.576940 0.612418 0.029407 0.039209
3 0.604810 0.613296 0.025456 0.036283
3 0.635095 0.615051 0.028090 0.037453
3 0.607883 0.652797 0.027212 0.036868
3 0.636412 0.653090 0.028090 0.038624
3 0.579354 0.695225 0.022823 0.031601
3 0.607444 0.691128 0.032479 0.037453
3 0.703125 0.578769 0.022823 0.035112
3 0.698078 0.617392 0.026773 0.032772
