2 0.403090 0.546699 0.024930 0.034878
2 0.463132 0.596325 0.025632 0.033942
2 0.518171 0.428137 0.027914 0.038858
2 0.551001 0.373947 0.026861 0.034878
2 0.364466 0.577013 0.027739 0.032772
2 0.490783 0.374064 0.024754 0.036517
2 0.529494 0.470506 0.025983 0.034176
2 0.493329 0.548572 0.025281 0.035346
2 0.362711 0.327013 0.024579 0.033708
2 0.395629 0.328652 0.025456 0.032772
2 0.459884 0.416784 0.027212 0.036283
2 0.523876 0.507959 0.027037 0.036517
2 0.397033 0.506905 0.026510 0.034410
2 0.489466 0.502809 0.026334 0.035112
2 0.457953 0.503862 0.026861 0.034878
2 0.517029 0.368212 0.026334 0.035112
2 0.427581 0.332280 0.026510 0.034410
2 0.362447 0.670295 0.031426 0.040964
2 0.367978 0.413038 0.026685 0.035815
2 0.495787 0.462196 0.029143 0.039092
2 0.488237 0.413272 0.024579 0.035346
2 0.525105 0.326662 0.026685 0.035815
2 0.550211 0.419944 0.030197 0.046816
2 0.396857 0.414794 0.028617 0.036517
2 0.461464 0.331812 0.028265 0.037219
2 0.427230 0.509597 0.025808 0.035112
2 0.362623 0.454705 0.024754 0.034410
2 0.424070 0.368446 0.025456 0.033240
2 0.393083 0.368212 0.025983 0.034176
2 0.463308 0.551732 0.024228 0.032303
2 0.391503 0.590941 0.025983 0.037687
2 0.362272 0.364934 0.026510 0.035112
2 0.427317 0.421231 0.025281 0.033942
2 0.399579 0.461845 0.027037 0.034644
2 0.431794 0.553488 0.025456 0.035346
2 0.367363 0.500117 0.027914 0.033006
2 0.430390 0.470389 0.027212 0.033006
2 0.369733 0.628745 0.025281 0.035581
2 0.462166 0.461728 0.028968 0.038624
2 0.556794 0.332397 0.026159 0.032772
2 0.493768 0.328769 0.025105 0.033942
2 0.454003 0.372074 0.026685 0.033474
2 0.422489 0.597495 0.025808 0.033474
2 0.368943 0.541901 0.030021 0.036517
0 0.489595 0.502427 0.297731 0.397312
3 0.596735 0.506742 0.052316 0.350253
3 0.582015 0.563895 0.084910 0.241397
3 0.567333 0.608881 0.119919 0.161271
3 0.550081 0.627364 0.146276 0.118652
3 0.505035 0.651472 0.243450 0.076351
