2 0.499034 0.324438 0.026159 0.032303
2 0.417047 0.654026 0.025808 0.033240
2 0.619645 0.381671 0.027914 0.034410
2 0.588659 0.339888 0.029846 0.040262
2 0.521682 0.671465 0.025808 0.036283
2 0.582514 0.469920 0.024228 0.033474
2 0.573912 0.661166 0.025281 0.035815
2 0.369645 0.317884 0.027212 0.033240
2 0.432145 0.326545 0.026159 0.035581
2 0.493153 0.451194 0.025983 0.032537
2 0.588395 0.550094 0.025456 0.036049
2 0.583655 0.426381 0.026510 0.035815
2 0.611833 0.471910 0.024228 0.032772
2 0.528090 0.500702 0.026334 0.034644
2 0.457602 0.616807 0.027563 0.036049
2 0.558374 0.334387 0.026510 0.034410
2 0.448736 0.654611 0.024579 0.032537
2 0.496313 0.410463 0.026685 0.033474
2 0.583304 0.510534 0.028265 0.039794
2 0.554249 0.635300 0.024579 0.033708
2 0.416871 0.614232 0.026159 0.033240
2 0.366661 0.443469 0.025456 0.034878
2 0.525983 0.328418 0.025983 0.034644
2 0.487623 0.585206 0.026159 0.034176
2 0.494909 0.496021 0.025632 0.034176
2 0.406338 0.402037 0.026861 0.035346
2 0.386675 0.624883 0.027914 0.035815
2 0.523350 0.612008 0.030899 0.051264
2 0.454178 0.418422 0.025983 0.032537
2 0.357532 0.662219 0.027563 0.035581
2 0.619294 0.549743 0.025808 0.035815
2 0.558199 0.543656 0.026159 0.035346
2 0.507812 0.370552 0.023701 0.032772
2 0.395102 0.491924 0.025808 0.033474
2 0.461903 0.332982 0.027388 0.035346
2 0.387202 0.529611 0.027914 0.032069
2 0.436710 0.462430 0.025808 0.035815
2 0.365169 0.498596 0.025632 0.037921
2 0.483848 0.666199 0.025281 0.034644
2 0.454881 0.505033 0.024930 0.033006
2 0.621138 0.508661 0.027037 0.036985
2 0.589449 0.378511 0.027914 0.034176
2 0.615695 0.675679 0.031601 0.043305
2 0.525544 0.454354 0.025808 0.034176
2 0.618416 0.340473 0.027212 0.033006
2 0.556355 0.407186 0.026334 0.031601
2 0.536780 0.369616 0.025808 0.034644
2 0.522999 0.409176 0.024930 0.033240
2 0.367451 0.356390 0.025281 0.033006
2 0.489115 0.628043 0.027037 0.035581
2 0.400456 0.571629 0.028090 0.037453
2 0.402651 0.443235 0.031426 0.045178
2 0.524403 0.617158 0.027037 0.033942
3 0.407591 0.332441 0.025154 0.035981
3 0.407191 0.372076 0.024352 0.029419
3 0.438027 0.376824 0.023994 0.029553
3 0.468445 0.376674 0.023968 0.032371
3 0.557542 0.376753 0.019579 0.030974
3 0.613757 0.424949 0.021989 0.030609
3 0.437669 0.418738 0.024449 0.030672
3 0.377909 0.411760 0.021968 0.029202
3 0.465825 0.456765 0.022240 0.030257
3 0.551742 0.461992 0.019682 0.031351
3 0.553199 0.501318 0.023768 0.031976
3 0.435634 0.496297 0.019206 0.028174
3 0.370704 0.534387 0.018093 0.031007
3 0.376735 0.575257 0.018450 0.033162
3 0.372094 0.614132 0.016194 0.028202
3 0.395455 0.657729 0.017267 0.023324
3 0.431857 0.575721 0.022187 0.030967
3 0.434078 0.533579 0.021950 0.034073
3 0.462844 0.574230 0.019789 0.024864
3 0.465502 0.536812 0.020425 0.029616
3 0.493643 0.537488 0.022867 0.027849
3 0.521794 0.540840 0.021817 0.029869
3 0.519756 0.578408 0.024767 0.028542
3 0.550241 0.581772 0.021362 0.024345
3 0.579331 0.582287 0.018682 0.023813
3 0.610809 0.582360 0.018436 0.022397
3 0.549150 0.659696 0.020351 0.027254
3 0.578302 0.620302 0.020135 0.024939
3 0.609949 0.625021 0.016715 0.021891
0 0.493099 0.497282 0.304767 0.404066
