2 0.424947 0.676264 0.038799 0.054775
2 0.616134 0.529846 0.033532 0.040496
2 0.616573 0.571278 0.035815 0.040028
2 0.395014 0.678254 0.032654 0.058287
2 0.556706 0.525749 0.031250 0.040262
2 0.526422 0.521536 0.028968 0.039794
2 0.637728 0.700023 0.032128 0.060159
2 0.554688 0.606507 0.032128 0.043071
2 0.458216 0.674508 0.034761 0.045646
2 0.339098 0.579588 0.030723 0.061798
2 0.708041 0.539560 0.033708 0.041199
2 0.522472 0.607327 0.030197 0.046114
2 0.675035 0.575960 0.041081 0.041433
2 0.704617 0.709504 0.029319 0.036517
2 0.431355 0.513811 0.029494 0.041199
2 0.615169 0.613647 0.034761 0.043773
2 0.399491 0.590824 0.033532 0.042603
2 0.675650 0.615871 0.035990 0.043539
2 0.669242 0.699672 0.037570 0.051966
2 0.367100 0.597378 0.031250 0.059925
2 0.309428 0.502224 0.033532 0.041433
2 0.458655 0.598432 0.030723 0.043305
2 0.370611 0.508310 0.031952 0.040964
2 0.402388 0.514630 0.028792 0.064373
2 0.277124 0.578066 0.030021 0.063904
2 0.611482 0.654963 0.035112 0.045880
2 0.485692 0.684808 0.031777 0.052200
2 0.704968 0.666081 0.035288 0.046114
2 0.278617 0.497308 0.030899 0.040964
2 0.340590 0.509949 0.030197 0.063436
2 0.241661 0.577247 0.037044 0.042135
2 0.669154 0.654026 0.036341 0.057116
2 0.674421 0.528909 0.034586 0.049860
2 0.495348 0.518258 0.032128 0.050094
2 0.489905 0.601943 0.031426 0.056882
2 0.428634 0.602645 0.029670 0.052669
2 0.307496 0.580290 0.030021 0.060861
2 0.646155 0.537804 0.031074 0.063436
2 0.462430 0.517322 0.032654 0.045412
2 0.246752 0.493914 0.033181 0.040262
0 0.474456 0.603347 0.518785 0.270365
3 0.585499 0.529026 0.026334 0.042135
3 0.582426 0.567065 0.025456 0.038624
3 0.553020 0.567650 0.028090 0.032772
3 0.519663 0.563553 0.026334 0.033942
3 0.492451 0.558287 0.024579 0.037453
3 0.463044 0.555360 0.032479 0.038624
3 0.434515 0.552434 0.024579 0.039794
3 0.405548 0.548338 0.028090 0.036283
3 0.376580 0.549508 0.029846 0.038624
3 0.345418 0.544827 0.032479 0.031601
3 0.309428 0.538975 0.030723 0.045646
3 0.278265 0.537804 0.026334 0.033942
3 0.247542 0.534293 0.026334 0.045646
3 0.580671 0.604518 0.028968 0.036283
3 0.573209 0.642556 0.028090 0.030431
3 0.547314 0.644312 0.032479 0.033942
3 0.518346 0.642556 0.027212 0.037453
3 0.488062 0.641386 0.029846 0.035112
3 0.458216 0.637289 0.028090 0.036283
3 0.427054 0.632608 0.027212 0.033942
3 0.397209 0.629096 0.032479 0.033942
3 0.366924 0.633778 0.024579 0.040964
3 0.335762 0.631437 0.032479 0.040964
3 0.303722 0.629096 0.028090 0.031601
3 0.275193 0.628511 0.027212 0.028090
3 0.245787 0.625000 0.031601 0.032772
3 0.365607 0.675913 0.025456 0.036283
3 0.335762 0.672402 0.030723 0.038624
3 0.301527 0.673572 0.028968 0.038624
3 0.273438 0.672402 0.027212 0.033942
3 0.244470 0.672402 0.032479 0.038624
3 0.518346 0.679424 0.028968 0.043305
3 0.547753 0.683521 0.026334 0.042135
3 0.577159 0.682350 0.030723 0.046816
3 0.607444 0.696395 0.031601 0.046816
3 0.639045 0.651334 0.026334 0.043305
3 0.639484 0.609199 0.028968 0.036283
3 0.641239 0.578769 0.025456 0.019897
3 0.707075 0.577598 0.028968 0.040964
3 0.705320 0.620904 0.030723 0.045646
