0 0.491866 0.502107 0.301381 0.403402
2 0.365695 0.318703 0.030548 0.042837
2 0.368680 0.365754 0.031952 0.043305
2 0.398174 0.335323 0.027388 0.036751
2 0.400193 0.373244 0.024403 0.034410
2 0.433374 0.326896 0.024052 0.034410
2 0.435744 0.368446 0.025632 0.034644
2 0.463746 0.333801 0.027212 0.035112
2 0.466994 0.377809 0.025281 0.034644
2 0.496577 0.330641 0.025105 0.038624
2 0.500176 0.381086 0.021770 0.032772
2 0.526334 0.330875 0.025632 0.040496
2 0.527212 0.371957 0.023876 0.034176
2 0.557760 0.337196 0.024579 0.036751
2 0.555390 0.379331 0.024052 0.034410
2 0.586025 0.382140 0.026685 0.035815
2 0.588308 0.339654 0.029143 0.039326
2 0.618592 0.341526 0.029319 0.036049
2 0.618855 0.382140 0.026685 0.033474
2 0.618680 0.423221 0.025632 0.034644
2 0.613501 0.470740 0.026159 0.039326
2 0.612360 0.513109 0.032303 0.041199
2 0.616573 0.553839 0.029494 0.037453
2 0.617100 0.594335 0.030899 0.039326
2 0.620787 0.635768 0.027739 0.039326
2 0.617890 0.677200 0.031777 0.040730
2 0.578301 0.671699 0.032303 0.043305
2 0.587693 0.632140 0.030021 0.040028
2 0.585762 0.592580 0.029319 0.040028
2 0.581110 0.550562 0.034410 0.042135
2 0.582865 0.510768 0.027037 0.039326
2 0.581285 0.468048 0.028090 0.039560
2 0.588220 0.425679 0.025456 0.035346
2 0.555302 0.424274 0.022472 0.035815
2 0.523964 0.411049 0.023701 0.033708
2 0.525369 0.454003 0.024052 0.033474
2 0.519224 0.493329 0.024403 0.033942
2 0.521770 0.539092 0.029846 0.044007
2 0.525105 0.583919 0.030197 0.040964
2 0.522735 0.627809 0.025456 0.035581
2 0.547402 0.673221 0.028090 0.039326
2 0.516854 0.672051 0.024228 0.036049
2 0.480162 0.667486 0.037921 0.042369
2 0.489730 0.629682 0.025808 0.036985
2 0.494996 0.586142 0.025105 0.037453
2 0.490607 0.541901 0.028617 0.039326
2 0.489466 0.501990 0.025632 0.034410
2 0.496401 0.461728 0.025456 0.033006
2 0.500000 0.421934 0.023525 0.034878
2 0.467960 0.421934 0.028968 0.037687
2 0.465063 0.463132 0.025632 0.035346
2 0.458041 0.500585 0.024228 0.033006
2 0.460147 0.540730 0.024930 0.036985
2 0.464800 0.580290 0.028265 0.040730
2 0.460147 0.622074 0.028090 0.040028
2 0.450579 0.658825 0.025105 0.035815
2 0.420471 0.659878 0.024228 0.038390
2 0.423367 0.618680 0.032479 0.036049
2 0.432935 0.579939 0.032303 0.043773
2 0.429161 0.537921 0.024403 0.035581
2 0.434515 0.460557 0.030548 0.043305
2 0.436622 0.415028 0.030197 0.041667
2 0.403529 0.414911 0.030723 0.039092
2 0.401071 0.455641 0.030723 0.042369
2 0.397735 0.496255 0.030372 0.035581
2 0.399403 0.537921 0.027037 0.039794
2 0.393785 0.581812 0.034410 0.042837
2 0.387114 0.626990 0.024228 0.040964
2 0.390186 0.667252 0.027212 0.041433
2 0.359199 0.665028 0.024930 0.037921
2 0.358234 0.618680 0.026861 0.036517
2 0.361394 0.573385 0.026159 0.037687
2 0.365783 0.531718 0.031074 0.039092
2 0.368768 0.487243 0.030021 0.042369
2 0.366661 0.441479 0.027563 0.035581
2 0.368592 0.405080 0.030372 0.037219
3 0.553313 0.466994 0.020483 0.027310
3 0.434515 0.497034 0.021652 0.028090
2 0.556443 0.590239 0.025105 0.035346
2 0.549596 0.551264 0.025456 0.037921
2 0.552932 0.511470 0.024754 0.035581
