2 0.577686 0.706461 0.035288 0.063670
2 0.641152 0.630969 0.033006 0.044242
2 0.301352 0.672870 0.032128 0.062032
2 0.633690 0.703418 0.035288 0.061330
2 0.613237 0.548221 0.031250 0.057116
2 0.242714 0.503979 0.045471 0.042135
2 0.548894 0.666550 0.032479 0.053137
2 0.710850 0.595506 0.033006 0.040730
2 0.523438 0.618797 0.031426 0.044242
2 0.434164 0.523876 0.029494 0.040262
2 0.345242 0.521887 0.027563 0.060159
2 0.701194 0.678254 0.041081 0.044710
2 0.334709 0.681063 0.035990 0.058287
2 0.676966 0.638343 0.035463 0.046816
2 0.276773 0.595974 0.034586 0.051966
2 0.673894 0.591058 0.040204 0.045412
2 0.669417 0.708450 0.040379 0.056882
2 0.305741 0.596676 0.033181 0.042603
2 0.314343 0.515801 0.031777 0.062500
2 0.496752 0.536283 0.041257 0.044476
2 0.403968 0.522823 0.030197 0.040964
2 0.373683 0.521184 0.030372 0.041433
2 0.270190 0.673689 0.035815 0.050562
2 0.675298 0.542252 0.033883 0.049860
2 0.242451 0.670880 0.044944 0.050562
2 0.283971 0.510885 0.035639 0.043305
2 0.243943 0.590473 0.041257 0.042837
2 0.340678 0.600187 0.037044 0.058989
2 0.705583 0.636353 0.038272 0.043773
2 0.645014 0.543773 0.037219 0.057116
2 0.701369 0.719101 0.031952 0.045412
2 0.491661 0.577481 0.029319 0.038858
2 0.466029 0.525632 0.031426 0.049860
2 0.364905 0.680829 0.037044 0.051264
2 0.708216 0.553956 0.033708 0.040964
0 0.474456 0.616222 0.518785 0.275047
3 0.390186 0.629682 0.346735 0.205993
3 0.597349 0.620318 0.172928 0.222378
