2 0.340941 0.697800 0.033708 0.059925
2 0.431882 0.524930 0.034410 0.046582
2 0.618416 0.531133 0.031426 0.040262
2 0.614905 0.615051 0.032830 0.041433
2 0.675737 0.573268 0.039326 0.042135
2 0.307672 0.690426 0.035639 0.043773
2 0.555478 0.531250 0.030899 0.041433
2 0.614730 0.698385 0.032479 0.044242
2 0.522472 0.611774 0.030548 0.044242
2 0.491924 0.697449 0.030548 0.042837
2 0.621225 0.658357 0.033883 0.043773
2 0.588132 0.658825 0.035815 0.044710
2 0.644312 0.694874 0.032303 0.047519
2 0.485253 0.527739 0.035463 0.042369
2 0.556092 0.655782 0.031426 0.055478
2 0.272647 0.612477 0.036868 0.043773
2 0.310920 0.606742 0.038624 0.041667
2 0.462518 0.526919 0.022999 0.037453
2 0.433989 0.566596 0.024930 0.036283
2 0.460323 0.569874 0.029846 0.041901
2 0.616046 0.573268 0.035463 0.041199
2 0.400018 0.613413 0.034235 0.045178
2 0.644926 0.615637 0.030723 0.049625
2 0.491749 0.573385 0.030548 0.041901
2 0.674333 0.697566 0.034761 0.049625
2 0.340502 0.650632 0.037746 0.044710
2 0.282479 0.518024 0.037219 0.063670
2 0.463571 0.610838 0.036341 0.041901
2 0.370611 0.691245 0.032303 0.051966
2 0.370787 0.568118 0.035112 0.049157
2 0.401071 0.527973 0.031074 0.039560
2 0.275456 0.688436 0.040730 0.044476
2 0.522911 0.698385 0.030021 0.048455
2 0.373069 0.645833 0.028792 0.041199
2 0.433813 0.644429 0.028792 0.037453
2 0.519048 0.655431 0.035288 0.046348
2 0.587869 0.533123 0.031074 0.041433
2 0.402475 0.689022 0.031074 0.050328
2 0.711552 0.661400 0.031952 0.042837
2 0.244733 0.523057 0.038624 0.040496
2 0.402827 0.569874 0.033532 0.041901
2 0.433725 0.605571 0.026159 0.037921
2 0.250263 0.645131 0.038799 0.046348
2 0.342697 0.525281 0.037921 0.041199
2 0.493504 0.608263 0.026334 0.031601
2 0.523350 0.526100 0.035463 0.043305
2 0.674860 0.659761 0.040379 0.047987
2 0.490695 0.652154 0.029846 0.043539
2 0.459357 0.654611 0.032830 0.041433
2 0.374737 0.526568 0.025105 0.038624
2 0.309077 0.648057 0.034235 0.043305
2 0.241836 0.606859 0.030372 0.042369
2 0.430302 0.693820 0.030899 0.053371
2 0.711201 0.614934 0.038272 0.048689
2 0.709709 0.704471 0.035288 0.044710
2 0.402651 0.645248 0.032479 0.037687
2 0.712166 0.531016 0.032128 0.040964
2 0.526071 0.571044 0.032128 0.038155
2 0.282128 0.570342 0.039677 0.041433
2 0.559428 0.573268 0.032128 0.043071
2 0.679775 0.619616 0.030548 0.037921
2 0.584270 0.615754 0.032654 0.043773
2 0.460850 0.703184 0.030899 0.055243
2 0.647735 0.527154 0.033532 0.045880
2 0.340590 0.575726 0.031952 0.047519
2 0.682409 0.531952 0.034410 0.040496
3 0.247507 0.567006 0.030362 0.040068
3 0.249047 0.693581 0.028761 0.043528
3 0.314029 0.547811 0.025297 0.081264
3 0.279596 0.648809 0.024315 0.038251
3 0.357119 0.610878 0.049443 0.037299
3 0.370188 0.629338 0.027593 0.078900
3 0.374050 0.527259 0.024784 0.037039
3 0.402465 0.646756 0.088638 0.037268
3 0.432212 0.606316 0.028748 0.115562
3 0.460305 0.524272 0.024077 0.038869
3 0.493736 0.611367 0.025393 0.038279
3 0.555497 0.615084 0.028364 0.036351
3 0.565685 0.698687 0.059273 0.056863
3 0.585858 0.571339 0.025883 0.036245
3 0.646046 0.569162 0.030390 0.041257
3 0.645427 0.657505 0.018615 0.043162
3 0.708773 0.574960 0.031777 0.038809
