2 0.610341 0.472846 0.026510 0.035112
2 0.523086 0.330056 0.027212 0.036049
2 0.614379 0.382608 0.027563 0.035346
2 0.584094 0.340239 0.029846 0.040496
2 0.552405 0.420178 0.027914 0.037921
2 0.368592 0.542018 0.031074 0.039560
2 0.547665 0.379565 0.026510 0.034410
2 0.554336 0.470389 0.026159 0.037219
2 0.522999 0.545997 0.030197 0.039560
2 0.362623 0.326896 0.024754 0.033942
2 0.457777 0.552551 0.027212 0.034410
2 0.395365 0.329003 0.026334 0.032069
2 0.489379 0.414794 0.024754 0.035581
2 0.396067 0.506320 0.026334 0.034644
2 0.524228 0.503862 0.027739 0.034410
2 0.613764 0.554190 0.028090 0.037219
2 0.460499 0.330641 0.029846 0.040028
2 0.580758 0.380384 0.026334 0.033240
2 0.489466 0.547519 0.027739 0.037453
2 0.368153 0.578769 0.028441 0.033006
2 0.363237 0.454705 0.027037 0.034878
2 0.396857 0.418305 0.030372 0.042135
2 0.487360 0.507374 0.026334 0.035346
2 0.456461 0.502926 0.025983 0.035346
2 0.454003 0.371489 0.025632 0.033240
2 0.553985 0.336728 0.025808 0.036283
2 0.428722 0.469569 0.026685 0.034176
2 0.427756 0.421231 0.025808 0.034410
2 0.579442 0.423923 0.025808 0.034644
2 0.612008 0.426849 0.026685 0.034410
2 0.616134 0.676030 0.031074 0.042603
2 0.398613 0.463366 0.026861 0.035346
2 0.393434 0.368095 0.025632 0.035346
2 0.523525 0.334036 0.031952 0.045412
2 0.462781 0.462079 0.029846 0.037921
2 0.460323 0.417603 0.027388 0.036517
2 0.489379 0.375000 0.026510 0.036049
2 0.426264 0.511821 0.026685 0.033942
2 0.613237 0.340473 0.025281 0.034410
2 0.362360 0.366573 0.026334 0.036049
2 0.424596 0.367978 0.025456 0.033708
2 0.614642 0.594335 0.028441 0.036985
2 0.494119 0.328301 0.024754 0.034410
2 0.519663 0.425562 0.026334 0.036517
2 0.493943 0.465473 0.026510 0.038155
2 0.367275 0.500702 0.027388 0.034176
2 0.367188 0.415145 0.029670 0.037687
2 0.524140 0.466058 0.026861 0.036049
2 0.427317 0.332397 0.026334 0.034176
2 0.611570 0.513460 0.027212 0.036751
2 0.517205 0.378043 0.026334 0.035112
2 0.583041 0.468750 0.025632 0.033474
2 0.402651 0.552786 0.027563 0.033006
0 0.489892 0.502376 0.294795 0.392847
3 0.548524 0.502889 0.020270 0.036676
3 0.580657 0.502959 0.021331 0.035255
3 0.580769 0.543256 0.023897 0.031582
3 0.549008 0.541636 0.022409 0.029899
3 0.580465 0.580548 0.020948 0.028139
3 0.547800 0.581337 0.021164 0.028153
3 0.609424 0.624892 0.021519 0.029434
3 0.578934 0.620625 0.022568 0.025581
3 0.579261 0.663212 0.024394 0.024923
3 0.547793 0.622172 0.022321 0.027118
3 0.519291 0.582615 0.023834 0.029148
3 0.489649 0.580335 0.027755 0.029270
3 0.431803 0.542051 0.024421 0.019808
3 0.400358 0.578596 0.021220 0.025791
3 0.429292 0.580222 0.021742 0.029047
3 0.460428 0.582816 0.025493 0.020187
3 0.371798 0.615522 0.016770 0.024740
3 0.371403 0.655454 0.017149 0.021894
3 0.399633 0.655957 0.019772 0.021341
3 0.399758 0.616552 0.021194 0.028361
3 0.430360 0.618631 0.023876 0.025796
3 0.429149 0.656931 0.022625 0.024850
3 0.459522 0.658827 0.026022 0.020838
3 0.460837 0.618605 0.025139 0.030904
3 0.489645 0.618551 0.024233 0.030796
3 0.488546 0.658666 0.025548 0.023638
3 0.516194 0.660953 0.024663 0.025087
3 0.518027 0.621404 0.025988 0.030262
3 0.548206 0.661170 0.024314 0.023963
