2 0.303722 0.722846 0.029494 0.042135
2 0.632198 0.540145 0.038624 0.055478
2 0.666169 0.579939 0.040555 0.041433
2 0.582690 0.674157 0.033357 0.047753
2 0.480513 0.548104 0.043539 0.042369
2 0.486306 0.718399 0.029846 0.050562
2 0.479459 0.632725 0.040028 0.042135
2 0.269751 0.683521 0.032128 0.047285
2 0.553107 0.675913 0.029319 0.044242
2 0.669944 0.705993 0.038975 0.047753
2 0.522033 0.676147 0.037395 0.050328
2 0.515801 0.634129 0.029846 0.046816
2 0.702247 0.703886 0.036166 0.046816
2 0.301176 0.601475 0.036692 0.043305
2 0.333919 0.684808 0.038624 0.048923
2 0.356390 0.560978 0.031601 0.042369
2 0.234989 0.606742 0.034586 0.042603
2 0.667925 0.621372 0.045471 0.042837
2 0.305126 0.645131 0.032654 0.045880
2 0.266766 0.603933 0.032479 0.041199
2 0.263606 0.562500 0.032128 0.040730
2 0.481654 0.589302 0.035639 0.046114
2 0.423631 0.598315 0.032303 0.044007
2 0.241924 0.730688 0.041081 0.050796
2 0.549421 0.714771 0.030021 0.047519
2 0.519312 0.723081 0.031250 0.045880
2 0.336728 0.725772 0.035112 0.053137
2 0.699789 0.661400 0.037921 0.049391
2 0.233497 0.564139 0.033357 0.041199
2 0.333304 0.601475 0.039150 0.044710
2 0.238237 0.688553 0.031601 0.043305
2 0.667749 0.663390 0.035639 0.042135
2 0.295032 0.560510 0.032128 0.041433
2 0.393258 0.558755 0.046348 0.043539
2 0.545997 0.630033 0.031601 0.045178
2 0.425298 0.643961 0.037395 0.051498
2 0.334094 0.644195 0.034761 0.043539
2 0.231215 0.649462 0.048455 0.045178
2 0.325755 0.560510 0.028968 0.042369
2 0.639221 0.708333 0.034059 0.062734
2 0.661605 0.533708 0.034586 0.047753
2 0.300211 0.683989 0.028090 0.039794
2 0.272472 0.642322 0.033357 0.039326
2 0.478933 0.676147 0.041081 0.041901
2 0.695488 0.539209 0.033532 0.041433
2 0.273086 0.733263 0.030021 0.053605
3 0.424640 0.553897 0.028529 0.040379
3 0.452949 0.550679 0.026334 0.035112
3 0.453388 0.591643 0.024579 0.033942
3 0.395453 0.594862 0.022823 0.036868
3 0.366924 0.598081 0.030723 0.032772
3 0.367144 0.635826 0.037307 0.032186
3 0.398745 0.634949 0.025895 0.037453
3 0.368241 0.673865 0.030723 0.034527
3 0.400061 0.673279 0.028529 0.033357
3 0.430565 0.674743 0.026334 0.030431
3 0.457558 0.670939 0.024140 0.035698
3 0.456461 0.627926 0.021067 0.030431
3 0.371533 0.714537 0.028529 0.035112
3 0.400939 0.710733 0.025895 0.036868
3 0.429907 0.710147 0.027651 0.034527
3 0.458655 0.710147 0.026334 0.033357
3 0.513957 0.585791 0.030723 0.037453
3 0.512421 0.547168 0.025018 0.035112
3 0.541169 0.545997 0.031601 0.037453
3 0.543364 0.585206 0.028090 0.035112
3 0.570795 0.543949 0.025895 0.039209
3 0.600202 0.543656 0.029407 0.038624
3 0.572551 0.585206 0.031162 0.036283
3 0.601519 0.581987 0.027651 0.033357
3 0.630925 0.579939 0.031162 0.033942
3 0.574526 0.624122 0.028090 0.036868
3 0.601519 0.618855 0.026773 0.036868
3 0.630706 0.615929 0.029846 0.036868
3 0.631584 0.658357 0.028090 0.037453
3 0.604371 0.660698 0.021945 0.037453
3 0.607663 0.700784 0.029407 0.039209
3 0.577379 0.704881 0.025018 0.035698
3 0.696541 0.578769 0.025456 0.033942
3 0.692591 0.619148 0.026334 0.039794
0 0.467653 0.630559 0.492012 0.224134
