2 0.366134 0.690426 0.031074 0.045178
2 0.642468 0.633544 0.034937 0.046114
2 0.339449 0.732912 0.038799 0.056180
2 0.612184 0.556180 0.030899 0.040262
2 0.491046 0.724017 0.029846 0.054775
2 0.552317 0.560510 0.029143 0.044242
2 0.588395 0.681180 0.039150 0.039794
2 0.521857 0.553020 0.032128 0.046114
2 0.554424 0.736072 0.031952 0.050328
2 0.463746 0.689139 0.035288 0.043539
2 0.395453 0.563436 0.028617 0.040262
2 0.638518 0.677551 0.037570 0.042369
2 0.704793 0.630033 0.041257 0.045646
2 0.517468 0.683755 0.039853 0.053839
2 0.673982 0.594452 0.038272 0.047051
2 0.303459 0.652037 0.038799 0.047987
2 0.431355 0.690426 0.029494 0.042369
2 0.424947 0.561096 0.032479 0.046348
2 0.364203 0.565075 0.032830 0.041199
2 0.581285 0.556765 0.030197 0.041433
2 0.430302 0.734316 0.031601 0.046348
2 0.428897 0.607444 0.028792 0.043539
2 0.579178 0.643961 0.033006 0.041667
2 0.330846 0.607327 0.033532 0.041901
2 0.613676 0.642790 0.031426 0.041199
2 0.462079 0.608380 0.035112 0.049625
2 0.643171 0.720154 0.035288 0.045646
2 0.451369 0.649228 0.037921 0.045178
2 0.490607 0.604986 0.030723 0.043773
2 0.397296 0.692884 0.032303 0.047753
2 0.397472 0.605688 0.034761 0.045178
2 0.363676 0.606039 0.039853 0.043071
2 0.252633 0.730103 0.048806 0.058989
2 0.548279 0.688202 0.032303 0.054307
2 0.523350 0.729401 0.029846 0.046816
2 0.643961 0.559691 0.032303 0.055712
2 0.238501 0.569991 0.033181 0.041667
2 0.253336 0.688670 0.051615 0.052903
2 0.301791 0.567182 0.031952 0.041667
2 0.458655 0.557584 0.034586 0.044007
2 0.490256 0.650983 0.036341 0.045412
2 0.365695 0.647940 0.030899 0.041667
2 0.335938 0.691011 0.037395 0.046348
2 0.390713 0.654728 0.037395 0.046816
2 0.578739 0.602177 0.037044 0.042837
2 0.461025 0.737945 0.029494 0.055946
2 0.612798 0.599953 0.035288 0.042135
2 0.673982 0.718165 0.037219 0.053839
2 0.332426 0.565660 0.028968 0.040496
2 0.489291 0.553839 0.031250 0.058989
2 0.269926 0.568235 0.033883 0.041433
2 0.334621 0.649110 0.029846 0.041667
3 0.693406 0.553144 0.064247 0.041992
3 0.707911 0.570122 0.030053 0.074389
3 0.536261 0.618111 0.055435 0.079857
3 0.642900 0.592301 0.026438 0.039157
3 0.428910 0.647048 0.030339 0.037853
3 0.276996 0.611905 0.081145 0.029993
3 0.255012 0.631596 0.058246 0.067811
3 0.301375 0.711950 0.032760 0.072465
3 0.296642 0.733457 0.042019 0.039015
3 0.387512 0.737992 0.050537 0.046517
3 0.596620 0.721077 0.047407 0.048581
3 0.611713 0.705501 0.026094 0.084534
3 0.674112 0.652006 0.025658 0.074300
3 0.693796 0.670906 0.070878 0.057481
3 0.710402 0.698720 0.035035 0.099061
0 0.477967 0.647823 0.506496 0.230571
