2 0.420997 0.597144 0.026685 0.033708
2 0.463220 0.595506 0.025105 0.033708
2 0.580495 0.380150 0.025808 0.033240
2 0.556355 0.422987 0.025632 0.034644
2 0.523876 0.507022 0.026334 0.034644
2 0.362711 0.326896 0.024579 0.033942
2 0.463395 0.551498 0.024052 0.033240
2 0.395190 0.328652 0.025632 0.032303
2 0.490081 0.413272 0.026159 0.033942
2 0.463483 0.329237 0.026334 0.036751
2 0.457602 0.503043 0.026861 0.035112
2 0.613237 0.340707 0.025983 0.034410
2 0.583567 0.340590 0.029494 0.040262
2 0.363062 0.670529 0.030548 0.040964
2 0.394048 0.368095 0.025808 0.033942
2 0.427317 0.508895 0.026334 0.032303
2 0.553371 0.336728 0.025983 0.034878
2 0.454793 0.369148 0.025105 0.032303
2 0.524228 0.429424 0.026685 0.034410
2 0.396770 0.505033 0.025983 0.034878
2 0.427405 0.421231 0.025105 0.033006
2 0.522823 0.332280 0.029143 0.039092
2 0.460411 0.415496 0.024754 0.033708
2 0.490783 0.374064 0.025105 0.036049
2 0.397735 0.413624 0.027563 0.035112
2 0.370787 0.537102 0.026334 0.037219
2 0.489379 0.506905 0.025456 0.034410
2 0.403441 0.544944 0.025983 0.034176
2 0.362184 0.365988 0.025632 0.034878
2 0.425035 0.367743 0.025281 0.033708
2 0.363852 0.575960 0.026510 0.033006
2 0.528090 0.468516 0.025632 0.033942
2 0.494031 0.328066 0.024228 0.033006
2 0.399842 0.460908 0.026159 0.033708
2 0.432058 0.552669 0.025632 0.035112
2 0.366134 0.496606 0.030723 0.035815
2 0.430390 0.470272 0.025808 0.031835
2 0.362974 0.454471 0.026510 0.034878
2 0.427317 0.331812 0.026334 0.033942
2 0.614905 0.381437 0.026510 0.033942
2 0.493329 0.551030 0.025983 0.034176
2 0.369909 0.628043 0.025983 0.037453
2 0.495611 0.466058 0.027388 0.036985
2 0.583655 0.422051 0.024403 0.031835
2 0.517205 0.378979 0.025983 0.035112
2 0.367890 0.413741 0.026159 0.033942
2 0.548279 0.381437 0.025983 0.034878
2 0.462693 0.461025 0.028265 0.037219
2 0.391064 0.590239 0.025456 0.039092
0 0.489748 0.502556 0.296254 0.394950
3 0.614480 0.548776 0.033969 0.295431
3 0.585725 0.570342 0.091159 0.244930
3 0.570007 0.610585 0.124096 0.167800
3 0.554426 0.628471 0.153797 0.123984
3 0.506810 0.652266 0.248171 0.084185
