2 0.460938 0.322097 0.025808 0.035581
2 0.610428 0.473081 0.029494 0.034644
2 0.584270 0.341292 0.029846 0.040730
2 0.579968 0.427669 0.025105 0.036049
2 0.518083 0.380384 0.025632 0.035112
2 0.397999 0.591877 0.030548 0.038624
2 0.550298 0.677551 0.025808 0.037219
2 0.522823 0.546348 0.029846 0.039794
2 0.362711 0.327949 0.024930 0.035112
2 0.395190 0.329471 0.026334 0.033474
2 0.493855 0.419359 0.027037 0.035346
2 0.581373 0.666667 0.029319 0.036049
2 0.616134 0.593984 0.027914 0.036283
2 0.520629 0.675679 0.025808 0.036283
2 0.614817 0.383661 0.027388 0.036049
2 0.360604 0.622776 0.028441 0.034410
2 0.393785 0.369733 0.026685 0.033474
2 0.490081 0.544359 0.027212 0.036283
2 0.455320 0.371489 0.025808 0.034644
2 0.553985 0.337196 0.025808 0.035346
2 0.403090 0.552083 0.027037 0.034410
2 0.432321 0.420178 0.026510 0.034644
2 0.490783 0.375702 0.024754 0.035581
2 0.401510 0.463015 0.027037 0.035112
2 0.524052 0.334972 0.031250 0.044007
2 0.456900 0.503745 0.025456 0.034644
2 0.463395 0.427317 0.025456 0.033942
2 0.369382 0.538858 0.029494 0.036985
2 0.552405 0.633193 0.027563 0.038390
2 0.523876 0.621021 0.027388 0.038858
2 0.613237 0.341643 0.024930 0.033942
2 0.362184 0.367743 0.026334 0.035581
2 0.424684 0.368446 0.024930 0.034176
2 0.368504 0.577130 0.031250 0.037687
2 0.614203 0.553956 0.028617 0.036751
2 0.494558 0.329588 0.024930 0.035112
2 0.525193 0.430712 0.027914 0.036517
2 0.616924 0.637992 0.027388 0.034878
2 0.491661 0.499649 0.026510 0.035815
2 0.400544 0.418656 0.029670 0.038155
2 0.457865 0.552786 0.025632 0.035346
2 0.367539 0.498361 0.034235 0.036049
2 0.364027 0.455407 0.027212 0.033942
2 0.581285 0.382491 0.026334 0.034644
2 0.612008 0.513226 0.026334 0.037219
2 0.612096 0.428722 0.026159 0.035346
2 0.615695 0.677200 0.030899 0.043071
2 0.581987 0.629682 0.026685 0.035112
2 0.427142 0.332514 0.025983 0.033942
2 0.369382 0.415262 0.028792 0.036049
2 0.548367 0.385417 0.026510 0.040496
2 0.421524 0.619499 0.028441 0.035346
0 0.489993 0.502971 0.295762 0.392555
3 0.434749 0.461044 0.023290 0.035698
3 0.463978 0.460412 0.023227 0.035993
3 0.492869 0.462509 0.022489 0.037067
3 0.519752 0.464141 0.022419 0.035648
3 0.549307 0.466023 0.023006 0.031608
3 0.551313 0.427102 0.023506 0.030232
3 0.580932 0.469249 0.020713 0.028696
3 0.580797 0.503228 0.022783 0.035791
3 0.580341 0.543982 0.026552 0.033031
3 0.580892 0.586234 0.022972 0.031709
3 0.548524 0.581526 0.021440 0.026973
3 0.547414 0.542832 0.021561 0.035417
3 0.549189 0.504324 0.020427 0.033305
3 0.518624 0.502449 0.021327 0.032673
3 0.432644 0.500730 0.022590 0.030801
3 0.400690 0.500255 0.024226 0.036091
3 0.431657 0.542479 0.021787 0.036271
3 0.428855 0.580417 0.023208 0.032556
3 0.396480 0.617678 0.021657 0.025932
3 0.367848 0.659092 0.024085 0.024490
3 0.399696 0.656465 0.022240 0.022357
3 0.429872 0.658027 0.021728 0.025478
3 0.459645 0.659338 0.026268 0.024979
3 0.488176 0.661388 0.027149 0.022839
3 0.487988 0.620840 0.026771 0.029136
3 0.457370 0.620850 0.026397 0.026032
3 0.458355 0.581032 0.028367 0.026166
3 0.489373 0.580875 0.026031 0.028790
3 0.518966 0.582238 0.025525 0.026835
