2 0.459621 0.325257 0.025983 0.037219
2 0.581461 0.666433 0.029494 0.035581
2 0.425123 0.369265 0.025456 0.034410
2 0.389396 0.672402 0.029143 0.036751
2 0.401510 0.450023 0.026685 0.033006
2 0.583831 0.341643 0.029319 0.040964
2 0.610428 0.473432 0.029846 0.034878
2 0.553722 0.337781 0.025983 0.036049
2 0.522735 0.336610 0.033181 0.046348
2 0.550211 0.678254 0.025281 0.036283
2 0.523262 0.622191 0.028617 0.035112
2 0.362974 0.327715 0.024754 0.035581
2 0.485604 0.669710 0.025983 0.038858
2 0.395190 0.329588 0.027037 0.033708
2 0.616134 0.594335 0.028617 0.036517
2 0.455583 0.328301 0.037570 0.044242
2 0.551966 0.632608 0.026334 0.040028
2 0.520629 0.675913 0.026861 0.036751
2 0.615081 0.383427 0.026861 0.036049
2 0.357795 0.671114 0.027739 0.039794
2 0.367451 0.539560 0.030197 0.037453
2 0.367714 0.497893 0.033532 0.037921
2 0.419856 0.663272 0.026510 0.036283
2 0.456110 0.374532 0.025983 0.034176
2 0.576457 0.431648 0.034937 0.045412
2 0.398789 0.547402 0.030021 0.037687
2 0.523701 0.332397 0.029494 0.037453
2 0.454968 0.503628 0.026861 0.035815
2 0.365169 0.580407 0.030548 0.041433
2 0.491485 0.375117 0.024754 0.034410
2 0.391678 0.628862 0.030197 0.040028
2 0.392907 0.370201 0.026685 0.033474
2 0.395716 0.586962 0.028792 0.037219
2 0.613325 0.341409 0.025456 0.033474
2 0.362272 0.368095 0.026861 0.035815
2 0.404846 0.409761 0.030548 0.040028
2 0.363062 0.626639 0.026334 0.037453
2 0.614379 0.553605 0.028265 0.036985
2 0.493768 0.331110 0.025456 0.035346
2 0.616924 0.638343 0.028090 0.035581
2 0.488237 0.500936 0.025632 0.035112
2 0.363940 0.454120 0.027739 0.034644
2 0.580846 0.381671 0.026510 0.034878
2 0.427142 0.332865 0.025983 0.033708
2 0.611306 0.512992 0.028441 0.038624
2 0.612008 0.428020 0.026685 0.035346
2 0.615959 0.676966 0.030723 0.042135
2 0.423982 0.619265 0.031601 0.038624
2 0.581461 0.629799 0.026334 0.035815
2 0.518610 0.380618 0.025632 0.035581
2 0.369382 0.413155 0.028441 0.036985
2 0.548455 0.386353 0.026685 0.042837
2 0.451896 0.666081 0.028090 0.040496
2 0.490607 0.632374 0.026510 0.036751
0 0.489309 0.504608 0.298302 0.399260
3 0.431808 0.421154 0.025602 0.030822
3 0.431310 0.460087 0.024607 0.033780
3 0.401433 0.498441 0.023369 0.035583
3 0.431301 0.501070 0.021074 0.034597
3 0.431605 0.539134 0.022855 0.031140
3 0.429470 0.581718 0.024435 0.032037
3 0.459942 0.579801 0.024519 0.028205
3 0.459896 0.620140 0.023257 0.024611
3 0.462007 0.541559 0.021626 0.028188
3 0.464809 0.464277 0.022549 0.031238
3 0.464159 0.421926 0.021250 0.032369
3 0.492693 0.423525 0.024479 0.029321
3 0.491880 0.463359 0.024024 0.030962
3 0.520047 0.423020 0.021838 0.034551
3 0.549991 0.426107 0.022031 0.029803
3 0.518390 0.464951 0.019691 0.029464
3 0.547546 0.464396 0.020651 0.033036
3 0.579103 0.465611 0.022907 0.026103
3 0.579352 0.503647 0.019895 0.031948
3 0.580054 0.545379 0.022468 0.034265
3 0.579352 0.583509 0.022235 0.030936
3 0.547937 0.583343 0.020267 0.027486
3 0.517612 0.581168 0.020478 0.024693
3 0.489452 0.580723 0.026190 0.030049
3 0.489819 0.540646 0.025753 0.031044
3 0.518078 0.540819 0.021408 0.029827
3 0.547711 0.544113 0.022152 0.033296
3 0.518390 0.503333 0.022035 0.032884
3 0.548957 0.504534 0.021136 0.035286
