2 0.341555 0.737594 0.035639 0.059457
2 0.482883 0.553605 0.029319 0.051030
2 0.607005 0.543539 0.031074 0.041667
2 0.638167 0.617860 0.033708 0.049391
2 0.668188 0.582982 0.043890 0.042837
2 0.307496 0.736423 0.035639 0.044944
2 0.545295 0.550211 0.030197 0.042837
2 0.514221 0.547519 0.033357 0.046348
2 0.519926 0.677083 0.030372 0.051732
2 0.269224 0.564490 0.031074 0.062500
2 0.491924 0.725421 0.031250 0.042603
2 0.333919 0.693820 0.032654 0.046348
2 0.643171 0.705173 0.032128 0.047519
2 0.708304 0.665028 0.034235 0.042603
2 0.453915 0.551030 0.034937 0.044007
2 0.552581 0.677551 0.032128 0.054541
2 0.270716 0.660112 0.035815 0.043539
2 0.430039 0.730337 0.030372 0.045412
2 0.576457 0.546348 0.031777 0.041199
2 0.673982 0.705993 0.034410 0.048221
2 0.400456 0.725538 0.029846 0.047987
2 0.609551 0.629799 0.032654 0.043305
2 0.586289 0.722378 0.032128 0.050562
2 0.307233 0.649579 0.039326 0.042135
2 0.461113 0.680360 0.032128 0.047987
2 0.368504 0.731859 0.030899 0.048923
2 0.361394 0.568001 0.030372 0.043305
2 0.275632 0.736657 0.034059 0.040730
2 0.554775 0.727177 0.032303 0.049860
2 0.523438 0.720974 0.030021 0.047753
2 0.365783 0.687383 0.033883 0.050328
2 0.671436 0.539560 0.034586 0.042135
2 0.709094 0.708450 0.035112 0.043773
2 0.236306 0.572097 0.034410 0.053839
2 0.430126 0.682935 0.028792 0.050796
2 0.391766 0.565309 0.030372 0.042135
2 0.241485 0.694757 0.034235 0.042603
2 0.673543 0.667486 0.040204 0.050796
2 0.294066 0.577013 0.044242 0.046816
2 0.585850 0.674625 0.035815 0.046816
2 0.608146 0.587430 0.034410 0.041901
2 0.490169 0.680126 0.028792 0.051264
2 0.304073 0.693118 0.029846 0.043539
2 0.238413 0.657537 0.034059 0.043071
2 0.421524 0.561213 0.032303 0.045646
2 0.395892 0.685627 0.034059 0.050562
2 0.700140 0.619733 0.045646 0.052669
2 0.613764 0.710440 0.032303 0.046348
2 0.330495 0.568235 0.030723 0.041433
2 0.273086 0.617275 0.037746 0.042135
2 0.460938 0.727996 0.030723 0.047285
2 0.637377 0.537219 0.032128 0.044944
2 0.275544 0.699672 0.036692 0.036985
2 0.333831 0.610604 0.038799 0.044710
2 0.702598 0.540730 0.031952 0.041199
3 0.241225 0.612346 0.029500 0.049597
3 0.307407 0.608020 0.029608 0.039387
3 0.461812 0.644045 0.262846 0.036529
3 0.473901 0.616140 0.235019 0.047825
3 0.485183 0.611582 0.208427 0.051194
3 0.515448 0.606030 0.151915 0.065056
3 0.637679 0.578139 0.021847 0.032683
3 0.627575 0.663247 0.054310 0.039040
3 0.666457 0.620323 0.020883 0.034342
3 0.704012 0.578621 0.029277 0.032086
2 0.242100 0.738998 0.028090 0.037453
0 0.472261 0.637875 0.507374 0.241105
