2 0.581548 0.672285 0.035288 0.043539
2 0.635183 0.626990 0.030548 0.053605
2 0.477001 0.553020 0.030197 0.049391
2 0.329003 0.613296 0.037921 0.047753
2 0.602089 0.545061 0.031074 0.040028
2 0.602440 0.587547 0.034586 0.041199
2 0.662746 0.580173 0.036868 0.042369
2 0.301703 0.737594 0.033181 0.046348
2 0.540730 0.551966 0.029846 0.041667
2 0.509656 0.549743 0.033357 0.045646
2 0.510621 0.635651 0.032128 0.042837
2 0.260270 0.566596 0.028617 0.063436
2 0.513079 0.678956 0.030021 0.048455
2 0.455495 0.731976 0.030723 0.056180
2 0.478055 0.600538 0.030899 0.042837
2 0.330671 0.691596 0.038799 0.051732
2 0.635358 0.703066 0.034761 0.051732
2 0.485253 0.723549 0.030899 0.044944
2 0.572068 0.633193 0.032479 0.045412
2 0.297402 0.653324 0.044593 0.044007
2 0.423894 0.725538 0.031074 0.055478
2 0.415730 0.561213 0.033006 0.045178
2 0.603581 0.629331 0.032654 0.042369
2 0.390098 0.650047 0.034059 0.048221
2 0.571278 0.549743 0.031952 0.042369
2 0.446805 0.600421 0.030899 0.043071
2 0.667398 0.706929 0.034586 0.047285
2 0.262026 0.660463 0.037746 0.043773
2 0.367978 0.724368 0.039677 0.063904
2 0.355074 0.567650 0.032479 0.043071
2 0.268258 0.736540 0.038975 0.044710
2 0.548455 0.675913 0.032654 0.052669
2 0.515625 0.721325 0.031250 0.049860
2 0.698560 0.665028 0.040028 0.043539
2 0.665204 0.539443 0.033357 0.041901
2 0.396682 0.720037 0.036341 0.058989
2 0.227528 0.574672 0.037219 0.041199
2 0.423455 0.635534 0.027037 0.036049
2 0.385885 0.564724 0.029494 0.042837
2 0.608058 0.709855 0.032128 0.049860
2 0.239993 0.696278 0.035463 0.047051
2 0.666696 0.667018 0.040555 0.049391
2 0.285727 0.573502 0.042310 0.044007
2 0.448912 0.555712 0.035815 0.044944
2 0.484551 0.679073 0.029143 0.047285
2 0.230776 0.658123 0.032128 0.043305
2 0.697946 0.619031 0.039501 0.051264
2 0.700843 0.708216 0.037219 0.045178
2 0.324702 0.568820 0.031074 0.041667
2 0.513343 0.597729 0.032303 0.044710
2 0.267293 0.617860 0.039501 0.041901
2 0.545909 0.592463 0.034235 0.050094
2 0.668715 0.626053 0.030548 0.038155
2 0.630706 0.538272 0.034235 0.043773
2 0.297051 0.695459 0.035112 0.042135
2 0.454617 0.683989 0.031777 0.055712
2 0.695312 0.535112 0.031777 0.041199
2 0.334972 0.738179 0.035815 0.060159
3 0.235097 0.616889 0.034802 0.039958
3 0.240799 0.735920 0.040351 0.039256
3 0.266311 0.696397 0.030516 0.036678
3 0.298682 0.611627 0.027372 0.037238
3 0.348632 0.655391 0.050026 0.028010
3 0.363339 0.647994 0.027941 0.106849
3 0.393276 0.602090 0.083134 0.041028
3 0.394189 0.682523 0.090813 0.035459
3 0.421822 0.639494 0.030209 0.111697
3 0.450613 0.637437 0.086617 0.034235
3 0.561410 0.717643 0.060086 0.033912
3 0.543416 0.632996 0.029951 0.031599
3 0.570644 0.585571 0.024716 0.041306
3 0.631563 0.578750 0.027168 0.035466
3 0.696454 0.573476 0.030548 0.035840
