2 0.463571 0.330524 0.026159 0.035581
2 0.361833 0.670412 0.031250 0.040730
2 0.614730 0.384480 0.026159 0.034410
2 0.551527 0.420061 0.026861 0.038624
2 0.517205 0.380033 0.025983 0.035346
2 0.367188 0.629565 0.030021 0.035815
2 0.552142 0.470857 0.025983 0.036283
2 0.522209 0.547285 0.028968 0.040262
2 0.362798 0.327364 0.024754 0.033942
2 0.461815 0.551966 0.026861 0.034644
2 0.395277 0.329588 0.025808 0.031835
2 0.488676 0.416550 0.024403 0.034410
2 0.556004 0.511938 0.025983 0.035581
2 0.523525 0.504916 0.028792 0.034644
2 0.581197 0.379096 0.025105 0.032537
2 0.427230 0.332514 0.025456 0.034410
2 0.492714 0.548338 0.027914 0.036283
2 0.613150 0.342111 0.025105 0.032537
2 0.365695 0.498596 0.027388 0.035581
2 0.397296 0.460206 0.028792 0.034644
2 0.431619 0.553839 0.025456 0.037453
2 0.553810 0.337781 0.025808 0.034176
2 0.523525 0.334621 0.030548 0.042837
2 0.579968 0.423689 0.026510 0.035112
2 0.395980 0.502926 0.026159 0.034410
2 0.461903 0.462781 0.028441 0.037921
2 0.490081 0.375936 0.024754 0.034644
2 0.397209 0.413507 0.029319 0.036283
2 0.454617 0.371138 0.025105 0.033474
2 0.364730 0.576545 0.026861 0.033240
2 0.402651 0.543539 0.026510 0.034644
2 0.362096 0.366690 0.026510 0.035815
2 0.424947 0.368095 0.025105 0.033942
2 0.427493 0.421699 0.024930 0.033474
2 0.460323 0.416901 0.025983 0.035112
2 0.393961 0.368212 0.025983 0.034644
2 0.522384 0.466643 0.027212 0.035346
2 0.583743 0.341994 0.029846 0.040730
2 0.494206 0.329588 0.024579 0.034644
2 0.518785 0.426849 0.026685 0.035346
2 0.608497 0.474134 0.027037 0.034878
2 0.457251 0.504448 0.026159 0.036049
2 0.367714 0.542135 0.030723 0.037921
2 0.362711 0.454822 0.027037 0.035581
2 0.429424 0.470740 0.027388 0.033708
2 0.611394 0.430478 0.025808 0.038390
2 0.426966 0.510300 0.026685 0.034644
2 0.492539 0.466292 0.026861 0.036517
2 0.367802 0.414443 0.026685 0.033942
2 0.548016 0.379799 0.026510 0.034878
2 0.487447 0.508661 0.027212 0.034644
2 0.391766 0.590005 0.026861 0.038155
0 0.488878 0.503616 0.297993 0.397727
3 0.581491 0.568614 0.027681 0.249277
3 0.598028 0.592367 0.060757 0.209389
3 0.583408 0.611573 0.090035 0.168216
3 0.520595 0.628537 0.212539 0.124115
3 0.503645 0.648769 0.244182 0.080311
