3 0.374617 0.328792 0.030600 0.034927
3 0.404501 0.335749 0.022484 0.034792
3 0.406706 0.372123 0.023385 0.023275
3 0.372347 0.535309 0.021380 0.034412
3 0.463453 0.623935 0.022179 0.032203
3 0.464705 0.540435 0.021171 0.027498
3 0.435251 0.497882 0.021954 0.023539
3 0.466659 0.502381 0.022737 0.026294
3 0.468943 0.461393 0.019113 0.031713
3 0.522547 0.582530 0.020985 0.030543
3 0.581559 0.588144 0.024307 0.033963
3 0.554875 0.503551 0.024777 0.031756
3 0.553471 0.465922 0.018457 0.023607
0 0.492887 0.502488 0.305285 0.404164
2 0.368065 0.360370 0.026510 0.038155
2 0.369119 0.408006 0.031426 0.041199
2 0.368416 0.446863 0.032479 0.041199
2 0.370348 0.490051 0.033883 0.045178
2 0.364466 0.580758 0.033357 0.041199
2 0.358058 0.625936 0.038097 0.044944
2 0.360077 0.666433 0.027739 0.039794
2 0.389045 0.669827 0.029143 0.049391
2 0.387728 0.626404 0.030021 0.046816
2 0.420997 0.660112 0.024228 0.036985
2 0.423367 0.618212 0.033532 0.035112
2 0.399315 0.577364 0.032128 0.043305
2 0.431268 0.575492 0.029319 0.044710
2 0.462430 0.583567 0.026334 0.040262
2 0.431004 0.531952 0.025632 0.039092
2 0.400281 0.532420 0.031601 0.041901
2 0.402388 0.490988 0.028441 0.038624
2 0.437061 0.467463 0.030372 0.041667
2 0.401773 0.447800 0.032128 0.049625
2 0.405899 0.407772 0.024930 0.033708
2 0.434603 0.419593 0.028617 0.047051
2 0.421699 0.376053 0.033708 0.042837
2 0.427142 0.334153 0.027739 0.036751
2 0.459445 0.340356 0.034761 0.046816
2 0.466555 0.378160 0.029319 0.036751
2 0.465678 0.420295 0.032128 0.040964
2 0.494119 0.454939 0.026159 0.035815
2 0.497454 0.413155 0.027563 0.039794
2 0.501843 0.372308 0.032128 0.040964
2 0.497718 0.331695 0.026334 0.043071
2 0.492890 0.499766 0.027914 0.036985
2 0.488764 0.543890 0.027739 0.039560
2 0.492714 0.583801 0.028617 0.041199
2 0.487272 0.627458 0.027914 0.038155
2 0.479810 0.667954 0.040028 0.040964
2 0.449350 0.656952 0.031426 0.045646
2 0.526246 0.335206 0.029670 0.044476
2 0.534586 0.374298 0.027739 0.039326
2 0.525105 0.411049 0.024228 0.036517
2 0.527475 0.452247 0.027563 0.035581
2 0.525808 0.492392 0.025983 0.038155
2 0.522033 0.536049 0.033532 0.044476
2 0.516854 0.620787 0.030548 0.047753
2 0.518083 0.669007 0.027037 0.042135
2 0.548806 0.671348 0.030899 0.044007
2 0.557321 0.632022 0.028265 0.042603
2 0.553722 0.589302 0.027739 0.036283
2 0.579003 0.669710 0.030548 0.043071
2 0.552405 0.547870 0.026510 0.037687
2 0.617802 0.677317 0.032654 0.040964
2 0.620084 0.636119 0.029494 0.039560
2 0.615871 0.593399 0.034059 0.039794
2 0.584182 0.551849 0.031426 0.045178
2 0.617100 0.553839 0.028441 0.036985
2 0.611745 0.513928 0.032830 0.041901
2 0.582953 0.509949 0.026510 0.039560
2 0.615607 0.468984 0.032128 0.045646
2 0.580934 0.468516 0.027388 0.040028
2 0.554775 0.431063 0.027037 0.049860
2 0.587869 0.425445 0.030723 0.043305
2 0.619119 0.422987 0.027212 0.036049
2 0.618680 0.381788 0.027739 0.034644
2 0.584445 0.384129 0.036166 0.044944
2 0.617100 0.344803 0.034059 0.043071
2 0.587781 0.340122 0.028792 0.040262
2 0.557058 0.338132 0.027388 0.040964
3 0.441785 0.375700 0.013954 0.024185
3 0.555646 0.380316 0.023980 0.034974
