2 0.499034 0.324087 0.025456 0.033006
2 0.404494 0.448268 0.026685 0.036985
2 0.521067 0.670997 0.024930 0.037219
2 0.582690 0.422987 0.028090 0.039326
2 0.615783 0.427317 0.027563 0.038624
2 0.416959 0.653909 0.026685 0.034410
2 0.527475 0.327364 0.027563 0.035346
2 0.553634 0.675913 0.024754 0.033942
2 0.368855 0.318352 0.025632 0.033708
2 0.400983 0.322566 0.026334 0.034176
2 0.495172 0.450726 0.026861 0.034410
2 0.619909 0.382374 0.028090 0.034410
2 0.364554 0.579120 0.028265 0.036517
2 0.588132 0.549274 0.027037 0.039092
2 0.462518 0.333216 0.027914 0.035815
2 0.612008 0.471910 0.025983 0.033240
2 0.528178 0.500234 0.025808 0.034644
2 0.619119 0.340356 0.027563 0.033708
2 0.357795 0.661751 0.028441 0.037453
2 0.365871 0.498830 0.027739 0.038858
2 0.394838 0.493095 0.026685 0.034878
2 0.456812 0.616573 0.027739 0.036985
2 0.448999 0.655548 0.025456 0.034878
2 0.583304 0.507608 0.028617 0.040496
2 0.367012 0.443118 0.026861 0.036049
2 0.558901 0.334270 0.026510 0.034644
2 0.454354 0.422168 0.025983 0.033474
2 0.405548 0.401919 0.029494 0.035581
2 0.387465 0.626287 0.028441 0.038155
2 0.519926 0.616339 0.029670 0.039326
2 0.417574 0.613764 0.025808 0.033708
2 0.621489 0.509012 0.025632 0.034410
2 0.367714 0.356507 0.026159 0.033240
2 0.584796 0.663858 0.029494 0.040262
2 0.364291 0.582631 0.033708 0.049625
2 0.491661 0.494382 0.025456 0.035581
2 0.619733 0.549508 0.026334 0.036751
2 0.557321 0.543422 0.026861 0.036283
2 0.508251 0.369031 0.022823 0.037687
2 0.387816 0.529963 0.027388 0.034644
2 0.436973 0.464537 0.026334 0.039560
2 0.483497 0.665847 0.026685 0.036283
2 0.432233 0.325257 0.025281 0.034878
2 0.455144 0.502809 0.024754 0.036985
2 0.617539 0.507257 0.037044 0.042135
2 0.586376 0.378394 0.027388 0.036751
2 0.615783 0.675094 0.031426 0.044476
2 0.524930 0.455524 0.026685 0.034176
2 0.553195 0.406601 0.026334 0.033708
2 0.536692 0.370787 0.026334 0.036985
2 0.520277 0.408357 0.024754 0.032537
2 0.488676 0.627575 0.027212 0.036985
2 0.589010 0.339185 0.030197 0.040262
2 0.487447 0.585089 0.026510 0.034878
0 0.491427 0.498530 0.303429 0.405679
3 0.407437 0.371189 0.028355 0.030765
3 0.379566 0.413792 0.018260 0.031704
3 0.440065 0.376264 0.021050 0.031554
3 0.470462 0.377800 0.020981 0.026821
3 0.558246 0.380726 0.020985 0.026433
3 0.497897 0.418319 0.020841 0.026716
3 0.433167 0.418509 0.020128 0.030215
3 0.465932 0.457427 0.020112 0.031582
3 0.551417 0.462718 0.021373 0.034359
3 0.581843 0.463923 0.019024 0.032093
3 0.552072 0.502985 0.020341 0.032186
3 0.436413 0.496344 0.016087 0.028270
3 0.369608 0.534504 0.024094 0.026559
3 0.367802 0.612165 0.021652 0.033631
3 0.396487 0.663848 0.020502 0.029319
3 0.400618 0.572919 0.020571 0.030044
3 0.433021 0.535152 0.024517 0.027856
3 0.432303 0.573380 0.020739 0.027846
3 0.461777 0.576718 0.024677 0.028279
3 0.464473 0.535805 0.023048 0.027605
3 0.491103 0.539345 0.017788 0.025316
3 0.519600 0.540501 0.018599 0.027629
3 0.519314 0.578893 0.020370 0.027947
3 0.548824 0.580372 0.018527 0.026224
3 0.548502 0.619293 0.020226 0.027598
3 0.578509 0.621032 0.019379 0.021716
3 0.580806 0.582418 0.018118 0.025634
3 0.609196 0.581919 0.015209 0.023076
3 0.607874 0.622079 0.017245 0.025368
