2 0.429951 0.687149 0.027739 0.047987
2 0.397472 0.598549 0.028441 0.045412
2 0.369294 0.732795 0.032479 0.046582
2 0.606478 0.544359 0.031426 0.041901
2 0.637289 0.618446 0.034059 0.048689
2 0.546173 0.552551 0.030548 0.043773
2 0.516152 0.547285 0.032303 0.046816
2 0.236657 0.571512 0.031250 0.049391
2 0.460411 0.729986 0.030021 0.047987
2 0.516854 0.629682 0.027388 0.036985
2 0.339800 0.689607 0.038448 0.054775
2 0.640801 0.704705 0.036517 0.049860
2 0.708041 0.665028 0.034059 0.042603
2 0.453915 0.554190 0.034586 0.043773
2 0.521243 0.675562 0.032303 0.048221
2 0.575667 0.625000 0.028090 0.036049
2 0.553634 0.675445 0.030021 0.057350
2 0.277388 0.701428 0.031952 0.042837
2 0.607795 0.588132 0.033708 0.043305
2 0.666608 0.583216 0.045646 0.042837
2 0.268522 0.567767 0.031074 0.062500
2 0.246401 0.703066 0.031777 0.044710
2 0.305916 0.654260 0.038799 0.043539
2 0.575843 0.547870 0.031601 0.041433
2 0.672841 0.706344 0.036692 0.047519
2 0.608848 0.630735 0.032303 0.042837
2 0.585499 0.722261 0.032654 0.052200
2 0.395892 0.687851 0.031952 0.049860
2 0.400808 0.639396 0.027388 0.038624
2 0.516766 0.589302 0.024754 0.035346
2 0.450755 0.603699 0.044066 0.045880
2 0.366836 0.688085 0.031074 0.047987
2 0.272735 0.620435 0.036692 0.041433
2 0.447419 0.643375 0.037395 0.039560
2 0.544768 0.590122 0.027388 0.032303
2 0.486218 0.597963 0.034937 0.041901
2 0.359989 0.569640 0.030723 0.042369
2 0.305829 0.698268 0.030548 0.044007
2 0.554775 0.728347 0.032303 0.050328
2 0.523262 0.722261 0.030021 0.047051
2 0.670734 0.539794 0.034235 0.042135
2 0.240344 0.617626 0.040730 0.043773
2 0.391152 0.566596 0.030197 0.042369
2 0.673806 0.668422 0.038975 0.049860
2 0.292486 0.581110 0.043539 0.044710
2 0.586289 0.674391 0.034235 0.046816
2 0.483848 0.548689 0.031250 0.059457
2 0.484638 0.642439 0.035288 0.044710
2 0.272384 0.661868 0.037044 0.045646
2 0.238237 0.659410 0.031250 0.044007
2 0.573034 0.585440 0.027037 0.037453
2 0.429336 0.732444 0.030021 0.045412
2 0.421085 0.563670 0.032830 0.046348
2 0.699789 0.619382 0.044944 0.050562
2 0.708655 0.708801 0.035990 0.044007
2 0.546524 0.628043 0.026685 0.036985
2 0.613940 0.710674 0.031601 0.047753
2 0.330232 0.570927 0.030548 0.042135
2 0.701808 0.540496 0.031777 0.042135
2 0.637114 0.537687 0.032654 0.045412
2 0.334709 0.614934 0.036341 0.048689
2 0.490959 0.720272 0.030372 0.051498
2 0.461640 0.685159 0.034586 0.042603
2 0.400369 0.729518 0.029670 0.046114
3 0.304501 0.610946 0.023797 0.042116
3 0.288836 0.741009 0.125892 0.041632
3 0.383208 0.647821 0.113323 0.034717
3 0.396090 0.627942 0.082909 0.068305
3 0.548478 0.606159 0.086891 0.076238
3 0.627700 0.662228 0.052217 0.038563
3 0.634809 0.579057 0.026640 0.036079
3 0.666959 0.619368 0.027741 0.037114
3 0.705936 0.575723 0.031956 0.040337
0 0.475772 0.641386 0.509129 0.245787
