2 0.303634 0.724485 0.030372 0.039794
2 0.637202 0.543188 0.038799 0.051264
2 0.637289 0.589302 0.036868 0.041901
2 0.670646 0.586962 0.032303 0.041901
2 0.546787 0.554073 0.030021 0.044007
2 0.639221 0.720623 0.030548 0.052200
2 0.485955 0.717580 0.031601 0.053137
2 0.328476 0.560861 0.030197 0.041199
2 0.513606 0.596559 0.028968 0.042369
2 0.269663 0.684574 0.031250 0.047987
2 0.544768 0.679892 0.039677 0.055009
2 0.703037 0.589537 0.034586 0.042369
2 0.360604 0.561447 0.034059 0.041433
2 0.272999 0.735721 0.030548 0.049625
2 0.702511 0.711493 0.035990 0.045178
2 0.235341 0.607093 0.033181 0.042837
2 0.335411 0.601709 0.033883 0.044242
2 0.638694 0.631086 0.033708 0.041667
2 0.304424 0.648174 0.029846 0.048221
2 0.269224 0.604518 0.036692 0.040964
2 0.672051 0.632608 0.032654 0.047987
2 0.481654 0.601124 0.034235 0.049157
2 0.670558 0.714771 0.037395 0.046582
2 0.515625 0.547402 0.033357 0.047987
2 0.333919 0.687851 0.038975 0.046582
2 0.265186 0.563202 0.031426 0.041199
2 0.301352 0.603933 0.033181 0.042603
2 0.241836 0.731625 0.040906 0.049391
2 0.638957 0.672519 0.034235 0.043539
2 0.704881 0.632022 0.037921 0.042603
2 0.336552 0.727996 0.034059 0.052434
2 0.234463 0.564607 0.033181 0.041667
2 0.296524 0.562149 0.032654 0.041901
2 0.238062 0.688787 0.031952 0.043773
2 0.672841 0.674743 0.031426 0.041433
2 0.702423 0.671465 0.035815 0.044242
2 0.458304 0.677903 0.032128 0.052903
2 0.454003 0.723549 0.041081 0.044944
2 0.333567 0.646184 0.033357 0.043305
2 0.489115 0.640215 0.048455 0.043071
2 0.666345 0.535112 0.034235 0.048689
2 0.301001 0.685042 0.028968 0.039092
2 0.272911 0.643727 0.033181 0.038390
2 0.513167 0.677669 0.030899 0.063670
2 0.697244 0.547402 0.032830 0.040964
0 0.468917 0.648320 0.503698 0.244829
3 0.441192 0.553062 0.112254 0.031884
3 0.396982 0.666547 0.080014 0.172044
3 0.412274 0.613703 0.102402 0.060115
3 0.423436 0.590494 0.084935 0.105770
3 0.593250 0.637224 0.054710 0.213275
3 0.575867 0.609946 0.090170 0.066646
3 0.564759 0.728148 0.114772 0.033076
3 0.562772 0.627994 0.116650 0.028830
3 0.488267 0.674328 0.026159 0.033113
