2 0.644312 0.632140 0.033708 0.047051
2 0.338659 0.733731 0.038272 0.055478
2 0.360867 0.606273 0.034586 0.042603
2 0.611833 0.556063 0.030548 0.040496
2 0.489642 0.724485 0.030899 0.051966
2 0.642995 0.556882 0.033181 0.044476
2 0.551879 0.559106 0.029319 0.041901
2 0.520716 0.553254 0.033006 0.047051
2 0.553371 0.693001 0.031250 0.054541
2 0.521594 0.647238 0.031250 0.044007
2 0.461991 0.691011 0.038097 0.048221
2 0.393610 0.564958 0.030197 0.040496
2 0.335938 0.690777 0.037746 0.046816
2 0.674772 0.592931 0.037746 0.048221
2 0.423455 0.562617 0.032654 0.047519
2 0.555478 0.644312 0.033357 0.045646
2 0.489291 0.649462 0.036166 0.047051
2 0.302844 0.652154 0.040028 0.047285
2 0.431092 0.690309 0.028617 0.042135
2 0.363413 0.565543 0.030548 0.040262
2 0.395190 0.607327 0.035463 0.046114
2 0.642381 0.676498 0.046348 0.042603
2 0.429161 0.734316 0.031074 0.044944
2 0.396243 0.650398 0.032654 0.041901
2 0.330583 0.607678 0.033708 0.043071
2 0.613940 0.599134 0.035112 0.042369
2 0.457865 0.609434 0.033708 0.050796
2 0.487623 0.606390 0.030372 0.048455
2 0.367275 0.689490 0.035112 0.046114
2 0.252809 0.729401 0.049157 0.060393
2 0.459796 0.737945 0.029143 0.055009
2 0.365520 0.647706 0.033357 0.043539
2 0.581900 0.556765 0.030021 0.041433
2 0.397384 0.691362 0.032479 0.045646
2 0.704091 0.629565 0.039150 0.050796
2 0.238413 0.570225 0.032654 0.041199
2 0.586025 0.688085 0.036517 0.042837
2 0.253072 0.688085 0.051791 0.054073
2 0.426527 0.608731 0.028617 0.043773
2 0.301440 0.567182 0.032303 0.041199
2 0.584621 0.645833 0.031952 0.045412
2 0.456987 0.558404 0.034761 0.044242
2 0.518522 0.602528 0.029670 0.044007
2 0.451545 0.650515 0.037570 0.044476
2 0.332514 0.566362 0.028090 0.040496
2 0.581812 0.603464 0.036517 0.043071
2 0.487184 0.553839 0.031250 0.058521
2 0.616485 0.643258 0.030372 0.041199
2 0.269400 0.568703 0.032128 0.041433
2 0.550123 0.601241 0.030372 0.040964
2 0.334884 0.649579 0.030372 0.041199
2 0.516766 0.686330 0.045471 0.045412
3 0.668188 0.554775 0.024579 0.037453
3 0.695751 0.552903 0.034059 0.032772
3 0.701545 0.589654 0.025281 0.035112
3 0.640098 0.595037 0.025281 0.037453
3 0.672051 0.637406 0.020365 0.034176
3 0.673631 0.674391 0.017907 0.031367
3 0.698736 0.674625 0.028792 0.035581
3 0.698736 0.711142 0.030899 0.037453
3 0.670119 0.710674 0.025632 0.038390
3 0.642556 0.710908 0.028090 0.040730
3 0.612711 0.714888 0.021770 0.030899
3 0.610779 0.676264 0.022121 0.031367
3 0.582865 0.714888 0.023876 0.034644
3 0.553195 0.719803 0.029846 0.025749
3 0.526861 0.720506 0.032654 0.029026
3 0.492978 0.681414 0.026685 0.032303
3 0.431004 0.643493 0.031952 0.035112
3 0.370260 0.728933 0.034059 0.042135
3 0.400456 0.728699 0.029143 0.039794
3 0.313202 0.607678 0.022472 0.029963
3 0.288448 0.606742 0.025632 0.033708
3 0.255794 0.602996 0.032654 0.031835
3 0.283708 0.641152 0.024579 0.030431
3 0.255091 0.641386 0.029143 0.031835
3 0.286517 0.685627 0.024579 0.032303
3 0.313027 0.688202 0.022823 0.032772
3 0.286166 0.724251 0.027388 0.038390
3 0.313202 0.724485 0.025983 0.039794
0 0.474456 0.636119 0.492451 0.210674
