2 0.638079 0.629096 0.035639 0.046582
2 0.333041 0.715941 0.037921 0.051264
2 0.356829 0.590005 0.032830 0.045646
2 0.483497 0.712547 0.030548 0.051030
2 0.548543 0.551732 0.028265 0.042603
2 0.578652 0.637757 0.030899 0.043305
2 0.518697 0.544476 0.031777 0.046816
2 0.545909 0.685978 0.031426 0.052200
2 0.515976 0.636704 0.030197 0.042603
2 0.392293 0.549040 0.030021 0.040496
2 0.331461 0.674625 0.043188 0.049157
2 0.580320 0.681882 0.034586 0.043071
2 0.699350 0.674625 0.041608 0.049157
2 0.454617 0.544359 0.033532 0.044242
2 0.549508 0.636236 0.031601 0.044476
2 0.641064 0.553371 0.035288 0.045880
2 0.609989 0.550445 0.029319 0.040028
2 0.238764 0.711728 0.042135 0.053137
2 0.265274 0.632257 0.049157 0.046348
2 0.425298 0.678254 0.028265 0.039092
2 0.422577 0.546699 0.032303 0.045646
2 0.360867 0.548806 0.032479 0.040496
2 0.579003 0.551264 0.030548 0.040730
2 0.327247 0.589771 0.034059 0.043305
2 0.452686 0.596325 0.032128 0.051264
2 0.667310 0.719452 0.035463 0.046114
2 0.333919 0.632608 0.037921 0.044242
2 0.391766 0.636470 0.032830 0.043539
2 0.484551 0.592814 0.029846 0.041901
2 0.274666 0.709036 0.039501 0.051966
2 0.483322 0.637406 0.035112 0.048221
2 0.235428 0.547870 0.033357 0.040028
2 0.421787 0.591643 0.029319 0.042369
2 0.666871 0.676147 0.039150 0.046114
2 0.298367 0.548221 0.031777 0.039794
2 0.698034 0.718633 0.037921 0.048221
2 0.447595 0.640332 0.034235 0.046114
2 0.301088 0.633895 0.040028 0.050562
2 0.391678 0.591994 0.033708 0.045412
2 0.243153 0.671699 0.042837 0.043305
2 0.577686 0.596091 0.030372 0.039560
2 0.453301 0.725538 0.031250 0.055946
2 0.609551 0.594335 0.034761 0.041667
2 0.546699 0.592697 0.030899 0.041667
2 0.610077 0.636470 0.030548 0.042603
2 0.329793 0.548221 0.031074 0.040262
2 0.486218 0.546465 0.031426 0.051732
2 0.514572 0.593165 0.029494 0.041667
2 0.265976 0.547285 0.030899 0.040730
2 0.457865 0.676381 0.033708 0.044242
2 0.511675 0.676615 0.044417 0.045646
3 0.665379 0.549703 0.019896 0.036674
3 0.693176 0.552434 0.031017 0.035892
3 0.632900 0.590279 0.025163 0.035112
3 0.660112 0.589888 0.028090 0.032772
3 0.690836 0.587156 0.029846 0.038233
3 0.664208 0.628902 0.023408 0.037453
3 0.691129 0.627341 0.031601 0.035892
3 0.629974 0.670255 0.023994 0.031210
3 0.605104 0.672207 0.024579 0.035112
3 0.632316 0.705368 0.028675 0.035892
3 0.604226 0.708879 0.023994 0.035112
3 0.577014 0.712390 0.025750 0.028090
3 0.544826 0.714342 0.028090 0.025749
3 0.513225 0.712001 0.029261 0.033551
3 0.485135 0.671816 0.018727 0.028090
3 0.424275 0.626561 0.022238 0.034333
3 0.304893 0.586767 0.021067 0.035892
3 0.280899 0.586376 0.024579 0.033551
3 0.251931 0.587547 0.027505 0.031210
3 0.366046 0.629291 0.022823 0.035112
3 0.279436 0.665185 0.028675 0.031992
3 0.305184 0.667135 0.022823 0.031210
3 0.304307 0.712001 0.021067 0.039794
3 0.399052 0.666433 0.028441 0.033240
3 0.367626 0.667369 0.025983 0.033240
3 0.367100 0.705993 0.030548 0.033708
3 0.396243 0.704822 0.027037 0.036049
3 0.422753 0.710206 0.025983 0.028090
0 0.468457 0.631632 0.500351 0.206773
