2 0.462079 0.329705 0.028090 0.039092
2 0.609814 0.472729 0.026861 0.034410
2 0.583919 0.340590 0.029846 0.041199
2 0.522911 0.545529 0.029670 0.040028
2 0.551264 0.418422 0.027739 0.039092
2 0.548192 0.378277 0.025456 0.032772
2 0.362711 0.326662 0.024930 0.034410
2 0.395190 0.328418 0.026685 0.032772
2 0.488325 0.414443 0.024403 0.033942
2 0.396243 0.506554 0.026334 0.035112
2 0.521857 0.503394 0.026861 0.035346
2 0.581373 0.378394 0.025456 0.033006
2 0.614817 0.382257 0.025281 0.034644
2 0.522823 0.465005 0.027037 0.034410
2 0.367978 0.578184 0.027037 0.032303
2 0.362974 0.454705 0.026159 0.034878
2 0.397647 0.415379 0.027739 0.036283
2 0.486482 0.507257 0.025983 0.035112
2 0.455407 0.502692 0.026685 0.035346
2 0.454003 0.369850 0.024930 0.033240
2 0.553722 0.336493 0.025632 0.034878
2 0.612360 0.514630 0.027037 0.038155
2 0.580144 0.465707 0.025105 0.033942
2 0.428810 0.469452 0.026159 0.032537
2 0.427317 0.421231 0.025632 0.033006
2 0.367978 0.413507 0.027037 0.035346
2 0.490344 0.375000 0.024930 0.035581
2 0.398525 0.462664 0.026334 0.033474
2 0.523438 0.333216 0.030021 0.042369
2 0.462079 0.461728 0.027739 0.036751
2 0.460147 0.416199 0.025281 0.035112
2 0.426001 0.511353 0.026159 0.033474
2 0.393522 0.368212 0.026159 0.034644
2 0.368329 0.542486 0.031601 0.039092
2 0.551615 0.512757 0.025983 0.035815
2 0.613062 0.340356 0.024930 0.034176
2 0.458129 0.552669 0.026510 0.034176
2 0.362272 0.365754 0.026159 0.035346
2 0.424684 0.367860 0.024930 0.033942
2 0.552405 0.469803 0.026861 0.036985
2 0.494206 0.328652 0.024579 0.034644
2 0.518610 0.424508 0.025632 0.037687
2 0.367275 0.500585 0.026685 0.033942
2 0.489466 0.547285 0.027037 0.037453
2 0.427317 0.331929 0.026334 0.034644
2 0.612184 0.426966 0.025983 0.033708
2 0.616222 0.676264 0.031601 0.042135
2 0.582251 0.504565 0.025456 0.035815
2 0.579266 0.423923 0.025105 0.033708
2 0.516942 0.378043 0.026861 0.034644
2 0.492978 0.464654 0.027037 0.037453
2 0.403090 0.553371 0.026334 0.032303
0 0.490438 0.502572 0.295833 0.396169
3 0.471534 0.645246 0.244333 0.085749
3 0.492063 0.631561 0.209314 0.119239
3 0.585232 0.591100 0.090174 0.113226
