2 0.327774 0.561213 0.030197 0.041433
2 0.391766 0.643493 0.032479 0.047285
2 0.303459 0.724485 0.029319 0.039794
2 0.703213 0.589654 0.034235 0.042135
2 0.637289 0.589068 0.036868 0.041901
2 0.670734 0.586259 0.032830 0.041901
2 0.640186 0.719335 0.032128 0.053839
2 0.636763 0.542954 0.039326 0.051264
2 0.481917 0.683521 0.048455 0.043539
2 0.639484 0.672519 0.037044 0.044944
2 0.269575 0.684574 0.031426 0.047519
2 0.360516 0.561681 0.034586 0.041433
2 0.608936 0.633661 0.032830 0.043539
2 0.577862 0.636470 0.033532 0.065075
2 0.272560 0.735721 0.030021 0.050562
2 0.705144 0.714068 0.031074 0.038624
2 0.234989 0.607561 0.033181 0.042369
2 0.331812 0.689490 0.034059 0.043305
2 0.336464 0.728113 0.034937 0.052669
2 0.640801 0.630852 0.031250 0.041667
2 0.305829 0.648642 0.032654 0.046816
2 0.269136 0.604752 0.036166 0.040964
2 0.673806 0.632022 0.031250 0.047753
2 0.671612 0.714771 0.036692 0.045178
2 0.272121 0.643961 0.032303 0.037921
2 0.361833 0.654377 0.042837 0.056882
2 0.264923 0.563319 0.031601 0.040964
2 0.300913 0.603699 0.033006 0.042603
2 0.242188 0.731390 0.041608 0.050328
2 0.486570 0.724368 0.030021 0.046582
2 0.234112 0.564841 0.032830 0.041667
2 0.332953 0.644780 0.033181 0.044242
2 0.296085 0.562149 0.031777 0.041433
2 0.334796 0.601475 0.034761 0.044242
2 0.237535 0.689022 0.031601 0.044242
2 0.423631 0.638577 0.032303 0.060393
2 0.673016 0.673806 0.030372 0.043305
2 0.484638 0.550328 0.045471 0.042135
2 0.703037 0.671348 0.034586 0.044007
2 0.231303 0.649813 0.047577 0.045412
2 0.705583 0.632140 0.037570 0.042837
2 0.483234 0.640449 0.044768 0.043539
2 0.666433 0.535229 0.034059 0.048923
2 0.481566 0.593048 0.048104 0.041433
2 0.300474 0.684457 0.029670 0.039326
2 0.697331 0.547402 0.032654 0.040964
3 0.601519 0.548631 0.026773 0.035698
3 0.570795 0.548631 0.027651 0.038038
3 0.543583 0.549801 0.031162 0.038038
3 0.513957 0.551557 0.027212 0.036868
3 0.452511 0.554775 0.022823 0.037453
3 0.426615 0.557116 0.029846 0.038624
3 0.394575 0.558579 0.028090 0.041550
3 0.367583 0.599251 0.032040 0.036283
3 0.397428 0.597203 0.028529 0.033357
3 0.426176 0.593984 0.031601 0.036283
3 0.455144 0.591936 0.028090 0.033357
3 0.515713 0.588425 0.024579 0.035698
3 0.544900 0.591058 0.031162 0.036283
3 0.571893 0.587254 0.029846 0.033357
3 0.603933 0.586962 0.029846 0.032772
3 0.544242 0.630559 0.031601 0.035698
3 0.515493 0.632315 0.024140 0.034527
3 0.454486 0.635826 0.024140 0.035698
3 0.428810 0.674450 0.028090 0.033357
3 0.456680 0.673572 0.027651 0.038624
3 0.401159 0.675035 0.028968 0.034527
3 0.367802 0.679424 0.033357 0.024579
3 0.458216 0.713951 0.026334 0.033942
3 0.429468 0.713366 0.028529 0.030431
3 0.400720 0.712781 0.027212 0.032772
3 0.370216 0.713951 0.030284 0.032772
3 0.516810 0.668013 0.026773 0.032186
3 0.546436 0.667135 0.030723 0.032772
3 0.549289 0.703418 0.029407 0.033942
3 0.517468 0.706636 0.031601 0.035698
3 0.576062 0.670353 0.024140 0.026334
3 0.605469 0.666257 0.025895 0.036868
3 0.606785 0.706636 0.032040 0.033357
3 0.576721 0.706344 0.027212 0.031601
0 0.470945 0.638460 0.510007 0.232912
