0 0.491866 0.502107 0.304892 0.406523
3 0.404319 0.374532 0.036166 0.044007
3 0.434164 0.496255 0.036166 0.044007
3 0.555302 0.381086 0.036166 0.044007
3 0.555302 0.460206 0.036166 0.044007
3 0.554951 0.503277 0.036166 0.044007
3 0.463308 0.538390 0.036166 0.044007
3 0.461552 0.620318 0.036166 0.044007
3 0.585147 0.585206 0.036166 0.044007
2 0.365520 0.318703 0.029846 0.042369
2 0.368504 0.362828 0.032654 0.038390
2 0.369294 0.405899 0.031777 0.041199
2 0.367363 0.444171 0.031777 0.040496
2 0.367626 0.487711 0.032303 0.044710
2 0.364466 0.536868 0.029494 0.040028
2 0.364027 0.579120 0.032830 0.041199
2 0.357707 0.620318 0.035288 0.046816
2 0.360077 0.665496 0.028441 0.041667
2 0.389659 0.668773 0.028265 0.049157
2 0.387553 0.626404 0.028968 0.045412
2 0.396770 0.577832 0.030899 0.044710
2 0.397209 0.534293 0.032128 0.043305
2 0.400983 0.447683 0.030197 0.047051
2 0.404407 0.406484 0.029670 0.040964
2 0.398174 0.336025 0.034410 0.042837
2 0.431268 0.323502 0.024754 0.038390
2 0.433374 0.370318 0.031426 0.040262
2 0.435832 0.414209 0.032128 0.044242
2 0.430916 0.459270 0.029670 0.043539
2 0.429775 0.532654 0.028441 0.037687
2 0.429512 0.574438 0.030723 0.043071
2 0.423455 0.618680 0.034410 0.038390
2 0.420032 0.662336 0.028265 0.045178
2 0.451545 0.658240 0.029846 0.041667
2 0.461376 0.577715 0.027388 0.037921
2 0.460147 0.498010 0.028090 0.035346
2 0.462254 0.457982 0.027739 0.037219
2 0.467697 0.420646 0.027739 0.036517
2 0.466907 0.376053 0.029670 0.038155
2 0.462956 0.335557 0.033006 0.045646
2 0.497630 0.331344 0.025456 0.043305
2 0.496752 0.383544 0.032128 0.041901
2 0.498947 0.421582 0.025281 0.035112
2 0.492890 0.459738 0.025808 0.032772
2 0.494382 0.500585 0.029494 0.038624
2 0.492978 0.541316 0.028792 0.040028
2 0.490871 0.584270 0.026685 0.040730
2 0.489993 0.627926 0.027739 0.040964
2 0.480249 0.667252 0.034586 0.042369
2 0.517117 0.669593 0.025105 0.041433
2 0.524052 0.623244 0.032303 0.043773
2 0.520980 0.579003 0.035288 0.045646
2 0.525808 0.533591 0.030548 0.044710
2 0.525369 0.493212 0.027212 0.038390
2 0.524579 0.452832 0.027388 0.037687
2 0.524403 0.410581 0.026334 0.036517
2 0.531513 0.371723 0.026510 0.036517
2 0.528353 0.333216 0.031426 0.045646
2 0.557233 0.337898 0.026685 0.040028
2 0.553107 0.430009 0.028617 0.044944
2 0.551264 0.549860 0.028441 0.044476
2 0.557409 0.591175 0.027388 0.037687
2 0.556004 0.634363 0.027739 0.044944
2 0.548104 0.668773 0.032303 0.050562
2 0.578915 0.670061 0.032830 0.042369
2 0.584182 0.553254 0.030723 0.041901
2 0.582865 0.511470 0.027739 0.040262
2 0.580846 0.468399 0.031426 0.042135
2 0.584972 0.427083 0.025983 0.037687
2 0.584796 0.383778 0.035463 0.044242
2 0.587956 0.340473 0.029143 0.041433
2 0.616222 0.345974 0.036166 0.045412
2 0.619206 0.381788 0.027388 0.034176
2 0.618943 0.423104 0.029319 0.037687
2 0.615256 0.470037 0.031074 0.044944
2 0.612974 0.514396 0.034235 0.043305
2 0.616397 0.554541 0.028090 0.036985
2 0.615607 0.594452 0.033532 0.040028
2 0.620611 0.636119 0.028441 0.039560
2 0.618153 0.677200 0.031601 0.041199
2 0.396945 0.489583 0.027037 0.038155
2 0.587869 0.629916 0.029670 0.040730
