0 0.491280 0.499766 0.308404 0.409644
3 0.372776 0.325765 0.033941 0.044476
3 0.406719 0.327324 0.028090 0.047596
3 0.398232 0.371021 0.022823 0.031992
3 0.370729 0.411206 0.029846 0.037453
3 0.365753 0.537219 0.030430 0.038233
3 0.365169 0.618368 0.026919 0.036674
3 0.462605 0.621489 0.025163 0.035112
3 0.463190 0.538390 0.026334 0.037453
3 0.434515 0.494693 0.026334 0.034333
3 0.464946 0.496255 0.023994 0.035892
3 0.466117 0.459192 0.022823 0.028869
3 0.555946 0.378434 0.023408 0.035892
3 0.554482 0.465824 0.021652 0.029651
3 0.554775 0.504057 0.024579 0.034333
3 0.522881 0.584036 0.028675 0.036674
3 0.583743 0.585985 0.025163 0.029651
3 0.583450 0.625779 0.026919 0.037453
3 0.551264 0.668696 0.029261 0.042135
2 0.370260 0.367509 0.031952 0.043539
2 0.368065 0.446980 0.031074 0.040028
2 0.370348 0.502224 0.030723 0.044710
2 0.364379 0.583801 0.034586 0.041667
2 0.360779 0.665145 0.030548 0.041433
2 0.388518 0.677200 0.027037 0.045880
2 0.387465 0.627341 0.030197 0.044007
2 0.400632 0.573034 0.033708 0.042603
2 0.397209 0.531835 0.035639 0.040730
2 0.403002 0.494265 0.026159 0.036283
2 0.404143 0.454354 0.028090 0.039326
2 0.403353 0.410346 0.030723 0.043539
2 0.423455 0.377809 0.027037 0.039794
2 0.427054 0.333801 0.027563 0.036985
2 0.458831 0.339654 0.032128 0.044007
2 0.467609 0.377809 0.027212 0.036049
2 0.436008 0.416081 0.029319 0.053137
2 0.438553 0.467697 0.029494 0.045412
2 0.435042 0.579354 0.032303 0.044007
2 0.422753 0.618212 0.034761 0.041199
2 0.419417 0.661049 0.026685 0.042135
2 0.449877 0.657069 0.030723 0.043539
2 0.465678 0.584621 0.026159 0.041901
2 0.465239 0.420412 0.031250 0.041199
2 0.497630 0.331461 0.026861 0.042135
2 0.497718 0.410346 0.024930 0.033240
2 0.493768 0.454822 0.025808 0.034176
2 0.492890 0.499883 0.028265 0.036751
2 0.489554 0.544359 0.028617 0.040028
2 0.495260 0.584738 0.025983 0.036049
2 0.487272 0.625702 0.027563 0.039326
2 0.481039 0.666550 0.030899 0.040496
2 0.518083 0.619031 0.028441 0.039092
2 0.524754 0.671582 0.027388 0.040730
2 0.522384 0.537570 0.031426 0.045646
2 0.524579 0.492626 0.025632 0.034878
2 0.527388 0.454003 0.028441 0.037219
2 0.524754 0.412804 0.025983 0.041901
2 0.501843 0.372425 0.033181 0.041667
2 0.525808 0.335791 0.031952 0.045178
2 0.534937 0.374415 0.027739 0.039560
2 0.556882 0.338483 0.029143 0.042135
2 0.553810 0.429892 0.030372 0.047987
2 0.553195 0.547285 0.029143 0.039326
2 0.557760 0.586962 0.029143 0.041433
2 0.557233 0.629916 0.028792 0.043071
2 0.576106 0.669476 0.036692 0.044007
2 0.584006 0.551615 0.032128 0.044710
2 0.582163 0.510183 0.028792 0.039092
2 0.581373 0.467931 0.031777 0.042135
2 0.587869 0.425445 0.030723 0.041901
2 0.584445 0.384363 0.036166 0.045412
2 0.587693 0.340356 0.029319 0.040262
2 0.617539 0.342346 0.035288 0.045178
2 0.618680 0.381788 0.027739 0.035112
2 0.619206 0.422987 0.028792 0.035581
2 0.614993 0.471208 0.030197 0.040730
2 0.612535 0.513460 0.031952 0.041901
2 0.616924 0.553839 0.028441 0.036985
2 0.615871 0.593984 0.033006 0.039092
2 0.616836 0.636002 0.032128 0.039794
2 0.617539 0.677434 0.031777 0.040262
2 0.429073 0.536049 0.026334 0.036985
