0 0.481917 0.582865 0.513226 0.263733
2 0.434077 0.663624 0.032128 0.044944
2 0.657040 0.643610 0.031426 0.042837
2 0.686973 0.605454 0.034410 0.042369
2 0.715590 0.609785 0.033006 0.043071
2 0.373244 0.657889 0.030197 0.041901
2 0.475158 0.493446 0.027212 0.047753
2 0.556794 0.676264 0.030021 0.046348
2 0.657479 0.559223 0.031250 0.040262
2 0.535727 0.501170 0.031074 0.044007
2 0.618329 0.680126 0.030899 0.044710
2 0.528880 0.584972 0.030723 0.046348
2 0.291520 0.472495 0.029670 0.062032
2 0.463659 0.674274 0.030899 0.058287
2 0.382725 0.489349 0.030548 0.040028
2 0.626229 0.642322 0.033357 0.045880
2 0.648876 0.681414 0.029143 0.043539
2 0.594803 0.639864 0.029846 0.045178
2 0.719013 0.566948 0.035288 0.040730
2 0.592433 0.594686 0.032479 0.041901
2 0.311622 0.647940 0.035815 0.042135
2 0.494909 0.667837 0.029846 0.043071
2 0.563290 0.636587 0.034937 0.050328
2 0.257725 0.473666 0.037219 0.041433
2 0.279846 0.643961 0.039326 0.043539
2 0.281777 0.564373 0.033708 0.044944
2 0.319259 0.563319 0.039853 0.039560
2 0.352089 0.483965 0.031777 0.041901
2 0.440660 0.538038 0.030197 0.040496
2 0.623771 0.597495 0.029846 0.042369
2 0.565748 0.549860 0.033883 0.043539
2 0.375263 0.616222 0.031777 0.041433
2 0.318294 0.523174 0.031250 0.040730
2 0.598578 0.510651 0.031074 0.039560
2 0.653265 0.602060 0.040028 0.042135
2 0.687939 0.560978 0.034586 0.041433
2 0.466643 0.575843 0.034059 0.049157
2 0.679600 0.686915 0.029494 0.043773
2 0.344628 0.612711 0.031250 0.043773
2 0.347437 0.531016 0.031952 0.049391
2 0.503950 0.495787 0.032479 0.043539
2 0.470067 0.619850 0.029670 0.045412
2 0.534673 0.546231 0.030723 0.037687
2 0.471647 0.538390 0.027914 0.040262
2 0.343926 0.659761 0.032654 0.054541
2 0.444874 0.493212 0.031952 0.046816
2 0.526071 0.674625 0.030021 0.043539
2 0.718223 0.651451 0.031601 0.043071
2 0.379565 0.536400 0.033006 0.052200
2 0.499649 0.627692 0.028441 0.039560
2 0.410376 0.531601 0.032830 0.041199
2 0.253423 0.598900 0.034937 0.042837
2 0.498859 0.586728 0.028968 0.040496
2 0.597437 0.551849 0.030197 0.041901
2 0.685305 0.647238 0.039150 0.051030
2 0.373332 0.578184 0.034937 0.043539
2 0.440923 0.610370 0.032479 0.048455
2 0.315485 0.606859 0.035463 0.046582
2 0.250176 0.558287 0.032654 0.043071
2 0.413536 0.490637 0.028968 0.040730
2 0.587166 0.679307 0.030723 0.044007
2 0.626756 0.556999 0.031250 0.042369
2 0.713044 0.693586 0.033532 0.044476
2 0.409059 0.614583 0.031250 0.042369
2 0.322507 0.476475 0.030899 0.055478
2 0.660376 0.514513 0.031426 0.046816
2 0.723139 0.524462 0.032303 0.042369
2 0.566450 0.507608 0.032830 0.040496
2 0.501580 0.545763 0.030197 0.040964
2 0.286429 0.524579 0.034937 0.040262
2 0.629038 0.513460 0.031250 0.040496
2 0.413272 0.573502 0.035463 0.042603
2 0.527212 0.629565 0.033357 0.045178
2 0.692855 0.519663 0.033181 0.040730
2 0.404319 0.657654 0.030197 0.042837
2 0.279319 0.607210 0.027388 0.035581
3 0.258076 0.518102 0.040964 0.035892
3 0.253102 0.643727 0.032186 0.040574
3 0.351417 0.566479 0.032186 0.048378
3 0.442709 0.577013 0.031017 0.044476
3 0.563260 0.585985 0.039208 0.043696
