2 0.498947 0.324204 0.025983 0.032772
2 0.417135 0.654026 0.026334 0.034176
2 0.619645 0.381437 0.028617 0.034410
2 0.588659 0.339771 0.030197 0.040496
2 0.521155 0.671348 0.025808 0.036049
2 0.581636 0.469686 0.025632 0.034410
2 0.526159 0.328886 0.025632 0.033708
2 0.588483 0.549508 0.025983 0.035815
2 0.553634 0.676264 0.024754 0.033708
2 0.369382 0.317533 0.026334 0.032537
2 0.487272 0.585089 0.025808 0.034410
2 0.432058 0.327130 0.025983 0.035815
2 0.493153 0.450843 0.026334 0.034176
2 0.525632 0.454588 0.026334 0.034644
2 0.558287 0.334504 0.026685 0.034176
2 0.583743 0.426381 0.026685 0.035346
2 0.612008 0.471910 0.024228 0.032772
2 0.528090 0.500819 0.026334 0.034878
2 0.404143 0.446161 0.028090 0.037921
2 0.456987 0.616573 0.027739 0.036517
2 0.448824 0.655197 0.025105 0.034176
2 0.496225 0.410463 0.026510 0.033942
2 0.583216 0.510534 0.028090 0.039326
2 0.416784 0.613998 0.026334 0.034176
2 0.366924 0.443352 0.026685 0.036049
2 0.494821 0.495669 0.025808 0.034410
2 0.454178 0.418539 0.025983 0.032772
2 0.405987 0.402037 0.027563 0.035346
2 0.386587 0.625234 0.028090 0.036517
2 0.520190 0.616105 0.029494 0.037453
2 0.584796 0.664209 0.029494 0.040964
2 0.357619 0.662102 0.027739 0.036283
2 0.619470 0.549508 0.026159 0.035815
2 0.557760 0.543422 0.026334 0.036283
2 0.507900 0.370435 0.023876 0.034410
2 0.395277 0.491690 0.026159 0.033474
2 0.461728 0.333216 0.027739 0.035346
2 0.387465 0.529260 0.029846 0.032303
2 0.436534 0.463132 0.025456 0.039092
2 0.365959 0.498713 0.027212 0.037687
2 0.483322 0.665964 0.026685 0.037453
2 0.454968 0.504916 0.025105 0.033240
2 0.619119 0.507725 0.031777 0.040262
2 0.589010 0.378628 0.028792 0.033942
2 0.615783 0.675094 0.031426 0.044476
2 0.523086 0.409176 0.024754 0.033708
2 0.618504 0.340590 0.027037 0.033240
2 0.556004 0.407303 0.027388 0.033708
2 0.536868 0.370552 0.026685 0.036985
2 0.367539 0.356390 0.025456 0.033474
2 0.488764 0.628043 0.026334 0.036049
2 0.400281 0.571746 0.029143 0.037687
0 0.491966 0.497075 0.305861 0.404353
3 0.408487 0.331622 0.024603 0.035901
3 0.407432 0.371412 0.023664 0.029654
3 0.380374 0.412683 0.019877 0.027921
3 0.436915 0.416058 0.020600 0.034675
3 0.440204 0.377310 0.021324 0.028965
3 0.468810 0.376919 0.022356 0.029743
3 0.553904 0.377147 0.026348 0.028638
3 0.613841 0.425360 0.019817 0.029869
3 0.554154 0.462551 0.025676 0.030906
3 0.551729 0.502240 0.024338 0.032257
3 0.467742 0.458359 0.022565 0.031887
3 0.432159 0.496566 0.020449 0.033394
3 0.434642 0.533680 0.020734 0.034277
3 0.372328 0.536184 0.011979 0.020559
3 0.375901 0.571154 0.016782 0.029637
3 0.371299 0.612144 0.015772 0.028907
3 0.396464 0.656713 0.015776 0.021290
3 0.431059 0.573656 0.021763 0.029960
3 0.462888 0.574005 0.022219 0.030655
3 0.465098 0.535506 0.021958 0.027004
3 0.490992 0.538162 0.024587 0.029197
3 0.519812 0.537781 0.020195 0.029993
3 0.517289 0.576718 0.021001 0.026721
3 0.548903 0.578654 0.018685 0.029029
3 0.548957 0.620096 0.019963 0.029206
3 0.579961 0.580634 0.018773 0.028310
3 0.578645 0.620585 0.020820 0.027062
3 0.609545 0.580506 0.018250 0.024930
3 0.608288 0.622004 0.018076 0.028340
