0 0.478698 0.611735 0.510300 0.218477
2 0.646243 0.691479 0.031601 0.044944
2 0.342960 0.697331 0.034937 0.059925
2 0.618855 0.526685 0.031601 0.039794
2 0.617451 0.611189 0.032654 0.042135
2 0.622893 0.656601 0.035112 0.046816
2 0.616134 0.694640 0.029670 0.043305
2 0.493855 0.696161 0.030548 0.042603
2 0.400632 0.526217 0.029846 0.040262
2 0.589624 0.655197 0.033883 0.043539
2 0.711201 0.571395 0.034059 0.040262
2 0.494909 0.654026 0.030197 0.037921
2 0.309252 0.692533 0.037746 0.043773
2 0.679688 0.568352 0.032830 0.041199
2 0.277212 0.691596 0.039326 0.041433
2 0.275895 0.613530 0.034937 0.042603
2 0.310744 0.607795 0.036868 0.040028
2 0.431355 0.524110 0.034059 0.045412
2 0.588132 0.529143 0.029846 0.041433
2 0.462254 0.568001 0.030197 0.042837
2 0.616134 0.568937 0.034235 0.041901
2 0.399403 0.568235 0.031952 0.041433
2 0.308374 0.568001 0.033883 0.039560
2 0.648350 0.612828 0.032303 0.044007
2 0.679951 0.610838 0.034410 0.039560
2 0.491836 0.571278 0.029319 0.040028
2 0.431882 0.693001 0.029846 0.050328
2 0.676176 0.692299 0.032830 0.047051
2 0.363325 0.612243 0.034937 0.043305
2 0.555214 0.526568 0.029670 0.039092
2 0.464712 0.652856 0.031601 0.043539
2 0.279670 0.519078 0.030548 0.064373
2 0.455758 0.609199 0.034059 0.041901
2 0.276949 0.654846 0.032128 0.038155
2 0.368680 0.652037 0.032654 0.042837
2 0.368241 0.568937 0.030723 0.044710
2 0.525105 0.696512 0.030899 0.047519
2 0.336903 0.653324 0.031601 0.040730
2 0.371138 0.689958 0.030899 0.046582
2 0.712781 0.654728 0.034059 0.042603
2 0.245172 0.524110 0.037044 0.040262
2 0.430565 0.569757 0.031777 0.042135
2 0.245874 0.648759 0.030372 0.043305
2 0.310832 0.518961 0.030372 0.057116
2 0.486306 0.523642 0.034761 0.042135
2 0.677669 0.653558 0.040379 0.048221
2 0.370084 0.526685 0.031250 0.040730
2 0.308813 0.649579 0.032654 0.043071
2 0.243241 0.608731 0.033532 0.042369
2 0.649403 0.569874 0.031601 0.039092
2 0.402124 0.689139 0.033181 0.050094
2 0.339273 0.524930 0.029670 0.041433
2 0.401071 0.611540 0.036341 0.041901
2 0.585499 0.695927 0.030899 0.043071
2 0.711201 0.697800 0.033357 0.044944
2 0.524930 0.607795 0.030197 0.041901
2 0.710850 0.612945 0.029846 0.040028
2 0.712956 0.529728 0.031601 0.041667
2 0.586640 0.612008 0.032830 0.042837
2 0.524228 0.522472 0.034059 0.044007
2 0.528090 0.567533 0.028792 0.036751
2 0.275808 0.571863 0.033006 0.040730
2 0.559077 0.569640 0.033181 0.044242
2 0.463132 0.698151 0.030548 0.046114
2 0.648525 0.524228 0.030899 0.046114
2 0.337518 0.573502 0.029670 0.045412
2 0.557145 0.651451 0.029670 0.042135
2 0.523876 0.651919 0.032303 0.045880
2 0.682233 0.525983 0.034761 0.041199
3 0.248127 0.567259 0.038624 0.045255
3 0.244909 0.694054 0.034528 0.036674
3 0.405255 0.640606 0.035697 0.039015
3 0.343223 0.610955 0.032186 0.037453
3 0.434515 0.605494 0.034528 0.035892
3 0.436564 0.641777 0.031601 0.047596
3 0.464361 0.526294 0.031017 0.041355
3 0.552435 0.609005 0.030430 0.038233
3 0.586083 0.568041 0.029846 0.037453
3 0.646652 0.648799 0.026919 0.042914
3 0.555653 0.694445 0.032186 0.040574
2 0.494470 0.613179 0.028617 0.040964
