0 0.492743 0.500936 0.307818 0.408864
2 0.364379 0.317650 0.027914 0.041199
2 0.368504 0.367041 0.030899 0.039326
2 0.367275 0.407069 0.027037 0.036985
2 0.366749 0.444405 0.026334 0.034878
2 0.368153 0.488998 0.033006 0.042603
2 0.364993 0.534293 0.030548 0.040496
2 0.361657 0.576194 0.027388 0.036751
2 0.357444 0.619616 0.033006 0.044007
2 0.360867 0.665028 0.029670 0.044007
2 0.390449 0.667486 0.027388 0.040964
2 0.387289 0.627458 0.029143 0.042837
2 0.394663 0.580407 0.035463 0.047519
2 0.396067 0.538624 0.032303 0.042135
2 0.396682 0.496138 0.027212 0.037219
2 0.400895 0.456227 0.030372 0.042603
2 0.403529 0.415730 0.029670 0.039794
2 0.401422 0.373361 0.025105 0.036517
2 0.397121 0.335206 0.031952 0.043071
2 0.431882 0.333567 0.024930 0.035581
2 0.433989 0.375819 0.034761 0.045178
2 0.437061 0.414794 0.032128 0.040262
2 0.434867 0.456227 0.036517 0.042603
2 0.427581 0.499532 0.027914 0.039794
2 0.428810 0.539092 0.030021 0.040730
2 0.430478 0.578184 0.033006 0.042135
2 0.421963 0.618914 0.039501 0.042135
2 0.419505 0.662102 0.028968 0.047051
2 0.450579 0.656952 0.031074 0.045646
2 0.458304 0.620904 0.028617 0.041901
2 0.464098 0.580641 0.027212 0.040028
2 0.458216 0.541081 0.028792 0.039560
2 0.460060 0.499064 0.028968 0.038390
2 0.466292 0.462079 0.025632 0.034644
2 0.470242 0.422051 0.027563 0.041667
2 0.466643 0.376756 0.025983 0.036751
2 0.463220 0.335908 0.029670 0.044476
2 0.496138 0.331461 0.025632 0.039794
2 0.495962 0.384129 0.031601 0.045880
2 0.500263 0.421348 0.025456 0.034644
2 0.496050 0.460440 0.027563 0.037453
2 0.489554 0.501287 0.026510 0.035815
2 0.488325 0.541667 0.026510 0.039326
2 0.494119 0.584621 0.026510 0.038624
2 0.487272 0.626873 0.025808 0.037453
2 0.481566 0.666081 0.031250 0.041433
2 0.516854 0.671582 0.024930 0.036985
2 0.518697 0.623244 0.032128 0.044242
2 0.524491 0.581227 0.032479 0.042603
2 0.521331 0.535932 0.032479 0.052200
2 0.519838 0.493095 0.027037 0.036751
2 0.529407 0.453184 0.037044 0.037921
2 0.526422 0.414209 0.023701 0.036751
2 0.526861 0.373010 0.025632 0.036283
2 0.526685 0.332163 0.027739 0.042135
2 0.557058 0.337079 0.024930 0.038390
2 0.555565 0.378160 0.026861 0.037219
2 0.556970 0.426498 0.026861 0.041199
2 0.551791 0.468633 0.027739 0.038858
2 0.553020 0.508193 0.026685 0.037453
2 0.550474 0.550094 0.028265 0.044944
2 0.556531 0.588366 0.025983 0.037687
2 0.554336 0.630735 0.031777 0.045178
2 0.547928 0.669125 0.030197 0.042837
2 0.578915 0.671934 0.030372 0.041901
2 0.587605 0.632140 0.030548 0.041433
2 0.585762 0.592463 0.028265 0.039794
2 0.582075 0.550445 0.032128 0.042369
2 0.582865 0.510300 0.027388 0.039326
2 0.581110 0.467814 0.029143 0.042369
2 0.587781 0.427200 0.030548 0.040262
2 0.584621 0.384831 0.027388 0.040262
2 0.587693 0.340590 0.029319 0.042603
2 0.617363 0.343984 0.032830 0.042837
2 0.618943 0.382374 0.027914 0.034878
2 0.618768 0.423104 0.026861 0.035346
2 0.615871 0.468633 0.033006 0.045880
2 0.616310 0.553839 0.028617 0.036985
2 0.616573 0.594452 0.030197 0.040028
2 0.620260 0.635300 0.029494 0.039326
2 0.617978 0.676849 0.031250 0.040964
2 0.612623 0.513694 0.032128 0.040964
