2 0.427581 0.332748 0.026861 0.034878
2 0.497367 0.466175 0.033006 0.044242
2 0.399140 0.462898 0.027914 0.039092
2 0.489027 0.503628 0.026861 0.034878
2 0.463044 0.600421 0.030021 0.048221
2 0.463395 0.462196 0.029319 0.038624
2 0.362623 0.327481 0.025456 0.034644
2 0.395716 0.329939 0.026334 0.033006
2 0.429336 0.423806 0.028968 0.041901
2 0.463308 0.595974 0.025632 0.034644
2 0.457514 0.503043 0.025281 0.036049
2 0.359638 0.670061 0.031074 0.041433
2 0.366836 0.413975 0.030372 0.040964
2 0.394048 0.369265 0.027563 0.036283
2 0.493416 0.330524 0.025456 0.037453
2 0.394312 0.631788 0.028792 0.035581
2 0.402037 0.545061 0.027037 0.038624
2 0.460674 0.331227 0.030899 0.041667
2 0.429512 0.470506 0.026510 0.033708
2 0.425386 0.371138 0.025632 0.034410
2 0.363852 0.626522 0.030723 0.043773
2 0.463659 0.552317 0.024579 0.034878
2 0.362360 0.367041 0.027388 0.036985
2 0.397384 0.419007 0.031777 0.044476
2 0.364203 0.579354 0.032128 0.044944
2 0.522033 0.338366 0.033883 0.042369
2 0.427317 0.510417 0.028792 0.038155
2 0.365432 0.499766 0.033883 0.038858
2 0.490783 0.413975 0.026159 0.037219
2 0.392293 0.671231 0.031777 0.043773
2 0.392029 0.589537 0.026334 0.040496
2 0.523174 0.379096 0.028090 0.037219
2 0.459709 0.416199 0.029670 0.040262
2 0.492275 0.546934 0.026334 0.035815
2 0.458392 0.373830 0.027037 0.035112
2 0.363062 0.454588 0.027388 0.036049
2 0.422402 0.597846 0.026685 0.035581
2 0.494031 0.375000 0.025281 0.037453
2 0.368241 0.539443 0.032128 0.044242
2 0.397033 0.506203 0.026510 0.035815
2 0.431794 0.553020 0.025456 0.037219
0 0.488663 0.501698 0.297253 0.397391
3 0.579744 0.507456 0.085049 0.354799
3 0.565604 0.544834 0.112949 0.270382
3 0.549737 0.626208 0.149099 0.117898
3 0.520809 0.646969 0.207116 0.068909
