2 0.614905 0.573034 0.033883 0.040730
2 0.556706 0.528090 0.031250 0.041199
2 0.615256 0.531601 0.033181 0.040262
2 0.522296 0.611423 0.030548 0.041199
2 0.370260 0.514045 0.031601 0.040262
2 0.488237 0.605220 0.037219 0.041433
2 0.638782 0.700492 0.032830 0.061096
2 0.614379 0.657420 0.031777 0.043773
2 0.708216 0.539911 0.034059 0.041901
2 0.403441 0.515918 0.033357 0.052434
2 0.675562 0.576662 0.041081 0.040964
2 0.486833 0.691596 0.029846 0.044710
2 0.583304 0.652505 0.031777 0.044710
2 0.705232 0.708567 0.028441 0.038858
2 0.247542 0.626639 0.048104 0.045412
2 0.614730 0.615988 0.035288 0.043773
2 0.430302 0.559808 0.034761 0.041901
2 0.671436 0.704471 0.035288 0.045646
2 0.368241 0.637992 0.034586 0.061096
2 0.285551 0.543305 0.052844 0.044007
2 0.434515 0.603816 0.035463 0.047051
2 0.313027 0.670178 0.043890 0.048221
2 0.527563 0.652739 0.046699 0.039092
2 0.395190 0.680126 0.032654 0.045646
2 0.706022 0.665964 0.035288 0.046348
2 0.255004 0.501639 0.049684 0.040262
2 0.337693 0.550211 0.041959 0.046114
2 0.280899 0.671699 0.042486 0.056414
2 0.671261 0.658240 0.035990 0.049625
2 0.495435 0.517673 0.032303 0.056414
2 0.481390 0.647472 0.040028 0.040730
2 0.340414 0.595154 0.034059 0.043773
2 0.283006 0.585323 0.049860 0.049860
2 0.426966 0.645014 0.033708 0.041901
2 0.675474 0.616339 0.036341 0.043071
2 0.526246 0.525749 0.028968 0.038858
2 0.526949 0.567767 0.039501 0.046114
2 0.455671 0.688436 0.035639 0.057584
2 0.646331 0.543305 0.031074 0.052903
2 0.674508 0.529494 0.035112 0.049625
3 0.437412 0.517907 0.024052 0.034410
3 0.465765 0.519897 0.025632 0.035112
3 0.464185 0.558521 0.023876 0.033240
3 0.494031 0.562032 0.027037 0.030899
3 0.461991 0.596325 0.021945 0.029728
3 0.404231 0.593048 0.025105 0.035815
3 0.376053 0.590707 0.026685 0.033006
3 0.376580 0.550094 0.025983 0.037921
3 0.403441 0.556180 0.020365 0.031835
3 0.346559 0.509831 0.022121 0.036985
3 0.319435 0.509129 0.031074 0.041199
3 0.294856 0.505384 0.029319 0.035581
3 0.259480 0.544242 0.034410 0.051498
3 0.459709 0.634949 0.025105 0.037219
3 0.553897 0.566831 0.021419 0.033006
3 0.550474 0.605220 0.025456 0.034410
3 0.551352 0.644429 0.024403 0.037921
3 0.578827 0.607327 0.024228 0.033006
3 0.580934 0.568586 0.025632 0.035581
3 0.583567 0.528675 0.022472 0.034410
3 0.641678 0.577598 0.021067 0.032772
3 0.640581 0.613003 0.025018 0.029846
3 0.638825 0.651919 0.023262 0.032772
3 0.703344 0.581987 0.025018 0.036868
3 0.700492 0.619441 0.020190 0.039209
3 0.608761 0.694932 0.025456 0.027505
3 0.576721 0.694347 0.028090 0.029846
3 0.546217 0.685569 0.027651 0.032186
3 0.517468 0.687032 0.028968 0.029260
3 0.425518 0.682058 0.030284 0.027505
3 0.367363 0.680009 0.021945 0.032772
3 0.339712 0.672987 0.022823 0.032772
3 0.340590 0.634656 0.027212 0.033357
3 0.316231 0.629682 0.025018 0.032772
3 0.289896 0.628219 0.033796 0.034527
3 0.314695 0.591936 0.025456 0.028675
3 0.313597 0.549508 0.020629 0.037453
3 0.252590 0.580817 0.019751 0.040379
3 0.250614 0.665087 0.020190 0.028675
0 0.478625 0.603640 0.489379 0.237008
