3 0.367925 0.327542 0.024238 0.041788
3 0.406078 0.374459 0.025639 0.032629
3 0.434914 0.498776 0.023618 0.036255
3 0.463481 0.539305 0.025744 0.031482
3 0.462177 0.619972 0.024307 0.036760
3 0.583483 0.585449 0.026984 0.033256
3 0.553926 0.504092 0.022881 0.032842
3 0.552574 0.463867 0.022518 0.030419
0 0.493452 0.500654 0.301719 0.404295
2 0.370787 0.365637 0.033708 0.042603
2 0.369206 0.405197 0.031250 0.037453
2 0.367539 0.443118 0.028265 0.037921
2 0.367714 0.487711 0.032479 0.044242
2 0.397911 0.490871 0.025105 0.036049
2 0.400720 0.447683 0.030372 0.047519
2 0.403792 0.405431 0.030899 0.044476
2 0.395102 0.336142 0.037395 0.042135
2 0.431531 0.328418 0.025281 0.037921
2 0.432672 0.370318 0.037746 0.043539
2 0.435744 0.414794 0.031601 0.042135
2 0.431619 0.458801 0.031074 0.042603
2 0.430653 0.533006 0.030899 0.039326
2 0.397296 0.534176 0.032654 0.043539
2 0.364379 0.536517 0.030372 0.040730
2 0.375065 0.574888 0.001273 0.000346
2 0.364115 0.578769 0.033006 0.040028
2 0.396419 0.578535 0.033006 0.045178
2 0.358058 0.620552 0.035639 0.045412
2 0.360867 0.665496 0.030372 0.043071
2 0.388957 0.670412 0.028617 0.049625
2 0.388869 0.626170 0.027739 0.043071
2 0.419417 0.662921 0.029846 0.045880
2 0.423192 0.618680 0.035288 0.043071
2 0.450404 0.657889 0.030372 0.044242
2 0.433199 0.576896 0.034235 0.046582
2 0.480162 0.666901 0.036517 0.042603
2 0.490432 0.628862 0.028265 0.043773
2 0.491046 0.584036 0.027388 0.040262
2 0.462079 0.578301 0.027037 0.038624
2 0.492802 0.541550 0.029494 0.040028
2 0.460147 0.498947 0.028441 0.034878
2 0.494645 0.501053 0.026861 0.036751
2 0.492802 0.460323 0.027739 0.035346
2 0.461640 0.459855 0.027212 0.037219
2 0.468399 0.421465 0.027388 0.037219
2 0.499122 0.422051 0.025281 0.035581
2 0.470945 0.378160 0.025105 0.038624
2 0.462079 0.338717 0.034059 0.050094
2 0.497103 0.331929 0.026861 0.043539
2 0.526598 0.333684 0.030021 0.045178
2 0.500176 0.381671 0.031250 0.043305
2 0.531338 0.372308 0.026861 0.037687
2 0.525369 0.410815 0.028968 0.037453
2 0.524754 0.452715 0.027739 0.038858
2 0.525895 0.492860 0.026159 0.037219
2 0.525193 0.535581 0.030372 0.041667
2 0.520629 0.577481 0.031426 0.037921
2 0.524052 0.623596 0.033357 0.044944
2 0.517468 0.670880 0.025808 0.038858
2 0.547314 0.673455 0.028617 0.039326
2 0.578301 0.670061 0.032654 0.043305
2 0.617626 0.677434 0.031952 0.041199
2 0.618943 0.635768 0.031777 0.040262
2 0.587693 0.630384 0.029319 0.040262
2 0.557145 0.634246 0.031426 0.045178
2 0.557058 0.591292 0.028441 0.038858
2 0.616134 0.594452 0.032830 0.040028
2 0.617012 0.553956 0.030372 0.037219
2 0.583216 0.552903 0.027739 0.041667
2 0.551879 0.550679 0.030372 0.043773
2 0.583041 0.510885 0.027037 0.039560
2 0.612096 0.514162 0.032830 0.042837
2 0.615871 0.469218 0.032303 0.047051
2 0.580758 0.468165 0.029846 0.042135
2 0.587781 0.426381 0.031250 0.039560
2 0.553020 0.429307 0.032303 0.043071
2 0.584533 0.384246 0.036341 0.045178
2 0.618768 0.381788 0.027563 0.035112
2 0.616924 0.342697 0.034410 0.044476
2 0.587956 0.340122 0.029494 0.040262
2 0.556706 0.338132 0.027739 0.040964
3 0.554900 0.381678 0.021317 0.034579
