0 0.483673 0.590278 0.520248 0.264513
2 0.434252 0.665613 0.031074 0.046582
2 0.656426 0.645716 0.031952 0.047051
2 0.687237 0.606039 0.034586 0.042603
2 0.716117 0.609785 0.033006 0.043071
2 0.344716 0.661868 0.033532 0.056882
2 0.557409 0.676966 0.030197 0.046816
2 0.657742 0.559457 0.031074 0.040730
2 0.535990 0.502458 0.032654 0.044242
2 0.655987 0.602294 0.033883 0.041199
2 0.618768 0.681063 0.031074 0.044710
2 0.529143 0.587547 0.030548 0.042603
2 0.291433 0.476358 0.031250 0.061330
2 0.526949 0.631905 0.031777 0.045646
2 0.382637 0.490520 0.030723 0.040496
2 0.626843 0.643375 0.033532 0.045646
2 0.498859 0.588951 0.028968 0.039326
2 0.313027 0.608614 0.034761 0.046348
2 0.649842 0.682233 0.028617 0.042837
2 0.719189 0.567416 0.035639 0.040730
2 0.443996 0.495201 0.032303 0.046582
2 0.624034 0.598315 0.031074 0.041667
2 0.310832 0.653792 0.035639 0.043539
2 0.626843 0.557350 0.030723 0.042603
2 0.412834 0.493212 0.029670 0.041199
2 0.495172 0.669593 0.030372 0.042369
2 0.592784 0.595857 0.032479 0.043305
2 0.257374 0.477879 0.036517 0.040496
2 0.283883 0.568703 0.031952 0.047519
2 0.504038 0.498127 0.033708 0.043071
2 0.411254 0.534761 0.030372 0.040496
2 0.441275 0.539794 0.030372 0.040730
2 0.376843 0.578769 0.034235 0.043773
2 0.318645 0.525983 0.032654 0.040262
2 0.598490 0.511587 0.030899 0.039560
2 0.252370 0.601358 0.036692 0.044944
2 0.687061 0.561330 0.031426 0.041199
2 0.680039 0.687617 0.030372 0.043305
2 0.471471 0.622308 0.028968 0.046114
2 0.467170 0.578886 0.034410 0.047753
2 0.343399 0.614349 0.033708 0.041901
2 0.471383 0.540379 0.028090 0.038624
2 0.281864 0.648057 0.037395 0.044242
2 0.526422 0.675796 0.029670 0.044007
2 0.563641 0.637406 0.034937 0.050094
2 0.373683 0.659527 0.029319 0.041901
2 0.718926 0.651685 0.030548 0.043539
2 0.381057 0.533708 0.031074 0.044476
2 0.246050 0.646184 0.044417 0.043305
2 0.502195 0.547753 0.030723 0.042135
2 0.322068 0.482210 0.030372 0.051030
2 0.474192 0.495552 0.028792 0.047285
2 0.686271 0.647823 0.038624 0.050796
2 0.348754 0.568001 0.031074 0.049391
2 0.441713 0.613530 0.034059 0.047753
2 0.351475 0.486891 0.030548 0.040730
2 0.315923 0.567182 0.031074 0.039794
2 0.251492 0.561330 0.031426 0.042135
2 0.587518 0.679775 0.031074 0.044007
2 0.713834 0.693703 0.033708 0.044710
2 0.406689 0.619148 0.033181 0.043539
2 0.535376 0.548455 0.031426 0.044007
2 0.660288 0.514981 0.031250 0.046816
2 0.723051 0.524228 0.032128 0.042837
2 0.597876 0.553488 0.030723 0.040496
2 0.566011 0.509597 0.032654 0.040262
2 0.287219 0.528675 0.033006 0.040496
2 0.566187 0.551264 0.033357 0.044007
2 0.595506 0.641035 0.030899 0.044242
2 0.464273 0.675562 0.031426 0.057584
2 0.629126 0.514279 0.031426 0.039794
2 0.372805 0.621021 0.032479 0.040730
2 0.349368 0.526685 0.033357 0.038858
2 0.411517 0.576662 0.033708 0.041901
2 0.500176 0.629331 0.028792 0.040028
2 0.693206 0.520365 0.032830 0.040262
2 0.403880 0.660932 0.030372 0.043305
3 0.562091 0.591449 0.033357 0.037453
3 0.445927 0.579354 0.040964 0.044476
3 0.261587 0.521224 0.033941 0.048378
2 0.279055 0.610721 0.026159 0.035581
