2 0.413711 0.661049 0.034937 0.043071
2 0.499034 0.325023 0.027212 0.034878
2 0.437412 0.463834 0.027563 0.044710
2 0.619645 0.382491 0.029319 0.036517
2 0.580583 0.467463 0.027037 0.039326
2 0.521594 0.406601 0.025632 0.034176
2 0.535815 0.371723 0.027388 0.040262
2 0.369909 0.319171 0.028441 0.035815
2 0.401685 0.321395 0.025983 0.035581
2 0.527475 0.457046 0.026861 0.037219
2 0.555214 0.631788 0.026861 0.040262
2 0.588922 0.550679 0.029670 0.044710
2 0.461464 0.337430 0.033883 0.045178
2 0.584357 0.384597 0.036341 0.047285
2 0.614291 0.470623 0.029494 0.036283
2 0.519575 0.671348 0.026861 0.036049
2 0.618065 0.342931 0.033532 0.039794
2 0.359024 0.660581 0.031601 0.039794
2 0.558462 0.336259 0.026685 0.038155
2 0.615520 0.675211 0.031601 0.044710
2 0.447419 0.653675 0.032128 0.045178
2 0.583304 0.510885 0.027914 0.040496
2 0.421699 0.613881 0.037219 0.041433
2 0.397647 0.493797 0.029494 0.036751
2 0.367978 0.443937 0.030548 0.037687
2 0.575053 0.668071 0.037044 0.044007
2 0.401773 0.571395 0.033181 0.042603
2 0.527300 0.331344 0.030021 0.043305
2 0.488237 0.628043 0.027388 0.036049
2 0.494558 0.412102 0.026685 0.037219
2 0.405197 0.400398 0.030197 0.040496
2 0.386148 0.627458 0.027212 0.037219
2 0.553985 0.585791 0.030021 0.037687
2 0.518171 0.612828 0.032128 0.048689
2 0.368416 0.358146 0.026159 0.037453
2 0.620084 0.549977 0.029494 0.040028
2 0.556355 0.544125 0.029143 0.037687
2 0.504916 0.370552 0.031952 0.043071
2 0.513782 0.549625 0.025105 0.035112
2 0.387289 0.530899 0.030197 0.035112
2 0.489203 0.585206 0.026510 0.036985
2 0.363150 0.579471 0.034235 0.040496
2 0.464098 0.418071 0.028265 0.045412
2 0.367012 0.502341 0.028265 0.047753
2 0.583831 0.425094 0.025456 0.034176
2 0.480688 0.665379 0.035112 0.041433
2 0.431092 0.328652 0.025105 0.035581
2 0.457251 0.580641 0.027212 0.039092
2 0.617802 0.507959 0.036166 0.041199
2 0.587430 0.378511 0.028792 0.032772
2 0.552142 0.425445 0.031250 0.058287
2 0.588746 0.339654 0.029670 0.040730
2 0.401334 0.443937 0.030899 0.040028
2 0.516678 0.549860 0.030548 0.057584
0 0.491858 0.499130 0.303738 0.405173
3 0.405837 0.369604 0.023987 0.030716
3 0.380142 0.411344 0.019412 0.028366
3 0.372516 0.532470 0.020546 0.034974
3 0.366922 0.613230 0.022233 0.034202
3 0.396085 0.657140 0.026721 0.029949
3 0.549175 0.661929 0.022741 0.028603
3 0.579944 0.622612 0.019907 0.027996
3 0.609384 0.624984 0.020265 0.028057
3 0.611139 0.582942 0.022609 0.031362
3 0.580930 0.581096 0.020711 0.030794
3 0.520355 0.581934 0.028302 0.027786
3 0.431986 0.576451 0.023615 0.035552
3 0.434826 0.533989 0.023445 0.033336
3 0.463155 0.535396 0.025093 0.031468
3 0.491254 0.537125 0.023941 0.030246
3 0.613906 0.425597 0.021118 0.031905
3 0.556422 0.378088 0.024359 0.035201
3 0.553072 0.462720 0.021173 0.029684
3 0.554538 0.500789 0.021764 0.034036
3 0.521310 0.499281 0.023192 0.032582
3 0.495532 0.458500 0.024305 0.033729
3 0.494902 0.497938 0.021875 0.031458
3 0.464881 0.496814 0.021520 0.029209
3 0.436455 0.495183 0.019682 0.029068
3 0.467500 0.460227 0.019738 0.026257
3 0.437893 0.417736 0.022558 0.030229
3 0.438155 0.376133 0.023079 0.029731
3 0.469206 0.376779 0.021980 0.031023
