2 0.383866 0.668773 0.026510 0.038858
2 0.404231 0.455173 0.026861 0.038155
2 0.582953 0.423104 0.028617 0.040496
2 0.615783 0.427551 0.027563 0.039560
2 0.536605 0.370552 0.025808 0.036985
2 0.587605 0.549860 0.028792 0.036985
2 0.368768 0.318820 0.026159 0.035112
2 0.488940 0.627458 0.026685 0.037219
2 0.401071 0.321395 0.026510 0.033708
2 0.493504 0.452364 0.026685 0.034878
2 0.521419 0.415028 0.026334 0.033240
2 0.580758 0.662804 0.027739 0.038624
2 0.518961 0.615988 0.029494 0.040964
2 0.463044 0.333450 0.028968 0.036283
2 0.549508 0.675094 0.026334 0.036049
2 0.366924 0.444757 0.027739 0.035581
2 0.558813 0.335440 0.026334 0.036985
2 0.616836 0.635768 0.028265 0.034644
2 0.582338 0.506905 0.029846 0.040496
2 0.396243 0.535346 0.027037 0.035581
2 0.400193 0.496606 0.025808 0.035815
2 0.612184 0.471559 0.026685 0.033942
2 0.615520 0.675328 0.030899 0.043539
2 0.527651 0.327832 0.026861 0.035346
2 0.619645 0.382140 0.028617 0.035346
2 0.364905 0.623244 0.028265 0.037687
2 0.416520 0.612711 0.028265 0.035815
2 0.621313 0.508427 0.026685 0.036517
2 0.416959 0.655548 0.028441 0.039092
2 0.366836 0.359082 0.026861 0.034176
2 0.458392 0.617509 0.027037 0.036049
2 0.398789 0.361891 0.026861 0.035581
2 0.356917 0.661868 0.026334 0.036751
2 0.619470 0.549743 0.026510 0.036751
2 0.587956 0.546934 0.034761 0.048923
2 0.499210 0.324204 0.026510 0.033240
2 0.618416 0.591058 0.027212 0.033708
2 0.487623 0.584036 0.026510 0.036049
2 0.366046 0.534761 0.025983 0.037219
2 0.408093 0.412336 0.027914 0.035815
2 0.481917 0.665847 0.030548 0.038155
2 0.449438 0.656835 0.027037 0.037453
2 0.617626 0.507257 0.037921 0.042135
2 0.585938 0.379448 0.028617 0.037453
2 0.527037 0.456461 0.025632 0.035581
2 0.431794 0.325843 0.024754 0.034644
2 0.619119 0.340239 0.027914 0.034410
2 0.504828 0.371957 0.030021 0.043539
2 0.553107 0.406601 0.025808 0.033708
2 0.373244 0.404846 0.029143 0.038155
2 0.588922 0.339302 0.030021 0.040028
2 0.368943 0.573385 0.028617 0.038155
2 0.370787 0.493563 0.029494 0.038155
2 0.520541 0.671231 0.026334 0.035815
2 0.386060 0.668305 0.032303 0.058052
0 0.492102 0.497824 0.303249 0.404731
3 0.438111 0.376264 0.024163 0.029993
3 0.469243 0.377069 0.022056 0.031603
3 0.552137 0.377573 0.026325 0.024810
3 0.437158 0.415913 0.021083 0.028144
3 0.467728 0.416917 0.022535 0.030154
3 0.495084 0.419632 0.023408 0.030901
3 0.553134 0.461489 0.020126 0.033467
3 0.582379 0.463888 0.018924 0.035140
3 0.551989 0.501690 0.021348 0.031156
3 0.579593 0.580719 0.019205 0.030040
3 0.579494 0.621704 0.020177 0.027739
3 0.548141 0.619600 0.021845 0.025094
3 0.548557 0.579061 0.020335 0.029846
3 0.550104 0.540098 0.021085 0.031507
3 0.517716 0.579600 0.021854 0.029363
3 0.519789 0.536973 0.020149 0.031498
3 0.520709 0.498270 0.020820 0.035241
3 0.492969 0.498254 0.027370 0.033647
3 0.491475 0.536014 0.025553 0.035822
3 0.461792 0.573741 0.024709 0.030129
3 0.430551 0.574157 0.023088 0.030962
3 0.398346 0.611351 0.016029 0.027320
3 0.401448 0.572640 0.019889 0.029485
3 0.433494 0.535583 0.021950 0.028717
3 0.462669 0.534211 0.025291 0.035337
3 0.465214 0.497310 0.023358 0.030199
3 0.467094 0.458537 0.021269 0.032240
3 0.436629 0.455559 0.021201 0.029410
3 0.434199 0.494391 0.022189 0.030604
