2 0.431882 0.689373 0.028441 0.043539
2 0.586376 0.727528 0.031250 0.048689
2 0.361394 0.604635 0.035288 0.043539
2 0.673718 0.589068 0.040555 0.047519
2 0.612096 0.552669 0.030372 0.042135
2 0.336991 0.693001 0.037044 0.050328
2 0.551527 0.558287 0.029670 0.042603
2 0.587956 0.684106 0.037570 0.041433
2 0.521419 0.550913 0.033357 0.046114
2 0.491661 0.722144 0.030372 0.053839
2 0.393873 0.565309 0.030021 0.041199
2 0.489730 0.602762 0.031777 0.042603
2 0.549245 0.686447 0.033181 0.052669
2 0.456373 0.556063 0.031777 0.043305
2 0.517205 0.681648 0.035463 0.046816
2 0.644926 0.628043 0.033883 0.047285
2 0.305916 0.651217 0.042662 0.047285
2 0.423806 0.560510 0.032654 0.047051
2 0.581812 0.554073 0.029494 0.041199
2 0.431092 0.732912 0.031074 0.044476
2 0.614379 0.639396 0.031074 0.041433
2 0.330846 0.608614 0.033532 0.045412
2 0.460499 0.607210 0.035463 0.048689
2 0.643171 0.715824 0.033883 0.045412
2 0.451896 0.649696 0.035112 0.045178
2 0.367714 0.689490 0.032830 0.047987
2 0.363764 0.563670 0.032654 0.040730
2 0.250966 0.733848 0.043715 0.051498
2 0.556180 0.733029 0.032654 0.050796
2 0.523613 0.726709 0.030372 0.047051
2 0.368504 0.646419 0.032303 0.043305
2 0.642117 0.560042 0.031426 0.059223
2 0.398350 0.686915 0.034410 0.053137
2 0.674860 0.714654 0.035463 0.053371
2 0.238325 0.569874 0.033181 0.041433
2 0.427317 0.608263 0.028792 0.043305
2 0.253423 0.688904 0.050386 0.052903
2 0.639572 0.673338 0.036517 0.041901
2 0.301527 0.566479 0.031777 0.041667
2 0.487184 0.555712 0.030899 0.049157
2 0.490256 0.647472 0.035990 0.045412
2 0.396857 0.608731 0.033883 0.048923
2 0.580758 0.600304 0.030899 0.039560
2 0.461991 0.732795 0.030021 0.052200
2 0.704881 0.625936 0.042837 0.043071
2 0.613062 0.597144 0.035463 0.041667
2 0.615520 0.720272 0.031952 0.045880
2 0.332075 0.565192 0.028968 0.040496
2 0.269048 0.568001 0.032128 0.041433
2 0.580671 0.642790 0.032830 0.041199
2 0.337254 0.652154 0.032303 0.043071
2 0.464273 0.686915 0.035288 0.043773
3 0.518785 0.595740 0.029846 0.039794
3 0.549070 0.592814 0.030723 0.033942
3 0.520980 0.633193 0.028968 0.042135
3 0.552142 0.634949 0.029846 0.033942
3 0.402914 0.643727 0.031601 0.032772
3 0.432321 0.643727 0.027212 0.037453
3 0.669768 0.553020 0.028090 0.033942
3 0.694347 0.548338 0.024579 0.033942
3 0.699175 0.587547 0.023701 0.035112
3 0.671524 0.630852 0.026334 0.035112
3 0.675474 0.669476 0.037746 0.039794
3 0.707514 0.669476 0.029846 0.046816
3 0.703564 0.712196 0.037746 0.045646
3 0.400281 0.735019 0.028090 0.039794
3 0.363852 0.735019 0.030723 0.035112
3 0.332251 0.735604 0.034235 0.038624
3 0.295383 0.732678 0.034235 0.039794
3 0.293627 0.688202 0.032479 0.039794
3 0.312324 0.605805 0.017907 0.042135
3 0.285815 0.607444 0.027388 0.032303
3 0.255091 0.609082 0.029143 0.034644
3 0.285815 0.647238 0.025983 0.032303
3 0.255442 0.649579 0.029143 0.036049
0 0.475899 0.642790 0.494466 0.234082
