0 0.490403 0.501327 0.310159 0.414326
3 0.406719 0.369850 0.026919 0.034333
3 0.405548 0.411985 0.028090 0.035892
3 0.399110 0.573893 0.029261 0.038233
3 0.397647 0.615637 0.028675 0.034333
3 0.392087 0.658942 0.021067 0.046037
3 0.428955 0.577404 0.028090 0.039015
3 0.430420 0.534099 0.028675 0.039794
3 0.433638 0.497034 0.026919 0.028090
3 0.433931 0.413546 0.020483 0.037453
3 0.438611 0.372191 0.027505 0.035892
3 0.469043 0.374532 0.031017 0.037453
3 0.495084 0.417837 0.025750 0.031992
3 0.465823 0.457240 0.024579 0.035892
3 0.464068 0.497425 0.024579 0.035112
3 0.462021 0.536440 0.029846 0.041355
3 0.459972 0.579745 0.028090 0.037453
3 0.491866 0.540339 0.027505 0.038233
3 0.556238 0.461922 0.028675 0.039015
3 0.585205 0.461533 0.026919 0.042914
3 0.553604 0.504057 0.028090 0.034333
3 0.522881 0.539951 0.026334 0.037453
3 0.518785 0.578963 0.031017 0.026529
3 0.551557 0.584036 0.027505 0.035112
3 0.548337 0.624221 0.028090 0.035892
3 0.582865 0.584426 0.024579 0.037453
3 0.582865 0.626170 0.026919 0.039794
3 0.615637 0.583645 0.029261 0.037453
3 0.614759 0.632022 0.034528 0.048378
3 0.559749 0.376482 0.023994 0.028869
2 0.369821 0.320693 0.028968 0.039794
2 0.368592 0.360253 0.027563 0.039794
2 0.371225 0.403792 0.033883 0.041667
2 0.368416 0.443586 0.032830 0.043539
2 0.369119 0.490520 0.030021 0.038155
2 0.364203 0.531133 0.030372 0.044007
2 0.368943 0.578535 0.032128 0.045646
2 0.364466 0.623244 0.042486 0.044242
2 0.359112 0.661400 0.031426 0.038155
2 0.420822 0.613647 0.036868 0.046114
2 0.395453 0.533006 0.033883 0.045880
2 0.400632 0.493797 0.028441 0.036751
2 0.402300 0.450257 0.032128 0.047519
2 0.401159 0.325375 0.025983 0.040262
2 0.432233 0.326077 0.024930 0.036049
2 0.438114 0.465707 0.031426 0.047051
2 0.415028 0.655782 0.029846 0.041433
2 0.449350 0.653792 0.035990 0.046816
2 0.458041 0.617743 0.028441 0.036985
2 0.457514 0.419593 0.034059 0.042837
2 0.462605 0.337313 0.032303 0.043539
2 0.498859 0.328769 0.026159 0.042837
2 0.492714 0.452949 0.026510 0.041667
2 0.492626 0.496489 0.027388 0.035581
2 0.488588 0.582631 0.027739 0.039794
2 0.489115 0.626522 0.027739 0.040964
2 0.482532 0.665613 0.028968 0.039560
2 0.518961 0.612594 0.031601 0.051030
2 0.521067 0.669476 0.026334 0.040262
2 0.528529 0.499532 0.024754 0.036049
2 0.524491 0.456344 0.025456 0.036283
2 0.520190 0.408240 0.024228 0.031367
2 0.503160 0.371138 0.033006 0.042837
2 0.528090 0.333216 0.029143 0.043773
2 0.537044 0.369967 0.024579 0.034878
2 0.558813 0.336376 0.026685 0.040262
2 0.552756 0.412804 0.030021 0.046582
2 0.555653 0.543656 0.029494 0.038624
2 0.554600 0.671231 0.026334 0.044242
2 0.584445 0.667720 0.031250 0.048455
2 0.589449 0.548338 0.033181 0.047051
2 0.580495 0.423689 0.034586 0.041199
2 0.585147 0.380384 0.030899 0.038858
2 0.589185 0.338951 0.029143 0.039794
2 0.619733 0.342463 0.034761 0.046348
2 0.618943 0.382257 0.028617 0.035581
2 0.614203 0.428605 0.034586 0.043071
2 0.613940 0.472261 0.029143 0.039560
2 0.619821 0.550094 0.025456 0.036985
2 0.616046 0.675679 0.030548 0.042369
2 0.582953 0.508076 0.028265 0.040496
2 0.617451 0.507842 0.035112 0.040028
