2 0.460762 0.322214 0.026861 0.035815
2 0.610516 0.473432 0.029670 0.034410
2 0.400193 0.420061 0.031426 0.040496
2 0.584533 0.341994 0.029670 0.040730
2 0.579705 0.427083 0.025632 0.032069
2 0.553897 0.337430 0.025983 0.034878
2 0.582075 0.629682 0.026861 0.034644
2 0.523086 0.336142 0.033181 0.045880
2 0.550474 0.677551 0.025456 0.037219
2 0.522823 0.546699 0.030197 0.040028
2 0.362798 0.327832 0.024754 0.035346
2 0.522823 0.616807 0.030899 0.052434
2 0.426966 0.332748 0.026334 0.033942
2 0.466731 0.423572 0.028265 0.039092
2 0.497893 0.416199 0.028792 0.036049
2 0.401510 0.550328 0.028792 0.036517
2 0.581461 0.666081 0.028792 0.034410
2 0.615695 0.593984 0.029143 0.036283
2 0.520541 0.675211 0.025983 0.037219
2 0.615169 0.383778 0.027037 0.036283
2 0.363764 0.622308 0.028441 0.040496
2 0.367714 0.500819 0.033532 0.037219
2 0.582163 0.669007 0.034410 0.052434
2 0.401334 0.464185 0.027739 0.038390
2 0.523525 0.331929 0.029143 0.036985
2 0.491749 0.375585 0.026334 0.034410
2 0.457426 0.372776 0.027563 0.035815
2 0.369382 0.579354 0.029143 0.035112
2 0.552405 0.632842 0.027914 0.038624
2 0.524228 0.620904 0.026334 0.034878
2 0.456812 0.503628 0.025632 0.035346
2 0.613325 0.341409 0.025808 0.033942
2 0.399754 0.590941 0.031952 0.038624
2 0.362447 0.368680 0.026861 0.034644
2 0.424684 0.368680 0.025281 0.034176
2 0.435393 0.420061 0.028792 0.034410
2 0.614379 0.553722 0.028617 0.037219
2 0.393697 0.369382 0.027212 0.033708
2 0.494733 0.330524 0.023876 0.036985
2 0.616924 0.638109 0.027739 0.035581
2 0.491661 0.500000 0.026861 0.035581
2 0.395277 0.329354 0.026510 0.033708
2 0.364291 0.455290 0.028090 0.035112
2 0.581285 0.380969 0.026334 0.033474
2 0.418100 0.619031 0.028617 0.040964
2 0.612184 0.428020 0.025983 0.035346
2 0.615520 0.677083 0.030197 0.042837
2 0.576282 0.431999 0.035639 0.045646
2 0.612184 0.513226 0.027037 0.036751
2 0.518961 0.381437 0.025983 0.034878
2 0.367978 0.413858 0.031601 0.039794
2 0.548982 0.385300 0.025983 0.038858
2 0.457690 0.552551 0.026334 0.035815
2 0.368329 0.541784 0.030548 0.036751
2 0.490081 0.544476 0.027212 0.036049
2 0.388430 0.662219 0.026510 0.035581
0 0.488666 0.502666 0.294905 0.393426
3 0.520792 0.424101 0.022152 0.035159
3 0.550019 0.425063 0.023260 0.029279
3 0.579333 0.465489 0.022195 0.030541
3 0.550033 0.464522 0.022119 0.033289
3 0.519582 0.463146 0.020908 0.033659
3 0.492741 0.463823 0.024572 0.031887
3 0.464280 0.463542 0.019150 0.031327
3 0.432502 0.461676 0.022307 0.030716
3 0.402439 0.501021 0.020702 0.032942
3 0.431891 0.500250 0.023423 0.031400
3 0.432386 0.539920 0.019735 0.026472
3 0.431243 0.579654 0.020960 0.027910
3 0.397574 0.623947 0.017995 0.024424
3 0.370678 0.654600 0.020381 0.020183
3 0.427116 0.657301 0.027921 0.028708
3 0.458241 0.657896 0.025797 0.022095
3 0.487381 0.658535 0.029068 0.020250
3 0.461241 0.619628 0.024777 0.026709
3 0.459944 0.581777 0.023353 0.029190
3 0.489895 0.581526 0.025902 0.026971
3 0.489954 0.620353 0.027195 0.028160
3 0.519617 0.582533 0.019805 0.030545
3 0.548652 0.582399 0.019356 0.030279
3 0.548448 0.544551 0.020620 0.029485
3 0.518388 0.502388 0.019689 0.032551
3 0.548204 0.502657 0.019628 0.036213
3 0.579673 0.545843 0.024047 0.035192
3 0.579830 0.584017 0.022021 0.033511
3 0.580658 0.505005 0.021334 0.036229
