2 0.459357 0.325023 0.025456 0.035815
2 0.610516 0.472378 0.030021 0.036517
2 0.425123 0.369031 0.025456 0.033942
2 0.389484 0.672636 0.029319 0.037219
2 0.401510 0.449555 0.025983 0.032537
2 0.583831 0.341643 0.029319 0.040964
2 0.579793 0.427083 0.025105 0.033474
2 0.553722 0.337430 0.025983 0.034878
2 0.581900 0.629331 0.026861 0.035815
2 0.550035 0.677551 0.025281 0.037219
2 0.362886 0.327715 0.024579 0.035112
2 0.395190 0.329588 0.027037 0.033240
2 0.581548 0.667135 0.029319 0.037453
2 0.522999 0.615988 0.030899 0.051732
2 0.615783 0.593984 0.028968 0.037219
2 0.455758 0.328301 0.037219 0.044242
2 0.520980 0.675445 0.026159 0.037219
2 0.489379 0.501639 0.026861 0.035581
2 0.615081 0.383895 0.026861 0.036049
2 0.357444 0.670763 0.028441 0.040964
2 0.367451 0.539560 0.030899 0.039326
2 0.367626 0.498127 0.034059 0.037921
2 0.424421 0.619148 0.031777 0.039326
2 0.419856 0.664209 0.026861 0.037687
2 0.456110 0.374298 0.026334 0.035581
2 0.396419 0.587430 0.031601 0.037687
2 0.523438 0.332280 0.029670 0.036751
2 0.457690 0.502809 0.025632 0.035112
2 0.364817 0.580290 0.030899 0.042135
2 0.491397 0.375117 0.024930 0.034410
2 0.391766 0.628745 0.029670 0.040262
2 0.392907 0.369382 0.027037 0.034176
2 0.552317 0.632608 0.027739 0.040028
2 0.490081 0.546934 0.027563 0.037219
2 0.613588 0.341643 0.025281 0.033006
2 0.362184 0.367978 0.026334 0.034644
2 0.405021 0.409527 0.031250 0.040028
2 0.493680 0.330875 0.025983 0.035346
2 0.616573 0.637992 0.027739 0.035815
2 0.459621 0.552551 0.027388 0.035346
2 0.363062 0.626404 0.025632 0.037921
2 0.363764 0.453535 0.027388 0.035346
2 0.581197 0.380735 0.026159 0.033006
2 0.427054 0.332514 0.025808 0.033474
2 0.398876 0.546582 0.030197 0.038858
2 0.612272 0.428488 0.026510 0.036751
2 0.615520 0.677200 0.029846 0.042603
2 0.612184 0.513109 0.026685 0.037453
2 0.518785 0.380384 0.025281 0.035581
2 0.367978 0.412453 0.031601 0.038858
2 0.548631 0.384949 0.026334 0.039092
2 0.614466 0.553722 0.028792 0.036751
2 0.451282 0.657654 0.029319 0.047987
0 0.489252 0.503030 0.296075 0.393265
3 0.431721 0.422264 0.027765 0.033043
3 0.463613 0.420960 0.024837 0.035115
3 0.493127 0.423003 0.021833 0.032961
3 0.520400 0.424216 0.021371 0.033823
3 0.551185 0.426065 0.023250 0.031280
3 0.581268 0.468495 0.020214 0.028748
3 0.581770 0.506669 0.020046 0.030190
3 0.581278 0.543532 0.022574 0.036816
3 0.580009 0.582793 0.021206 0.031065
3 0.548039 0.583708 0.021640 0.032896
3 0.548834 0.543439 0.022059 0.033507
3 0.548452 0.505094 0.023634 0.031723
3 0.549482 0.465281 0.022186 0.033247
3 0.519631 0.464604 0.022177 0.033450
3 0.518731 0.503684 0.022714 0.032027
3 0.518764 0.541299 0.022779 0.030787
3 0.519603 0.583176 0.025630 0.028715
3 0.489759 0.581807 0.024465 0.027533
3 0.489043 0.619192 0.026541 0.027397
3 0.488587 0.659164 0.025629 0.024632
3 0.459781 0.620723 0.025365 0.025779
3 0.460481 0.583631 0.023257 0.023380
3 0.430899 0.581561 0.024954 0.031723
3 0.433269 0.539230 0.022672 0.026648
3 0.433100 0.501292 0.022333 0.031924
3 0.403023 0.500449 0.018358 0.033357
3 0.431280 0.461877 0.023374 0.032680
3 0.462978 0.463254 0.024738 0.030754
3 0.492756 0.463027 0.024603 0.028736
