2 0.303020 0.725187 0.030899 0.047285
2 0.357093 0.600070 0.033006 0.043773
2 0.488676 0.710674 0.030021 0.053371
2 0.298631 0.680478 0.034059 0.043071
2 0.572419 0.633778 0.033532 0.044242
2 0.513606 0.540613 0.032128 0.046114
2 0.460411 0.674157 0.035990 0.043539
2 0.424947 0.725538 0.032479 0.048923
2 0.446366 0.637406 0.035639 0.045412
2 0.421787 0.597144 0.029319 0.042603
2 0.334270 0.682467 0.038624 0.045178
2 0.698034 0.663390 0.044593 0.048689
2 0.451282 0.546231 0.034235 0.043305
2 0.272033 0.732795 0.031426 0.044710
2 0.484375 0.636119 0.035815 0.047987
2 0.238325 0.729284 0.035990 0.044242
2 0.265713 0.644078 0.038097 0.041433
2 0.301088 0.601358 0.037570 0.042603
2 0.425913 0.678488 0.029494 0.041433
2 0.417135 0.550211 0.032303 0.045646
2 0.356742 0.556999 0.031952 0.041901
2 0.668364 0.704822 0.035815 0.051030
2 0.543978 0.591292 0.031074 0.042603
2 0.237272 0.685861 0.028968 0.043539
2 0.576457 0.592580 0.035639 0.046582
2 0.453125 0.595506 0.033357 0.049625
2 0.390625 0.640918 0.033708 0.042135
2 0.262904 0.558755 0.031074 0.041667
2 0.482005 0.592228 0.028968 0.043539
2 0.388079 0.553254 0.030021 0.040028
2 0.268346 0.688670 0.033883 0.043539
2 0.512026 0.673455 0.037746 0.051966
2 0.335147 0.723198 0.036166 0.052200
2 0.233322 0.560393 0.033708 0.041667
2 0.329793 0.600187 0.031426 0.042135
2 0.295207 0.557818 0.032830 0.042135
2 0.300386 0.642556 0.035463 0.045880
2 0.391152 0.597027 0.032654 0.047519
2 0.234199 0.602762 0.034761 0.041667
2 0.457075 0.722612 0.031074 0.053839
2 0.334357 0.642088 0.035990 0.042603
2 0.700843 0.706812 0.035112 0.044710
2 0.584094 0.669944 0.037219 0.042603
2 0.326194 0.556882 0.030197 0.041199
2 0.573912 0.544593 0.030197 0.041433
2 0.481478 0.545412 0.031426 0.048221
2 0.512465 0.589302 0.030197 0.042837
2 0.269487 0.601241 0.039326 0.040964
2 0.393171 0.718165 0.034937 0.053839
2 0.543013 0.548455 0.029494 0.041199
2 0.670734 0.581695 0.030723 0.041199
2 0.544329 0.673221 0.030021 0.063202
3 0.600685 0.541901 0.023701 0.034644
3 0.629477 0.540730 0.026861 0.034644
3 0.659322 0.540028 0.027212 0.040262
3 0.686622 0.538741 0.027739 0.039560
3 0.602704 0.581695 0.026334 0.036517
3 0.630969 0.582514 0.027388 0.039560
3 0.692855 0.579354 0.022647 0.042603
3 0.543013 0.622893 0.028792 0.033708
3 0.514659 0.625468 0.027563 0.035112
3 0.366573 0.633544 0.023174 0.033474
3 0.422051 0.631554 0.021419 0.029026
3 0.231742 0.645482 0.028090 0.038624
3 0.397560 0.667954 0.038448 0.042837
3 0.367802 0.675328 0.027212 0.033942
3 0.370435 0.714537 0.028968 0.033942
3 0.519882 0.712781 0.028529 0.031601
3 0.487623 0.668598 0.025456 0.032186
3 0.546656 0.707514 0.025018 0.032772
3 0.574745 0.705758 0.026773 0.035112
3 0.607444 0.696980 0.026334 0.038624
3 0.636850 0.699029 0.030723 0.041550
3 0.604371 0.656894 0.027212 0.040379
3 0.603494 0.617978 0.028090 0.036283
3 0.631145 0.614174 0.029846 0.036868
3 0.631584 0.656894 0.027212 0.035698
3 0.664501 0.615051 0.032479 0.043305
3 0.661210 0.657186 0.032040 0.037453
3 0.698736 0.614759 0.028968 0.043890
0 0.472481 0.624122 0.494645 0.214771
