2 0.460323 0.322097 0.027037 0.036985
2 0.610253 0.473081 0.028792 0.034644
2 0.388167 0.663038 0.025983 0.034410
2 0.583655 0.341526 0.028968 0.041199
2 0.579793 0.427317 0.025456 0.033474
2 0.553634 0.337547 0.026159 0.034644
2 0.550386 0.677786 0.025632 0.036751
2 0.522911 0.546816 0.029670 0.039794
2 0.362798 0.327364 0.024754 0.034878
2 0.489905 0.544476 0.026861 0.035581
2 0.395277 0.329354 0.026159 0.033240
2 0.399930 0.548221 0.031952 0.040262
2 0.581548 0.666433 0.028968 0.036049
2 0.617100 0.638109 0.028090 0.035112
2 0.357268 0.670763 0.027037 0.040496
2 0.520629 0.675679 0.026159 0.036283
2 0.488764 0.501170 0.025983 0.035581
2 0.614993 0.383544 0.026685 0.036283
2 0.364642 0.622659 0.031601 0.037921
2 0.369031 0.539911 0.028792 0.034410
2 0.417925 0.620669 0.027563 0.037219
2 0.457602 0.372893 0.026861 0.036049
2 0.581900 0.669007 0.034586 0.052434
2 0.401510 0.463834 0.027739 0.039560
2 0.470242 0.422285 0.025105 0.036985
2 0.523613 0.332163 0.030372 0.037453
2 0.457251 0.500936 0.025456 0.035112
2 0.492363 0.375936 0.026159 0.035112
2 0.397911 0.416784 0.026861 0.035346
2 0.552581 0.633193 0.027212 0.038390
2 0.523350 0.620552 0.027388 0.038390
2 0.614115 0.553488 0.028792 0.037219
2 0.613413 0.341760 0.025281 0.032772
2 0.399491 0.590473 0.031074 0.039092
2 0.362184 0.367509 0.026334 0.034644
2 0.424421 0.369733 0.025808 0.033006
2 0.430829 0.414443 0.026334 0.036751
2 0.615783 0.593750 0.028617 0.036283
2 0.494382 0.329822 0.024579 0.035112
2 0.457426 0.552434 0.026510 0.036049
2 0.367012 0.498947 0.034235 0.036283
2 0.363676 0.454705 0.027914 0.035346
2 0.581110 0.380969 0.026334 0.033474
2 0.426879 0.333216 0.025456 0.033474
2 0.612360 0.513460 0.027037 0.037687
2 0.612184 0.428488 0.025983 0.035815
2 0.615695 0.677200 0.030899 0.042603
2 0.581987 0.629916 0.026334 0.034644
2 0.577686 0.431531 0.038448 0.046114
2 0.519400 0.381086 0.025808 0.035112
2 0.369645 0.413624 0.027212 0.034644
2 0.548806 0.384714 0.025983 0.038624
2 0.368768 0.577715 0.030372 0.036517
2 0.390801 0.663975 0.033708 0.050796
0 0.489696 0.503024 0.295186 0.393716
3 0.493278 0.422189 0.020964 0.036014
3 0.519233 0.422580 0.027228 0.035234
3 0.550119 0.424967 0.022288 0.033769
3 0.432777 0.461704 0.021689 0.032334
3 0.400708 0.501498 0.024261 0.030775
3 0.431148 0.499707 0.024282 0.031875
3 0.462105 0.464370 0.026503 0.032985
3 0.493041 0.462781 0.022832 0.031367
3 0.519164 0.466728 0.021241 0.029897
3 0.549386 0.466976 0.021991 0.031955
3 0.580339 0.467149 0.020697 0.032299
3 0.580002 0.503144 0.022363 0.032502
3 0.580044 0.544382 0.022446 0.030712
3 0.581252 0.582781 0.026034 0.032601
3 0.548546 0.582535 0.019143 0.027432
3 0.549393 0.542383 0.019666 0.029836
3 0.549537 0.504419 0.019953 0.033497
3 0.517417 0.502708 0.021257 0.031632
3 0.432879 0.541278 0.020720 0.032308
3 0.431763 0.581983 0.023169 0.023205
3 0.428123 0.658560 0.026424 0.028106
3 0.458768 0.658549 0.028023 0.021842
3 0.488464 0.659817 0.030065 0.021259
3 0.461371 0.622554 0.023866 0.023198
3 0.490197 0.620140 0.025337 0.029298
3 0.490330 0.580513 0.026775 0.028066
3 0.460272 0.582793 0.027521 0.021702
3 0.521310 0.580911 0.026703 0.027301
