2 0.612711 0.512640 0.025632 0.036049
2 0.584182 0.341058 0.030021 0.040262
2 0.579442 0.428137 0.025808 0.036049
2 0.614730 0.383427 0.027212 0.036517
2 0.581636 0.629448 0.026685 0.035112
2 0.522911 0.336142 0.032830 0.046348
2 0.550913 0.677551 0.025281 0.037687
2 0.362711 0.327949 0.024930 0.035112
2 0.522911 0.546348 0.030021 0.039794
2 0.395190 0.329471 0.026685 0.033942
2 0.523438 0.431180 0.026510 0.034644
2 0.490871 0.415379 0.025632 0.035815
2 0.581900 0.668071 0.028617 0.039326
2 0.551440 0.631788 0.026685 0.039794
2 0.457602 0.325492 0.032830 0.044242
2 0.610253 0.472612 0.029846 0.034176
2 0.360955 0.623244 0.028090 0.033006
2 0.393961 0.369148 0.026685 0.033240
2 0.489905 0.544476 0.027563 0.036049
2 0.455232 0.369616 0.026334 0.034644
2 0.553810 0.337313 0.026159 0.035112
2 0.616836 0.637992 0.028617 0.033942
2 0.553897 0.419593 0.027388 0.039092
2 0.402914 0.551849 0.027739 0.034878
2 0.428985 0.419827 0.025105 0.033942
2 0.518171 0.379916 0.025808 0.036049
2 0.490959 0.376170 0.025808 0.034644
2 0.362184 0.621606 0.033708 0.059223
2 0.401334 0.463600 0.027739 0.038624
2 0.523438 0.331461 0.028617 0.036985
2 0.461728 0.426381 0.026334 0.035815
2 0.369294 0.537921 0.028968 0.037921
2 0.456900 0.503628 0.026159 0.035346
2 0.613325 0.341292 0.025456 0.034176
2 0.399052 0.592228 0.033357 0.040730
2 0.362535 0.368329 0.027037 0.034878
2 0.424596 0.368446 0.025456 0.034176
2 0.368416 0.576779 0.030372 0.037453
2 0.614291 0.553605 0.028441 0.036985
2 0.494470 0.330290 0.025105 0.033708
2 0.615783 0.593165 0.028968 0.036049
2 0.491573 0.499649 0.026685 0.035346
2 0.398876 0.418890 0.030197 0.040028
2 0.367626 0.498127 0.034410 0.036049
2 0.364203 0.455290 0.027563 0.034644
2 0.580934 0.384831 0.026334 0.039326
2 0.520716 0.675094 0.025983 0.036985
2 0.611131 0.512172 0.042837 0.045880
2 0.612272 0.427786 0.026159 0.036751
2 0.615783 0.676966 0.031074 0.042135
2 0.427054 0.332631 0.026159 0.034176
2 0.368680 0.414794 0.029846 0.036985
2 0.548367 0.382257 0.026861 0.035581
2 0.458041 0.552903 0.025983 0.035112
2 0.431004 0.424040 0.031250 0.049860
2 0.421085 0.619148 0.027212 0.034644
0 0.490067 0.503687 0.296786 0.398705
3 0.430123 0.459735 0.028083 0.037762
3 0.463755 0.462814 0.026294 0.034551
3 0.492419 0.460342 0.023933 0.035850
3 0.518904 0.462189 0.019549 0.034862
3 0.549563 0.464604 0.020007 0.030332
3 0.579159 0.466131 0.021849 0.033385
3 0.580437 0.503652 0.023234 0.033521
3 0.549784 0.502767 0.021619 0.031751
3 0.520923 0.504075 0.021248 0.032809
3 0.430360 0.500232 0.023875 0.034485
3 0.401950 0.501273 0.024405 0.033446
3 0.430620 0.538471 0.023223 0.029815
3 0.548301 0.541610 0.016310 0.031409
3 0.579981 0.545300 0.021152 0.030985
3 0.580286 0.585508 0.022930 0.033375
3 0.549206 0.582582 0.021634 0.029082
3 0.518216 0.582587 0.024027 0.032214
3 0.491563 0.578528 0.025729 0.028778
3 0.459271 0.581824 0.025518 0.024448
3 0.433910 0.578254 0.023952 0.028230
3 0.393871 0.623745 0.024633 0.022458
3 0.369544 0.660169 0.019282 0.015719
3 0.399719 0.658713 0.022284 0.020606
3 0.428406 0.657516 0.029329 0.026018
3 0.457827 0.658809 0.023799 0.025480
3 0.458617 0.619448 0.024208 0.027907
3 0.489115 0.621770 0.026684 0.024750
3 0.489479 0.657097 0.025072 0.022058
3 0.519858 0.620978 0.022626 0.027849
