2 0.457426 0.321161 0.033181 0.036985
2 0.462342 0.416316 0.032128 0.042837
2 0.583919 0.340941 0.029846 0.040964
2 0.614379 0.384012 0.028265 0.036751
2 0.548982 0.377692 0.029494 0.033006
2 0.581724 0.629331 0.027212 0.035815
2 0.550825 0.676732 0.025456 0.039794
2 0.362974 0.327949 0.025456 0.036049
2 0.522823 0.546465 0.030197 0.040028
2 0.489203 0.545178 0.028265 0.037921
2 0.395190 0.329237 0.026685 0.033942
2 0.492890 0.420646 0.026510 0.035581
2 0.402739 0.532772 0.033708 0.049157
2 0.581900 0.670529 0.030372 0.045178
2 0.551352 0.631437 0.028265 0.040496
2 0.616397 0.636821 0.029494 0.035815
2 0.458129 0.328418 0.038097 0.051498
2 0.552405 0.414911 0.034586 0.043773
2 0.610604 0.472963 0.030548 0.034878
2 0.370172 0.580524 0.033532 0.041199
2 0.364115 0.455290 0.028792 0.034644
2 0.453915 0.372074 0.026159 0.035815
2 0.553810 0.338249 0.026510 0.037453
2 0.428459 0.471793 0.027212 0.036283
2 0.517556 0.379331 0.027037 0.035815
2 0.576457 0.431414 0.032830 0.044007
2 0.490169 0.375234 0.025632 0.037921
2 0.523876 0.335206 0.030899 0.044007
2 0.393346 0.370318 0.027563 0.036049
2 0.461728 0.459036 0.029494 0.038390
2 0.612974 0.341292 0.025456 0.034176
2 0.456285 0.551732 0.026334 0.034176
2 0.362272 0.368095 0.026510 0.035815
2 0.424070 0.369148 0.026510 0.035581
2 0.432672 0.423338 0.027914 0.039092
2 0.368855 0.539326 0.031952 0.042135
2 0.614379 0.553605 0.028617 0.037921
2 0.494206 0.330758 0.025632 0.036985
2 0.525895 0.421465 0.030372 0.040964
2 0.614730 0.593048 0.031074 0.036751
2 0.498771 0.464654 0.034059 0.039794
2 0.399228 0.418188 0.031952 0.043773
2 0.455846 0.500936 0.026510 0.036985
2 0.366836 0.499883 0.035288 0.035815
2 0.464273 0.420295 0.027563 0.034410
2 0.368504 0.415028 0.029846 0.037921
2 0.578827 0.385534 0.031250 0.042135
2 0.520629 0.672402 0.026510 0.042837
2 0.427581 0.332982 0.027212 0.034410
2 0.610955 0.512289 0.042135 0.045178
2 0.612272 0.429658 0.025808 0.040496
2 0.615783 0.676732 0.030723 0.042603
2 0.615169 0.344335 0.038272 0.050094
2 0.610867 0.512875 0.029319 0.037921
2 0.455232 0.553020 0.034059 0.051732
2 0.397296 0.459621 0.028441 0.043305
2 0.489466 0.503394 0.026334 0.034878
2 0.403792 0.533825 0.027739 0.039092
0 0.489508 0.502512 0.295563 0.394539
3 0.520535 0.463235 0.020472 0.036957
3 0.548998 0.462739 0.023557 0.034403
3 0.579163 0.467383 0.021856 0.031208
3 0.579949 0.503371 0.022256 0.032956
3 0.548667 0.502732 0.022899 0.034801
3 0.519280 0.502083 0.023813 0.035063
3 0.430520 0.500810 0.021854 0.029398
3 0.402916 0.500066 0.022825 0.032589
3 0.432777 0.538858 0.027539 0.033708
3 0.549521 0.543944 0.023430 0.036079
3 0.581541 0.543532 0.025442 0.033691
3 0.579937 0.584743 0.029256 0.038088
3 0.548992 0.583518 0.022375 0.029398
3 0.518613 0.581798 0.024821 0.029078
3 0.519510 0.622669 0.027784 0.029668
3 0.490377 0.580735 0.024528 0.028511
3 0.487953 0.620534 0.029043 0.030084
3 0.489505 0.659258 0.027467 0.024822
3 0.458418 0.658099 0.026152 0.022502
3 0.459236 0.621351 0.023109 0.025475
3 0.460574 0.583797 0.022272 0.026835
3 0.432147 0.580304 0.020427 0.026091
3 0.428408 0.620922 0.023481 0.021493
3 0.429048 0.660119 0.023594 0.031227
3 0.398497 0.658010 0.018671 0.030129
3 0.398343 0.619099 0.019533 0.028769
3 0.400195 0.581004 0.020895 0.035293
3 0.370061 0.618801 0.019150 0.032860
3 0.369089 0.654342 0.017203 0.022793
