0 0.481917 0.588717 0.517907 0.270755
2 0.687588 0.606156 0.033181 0.042369
2 0.717346 0.609668 0.035463 0.042837
2 0.346208 0.662804 0.035815 0.051732
2 0.473578 0.495318 0.027914 0.047753
2 0.252107 0.562617 0.032303 0.040964
2 0.556882 0.677200 0.029846 0.046816
2 0.624034 0.598198 0.031074 0.040964
2 0.657567 0.558404 0.031426 0.040028
2 0.535376 0.504448 0.031426 0.043071
2 0.618943 0.680595 0.031074 0.044710
2 0.529933 0.587079 0.030723 0.044476
2 0.382286 0.492392 0.030021 0.040028
2 0.627107 0.642907 0.033708 0.046114
2 0.314782 0.608263 0.034410 0.045646
2 0.650281 0.682233 0.029494 0.042837
2 0.595418 0.639045 0.030723 0.046816
2 0.719189 0.567533 0.035639 0.040496
2 0.443996 0.494733 0.032303 0.046582
2 0.311008 0.653441 0.037746 0.043773
2 0.412746 0.496021 0.030197 0.039326
2 0.562061 0.592228 0.028968 0.039794
2 0.723227 0.524462 0.031777 0.042369
2 0.258076 0.478347 0.036517 0.041433
2 0.284849 0.568001 0.033181 0.045646
2 0.317855 0.566831 0.033883 0.039560
2 0.500702 0.630033 0.028792 0.040028
2 0.471822 0.626287 0.030021 0.039560
2 0.351211 0.489700 0.031074 0.041199
2 0.463922 0.682818 0.033181 0.058521
2 0.501843 0.547402 0.030372 0.042369
2 0.626668 0.557233 0.030723 0.042369
2 0.378160 0.576428 0.033357 0.042837
2 0.317152 0.526217 0.032830 0.039326
2 0.598315 0.511938 0.030548 0.038858
2 0.251843 0.601943 0.036341 0.043773
2 0.657128 0.600538 0.035463 0.041901
2 0.688114 0.561447 0.032128 0.040964
2 0.494645 0.669710 0.030021 0.042135
2 0.680039 0.687617 0.030723 0.043305
2 0.503950 0.498010 0.033883 0.043305
2 0.443206 0.618797 0.036341 0.043773
2 0.292574 0.476592 0.031426 0.061798
2 0.439080 0.579003 0.028792 0.043305
2 0.342521 0.614115 0.031952 0.041901
2 0.471471 0.539677 0.029319 0.039560
2 0.441099 0.536985 0.030723 0.039794
2 0.281601 0.647823 0.037219 0.043305
2 0.526510 0.676030 0.029846 0.044476
2 0.564343 0.637875 0.034937 0.048221
2 0.374649 0.657772 0.029143 0.042135
2 0.719101 0.652154 0.030548 0.042135
2 0.256408 0.520014 0.038799 0.041433
2 0.499649 0.589068 0.029143 0.040028
2 0.380442 0.533240 0.030548 0.044476
2 0.410902 0.535463 0.030723 0.040028
2 0.244382 0.645365 0.041081 0.042603
2 0.592697 0.593984 0.030548 0.041901
2 0.596910 0.552669 0.029846 0.041199
2 0.686183 0.648057 0.039501 0.050328
2 0.469452 0.580758 0.033357 0.047753
2 0.657567 0.646067 0.030372 0.046348
2 0.350158 0.568118 0.032128 0.049625
2 0.281689 0.610136 0.033532 0.037219
2 0.402300 0.664326 0.028968 0.044476
2 0.587605 0.679658 0.030548 0.044710
2 0.713834 0.693703 0.033708 0.045178
2 0.406250 0.619850 0.032654 0.044476
2 0.534059 0.548572 0.031250 0.040028
2 0.322419 0.480688 0.030723 0.056882
2 0.660200 0.515098 0.031426 0.046582
2 0.566626 0.508427 0.032830 0.039794
2 0.285727 0.528090 0.033532 0.040730
2 0.565572 0.549860 0.033532 0.042135
2 0.436008 0.661868 0.030723 0.042837
2 0.629389 0.514747 0.031952 0.039326
2 0.372718 0.618563 0.031250 0.040496
2 0.348402 0.527622 0.030021 0.035581
2 0.411254 0.577013 0.031426 0.042135
2 0.528441 0.631320 0.032654 0.045880
2 0.692679 0.520482 0.033532 0.040496
