2 0.383515 0.669007 0.026510 0.037453
2 0.589098 0.339185 0.030021 0.039794
2 0.582514 0.422870 0.027388 0.039560
2 0.615695 0.427669 0.027739 0.039794
2 0.536868 0.370904 0.025281 0.037219
2 0.587693 0.550328 0.028968 0.036049
2 0.368943 0.318820 0.026159 0.033708
2 0.488764 0.627458 0.026685 0.037219
2 0.401071 0.321863 0.026510 0.034176
2 0.493329 0.453535 0.025983 0.034410
2 0.581110 0.661634 0.027739 0.035815
2 0.518873 0.614232 0.030372 0.044944
2 0.462956 0.333450 0.028792 0.035346
2 0.549508 0.675094 0.025983 0.036517
2 0.520629 0.671699 0.026159 0.035815
2 0.366485 0.533123 0.025456 0.037219
2 0.369382 0.489817 0.029494 0.038155
2 0.558813 0.334270 0.025983 0.034644
2 0.617188 0.635768 0.027563 0.034176
2 0.553283 0.406367 0.025808 0.033240
2 0.416345 0.612711 0.028617 0.036283
2 0.399403 0.493329 0.027739 0.035346
2 0.612184 0.471676 0.025983 0.033240
2 0.374034 0.403207 0.028265 0.036751
2 0.527212 0.327598 0.027037 0.035815
2 0.619645 0.382022 0.027914 0.034644
2 0.508251 0.369031 0.023876 0.037219
2 0.365256 0.623361 0.028265 0.037453
2 0.395541 0.531835 0.028090 0.034176
2 0.618768 0.340239 0.026861 0.033942
2 0.416871 0.654728 0.028265 0.037453
2 0.367012 0.356976 0.025105 0.033240
2 0.398525 0.364466 0.027037 0.034644
2 0.581285 0.667720 0.032654 0.047987
2 0.356478 0.662336 0.025808 0.036283
2 0.619558 0.549860 0.026334 0.036517
2 0.499210 0.323853 0.026159 0.033006
2 0.618943 0.590356 0.026861 0.035112
2 0.487447 0.584270 0.026159 0.035112
2 0.403880 0.452949 0.027563 0.037921
2 0.458216 0.617509 0.027037 0.036049
2 0.369031 0.576194 0.027037 0.039560
2 0.455407 0.420178 0.028441 0.038390
2 0.481742 0.666081 0.031250 0.038155
2 0.448999 0.655899 0.026510 0.035112
2 0.432409 0.325726 0.025281 0.034410
2 0.617890 0.507140 0.035639 0.041901
2 0.587079 0.378745 0.026334 0.036049
2 0.615432 0.675211 0.031074 0.043305
2 0.527388 0.455993 0.025983 0.034644
2 0.582338 0.507140 0.029494 0.040028
2 0.519751 0.408591 0.024403 0.031601
2 0.366134 0.444522 0.027212 0.035112
0 0.492309 0.498286 0.304005 0.405404
3 0.438653 0.376348 0.022906 0.030162
3 0.469208 0.376400 0.020813 0.027142
3 0.555428 0.378237 0.021203 0.027699
3 0.582544 0.464228 0.020425 0.034258
3 0.552828 0.463036 0.019514 0.030316
3 0.495899 0.418141 0.023868 0.032598
3 0.436043 0.415822 0.016517 0.026402
3 0.406610 0.413340 0.022022 0.030801
3 0.436622 0.455983 0.020014 0.030253
3 0.466454 0.458368 0.022326 0.030346
3 0.433848 0.494450 0.022662 0.032285
3 0.464331 0.495719 0.023934 0.031702
3 0.492654 0.499162 0.025571 0.033902
3 0.520237 0.500625 0.021046 0.030590
3 0.551073 0.501739 0.020686 0.031257
3 0.550843 0.540508 0.020225 0.032327
3 0.580300 0.582601 0.019449 0.029120
3 0.580685 0.622137 0.021387 0.027044
3 0.548367 0.619883 0.019956 0.024101
3 0.548985 0.580089 0.018852 0.025660
3 0.518643 0.576856 0.022540 0.026997
3 0.519428 0.537449 0.022937 0.029328
3 0.491566 0.538457 0.023395 0.028228
3 0.463397 0.536500 0.023234 0.030552
3 0.461589 0.575012 0.024301 0.029546
3 0.433954 0.572125 0.021701 0.028460
3 0.401568 0.571978 0.018959 0.026603
3 0.398861 0.613579 0.015885 0.030218
3 0.434549 0.534773 0.019379 0.030220
