2 0.403265 0.544827 0.026334 0.035815
2 0.551966 0.425913 0.026685 0.038155
2 0.463132 0.595623 0.025632 0.033942
2 0.548192 0.382257 0.026861 0.036517
2 0.370084 0.629213 0.025632 0.034644
2 0.490695 0.375234 0.024930 0.035581
2 0.362623 0.327130 0.024754 0.034410
2 0.463483 0.551498 0.024228 0.033708
2 0.395277 0.328769 0.025808 0.033006
2 0.460147 0.416081 0.025983 0.035346
2 0.488852 0.416199 0.025105 0.035112
2 0.363940 0.575726 0.027739 0.033006
2 0.457865 0.503043 0.027739 0.035581
2 0.427142 0.331929 0.025983 0.034644
2 0.580846 0.380150 0.026510 0.032772
2 0.363150 0.670529 0.030723 0.040964
2 0.393785 0.368329 0.025983 0.034410
2 0.427581 0.508778 0.026861 0.034878
2 0.427405 0.421231 0.025456 0.033942
2 0.518522 0.427083 0.027212 0.037687
2 0.396770 0.505618 0.026334 0.035112
2 0.522384 0.332163 0.029319 0.036517
2 0.527475 0.469920 0.025808 0.033474
2 0.462605 0.329471 0.026685 0.037687
2 0.424947 0.367743 0.025456 0.033708
2 0.397384 0.414443 0.030021 0.037219
2 0.370611 0.537453 0.026334 0.038390
2 0.493329 0.550796 0.026334 0.035112
2 0.488413 0.506554 0.025983 0.035112
2 0.517820 0.381203 0.025808 0.034410
2 0.362096 0.366573 0.026510 0.035581
2 0.462869 0.461259 0.028968 0.038624
2 0.399666 0.461610 0.026159 0.034644
2 0.432058 0.553020 0.025983 0.035815
2 0.366485 0.496489 0.030723 0.036049
2 0.430565 0.470037 0.027212 0.032303
2 0.362798 0.454822 0.026861 0.035112
2 0.582075 0.423689 0.025456 0.033240
2 0.495348 0.466526 0.026510 0.036985
2 0.524228 0.508310 0.026685 0.035346
2 0.556794 0.333333 0.026159 0.034644
2 0.612535 0.334036 0.029143 0.033708
2 0.493153 0.328652 0.024930 0.033240
2 0.454968 0.369850 0.025808 0.033240
2 0.367890 0.413624 0.027212 0.035112
2 0.614115 0.338249 0.043890 0.043539
2 0.422226 0.597846 0.029846 0.037921
2 0.390976 0.590356 0.025632 0.038858
0 0.489816 0.502530 0.297287 0.398141
3 0.614479 0.529855 0.036306 0.335613
3 0.580651 0.342757 0.023662 0.033207
3 0.587319 0.573090 0.092008 0.253546
3 0.569371 0.610953 0.122825 0.171657
3 0.554875 0.630915 0.154693 0.128874
3 0.507058 0.649813 0.249837 0.083956
