2 0.459445 0.324906 0.025632 0.036517
2 0.581900 0.667018 0.028617 0.037687
2 0.425211 0.368914 0.025983 0.034176
2 0.389396 0.671231 0.028441 0.040964
2 0.400544 0.451077 0.028968 0.038858
2 0.583743 0.341526 0.029494 0.041199
2 0.610428 0.473198 0.030197 0.035346
2 0.553634 0.338015 0.026159 0.035581
2 0.550211 0.676849 0.025983 0.039092
2 0.522735 0.546465 0.028968 0.040496
2 0.362711 0.327832 0.024930 0.035346
2 0.520804 0.616456 0.031426 0.051264
2 0.395277 0.329471 0.027212 0.033474
2 0.582251 0.668890 0.034586 0.052200
2 0.455583 0.328301 0.037219 0.044242
2 0.357883 0.670880 0.028265 0.040262
2 0.520716 0.674274 0.026685 0.039092
2 0.488940 0.500468 0.026685 0.035581
2 0.614993 0.383778 0.027388 0.036283
2 0.367363 0.535698 0.031777 0.040964
2 0.420822 0.666316 0.027388 0.042837
2 0.456197 0.374415 0.026510 0.035815
2 0.576984 0.431648 0.033181 0.044944
2 0.398789 0.588249 0.030021 0.038390
2 0.488150 0.374883 0.036692 0.048455
2 0.523701 0.336025 0.031601 0.045646
2 0.457953 0.500936 0.026861 0.036985
2 0.456461 0.552317 0.025983 0.034878
2 0.491397 0.375117 0.024930 0.034410
2 0.425737 0.622074 0.031601 0.045178
2 0.393522 0.369733 0.027914 0.034410
2 0.363062 0.620669 0.032303 0.061096
2 0.362447 0.623361 0.029670 0.039794
2 0.551879 0.632140 0.027212 0.040964
2 0.615520 0.593750 0.029846 0.037219
2 0.613325 0.341175 0.025456 0.033474
2 0.362184 0.367860 0.026685 0.035346
2 0.405548 0.410815 0.033357 0.043071
2 0.614291 0.553605 0.028441 0.037453
2 0.493592 0.330875 0.025808 0.034878
2 0.616485 0.637289 0.028617 0.036283
2 0.489905 0.544593 0.027212 0.036283
2 0.370787 0.413741 0.025983 0.033474
2 0.455934 0.552434 0.035463 0.054307
2 0.368241 0.577247 0.032128 0.041667
2 0.368241 0.497308 0.033532 0.038624
2 0.580495 0.382608 0.027914 0.036751
2 0.427230 0.332397 0.025808 0.034176
2 0.610692 0.513460 0.028617 0.039092
2 0.612272 0.428254 0.026861 0.036283
2 0.616046 0.677200 0.030899 0.042603
2 0.400720 0.547168 0.032479 0.040028
2 0.582163 0.629916 0.026685 0.034644
2 0.518610 0.380618 0.025632 0.035581
2 0.367188 0.411985 0.033181 0.041667
2 0.547577 0.386353 0.029494 0.043305
2 0.453037 0.658591 0.031426 0.050796
2 0.364027 0.453769 0.027914 0.035346
0 0.489492 0.503114 0.296766 0.395041
3 0.432669 0.420129 0.024981 0.035014
3 0.464587 0.422275 0.023276 0.033066
3 0.492425 0.422083 0.022770 0.032683
3 0.520867 0.424551 0.021134 0.029813
3 0.551498 0.424846 0.023876 0.030403
3 0.579795 0.468284 0.021947 0.028329
3 0.580548 0.503169 0.019946 0.037238
3 0.579470 0.545005 0.023641 0.035075
3 0.579561 0.584270 0.022651 0.030901
3 0.548868 0.581699 0.022126 0.030440
3 0.547841 0.542266 0.018903 0.034284
3 0.548917 0.503017 0.018713 0.035375
3 0.549289 0.465227 0.021800 0.030019
3 0.518090 0.503593 0.021431 0.031845
3 0.518341 0.463134 0.021936 0.033633
3 0.490992 0.463935 0.024587 0.030555
3 0.464194 0.463202 0.022489 0.030646
3 0.433673 0.461507 0.022307 0.033504
3 0.432807 0.499401 0.021749 0.029703
3 0.432867 0.538497 0.021864 0.036105
3 0.403481 0.501337 0.019275 0.033570
3 0.401654 0.620496 0.024982 0.030005
3 0.431371 0.577905 0.023557 0.033773
3 0.461973 0.578364 0.023899 0.025328
3 0.491259 0.581414 0.025121 0.028305
3 0.460439 0.619408 0.023171 0.026266
3 0.491011 0.621051 0.029307 0.029555
3 0.489236 0.659555 0.025758 0.023855
3 0.519101 0.580639 0.023457 0.026758
