3 0.261262 0.630447 0.061383 0.073319
2 0.586464 0.727411 0.031426 0.048923
2 0.643083 0.627692 0.033708 0.046114
2 0.340327 0.732678 0.038448 0.054775
2 0.360867 0.603816 0.036341 0.044710
2 0.674684 0.590239 0.038272 0.047519
2 0.612008 0.552669 0.030548 0.041199
2 0.551264 0.557818 0.030197 0.043539
2 0.587869 0.684574 0.037746 0.040964
2 0.521067 0.550913 0.033006 0.046114
2 0.491924 0.722144 0.030197 0.053839
2 0.393785 0.565309 0.029494 0.041667
2 0.520190 0.633427 0.027388 0.037921
2 0.335938 0.689373 0.036692 0.045412
2 0.549508 0.686213 0.033006 0.053605
2 0.643961 0.715941 0.034761 0.045178
2 0.456724 0.555829 0.032830 0.042837
2 0.517732 0.682350 0.037570 0.049157
2 0.304073 0.651451 0.039326 0.047753
2 0.432145 0.689958 0.027914 0.041433
2 0.423806 0.560510 0.032654 0.047519
2 0.581548 0.553956 0.029670 0.041433
2 0.430039 0.731507 0.032479 0.043539
2 0.614027 0.638928 0.031074 0.041901
2 0.549596 0.593984 0.028617 0.034410
2 0.369294 0.646536 0.034586 0.043071
2 0.518610 0.594218 0.028090 0.035815
2 0.330846 0.607444 0.033532 0.042135
2 0.460674 0.607093 0.035463 0.048923
2 0.462869 0.689958 0.037044 0.050328
2 0.451984 0.649696 0.034235 0.046114
2 0.489905 0.602294 0.031777 0.043539
2 0.369119 0.688085 0.035990 0.046114
2 0.363676 0.563670 0.032479 0.040730
2 0.253950 0.729518 0.049333 0.060159
2 0.556180 0.733029 0.032654 0.050796
2 0.523701 0.726826 0.030548 0.046816
2 0.643873 0.555009 0.032128 0.055243
2 0.674772 0.714537 0.035639 0.053605
2 0.238325 0.569757 0.032830 0.041667
2 0.428195 0.608614 0.028792 0.043539
2 0.253511 0.687851 0.050913 0.054541
2 0.639659 0.673338 0.037395 0.042369
2 0.301527 0.566479 0.031777 0.041667
2 0.487096 0.550913 0.030723 0.059223
2 0.490169 0.647589 0.036868 0.046114
2 0.397033 0.609199 0.034586 0.049391
2 0.580671 0.600304 0.030372 0.040028
2 0.704793 0.626170 0.042310 0.043071
2 0.612974 0.596910 0.035288 0.041199
2 0.549684 0.632374 0.027739 0.036283
2 0.615344 0.720154 0.031952 0.046114
2 0.332163 0.565192 0.029143 0.040964
2 0.269048 0.567884 0.032128 0.041667
2 0.580407 0.642790 0.033357 0.041199
2 0.461640 0.735487 0.031074 0.055712
2 0.337430 0.647706 0.033357 0.042135
3 0.300592 0.709927 0.045239 0.093390
3 0.272551 0.607961 0.087472 0.036145
3 0.402923 0.694331 0.027523 0.127736
3 0.389935 0.739295 0.055386 0.052247
3 0.416624 0.650761 0.051412 0.040599
3 0.536196 0.613897 0.059984 0.079228
3 0.688897 0.549153 0.059912 0.043375
3 0.703741 0.567893 0.041612 0.073050
3 0.610200 0.676592 0.028920 0.036081
3 0.675265 0.650920 0.031475 0.076809
3 0.694008 0.671713 0.073645 0.043488
3 0.711176 0.691515 0.037755 0.089335
0 0.477089 0.645482 0.510007 0.230571
