2 0.499122 0.324204 0.025983 0.033708
2 0.436447 0.464771 0.026685 0.042837
2 0.615432 0.428020 0.029670 0.040964
2 0.521331 0.671465 0.025456 0.035815
2 0.582865 0.422870 0.028441 0.039560
2 0.416433 0.653324 0.027037 0.034176
2 0.587956 0.549040 0.028792 0.036283
2 0.584796 0.663038 0.029143 0.039092
2 0.368768 0.318469 0.025456 0.033942
2 0.488764 0.627107 0.027037 0.037921
2 0.400632 0.322800 0.026685 0.034644
2 0.492626 0.449906 0.026685 0.036049
2 0.587518 0.549040 0.035288 0.053137
2 0.520190 0.408357 0.024579 0.032537
2 0.619558 0.590824 0.026334 0.037453
2 0.462693 0.333216 0.028265 0.035815
2 0.553722 0.675913 0.024579 0.034410
2 0.357532 0.661868 0.028265 0.037219
2 0.365432 0.532772 0.027563 0.039326
2 0.369031 0.490169 0.030548 0.037921
2 0.458392 0.617626 0.027388 0.036283
2 0.558725 0.334621 0.026159 0.034410
2 0.448209 0.656133 0.028090 0.034644
2 0.582602 0.507140 0.029319 0.040028
2 0.399491 0.493446 0.027212 0.034644
2 0.611657 0.471676 0.025983 0.033708
2 0.395629 0.532069 0.028617 0.034644
2 0.373596 0.402973 0.029143 0.038155
2 0.527563 0.327481 0.027037 0.035112
2 0.619733 0.382022 0.028090 0.035112
2 0.492100 0.496138 0.026685 0.033942
2 0.364642 0.623244 0.027388 0.037687
2 0.518785 0.615403 0.030548 0.041199
2 0.618943 0.340005 0.026861 0.033942
2 0.367626 0.356507 0.026334 0.032772
2 0.403353 0.452130 0.028265 0.040028
2 0.619470 0.549743 0.027212 0.037219
2 0.527124 0.500000 0.025808 0.033240
2 0.432233 0.325492 0.025632 0.035346
2 0.368768 0.576311 0.027212 0.039326
2 0.455671 0.420997 0.028265 0.036283
2 0.483761 0.665730 0.026159 0.036049
2 0.618943 0.507725 0.032128 0.039326
2 0.585850 0.379213 0.028792 0.036985
2 0.615871 0.675211 0.031250 0.043773
2 0.524315 0.454939 0.026861 0.034878
2 0.552844 0.406601 0.026685 0.033708
2 0.536517 0.371255 0.026334 0.037453
2 0.507286 0.370201 0.025105 0.040496
2 0.588922 0.339302 0.030021 0.040028
2 0.416433 0.612360 0.028090 0.034644
2 0.487623 0.583801 0.026861 0.036517
2 0.366222 0.444757 0.027388 0.035112
0 0.490009 0.498481 0.299241 0.403265
3 0.406371 0.371311 0.023883 0.032573
3 0.439645 0.377360 0.020207 0.029066
3 0.469429 0.378106 0.020084 0.028996
3 0.557640 0.380925 0.017433 0.020590
3 0.583165 0.463450 0.019326 0.032708
3 0.553218 0.462285 0.022635 0.035059
3 0.496340 0.419288 0.021239 0.028654
3 0.437965 0.414396 0.018018 0.031351
3 0.406875 0.414106 0.020211 0.026088
3 0.435058 0.495925 0.023906 0.028989
3 0.466954 0.460087 0.022158 0.029101
3 0.465895 0.497418 0.020039 0.028858
3 0.550421 0.502100 0.018209 0.028855
3 0.549619 0.541788 0.021289 0.030208
3 0.550507 0.583214 0.019554 0.030349
3 0.548480 0.621482 0.017839 0.024174
3 0.579689 0.623263 0.020567 0.024618
3 0.608847 0.625627 0.021531 0.023104
3 0.579833 0.582245 0.019684 0.031531
3 0.520079 0.540056 0.022079 0.030602
3 0.517198 0.577142 0.023162 0.030691
3 0.491313 0.536273 0.025230 0.033223
3 0.463836 0.536056 0.022944 0.028102
3 0.433789 0.534101 0.021369 0.030438
3 0.463495 0.575396 0.022261 0.027193
3 0.433836 0.573907 0.021462 0.027336
3 0.403114 0.572561 0.020883 0.026210
3 0.398611 0.611191 0.017728 0.023881
3 0.400530 0.652001 0.020395 0.025911
