0 0.491973 0.501256 0.303681 0.404822
3 0.584712 0.587273 0.024761 0.032226
3 0.462170 0.620503 0.026634 0.033144
3 0.463975 0.538598 0.024391 0.034747
3 0.432842 0.497839 0.025328 0.029700
3 0.404150 0.372912 0.024126 0.027971
3 0.365616 0.317844 0.018450 0.020829
3 0.554422 0.504441 0.021534 0.030419
3 0.553397 0.464703 0.020653 0.028970
3 0.555295 0.381538 0.019767 0.032739
2 0.371840 0.365520 0.034761 0.043773
2 0.394048 0.336025 0.036341 0.041433
2 0.369382 0.404963 0.031601 0.040730
2 0.368065 0.443703 0.031426 0.040028
2 0.368416 0.487828 0.032479 0.044476
2 0.365081 0.535815 0.031777 0.041667
2 0.364379 0.578535 0.033532 0.041901
2 0.357532 0.620669 0.034586 0.044710
2 0.361043 0.665964 0.031426 0.044476
2 0.389484 0.668305 0.028617 0.049625
2 0.387289 0.626522 0.027388 0.044710
2 0.397121 0.579354 0.032654 0.044476
2 0.397121 0.535346 0.033708 0.042135
2 0.398350 0.492860 0.029494 0.037219
2 0.403968 0.449789 0.028792 0.045646
2 0.404319 0.404260 0.032303 0.044007
2 0.426352 0.369616 0.037044 0.041199
2 0.431268 0.329705 0.027563 0.042369
2 0.434779 0.414443 0.032128 0.045646
2 0.432935 0.467228 0.027388 0.043071
2 0.430302 0.534059 0.029846 0.039092
2 0.429951 0.576311 0.029846 0.041199
2 0.422753 0.617860 0.035815 0.040028
2 0.420207 0.662687 0.029670 0.045880
2 0.448912 0.656367 0.032303 0.046348
2 0.480864 0.667018 0.035463 0.042369
2 0.489905 0.630501 0.027563 0.036283
2 0.490607 0.588483 0.024403 0.036517
2 0.462342 0.577832 0.026510 0.038155
2 0.492802 0.542954 0.028792 0.040496
2 0.517029 0.669125 0.024228 0.042369
2 0.547665 0.673338 0.029670 0.040496
2 0.578564 0.670412 0.033883 0.043539
2 0.617890 0.677669 0.031426 0.040730
2 0.620435 0.635885 0.027739 0.038624
2 0.615871 0.594569 0.031601 0.040262
2 0.587956 0.629799 0.028792 0.040964
2 0.556180 0.634480 0.026334 0.042369
2 0.524403 0.624064 0.032303 0.044944
2 0.557058 0.592346 0.029143 0.040964
2 0.520541 0.578066 0.034761 0.042369
2 0.524666 0.536166 0.031777 0.042837
2 0.551879 0.550445 0.026861 0.043305
2 0.584270 0.554190 0.030548 0.041901
2 0.617188 0.554190 0.030372 0.037219
2 0.612623 0.514396 0.037395 0.043773
2 0.583216 0.511119 0.027388 0.040028
2 0.615081 0.469920 0.031426 0.045646
2 0.581110 0.468399 0.029494 0.042135
2 0.527827 0.493095 0.026510 0.039092
2 0.491836 0.499064 0.027914 0.037453
2 0.459094 0.496489 0.025281 0.034176
2 0.493943 0.455524 0.027212 0.039794
2 0.525105 0.454939 0.028792 0.038624
2 0.619119 0.423221 0.027212 0.037921
2 0.586289 0.427083 0.026861 0.040964
2 0.555565 0.430946 0.030723 0.049625
2 0.526861 0.412453 0.026685 0.037921
2 0.498859 0.413507 0.026510 0.039092
2 0.466380 0.419007 0.032830 0.042603
2 0.466819 0.376756 0.028090 0.037687
2 0.461991 0.336728 0.033532 0.045646
2 0.501404 0.372425 0.031952 0.041199
2 0.497103 0.332046 0.026861 0.043773
2 0.526246 0.334153 0.030021 0.044242
2 0.533093 0.374064 0.029319 0.040730
2 0.556970 0.338132 0.026510 0.040964
2 0.589537 0.377458 0.023876 0.030197
2 0.587781 0.340005 0.028441 0.040028
2 0.616924 0.342931 0.034410 0.044476
2 0.618680 0.381437 0.029846 0.035346
3 0.466750 0.462512 0.022921 0.032388
