0 0.476065 0.613296 0.515567 0.232522
2 0.646155 0.691245 0.031777 0.045412
2 0.709884 0.612477 0.031777 0.041433
2 0.342960 0.697683 0.034937 0.058755
2 0.617275 0.526451 0.031952 0.039326
2 0.524930 0.696512 0.031250 0.047519
2 0.617363 0.611189 0.032830 0.042135
2 0.554336 0.526568 0.030021 0.040496
2 0.622893 0.656718 0.034761 0.046114
2 0.616134 0.694640 0.030021 0.043305
2 0.279494 0.519195 0.030548 0.064139
2 0.524842 0.652037 0.032830 0.045646
2 0.401422 0.524696 0.028617 0.040964
2 0.276861 0.654611 0.032303 0.037687
2 0.589800 0.655548 0.033532 0.043773
2 0.711025 0.571161 0.033006 0.040730
2 0.491749 0.520950 0.034059 0.042369
2 0.586728 0.611891 0.033357 0.043539
2 0.309428 0.692767 0.037044 0.042837
2 0.616046 0.569640 0.035112 0.040964
2 0.431619 0.523876 0.033532 0.045412
2 0.679775 0.568352 0.032654 0.041667
2 0.277037 0.691948 0.037570 0.041667
2 0.275720 0.613647 0.033883 0.042369
2 0.310657 0.607093 0.037044 0.039560
2 0.431794 0.694522 0.030021 0.048221
2 0.496664 0.653441 0.028792 0.038155
2 0.463308 0.521419 0.029494 0.046114
2 0.430829 0.568469 0.030548 0.041433
2 0.493065 0.694171 0.030723 0.042369
2 0.462166 0.565660 0.028968 0.040028
2 0.401159 0.608263 0.036166 0.042369
2 0.399930 0.566011 0.031952 0.040730
2 0.308550 0.567650 0.033532 0.040262
2 0.647647 0.612594 0.035112 0.044007
2 0.680302 0.610955 0.034410 0.037921
2 0.492012 0.570810 0.029670 0.041901
2 0.676264 0.692299 0.033006 0.047051
2 0.363940 0.610838 0.035463 0.043773
2 0.492890 0.613413 0.030723 0.041433
2 0.456022 0.606742 0.037746 0.043539
2 0.369119 0.651100 0.033532 0.044242
2 0.368592 0.567416 0.030723 0.044476
2 0.337254 0.653207 0.031952 0.041901
2 0.585674 0.525983 0.029494 0.040262
2 0.371313 0.689841 0.031250 0.046348
2 0.712605 0.654728 0.033708 0.042603
2 0.245172 0.523876 0.037044 0.040262
2 0.436183 0.644897 0.034586 0.044007
2 0.246138 0.648408 0.030899 0.043539
2 0.310832 0.518610 0.030723 0.056882
2 0.524491 0.522004 0.031074 0.045880
2 0.559691 0.569640 0.032654 0.046114
2 0.677669 0.653324 0.040028 0.048221
2 0.466555 0.648642 0.030021 0.045880
2 0.370787 0.525398 0.031250 0.040496
2 0.308901 0.649579 0.032479 0.043071
2 0.242451 0.608497 0.031601 0.042369
2 0.648964 0.569054 0.032479 0.040262
2 0.402037 0.689256 0.033006 0.049391
2 0.585499 0.695459 0.030899 0.044007
2 0.710938 0.697683 0.032830 0.045178
2 0.524315 0.607912 0.030021 0.041667
2 0.340151 0.524696 0.031426 0.040964
2 0.712956 0.529377 0.031250 0.041901
2 0.526685 0.569054 0.030548 0.039794
2 0.275808 0.571746 0.031952 0.040496
2 0.462430 0.698151 0.031601 0.052200
2 0.649315 0.523642 0.030021 0.044944
2 0.337869 0.573034 0.030372 0.046816
2 0.559954 0.652856 0.034235 0.046816
2 0.682321 0.525983 0.034937 0.041199
3 0.583743 0.569600 0.033357 0.042135
3 0.557409 0.607835 0.039208 0.034333
3 0.555360 0.694445 0.029261 0.042135
3 0.647238 0.650749 0.025750 0.040574
3 0.405841 0.645676 0.036868 0.036674
3 0.433638 0.606664 0.032772 0.036674
3 0.345564 0.610176 0.041550 0.034333
3 0.257491 0.569211 0.033941 0.042914
3 0.244324 0.691323 0.031017 0.042135
