2 0.464624 0.318586 0.027212 0.036517
2 0.448736 0.656718 0.028441 0.038155
2 0.384217 0.668890 0.026510 0.038624
2 0.589098 0.338951 0.030021 0.039794
2 0.615871 0.427551 0.027388 0.039092
2 0.588571 0.548572 0.030723 0.041433
2 0.549421 0.673572 0.026159 0.036751
2 0.368592 0.319405 0.025808 0.035346
2 0.518873 0.612594 0.031777 0.050094
2 0.482707 0.663741 0.029670 0.038624
2 0.400983 0.321512 0.026334 0.034410
2 0.582426 0.625585 0.026510 0.034878
2 0.416784 0.612594 0.029143 0.036049
2 0.580934 0.662336 0.027739 0.034410
2 0.520541 0.671114 0.025983 0.036049
2 0.553459 0.629331 0.027212 0.037219
2 0.366661 0.444874 0.027914 0.034878
2 0.558901 0.334621 0.026159 0.034878
2 0.616924 0.636353 0.028441 0.036283
2 0.461640 0.369031 0.026510 0.035346
2 0.582514 0.506905 0.029846 0.040496
2 0.536341 0.370201 0.026334 0.035346
2 0.396067 0.535698 0.027388 0.037219
2 0.611833 0.471208 0.025983 0.034644
2 0.504740 0.372074 0.030197 0.044242
2 0.527563 0.327949 0.027037 0.036985
2 0.619645 0.382022 0.027914 0.034644
2 0.398086 0.362008 0.026510 0.035815
2 0.364993 0.623478 0.028090 0.037219
2 0.621225 0.508544 0.027212 0.036751
2 0.618768 0.340239 0.027563 0.034410
2 0.417135 0.654494 0.028090 0.036049
2 0.367188 0.359316 0.027563 0.034644
2 0.429863 0.362945 0.025808 0.033942
2 0.356566 0.662102 0.025983 0.036283
2 0.619645 0.549157 0.026861 0.037453
2 0.499386 0.324204 0.026159 0.034644
2 0.582075 0.423572 0.028617 0.040496
2 0.618943 0.590356 0.026861 0.035112
2 0.489027 0.626639 0.026861 0.036517
2 0.404407 0.454939 0.027563 0.037687
2 0.451896 0.615520 0.027739 0.034410
2 0.365520 0.533825 0.026685 0.037219
2 0.407742 0.412219 0.027914 0.036049
2 0.371313 0.492626 0.029143 0.038624
2 0.432760 0.325609 0.023525 0.035112
2 0.400632 0.495552 0.027388 0.036049
2 0.617714 0.507257 0.038097 0.042603
2 0.585674 0.379213 0.029143 0.037453
2 0.615607 0.675679 0.031074 0.042837
2 0.552581 0.406133 0.027212 0.033708
2 0.373244 0.404963 0.029143 0.038390
2 0.368855 0.572566 0.030548 0.038858
2 0.519487 0.616690 0.028441 0.038155
0 0.490935 0.497676 0.303242 0.403308
3 0.556994 0.379436 0.021996 0.028535
3 0.436950 0.415880 0.021840 0.032760
3 0.435585 0.455225 0.023792 0.031861
3 0.434487 0.494052 0.022769 0.031486
3 0.401355 0.573645 0.023216 0.028373
3 0.395920 0.610513 0.018199 0.027203
3 0.430723 0.574864 0.022261 0.030815
3 0.432974 0.534106 0.020909 0.030447
3 0.462351 0.575789 0.021145 0.026423
3 0.489458 0.576749 0.021519 0.026781
3 0.519438 0.577748 0.021789 0.025658
3 0.549677 0.581678 0.021406 0.027275
3 0.579593 0.583272 0.018034 0.024225
3 0.550267 0.540702 0.022583 0.029593
3 0.520202 0.538958 0.020976 0.027666
3 0.490920 0.536646 0.023271 0.030843
3 0.464075 0.535192 0.022249 0.032619
3 0.466740 0.499192 0.021731 0.029284
3 0.494605 0.499403 0.018936 0.028144
3 0.521371 0.502025 0.018631 0.028708
3 0.551678 0.503066 0.019556 0.030787
3 0.582776 0.463106 0.020888 0.035140
3 0.553085 0.461472 0.021197 0.031873
3 0.525704 0.422177 0.022616 0.029747
3 0.521843 0.461353 0.020744 0.030075
3 0.493978 0.460051 0.021197 0.032149
3 0.498004 0.420552 0.021055 0.024939
3 0.470179 0.417542 0.021584 0.029843
3 0.468269 0.458352 0.021275 0.034993
