2 0.365520 0.318469 0.030197 0.042369
2 0.398262 0.335557 0.026510 0.036283
2 0.432935 0.327013 0.024579 0.035112
2 0.463220 0.332982 0.026159 0.034410
2 0.496577 0.330407 0.025456 0.038155
2 0.525895 0.330993 0.025456 0.039326
2 0.557233 0.337196 0.024228 0.037219
2 0.587781 0.340122 0.028090 0.039794
2 0.584182 0.384129 0.031777 0.042603
2 0.528090 0.372542 0.024930 0.034410
2 0.500702 0.382374 0.021770 0.033942
2 0.467697 0.377224 0.027037 0.039092
2 0.397033 0.374181 0.025456 0.034410
2 0.366046 0.363881 0.026685 0.036283
2 0.367451 0.404494 0.027037 0.035112
2 0.405811 0.415028 0.024052 0.035112
2 0.439782 0.413272 0.024930 0.033942
2 0.471120 0.422168 0.022647 0.033942
2 0.500527 0.421699 0.024579 0.034410
2 0.526598 0.413975 0.022647 0.034410
2 0.556882 0.426030 0.023876 0.038858
2 0.588132 0.426615 0.025983 0.038624
2 0.618416 0.423104 0.026510 0.034878
2 0.613764 0.471325 0.026685 0.038624
2 0.613588 0.512875 0.028090 0.037453
2 0.582953 0.470857 0.022647 0.033942
2 0.583216 0.509714 0.025632 0.037219
2 0.552493 0.468516 0.025281 0.037687
2 0.552581 0.509012 0.025456 0.035815
2 0.520629 0.491807 0.025456 0.033708
2 0.524491 0.452832 0.024754 0.034410
2 0.497367 0.461493 0.024930 0.033006
2 0.466819 0.461376 0.024228 0.034176
2 0.434691 0.455524 0.027037 0.036517
2 0.404407 0.457397 0.023701 0.035112
2 0.366749 0.441596 0.026334 0.033942
2 0.367978 0.487945 0.033708 0.044242
2 0.396506 0.496606 0.027563 0.034878
2 0.365256 0.532186 0.029670 0.038155
2 0.360955 0.573736 0.025281 0.036985
2 0.358409 0.618212 0.026510 0.036517
2 0.359024 0.665028 0.024930 0.037921
2 0.390537 0.667369 0.026510 0.038858
2 0.386412 0.627809 0.025632 0.040262
2 0.395892 0.581929 0.027037 0.037453
2 0.399842 0.535463 0.025456 0.033474
2 0.420646 0.659644 0.024228 0.038390
2 0.436096 0.369031 0.027037 0.034878
2 0.423192 0.619031 0.032128 0.036283
2 0.434603 0.579120 0.025456 0.037453
2 0.430390 0.537453 0.022999 0.033708
2 0.461728 0.540145 0.026685 0.036751
2 0.458480 0.498244 0.024403 0.034410
2 0.464888 0.580524 0.025281 0.036517
2 0.460060 0.621957 0.027914 0.039794
2 0.450755 0.658825 0.024403 0.035346
2 0.484112 0.666901 0.025456 0.037921
2 0.489642 0.630150 0.025281 0.035581
2 0.495172 0.586845 0.024403 0.035112
2 0.491836 0.542135 0.027563 0.038390
2 0.491222 0.501990 0.024579 0.033006
2 0.516766 0.672402 0.024052 0.034878
2 0.523701 0.625000 0.023876 0.031367
2 0.527563 0.584153 0.023876 0.037219
2 0.519048 0.534410 0.022999 0.033708
2 0.550737 0.552669 0.023174 0.034176
2 0.556794 0.590707 0.024052 0.034878
2 0.555653 0.634129 0.023876 0.035581
2 0.547577 0.673221 0.027739 0.039326
2 0.581285 0.670997 0.024228 0.038624
2 0.588746 0.633193 0.026861 0.036517
2 0.586903 0.592463 0.026334 0.037921
2 0.583567 0.551498 0.026685 0.038858
2 0.617978 0.677083 0.030899 0.040496
2 0.620962 0.636236 0.025281 0.036049
2 0.617012 0.593633 0.028265 0.036517
2 0.616397 0.554190 0.028090 0.036751
3 0.433462 0.500000 0.024228 0.029026
0 0.490403 0.500156 0.299626 0.396379
