2 0.498596 0.324438 0.026685 0.033708
2 0.553810 0.632608 0.025808 0.039560
2 0.436447 0.463015 0.026685 0.043071
2 0.620172 0.381554 0.027914 0.035112
2 0.521506 0.670295 0.026861 0.039560
2 0.416696 0.655665 0.026510 0.036049
2 0.526246 0.328301 0.026159 0.034410
2 0.583129 0.511236 0.028617 0.040262
2 0.369119 0.318937 0.026861 0.035346
2 0.489466 0.582397 0.027037 0.036517
2 0.487535 0.625117 0.028441 0.035815
2 0.495172 0.497191 0.026861 0.035112
2 0.399403 0.571395 0.031601 0.043539
2 0.574263 0.661634 0.027037 0.035815
2 0.461815 0.335323 0.031074 0.040496
2 0.612886 0.471559 0.026334 0.034410
2 0.528002 0.501404 0.026159 0.034176
2 0.358497 0.661400 0.030197 0.038624
2 0.396682 0.491690 0.028265 0.034410
2 0.458129 0.584270 0.026510 0.037453
2 0.446893 0.655431 0.030021 0.041667
2 0.581110 0.467814 0.027388 0.039092
2 0.536341 0.371138 0.027388 0.038624
2 0.558374 0.335791 0.026861 0.036751
2 0.387114 0.529728 0.030548 0.032772
2 0.454178 0.419007 0.026334 0.033240
2 0.405460 0.401217 0.030021 0.038390
2 0.387992 0.619616 0.030899 0.042135
2 0.523262 0.612125 0.030372 0.050562
2 0.621050 0.508427 0.026159 0.036049
2 0.429600 0.613764 0.033006 0.048221
2 0.367363 0.443586 0.029319 0.036985
2 0.574877 0.663272 0.036692 0.054541
2 0.619733 0.549625 0.027388 0.037453
2 0.401773 0.321395 0.025808 0.034644
2 0.507022 0.369733 0.026334 0.039092
2 0.588132 0.548572 0.029494 0.043305
2 0.524754 0.456461 0.028441 0.036517
2 0.361306 0.579354 0.031601 0.038390
2 0.366836 0.501053 0.028617 0.043773
2 0.585060 0.426264 0.027914 0.037921
2 0.482005 0.662804 0.028265 0.039560
2 0.430829 0.329237 0.025281 0.034878
2 0.455495 0.501990 0.027212 0.039560
2 0.617802 0.507257 0.037921 0.042603
2 0.589273 0.377224 0.028617 0.033474
2 0.615695 0.675211 0.031952 0.044710
2 0.619031 0.340824 0.028441 0.035112
2 0.620962 0.340824 0.038975 0.046816
2 0.556268 0.412336 0.028617 0.043773
2 0.497103 0.410463 0.026510 0.034878
2 0.367714 0.357093 0.026159 0.034410
2 0.524228 0.409293 0.026685 0.035346
2 0.588659 0.339771 0.030197 0.040496
2 0.401598 0.444640 0.031074 0.040028
0 0.491016 0.497759 0.304250 0.406051
3 0.407890 0.371643 0.023411 0.028553
3 0.440033 0.375721 0.022156 0.030468
3 0.468064 0.377971 0.023204 0.028727
3 0.558759 0.376276 0.025523 0.033141
3 0.615609 0.424579 0.024524 0.032992
3 0.437695 0.416763 0.020987 0.031402
3 0.378897 0.409824 0.023948 0.030014
3 0.371152 0.531388 0.026011 0.034375
3 0.368862 0.613137 0.022602 0.029331
3 0.397335 0.658731 0.026879 0.031571
3 0.432103 0.573336 0.023850 0.030878
3 0.461285 0.615133 0.026034 0.027083
3 0.548950 0.661732 0.026972 0.029768
3 0.580007 0.621400 0.025883 0.028694
3 0.610727 0.623631 0.024124 0.028474
3 0.612326 0.582430 0.023808 0.030339
3 0.581380 0.581271 0.021610 0.031145
3 0.550880 0.579724 0.023808 0.031168
3 0.521050 0.579618 0.023840 0.032519
3 0.435009 0.533879 0.024981 0.034675
3 0.438118 0.496201 0.023006 0.032662
3 0.463836 0.535307 0.021771 0.029726
3 0.491320 0.536065 0.022904 0.031241
3 0.520221 0.537439 0.022186 0.030873
3 0.550416 0.539846 0.021712 0.032563
3 0.553113 0.500850 0.022423 0.031037
3 0.553641 0.461992 0.024652 0.032910
3 0.494809 0.459705 0.026369 0.034579
3 0.466297 0.458689 0.025525 0.030985
