0 0.472554 0.606273 0.502692 0.265294
3 0.259173 0.536049 0.029407 0.037453
3 0.282435 0.538975 0.022384 0.037453
3 0.315792 0.626756 0.029407 0.037453
3 0.342565 0.632022 0.029407 0.037453
3 0.377677 0.552434 0.029407 0.037453
3 0.373727 0.588132 0.029407 0.037453
3 0.405328 0.595154 0.029407 0.037453
3 0.405328 0.554775 0.029407 0.037453
3 0.400939 0.630852 0.029407 0.037453
3 0.426835 0.672402 0.029407 0.037453
3 0.459898 0.645091 0.028236 0.028869
3 0.551922 0.571746 0.029407 0.037453
3 0.578696 0.574672 0.029407 0.037453
3 0.547972 0.650164 0.029407 0.037453
3 0.576355 0.651140 0.027066 0.031992
3 0.579573 0.691128 0.029407 0.037453
3 0.608541 0.655822 0.032918 0.034333
3 0.609858 0.692299 0.029407 0.037453
3 0.637070 0.653675 0.029407 0.037453
3 0.640142 0.578184 0.029407 0.037453
3 0.260929 0.497425 0.036429 0.042135
3 0.287702 0.500936 0.036429 0.042135
3 0.314914 0.502692 0.036429 0.042135
3 0.378555 0.508544 0.036429 0.042135
3 0.404889 0.515274 0.024140 0.039209
3 0.523394 0.530782 0.036429 0.042135
3 0.555434 0.530197 0.036429 0.042135
3 0.433857 0.557116 0.036429 0.042135
3 0.493109 0.563846 0.030284 0.033357
3 0.247762 0.623244 0.036429 0.042135
3 0.430785 0.634071 0.030284 0.040379
3 0.397209 0.670646 0.031601 0.037453
3 0.487184 0.681472 0.028968 0.036868
3 0.516591 0.685861 0.028090 0.039794
3 0.517907 0.604225 0.029846 0.041550
3 0.614686 0.578184 0.036429 0.042135
3 0.547314 0.687324 0.031601 0.041550
3 0.520321 0.568235 0.032040 0.035112
3 0.432101 0.595447 0.026773 0.035698
3 0.286605 0.624122 0.033357 0.040379
3 0.369338 0.625878 0.032040 0.040379
3 0.457777 0.679132 0.033357 0.043890
3 0.518127 0.647238 0.029407 0.037453
3 0.666476 0.661575 0.032040 0.033357
3 0.344540 0.547168 0.030723 0.037453
2 0.341907 0.499298 0.029670 0.049625
2 0.242890 0.582163 0.035288 0.043071
2 0.275105 0.580407 0.032303 0.052669
2 0.304951 0.589419 0.031952 0.041667
2 0.339449 0.592931 0.034586 0.059925
2 0.234989 0.666901 0.031426 0.042603
2 0.265274 0.669944 0.027739 0.042135
2 0.299947 0.665613 0.031426 0.061564
2 0.333480 0.668890 0.032128 0.054541
2 0.361306 0.679307 0.031601 0.043071
2 0.433111 0.516269 0.029846 0.040028
2 0.464185 0.525749 0.029494 0.044007
2 0.458919 0.568352 0.032654 0.049157
2 0.458567 0.616222 0.036166 0.050796
2 0.486921 0.650047 0.029670 0.042135
2 0.490256 0.608263 0.030723 0.042837
2 0.497103 0.523759 0.032128 0.049860
2 0.581461 0.532537 0.032654 0.051030
2 0.549333 0.614817 0.030899 0.046582
2 0.581987 0.618797 0.030548 0.047519
2 0.612623 0.539677 0.029670 0.059691
2 0.613150 0.625702 0.028617 0.049625
2 0.645014 0.625351 0.032654 0.043773
2 0.637992 0.697566 0.029846 0.058052
2 0.672489 0.709270 0.031074 0.043539
2 0.705320 0.717111 0.024754 0.036751
2 0.701633 0.671465 0.037746 0.044242
2 0.707865 0.631320 0.032654 0.042135
2 0.674508 0.588600 0.039326 0.042369
2 0.710850 0.589302 0.031952 0.041433
2 0.708919 0.547051 0.035112 0.042135
2 0.674684 0.536166 0.033708 0.051264
2 0.645804 0.541316 0.032830 0.047987
2 0.678283 0.632257 0.033181 0.045412
2 0.312412 0.542018 0.037044 0.044710
