2 0.424772 0.511704 0.025808 0.032772
2 0.361921 0.666199 0.031777 0.042135
2 0.583831 0.342346 0.029670 0.039560
2 0.551264 0.419710 0.028441 0.040262
2 0.522209 0.546934 0.029670 0.040028
2 0.522121 0.465707 0.027037 0.035346
2 0.362711 0.327247 0.024930 0.034176
2 0.395365 0.329237 0.026334 0.033474
2 0.488237 0.416081 0.024228 0.034410
2 0.521331 0.504682 0.027212 0.035112
2 0.462605 0.331695 0.028090 0.037921
2 0.427493 0.332397 0.026334 0.034644
2 0.614554 0.384363 0.026510 0.035112
2 0.489291 0.548455 0.027037 0.037453
2 0.393610 0.368797 0.025983 0.034878
2 0.454266 0.371606 0.025808 0.033474
2 0.553897 0.338015 0.025983 0.034176
2 0.611833 0.517088 0.027037 0.039326
2 0.395892 0.506905 0.026685 0.034410
2 0.427054 0.421699 0.025456 0.033942
2 0.579442 0.426381 0.025456 0.034410
2 0.366046 0.582397 0.029846 0.040262
2 0.397121 0.415613 0.029143 0.035815
2 0.523525 0.333216 0.029846 0.039092
2 0.461376 0.462430 0.029143 0.038155
2 0.459621 0.417369 0.027388 0.035581
2 0.490081 0.376053 0.025105 0.034878
2 0.367802 0.543539 0.031601 0.038858
2 0.551352 0.513343 0.025808 0.036517
2 0.612711 0.341877 0.024579 0.033006
2 0.402827 0.553488 0.026159 0.035346
2 0.362096 0.365988 0.026159 0.035815
2 0.424772 0.368329 0.025105 0.033474
2 0.608761 0.474836 0.026861 0.033942
2 0.552054 0.470857 0.027212 0.037687
2 0.494206 0.329354 0.024579 0.034644
2 0.518258 0.425562 0.025632 0.037453
2 0.581900 0.506086 0.025808 0.036985
2 0.492626 0.465590 0.027037 0.037921
2 0.397472 0.463717 0.027739 0.035112
2 0.455320 0.503745 0.026510 0.034176
2 0.367188 0.500585 0.026861 0.033474
2 0.362623 0.454822 0.026510 0.035581
2 0.547841 0.379565 0.026510 0.034878
2 0.457514 0.552669 0.026685 0.036517
2 0.428020 0.470037 0.028441 0.033708
2 0.611394 0.430829 0.025456 0.038155
2 0.581197 0.380618 0.025105 0.033708
2 0.579881 0.467814 0.025281 0.033474
2 0.516942 0.380033 0.026510 0.035346
2 0.367802 0.414092 0.027037 0.034176
2 0.486394 0.508427 0.026510 0.036049
0 0.489937 0.503311 0.295874 0.398501
3 0.490068 0.624382 0.284910 0.047140
3 0.506045 0.630648 0.248982 0.134579
3 0.584085 0.611016 0.091392 0.173343
