2 0.463308 0.595037 0.025281 0.034644
2 0.553546 0.420178 0.026334 0.036985
2 0.581110 0.379448 0.024930 0.033240
2 0.517293 0.378862 0.025808 0.034410
2 0.403353 0.544476 0.026861 0.035581
2 0.521857 0.502692 0.026510 0.033474
2 0.362623 0.327130 0.024754 0.034410
2 0.487974 0.508427 0.026510 0.036049
2 0.463308 0.551732 0.024228 0.032772
2 0.395277 0.328886 0.025808 0.032772
2 0.489203 0.415964 0.025105 0.035112
2 0.555390 0.511119 0.026861 0.035815
2 0.614993 0.381554 0.027037 0.035112
2 0.461289 0.330056 0.030372 0.040262
2 0.457777 0.503862 0.027212 0.034878
2 0.427317 0.331929 0.026334 0.034176
2 0.522823 0.464888 0.027037 0.034176
2 0.613501 0.340590 0.026510 0.034176
2 0.583480 0.341292 0.029670 0.039326
2 0.363062 0.670646 0.030548 0.040730
2 0.394312 0.368329 0.026334 0.034410
2 0.432058 0.552434 0.025281 0.035581
2 0.553195 0.336845 0.025983 0.035112
2 0.427317 0.421114 0.025281 0.033708
2 0.522560 0.332514 0.028265 0.038624
2 0.581110 0.421816 0.024579 0.032772
2 0.396945 0.504448 0.025983 0.035112
2 0.460586 0.416433 0.026510 0.035112
2 0.490256 0.375819 0.024754 0.033942
2 0.397999 0.414209 0.028090 0.036751
2 0.454793 0.370787 0.025456 0.033708
2 0.370962 0.537336 0.025983 0.037219
2 0.493241 0.550211 0.025808 0.035815
2 0.362272 0.366339 0.026159 0.035581
2 0.424860 0.367743 0.024930 0.034176
2 0.363588 0.575609 0.028441 0.034176
2 0.462430 0.461493 0.027388 0.037219
2 0.552581 0.469218 0.026510 0.037219
2 0.493943 0.328418 0.024403 0.033240
2 0.520629 0.426615 0.025456 0.033474
2 0.399579 0.460791 0.027037 0.035346
2 0.366310 0.497191 0.031426 0.035581
2 0.430829 0.470272 0.027037 0.032303
2 0.363325 0.454588 0.027212 0.035581
2 0.427581 0.510417 0.027212 0.037219
2 0.365783 0.628511 0.035288 0.041667
2 0.493153 0.465239 0.025281 0.038155
2 0.367890 0.413624 0.026861 0.034644
2 0.421173 0.597261 0.027388 0.034410
2 0.547665 0.378628 0.026159 0.033942
2 0.391064 0.590005 0.025456 0.039560
0 0.488921 0.502410 0.295566 0.394651
3 0.615792 0.548965 0.033083 0.295810
3 0.507356 0.653916 0.249261 0.085922
3 0.555202 0.632165 0.154177 0.132931
3 0.572124 0.611262 0.123650 0.170712
3 0.600455 0.572767 0.064438 0.245098
