2 0.306268 0.669944 0.046524 0.051966
2 0.621050 0.517907 0.032128 0.054541
2 0.616222 0.571512 0.034761 0.043305
2 0.646419 0.538858 0.030548 0.054775
2 0.547753 0.690426 0.031250 0.046582
2 0.556004 0.523291 0.029846 0.040964
2 0.246577 0.499298 0.034586 0.041199
2 0.637289 0.695459 0.036868 0.061330
2 0.708041 0.533474 0.033708 0.041199
2 0.553546 0.605103 0.030899 0.043071
2 0.522121 0.605337 0.029846 0.046816
2 0.277827 0.543422 0.034937 0.044242
2 0.457690 0.675679 0.034761 0.047987
2 0.307584 0.591292 0.036517 0.042603
2 0.311096 0.548689 0.035112 0.043539
2 0.526773 0.520131 0.028617 0.039794
2 0.274491 0.588249 0.030723 0.044944
2 0.310042 0.503277 0.033006 0.041667
2 0.495348 0.524462 0.031426 0.050328
2 0.394838 0.670646 0.045997 0.043539
2 0.434340 0.513343 0.030899 0.040262
2 0.371050 0.509714 0.032128 0.040496
2 0.402914 0.512640 0.030899 0.064607
2 0.487360 0.683989 0.031250 0.051498
2 0.422753 0.680360 0.034761 0.049860
2 0.707690 0.704237 0.025281 0.034410
2 0.278704 0.500702 0.030723 0.039794
2 0.490607 0.598549 0.031426 0.047285
2 0.458919 0.601124 0.031952 0.044944
2 0.240959 0.584270 0.034937 0.039794
2 0.587869 0.524813 0.030723 0.040262
2 0.341907 0.502926 0.040555 0.050796
2 0.340502 0.591409 0.033883 0.062032
2 0.616134 0.615754 0.032479 0.045178
2 0.462693 0.523525 0.032830 0.047519
2 0.242539 0.543890 0.041959 0.047519
2 0.583831 0.608380 0.030723 0.043539
2 0.674772 0.523057 0.033532 0.049391
0 0.473578 0.603933 0.513518 0.252809
2 0.266591 0.672519 0.025105 0.036049
2 0.671699 0.695927 0.033357 0.049625
3 0.346735 0.544827 0.038624 0.045646
3 0.379652 0.547168 0.028968 0.043305
3 0.406426 0.548338 0.028090 0.047987
3 0.435832 0.553020 0.032479 0.050328
3 0.460411 0.554775 0.030723 0.042135
3 0.497718 0.557701 0.029846 0.040964
3 0.527124 0.558287 0.028968 0.044476
3 0.552142 0.558287 0.029846 0.049157
3 0.582865 0.566479 0.031601 0.046816
3 0.428371 0.589302 0.028090 0.033942
3 0.404231 0.591643 0.027212 0.038624
3 0.372630 0.589888 0.030723 0.037453
3 0.428371 0.631437 0.026334 0.033942
3 0.404670 0.630852 0.021067 0.044476
3 0.374386 0.632022 0.027212 0.039794
3 0.341907 0.631437 0.032479 0.038624
3 0.308550 0.629096 0.034235 0.045646
3 0.277827 0.622074 0.030723 0.045646
3 0.241836 0.625585 0.032479 0.038624
3 0.237447 0.668890 0.035990 0.047987
3 0.337518 0.674157 0.032479 0.044476
3 0.370435 0.672402 0.029846 0.040964
3 0.462605 0.633778 0.033357 0.036283
3 0.491134 0.636119 0.032479 0.040964
3 0.519663 0.642556 0.033357 0.039794
3 0.518346 0.686447 0.037746 0.043305
3 0.549508 0.641971 0.028090 0.040964
3 0.580671 0.641386 0.035990 0.042135
3 0.616661 0.647238 0.034235 0.039794
3 0.608322 0.692884 0.029846 0.046816
3 0.575843 0.689958 0.028090 0.043305
3 0.645190 0.648993 0.028090 0.045646
3 0.642556 0.616222 0.028090 0.043305
3 0.643434 0.574672 0.028090 0.039794
3 0.670646 0.571161 0.028090 0.035112
3 0.700492 0.571746 0.029846 0.038624
3 0.670646 0.605688 0.028090 0.040964
3 0.699614 0.608614 0.028090 0.044476
3 0.671085 0.648408 0.025456 0.044476
3 0.697419 0.654846 0.030723 0.050328
