2 0.365783 0.318586 0.030372 0.042135
2 0.397735 0.336728 0.025808 0.034410
2 0.366046 0.363530 0.026685 0.034644
2 0.366924 0.404728 0.027037 0.035581
2 0.367363 0.441948 0.027563 0.034644
2 0.368768 0.485955 0.030021 0.039326
2 0.365344 0.531484 0.029846 0.038155
2 0.363764 0.573502 0.031952 0.038858
2 0.357619 0.619265 0.031952 0.042369
2 0.359024 0.664911 0.025983 0.039560
2 0.390362 0.667135 0.026510 0.038858
2 0.387202 0.626522 0.024052 0.038155
2 0.395629 0.582046 0.027914 0.037687
2 0.396419 0.538741 0.031952 0.041433
2 0.397121 0.496957 0.029494 0.035112
2 0.403880 0.457280 0.025105 0.038155
2 0.406162 0.414326 0.025105 0.036049
2 0.430741 0.325960 0.027563 0.047987
2 0.438027 0.370787 0.028792 0.037453
2 0.438992 0.417486 0.028265 0.038155
2 0.432935 0.463600 0.024579 0.038624
2 0.427493 0.537921 0.025281 0.034176
2 0.434515 0.579471 0.025632 0.038155
2 0.423894 0.618680 0.033532 0.036985
2 0.421085 0.658006 0.024403 0.035112
2 0.450843 0.658474 0.023174 0.034644
2 0.481829 0.667603 0.037044 0.041667
2 0.460060 0.622191 0.028617 0.040262
2 0.464712 0.580407 0.027388 0.039560
2 0.459884 0.539326 0.028617 0.039794
2 0.461025 0.497542 0.027739 0.038155
2 0.464888 0.458919 0.026334 0.037219
2 0.470067 0.420880 0.025808 0.036517
2 0.469540 0.375117 0.027212 0.038624
2 0.462430 0.334855 0.030899 0.043305
2 0.496664 0.332280 0.025983 0.042837
2 0.499298 0.382725 0.031601 0.041667
2 0.500000 0.421934 0.025632 0.035346
2 0.495260 0.461376 0.025632 0.032772
2 0.489817 0.501522 0.026334 0.034878
2 0.490607 0.542135 0.028968 0.039326
2 0.489817 0.628628 0.024930 0.038624
2 0.494821 0.583919 0.025808 0.038155
2 0.521682 0.539326 0.029670 0.044007
2 0.526071 0.584153 0.028968 0.041901
2 0.520277 0.624649 0.034586 0.046114
2 0.516854 0.670178 0.024228 0.039794
2 0.519663 0.495904 0.027037 0.040028
2 0.527651 0.455641 0.028968 0.039092
2 0.529319 0.372074 0.026334 0.036283
2 0.525983 0.413624 0.027388 0.040262
2 0.527563 0.332163 0.031250 0.044476
2 0.557672 0.337313 0.026861 0.039794
2 0.557848 0.378511 0.025808 0.038390
2 0.556443 0.427434 0.025808 0.044007
2 0.552493 0.511236 0.025983 0.036049
2 0.549772 0.551264 0.027563 0.039794
2 0.556092 0.590356 0.025808 0.036049
2 0.554863 0.633427 0.028968 0.043071
2 0.547577 0.672870 0.027739 0.039560
2 0.582865 0.671934 0.042486 0.044242
2 0.587605 0.632257 0.030197 0.040262
2 0.585762 0.592346 0.029670 0.040496
2 0.580671 0.550445 0.034586 0.041901
2 0.582690 0.510417 0.028090 0.040028
2 0.580671 0.467580 0.028617 0.040964
2 0.585499 0.427434 0.035112 0.042135
2 0.585674 0.384129 0.031952 0.044944
2 0.588132 0.339771 0.029494 0.040028
2 0.617539 0.344452 0.033181 0.042369
2 0.618592 0.382608 0.028617 0.036283
2 0.618768 0.423221 0.025808 0.035112
2 0.614379 0.470857 0.028617 0.040964
2 0.614730 0.513109 0.037746 0.042603
2 0.617626 0.553722 0.031952 0.037687
2 0.617012 0.593750 0.031426 0.038624
2 0.619031 0.635300 0.031250 0.040262
2 0.617626 0.677200 0.031952 0.041199
3 0.405548 0.374141 0.029261 0.038233
3 0.433053 0.500157 0.023408 0.032772
0 0.491866 0.500156 0.299040 0.396379
3 0.553020 0.461142 0.023408 0.039015
