3 0.380679 0.339810 0.016975 0.025751
3 0.405042 0.337893 0.020056 0.031278
3 0.379881 0.417395 0.017721 0.031107
3 0.377440 0.536021 0.023373 0.034274
3 0.373257 0.616901 0.019688 0.025939
3 0.461972 0.616690 0.021557 0.027074
3 0.436060 0.501096 0.022402 0.026849
3 0.464554 0.539373 0.025550 0.031618
3 0.467121 0.498991 0.023662 0.030442
3 0.467388 0.460887 0.021854 0.030702
3 0.519868 0.582083 0.020309 0.028088
3 0.583037 0.587505 0.024925 0.035810
3 0.582965 0.626578 0.021269 0.029686
3 0.550813 0.664298 0.020165 0.025536
3 0.553666 0.504628 0.021190 0.029232
3 0.551238 0.466625 0.017504 0.023448
3 0.613746 0.426360 0.023139 0.028748
3 0.406810 0.376292 0.021250 0.028490
0 0.494132 0.500024 0.305041 0.403240
2 0.369119 0.365403 0.029319 0.039326
2 0.420822 0.377926 0.034059 0.041433
2 0.427054 0.334036 0.026510 0.034644
2 0.459094 0.340005 0.033708 0.046114
2 0.467521 0.377692 0.027037 0.036283
2 0.402914 0.409761 0.032303 0.046114
2 0.367802 0.446512 0.029494 0.039092
2 0.403704 0.456461 0.036341 0.053371
2 0.437588 0.468867 0.026510 0.041667
2 0.402914 0.494031 0.026334 0.034878
2 0.370348 0.502575 0.033883 0.046816
2 0.434603 0.417720 0.025808 0.042837
2 0.465327 0.421582 0.028617 0.037921
2 0.497367 0.331461 0.026334 0.042603
2 0.501756 0.372776 0.032654 0.041901
2 0.497454 0.410229 0.025456 0.033942
2 0.493680 0.454705 0.024930 0.033474
2 0.492890 0.499298 0.028265 0.037453
2 0.489642 0.544359 0.028090 0.039560
2 0.494996 0.584036 0.027212 0.038390
2 0.465590 0.584387 0.025983 0.040496
2 0.435393 0.579237 0.028792 0.040964
2 0.403002 0.573502 0.026510 0.037921
2 0.364291 0.583684 0.034059 0.040496
2 0.358848 0.665379 0.024930 0.037219
2 0.389923 0.672285 0.025632 0.037453
2 0.386675 0.627341 0.025456 0.035112
2 0.419593 0.661517 0.027388 0.044007
2 0.419242 0.617978 0.025632 0.034176
2 0.450930 0.658006 0.021945 0.032772
2 0.482093 0.666081 0.028792 0.040028
2 0.524666 0.673221 0.026159 0.035581
2 0.487623 0.626287 0.026861 0.037219
2 0.518434 0.618680 0.027037 0.036517
2 0.558374 0.632491 0.025105 0.036517
2 0.576457 0.669710 0.037044 0.044007
2 0.617626 0.677200 0.031952 0.040730
2 0.616573 0.635534 0.031601 0.039326
2 0.615783 0.593165 0.032479 0.037453
2 0.616749 0.553605 0.028441 0.036985
2 0.583129 0.551849 0.028265 0.043305
2 0.612360 0.514162 0.031952 0.041433
2 0.582426 0.510300 0.027563 0.039326
2 0.552142 0.547870 0.024579 0.035815
2 0.522033 0.537219 0.031777 0.045412
2 0.613676 0.471325 0.026861 0.037219
2 0.581373 0.468516 0.025808 0.038624
2 0.586201 0.427786 0.027739 0.038155
2 0.554600 0.427903 0.024228 0.039794
2 0.524930 0.492509 0.024228 0.034644
2 0.526685 0.454120 0.024930 0.034644
2 0.524666 0.410112 0.022999 0.033708
2 0.535551 0.372893 0.025105 0.033240
2 0.526422 0.335323 0.029670 0.043773
2 0.557058 0.337898 0.024579 0.038155
2 0.587430 0.340122 0.028090 0.039326
2 0.616836 0.342580 0.033532 0.042837
2 0.619206 0.381320 0.027739 0.036049
2 0.588044 0.380267 0.026861 0.034878
3 0.555757 0.382125 0.021859 0.033914
