2 0.302756 0.726124 0.031074 0.049625
2 0.356566 0.600070 0.031952 0.043773
2 0.488676 0.710908 0.030021 0.052903
2 0.572683 0.633427 0.033006 0.046348
2 0.576457 0.591409 0.036341 0.047519
2 0.513518 0.540496 0.031952 0.046816
2 0.460323 0.674391 0.035463 0.043539
2 0.424860 0.725538 0.031952 0.048923
2 0.544417 0.674040 0.031601 0.062032
2 0.421612 0.597144 0.029670 0.042603
2 0.334709 0.682467 0.038097 0.044710
2 0.700404 0.661634 0.040204 0.049860
2 0.451194 0.546231 0.034410 0.043305
2 0.484112 0.636119 0.035990 0.048455
2 0.272296 0.732912 0.030548 0.044944
2 0.238150 0.729167 0.035288 0.044007
2 0.265713 0.643844 0.038097 0.042369
2 0.301088 0.601592 0.037570 0.043071
2 0.417574 0.550211 0.033181 0.045646
2 0.356654 0.557116 0.031777 0.041667
2 0.668715 0.707163 0.035463 0.047285
2 0.543890 0.591292 0.030899 0.042603
2 0.301176 0.642439 0.036692 0.046114
2 0.391152 0.596910 0.032654 0.046816
2 0.390449 0.640801 0.033357 0.042369
2 0.262904 0.558872 0.031074 0.041901
2 0.268346 0.688085 0.034586 0.044242
2 0.482005 0.592111 0.028968 0.043305
2 0.387904 0.553488 0.029670 0.040028
2 0.511324 0.673338 0.036692 0.051264
2 0.456900 0.723081 0.031074 0.054775
2 0.668364 0.663038 0.037921 0.047051
2 0.334972 0.723549 0.035815 0.051498
2 0.233497 0.560393 0.033357 0.041667
2 0.329705 0.600070 0.031250 0.042369
2 0.237447 0.685861 0.029670 0.043539
2 0.446541 0.637757 0.036341 0.046114
2 0.295207 0.557935 0.032479 0.041901
2 0.425825 0.679190 0.028968 0.040496
2 0.234112 0.602996 0.034235 0.041667
2 0.334445 0.641737 0.035815 0.042837
2 0.699614 0.705056 0.037219 0.048221
2 0.584094 0.670061 0.036868 0.042369
2 0.325930 0.557116 0.029670 0.041199
2 0.573824 0.544593 0.030372 0.041433
2 0.481390 0.545646 0.031250 0.047753
2 0.453301 0.595272 0.033708 0.049625
2 0.512465 0.589537 0.029846 0.041901
2 0.269312 0.601475 0.038624 0.040964
2 0.392995 0.718282 0.034586 0.053605
2 0.543013 0.548338 0.029143 0.041433
2 0.297928 0.680360 0.033006 0.042837
3 0.234960 0.644312 0.028090 0.037062
3 0.366192 0.635339 0.028383 0.030040
3 0.369996 0.670646 0.028383 0.030431
3 0.398232 0.671622 0.030430 0.033942
3 0.369996 0.710634 0.035990 0.045646
3 0.425592 0.638069 0.030723 0.041744
3 0.514981 0.628120 0.031601 0.037453
3 0.546875 0.627147 0.028675 0.037844
3 0.487769 0.667914 0.026334 0.036674
3 0.515858 0.709464 0.026334 0.030040
3 0.545413 0.704003 0.029261 0.040185
3 0.576575 0.706735 0.027797 0.033942
3 0.600715 0.542486 0.026919 0.033942
3 0.629389 0.541510 0.028675 0.033551
3 0.658357 0.538584 0.027505 0.037062
3 0.686886 0.537999 0.026041 0.036674
3 0.601592 0.581500 0.026334 0.034721
3 0.630706 0.579548 0.026627 0.037062
3 0.658357 0.577793 0.028090 0.034333
3 0.686740 0.574281 0.031017 0.039015
3 0.601738 0.618368 0.025456 0.039015
3 0.630267 0.616807 0.026919 0.036674
3 0.659235 0.614661 0.029261 0.034721
3 0.689812 0.615246 0.030139 0.038233
3 0.604517 0.657966 0.025163 0.033942
3 0.633193 0.655822 0.029261 0.037453
3 0.604371 0.698736 0.024285 0.039015
3 0.632755 0.697175 0.029552 0.040574
0 0.471091 0.628901 0.497425 0.223158
