2 0.457602 0.320342 0.033181 0.035815
2 0.396594 0.504916 0.027037 0.035581
2 0.611043 0.471793 0.027563 0.038155
2 0.583831 0.340941 0.030021 0.040964
2 0.550825 0.418305 0.028968 0.042135
2 0.517820 0.378043 0.025808 0.035112
2 0.369119 0.540262 0.030372 0.037453
2 0.548016 0.378277 0.026861 0.033240
2 0.523789 0.466994 0.026861 0.036517
2 0.362623 0.327130 0.025105 0.034410
2 0.487798 0.546348 0.029670 0.038390
2 0.395453 0.328301 0.026159 0.033942
2 0.488676 0.413858 0.025105 0.034644
2 0.582953 0.669593 0.030723 0.040964
2 0.554161 0.470154 0.026510 0.038155
2 0.581022 0.377692 0.024754 0.033474
2 0.614730 0.382608 0.026861 0.035346
2 0.369294 0.576896 0.027563 0.033006
2 0.394751 0.368212 0.026861 0.035112
2 0.553722 0.337079 0.025632 0.036517
2 0.617275 0.637640 0.027037 0.034644
2 0.430390 0.470857 0.025808 0.035346
2 0.428195 0.420412 0.024930 0.033240
2 0.490432 0.374649 0.025456 0.036751
2 0.455671 0.552317 0.035990 0.052669
2 0.400983 0.461493 0.027388 0.036751
2 0.397647 0.415613 0.029846 0.037687
2 0.523701 0.334504 0.031250 0.044944
2 0.460323 0.412453 0.025281 0.035581
2 0.363588 0.454822 0.026685 0.035112
2 0.455671 0.364934 0.025808 0.034644
2 0.523086 0.546114 0.030021 0.040262
2 0.613237 0.340590 0.025632 0.034644
2 0.362272 0.367392 0.025456 0.034410
2 0.425298 0.367626 0.025456 0.033942
2 0.613413 0.555126 0.027388 0.036751
2 0.582514 0.467697 0.023876 0.033240
2 0.494031 0.328886 0.025281 0.034644
2 0.518522 0.424743 0.027212 0.040028
2 0.614554 0.596325 0.026510 0.034410
2 0.494031 0.464068 0.029143 0.037219
2 0.454968 0.503160 0.026510 0.035346
2 0.366573 0.499415 0.028792 0.034878
2 0.367539 0.415262 0.029319 0.036985
2 0.426879 0.331929 0.025808 0.034176
2 0.463308 0.461962 0.027037 0.035815
2 0.615959 0.676264 0.031777 0.042135
2 0.579968 0.423923 0.027914 0.038858
2 0.610692 0.513811 0.028265 0.038858
2 0.456373 0.551498 0.026510 0.036049
2 0.489027 0.506437 0.025808 0.034878
2 0.612008 0.427434 0.027388 0.035112
2 0.403617 0.550796 0.026334 0.033240
0 0.490132 0.502776 0.294315 0.395383
3 0.429698 0.502776 0.022551 0.028652
3 0.520774 0.502566 0.025632 0.032910
3 0.549098 0.503488 0.021415 0.034757
3 0.578401 0.502849 0.021501 0.033476
3 0.580030 0.541910 0.023588 0.032008
3 0.547168 0.541990 0.022240 0.032168
3 0.432433 0.539118 0.023343 0.027982
3 0.400179 0.578605 0.020864 0.025810
3 0.429607 0.579183 0.022368 0.023848
3 0.461943 0.581159 0.021499 0.019998
3 0.490456 0.580342 0.024686 0.027725
3 0.518199 0.579759 0.022821 0.026559
3 0.548357 0.583090 0.022275 0.028542
3 0.579531 0.582505 0.024933 0.033610
3 0.580386 0.622357 0.024856 0.022804
3 0.370116 0.618483 0.016915 0.025981
3 0.369061 0.657125 0.020660 0.020555
3 0.399192 0.657610 0.021232 0.023085
3 0.398343 0.617212 0.021871 0.024995
3 0.428708 0.619457 0.025253 0.024803
3 0.428831 0.657090 0.023158 0.023607
3 0.460416 0.618516 0.021958 0.027605
3 0.459686 0.658209 0.025177 0.022722
3 0.489142 0.659094 0.025569 0.021372
3 0.488611 0.620803 0.024505 0.027498
3 0.517212 0.621234 0.024357 0.023677
3 0.517781 0.658127 0.023157 0.020997
3 0.548251 0.622273 0.022065 0.022633
3 0.548731 0.661580 0.026536 0.023223
