0 0.493455 0.501520 0.299372 0.400747
3 0.366096 0.326856 0.017070 0.035737
3 0.403392 0.371529 0.023778 0.033010
3 0.435795 0.498593 0.024210 0.029644
3 0.466022 0.462151 0.022633 0.033228
3 0.465018 0.498951 0.022967 0.031924
3 0.464422 0.537235 0.024115 0.033581
3 0.463192 0.621147 0.022825 0.034426
3 0.521262 0.582601 0.025439 0.033801
3 0.583366 0.583989 0.022068 0.031901
3 0.553480 0.503944 0.024329 0.032542
3 0.551882 0.465061 0.021134 0.029684
2 0.393785 0.336025 0.036868 0.041901
2 0.369733 0.363296 0.031601 0.040262
2 0.369206 0.404728 0.031601 0.037453
2 0.404055 0.403675 0.030723 0.042837
2 0.367275 0.443937 0.030197 0.039560
2 0.401334 0.446629 0.027388 0.044944
2 0.367714 0.487711 0.032830 0.043773
2 0.398701 0.490520 0.027037 0.038155
2 0.397647 0.533240 0.033357 0.043071
2 0.364379 0.537219 0.030021 0.039326
2 0.364642 0.578535 0.034059 0.041901
2 0.397121 0.579003 0.032654 0.043773
2 0.357795 0.620904 0.035112 0.046114
2 0.360955 0.666081 0.031250 0.045178
2 0.389045 0.669242 0.028441 0.051030
2 0.388518 0.625585 0.030548 0.046582
2 0.421261 0.618446 0.029670 0.034644
2 0.419417 0.663038 0.028792 0.045646
2 0.449526 0.657654 0.028617 0.043305
2 0.430039 0.575843 0.029670 0.045412
2 0.430741 0.532186 0.026510 0.039560
2 0.461025 0.582748 0.027388 0.040964
2 0.433199 0.463834 0.032128 0.050796
2 0.434515 0.418422 0.028792 0.047051
2 0.426440 0.369967 0.037570 0.042369
2 0.430829 0.327949 0.027388 0.037921
2 0.461728 0.337079 0.033357 0.046348
2 0.467170 0.376404 0.028792 0.037453
2 0.465765 0.420529 0.032303 0.041901
2 0.497454 0.331578 0.026510 0.042837
2 0.501404 0.372308 0.031952 0.040964
2 0.498420 0.412336 0.025632 0.034878
2 0.493943 0.455524 0.027563 0.037453
2 0.493416 0.499415 0.029319 0.038155
2 0.489203 0.543422 0.028617 0.040028
2 0.493065 0.583684 0.029319 0.041901
2 0.487272 0.627809 0.027563 0.038390
2 0.479723 0.667954 0.040204 0.041433
2 0.516415 0.617626 0.030723 0.044710
2 0.516766 0.669007 0.027563 0.043071
2 0.547753 0.672051 0.028090 0.041199
2 0.556882 0.630150 0.028441 0.042603
2 0.553897 0.588834 0.028090 0.036283
2 0.522121 0.535932 0.031952 0.045178
2 0.579178 0.669476 0.033006 0.044007
2 0.618065 0.677434 0.031426 0.040262
2 0.619558 0.636002 0.030899 0.039794
2 0.588132 0.630033 0.029494 0.040964
2 0.616310 0.593984 0.033181 0.040028
2 0.618153 0.553839 0.030899 0.037453
2 0.583919 0.551732 0.031952 0.044476
2 0.552756 0.538741 0.026159 0.037687
2 0.613852 0.513577 0.036341 0.042603
2 0.582514 0.509597 0.027037 0.039326
2 0.526510 0.492392 0.027037 0.038155
2 0.527212 0.452364 0.024930 0.034878
2 0.525544 0.412336 0.024754 0.039560
2 0.534410 0.372542 0.027037 0.037219
2 0.525456 0.334153 0.029143 0.044242
2 0.557760 0.338132 0.027388 0.041433
2 0.587956 0.340356 0.029143 0.040730
2 0.616836 0.342814 0.034586 0.044710
2 0.618943 0.381905 0.029670 0.036283
2 0.584445 0.384129 0.036166 0.044944
2 0.555653 0.431180 0.029143 0.048689
2 0.586991 0.427669 0.028265 0.039326
2 0.582338 0.467814 0.034059 0.042369
2 0.615607 0.469335 0.032128 0.046348
3 0.556283 0.378940 0.022914 0.035346
