2 0.433813 0.663741 0.031250 0.044710
2 0.687237 0.605688 0.034235 0.041901
2 0.373244 0.658006 0.030197 0.041667
2 0.475334 0.494031 0.026861 0.047051
2 0.557145 0.675913 0.029319 0.047051
2 0.623508 0.597495 0.030021 0.042837
2 0.535288 0.501170 0.033006 0.043539
2 0.653090 0.603699 0.040028 0.044007
2 0.618329 0.680243 0.030548 0.044944
2 0.529231 0.585206 0.030723 0.045880
2 0.291696 0.472963 0.029670 0.061096
2 0.527475 0.630033 0.033883 0.045646
2 0.463659 0.674508 0.030899 0.057818
2 0.382812 0.488881 0.030723 0.040496
2 0.627633 0.643493 0.033708 0.045880
2 0.648701 0.681648 0.030197 0.043539
2 0.719013 0.567065 0.035288 0.040964
2 0.503862 0.496021 0.033708 0.043071
2 0.311447 0.648057 0.035463 0.042369
2 0.624210 0.557116 0.035288 0.042135
2 0.494909 0.667603 0.029846 0.043539
2 0.257812 0.474017 0.037044 0.040730
2 0.279846 0.644078 0.038624 0.043305
2 0.281689 0.564373 0.033532 0.044944
2 0.318996 0.563553 0.040028 0.039092
2 0.352177 0.483965 0.031952 0.041901
2 0.440485 0.537921 0.030197 0.041199
2 0.658006 0.559574 0.032654 0.040496
2 0.375702 0.616456 0.031250 0.041901
2 0.317767 0.523057 0.030548 0.040496
2 0.596383 0.510651 0.029494 0.040028
2 0.689168 0.561330 0.034937 0.040730
2 0.466555 0.575726 0.034235 0.048923
2 0.679249 0.686213 0.030548 0.045178
2 0.344628 0.612594 0.031250 0.044007
2 0.347437 0.531601 0.031952 0.050094
2 0.470681 0.619616 0.028792 0.045412
2 0.471735 0.538858 0.028090 0.039326
2 0.343662 0.658825 0.033532 0.056882
2 0.445137 0.493680 0.032128 0.045880
2 0.526246 0.674860 0.030021 0.043539
2 0.564256 0.636353 0.034761 0.050328
2 0.715678 0.609551 0.033181 0.042603
2 0.718048 0.651451 0.031601 0.043539
2 0.410463 0.532069 0.032654 0.040730
2 0.253687 0.598783 0.033708 0.042603
2 0.498771 0.586610 0.029143 0.040262
2 0.594716 0.639630 0.031074 0.046582
2 0.680916 0.645599 0.043013 0.049157
2 0.373420 0.577949 0.035815 0.043539
2 0.441011 0.610370 0.032303 0.048455
2 0.315221 0.606859 0.034937 0.047051
2 0.379389 0.537336 0.033357 0.053605
2 0.250439 0.558169 0.032830 0.043305
2 0.413360 0.490871 0.029319 0.040730
2 0.587079 0.679073 0.030899 0.044476
2 0.711201 0.692065 0.037921 0.047987
2 0.408796 0.614349 0.031426 0.042837
2 0.536254 0.550562 0.032830 0.050094
2 0.322770 0.476358 0.031074 0.055243
2 0.659937 0.514630 0.031952 0.046582
2 0.723139 0.524228 0.032303 0.042369
2 0.593487 0.596208 0.033181 0.041667
2 0.565309 0.508427 0.031250 0.041199
2 0.501668 0.545763 0.030021 0.041433
2 0.286517 0.524579 0.034761 0.040262
2 0.570400 0.549977 0.036868 0.043773
2 0.628511 0.513577 0.032303 0.040262
2 0.413272 0.573619 0.035463 0.042369
2 0.499824 0.627458 0.028441 0.040496
2 0.692767 0.519663 0.033708 0.040730
2 0.404231 0.657537 0.030723 0.043071
3 0.594277 0.552825 0.022823 0.047596
3 0.559458 0.586767 0.037453 0.051498
3 0.444756 0.574672 0.036283 0.047596
3 0.352586 0.568820 0.040379 0.045255
3 0.259538 0.516931 0.040379 0.046037
3 0.248127 0.645288 0.030430 0.051498
3 0.650163 0.638654 0.024579 0.049157
2 0.281338 0.606976 0.031777 0.036985
0 0.480747 0.586767 0.521419 0.277778
