2 0.607093 0.693586 0.026334 0.034176
2 0.664150 0.427083 0.027739 0.036751
2 0.540730 0.734902 0.028792 0.041901
2 0.630267 0.429190 0.031250 0.037219
2 0.417047 0.696863 0.033883 0.041667
2 0.568732 0.405197 0.026510 0.033240
2 0.575404 0.724368 0.037746 0.045646
2 0.568118 0.398876 0.030899 0.047285
2 0.403968 0.396419 0.028792 0.040496
2 0.509217 0.486891 0.027914 0.047753
2 0.632900 0.645365 0.031250 0.040730
2 0.503336 0.401919 0.032654 0.042135
2 0.574087 0.552317 0.035815 0.045178
2 0.667310 0.645482 0.029143 0.039092
2 0.445576 0.490051 0.028441 0.052200
2 0.599192 0.393375 0.026334 0.037219
2 0.632900 0.517322 0.031601 0.035112
2 0.630618 0.478230 0.034410 0.039794
2 0.449175 0.597963 0.031777 0.048923
2 0.411429 0.479167 0.032128 0.044007
2 0.500176 0.612477 0.035463 0.042837
2 0.537395 0.474602 0.028792 0.037687
2 0.477616 0.486657 0.030723 0.045412
2 0.412395 0.739934 0.031601 0.043071
2 0.661429 0.595974 0.034937 0.044476
2 0.449263 0.695108 0.036166 0.041433
2 0.483234 0.531484 0.037395 0.039092
2 0.632549 0.387875 0.028441 0.036517
2 0.535727 0.393727 0.030021 0.039326
2 0.595330 0.476592 0.034761 0.041667
2 0.603669 0.687149 0.032479 0.047987
2 0.544417 0.615520 0.025632 0.036751
2 0.476387 0.571161 0.035990 0.047285
2 0.437061 0.397940 0.028617 0.037453
2 0.415818 0.576896 0.030021 0.051264
2 0.409059 0.521653 0.029143 0.036751
2 0.469452 0.397589 0.028090 0.037219
2 0.662570 0.387757 0.027739 0.036283
2 0.633954 0.559574 0.035112 0.038155
2 0.575843 0.505501 0.031250 0.041433
2 0.453388 0.735487 0.044768 0.045880
2 0.574175 0.613413 0.032830 0.062032
3 0.410230 0.438514 0.038624 0.045255
3 0.443878 0.443195 0.035697 0.046816
3 0.471677 0.442416 0.031601 0.046816
3 0.500058 0.436955 0.041550 0.043696
3 0.530197 0.436173 0.044475 0.045255
3 0.557702 0.438904 0.025750 0.056959
3 0.593399 0.434223 0.040964 0.041355
3 0.562676 0.476749 0.036868 0.040574
3 0.660697 0.477919 0.035112 0.038233
3 0.665086 0.520054 0.047402 0.042914
3 0.664795 0.557896 0.038624 0.035892
3 0.597495 0.515761 0.036283 0.037453
3 0.596032 0.558677 0.043890 0.039015
3 0.535757 0.562968 0.031017 0.041355
3 0.503569 0.566870 0.021652 0.039794
3 0.537219 0.516931 0.033941 0.036674
3 0.504156 0.522004 0.036868 0.039015
3 0.446220 0.521224 0.029846 0.034333
3 0.447098 0.562577 0.033941 0.035892
3 0.409937 0.605494 0.039208 0.034333
3 0.411692 0.645288 0.042719 0.045255
3 0.446805 0.643727 0.027505 0.040574
3 0.475772 0.603542 0.030430 0.047596
3 0.600715 0.599251 0.032186 0.035892
3 0.627927 0.593399 0.033941 0.052278
3 0.599837 0.641386 0.030430 0.046816
3 0.565602 0.642165 0.034528 0.042135
3 0.538097 0.644506 0.031017 0.037453
3 0.508251 0.644897 0.026334 0.041355
3 0.474017 0.645288 0.033941 0.046816
3 0.477235 0.686641 0.035697 0.042135
3 0.478113 0.732287 0.031601 0.042914
3 0.508251 0.734239 0.031017 0.054618
3 0.505033 0.685861 0.032772 0.039015
3 0.536634 0.686641 0.031601 0.042135
3 0.569405 0.686252 0.037453 0.046037
3 0.634363 0.681571 0.032772 0.039794
3 0.665964 0.678059 0.043306 0.045255
3 0.667135 0.723315 0.039795 0.053059
3 0.630560 0.730728 0.035697 0.053839
3 0.604226 0.724094 0.026334 0.054618
0 0.538389 0.565309 0.303137 0.409644
