2 0.432321 0.682350 0.027914 0.048221
2 0.641854 0.618329 0.034059 0.048923
2 0.432760 0.727996 0.030899 0.044476
2 0.488237 0.547285 0.030899 0.056648
2 0.610955 0.544007 0.029846 0.040262
2 0.556970 0.725070 0.031777 0.051732
2 0.344891 0.678020 0.048982 0.067182
2 0.551352 0.549391 0.029670 0.041667
2 0.640186 0.666081 0.035990 0.042369
2 0.520277 0.544476 0.031426 0.047753
2 0.517117 0.676381 0.037395 0.042837
2 0.518171 0.635534 0.033181 0.040730
2 0.645190 0.707865 0.036517 0.046816
2 0.493592 0.715356 0.031074 0.056648
2 0.672753 0.581344 0.041081 0.052200
2 0.459533 0.599251 0.033181 0.044944
2 0.612886 0.629799 0.031952 0.042369
2 0.587430 0.718516 0.032654 0.050328
2 0.550211 0.590005 0.030899 0.040028
2 0.404758 0.676264 0.039501 0.062266
2 0.396506 0.604986 0.037395 0.054541
2 0.581197 0.546348 0.031426 0.041667
2 0.375966 0.677200 0.042662 0.063202
2 0.465327 0.681180 0.034586 0.042135
2 0.487711 0.596442 0.030548 0.041199
2 0.364115 0.563202 0.032654 0.041199
2 0.458392 0.549977 0.034059 0.044242
2 0.255530 0.729752 0.048982 0.057818
2 0.525632 0.720037 0.030548 0.047753
2 0.711201 0.665262 0.033708 0.043539
2 0.551440 0.680009 0.033006 0.048689
2 0.711728 0.708333 0.034410 0.045880
2 0.237798 0.570810 0.033181 0.041901
2 0.394663 0.561915 0.030548 0.041433
2 0.427230 0.601592 0.028968 0.042603
2 0.300035 0.566362 0.033357 0.040964
2 0.587693 0.675328 0.040204 0.041667
2 0.677405 0.707631 0.032479 0.045880
2 0.490520 0.641620 0.035112 0.045412
2 0.361570 0.604869 0.034937 0.044944
2 0.256671 0.687383 0.054775 0.056414
2 0.455495 0.646184 0.034937 0.047987
2 0.424947 0.555478 0.033181 0.045880
2 0.678195 0.666081 0.037219 0.047987
2 0.554775 0.632022 0.034059 0.045880
2 0.616661 0.710557 0.032128 0.047051
2 0.331812 0.562968 0.029846 0.040730
2 0.640976 0.551264 0.031601 0.060393
2 0.582075 0.591643 0.032830 0.042837
2 0.519224 0.594452 0.030372 0.042369
2 0.268171 0.567767 0.031777 0.041433
2 0.612447 0.588132 0.033532 0.040964
2 0.582163 0.635417 0.029494 0.041901
2 0.463395 0.730220 0.030021 0.056414
2 0.332075 0.603699 0.032479 0.043539
2 0.704003 0.620552 0.047051 0.051966
3 0.688955 0.538635 0.064709 0.034827
3 0.705730 0.556306 0.032714 0.079529
3 0.611891 0.665569 0.022937 0.040564
3 0.673218 0.622404 0.027384 0.040066
3 0.640471 0.580705 0.026259 0.033132
3 0.272716 0.628144 0.087798 0.064029
3 0.301529 0.666959 0.033067 0.151023
3 0.377974 0.641524 0.130950 0.034609
3 0.350585 0.728216 0.133518 0.045695
3 0.491977 0.678008 0.025388 0.037353
0 0.477528 0.637875 0.507374 0.234082
