2 0.423982 0.671582 0.033708 0.049625
2 0.614291 0.570459 0.034410 0.043071
2 0.616046 0.614817 0.033708 0.045646
2 0.547402 0.688202 0.029494 0.046348
2 0.556619 0.522355 0.030723 0.041433
2 0.458304 0.672285 0.033181 0.045412
2 0.339273 0.579003 0.030021 0.061564
2 0.636060 0.693469 0.036868 0.064373
2 0.553020 0.604869 0.031250 0.041667
2 0.675298 0.569874 0.040555 0.041433
2 0.674684 0.522940 0.035112 0.049625
2 0.398964 0.589068 0.031777 0.042837
2 0.526510 0.518961 0.029494 0.038858
2 0.676264 0.611072 0.035815 0.042369
2 0.669768 0.694288 0.038975 0.051966
2 0.367802 0.596325 0.031601 0.059691
2 0.308901 0.501404 0.033532 0.041199
2 0.431004 0.511587 0.029143 0.040028
2 0.369996 0.507374 0.031426 0.040028
2 0.401510 0.511704 0.029494 0.064607
2 0.277388 0.577949 0.029494 0.063670
2 0.522647 0.603699 0.029143 0.045412
2 0.706461 0.659761 0.034410 0.044710
2 0.278178 0.497074 0.030372 0.040496
2 0.458919 0.596208 0.030197 0.044007
2 0.339800 0.509480 0.028617 0.063904
2 0.241573 0.577598 0.036868 0.041901
2 0.670383 0.648174 0.036341 0.055712
2 0.494996 0.514630 0.031777 0.049860
2 0.428985 0.597027 0.030372 0.060627
2 0.307848 0.578652 0.030723 0.060861
2 0.486745 0.681999 0.031074 0.051264
2 0.707075 0.704705 0.025808 0.033474
2 0.462430 0.518844 0.032303 0.047051
2 0.246138 0.494031 0.033357 0.040028
2 0.583655 0.607327 0.030021 0.043305
2 0.645190 0.535346 0.033006 0.060861
2 0.491397 0.599251 0.031250 0.046816
2 0.707953 0.533825 0.033532 0.040964
2 0.395980 0.678020 0.032128 0.056882
0 0.470506 0.606859 0.526685 0.272706
3 0.614466 0.524930 0.028090 0.043305
3 0.583304 0.520833 0.027212 0.035112
3 0.579793 0.564724 0.030723 0.026919
3 0.549070 0.564724 0.028968 0.033942
3 0.519663 0.557116 0.024579 0.032772
3 0.495084 0.557701 0.026334 0.038624
3 0.465678 0.557701 0.032479 0.026919
3 0.436271 0.550094 0.026334 0.044476
3 0.405987 0.546582 0.032479 0.035112
3 0.375702 0.540730 0.031601 0.037453
3 0.346296 0.541901 0.028968 0.032772
3 0.309867 0.538390 0.029846 0.039794
3 0.274315 0.537804 0.025456 0.040964
3 0.246225 0.536634 0.025456 0.038624
3 0.642995 0.578769 0.025456 0.036283
3 0.707953 0.572331 0.025456 0.037453
3 0.710147 0.613296 0.024579 0.042135
3 0.643873 0.613296 0.027212 0.042135
3 0.635973 0.648993 0.028968 0.040964
3 0.607883 0.653090 0.027212 0.032772
3 0.577159 0.644897 0.025456 0.035112
3 0.547753 0.639045 0.029846 0.039794
3 0.518785 0.637875 0.031601 0.032772
3 0.487623 0.636704 0.032479 0.035112
3 0.459972 0.633778 0.026334 0.033942
3 0.429249 0.628511 0.029846 0.025749
3 0.397209 0.629096 0.032479 0.031601
3 0.370435 0.634363 0.024579 0.028090
3 0.332690 0.627926 0.028090 0.038624
3 0.603933 0.694054 0.026334 0.044476
3 0.574965 0.687032 0.028090 0.044476
3 0.515713 0.684106 0.030723 0.045646
3 0.304161 0.631437 0.032479 0.038624
3 0.270365 0.629096 0.031601 0.036283
3 0.238325 0.629096 0.025456 0.040964
3 0.366485 0.672987 0.025456 0.039794
3 0.334006 0.677083 0.027212 0.038624
3 0.299772 0.668890 0.023701 0.033942
3 0.269048 0.668305 0.027212 0.042135
3 0.235692 0.669476 0.030723 0.039794
