2 0.414677 0.659761 0.033006 0.043773
2 0.499034 0.324555 0.027212 0.033942
2 0.436447 0.461376 0.033006 0.053839
2 0.619645 0.381788 0.028968 0.036517
2 0.588834 0.339888 0.029846 0.040730
2 0.580934 0.467814 0.027388 0.039092
2 0.535990 0.371606 0.027037 0.040028
2 0.555478 0.632491 0.026334 0.039794
2 0.369645 0.319171 0.027563 0.035815
2 0.488237 0.626522 0.027739 0.040028
2 0.401773 0.321161 0.025808 0.035112
2 0.527563 0.457046 0.026685 0.036751
2 0.494821 0.411517 0.026510 0.036517
2 0.433374 0.577598 0.028968 0.039092
2 0.588483 0.550445 0.028792 0.044242
2 0.461464 0.337313 0.033883 0.045412
2 0.584445 0.384597 0.036166 0.047285
2 0.614115 0.471091 0.028441 0.035815
2 0.519926 0.670412 0.026159 0.037921
2 0.618153 0.343165 0.033357 0.039326
2 0.358761 0.660815 0.030723 0.039326
2 0.366924 0.501990 0.030548 0.048455
2 0.558462 0.335791 0.026334 0.036751
2 0.583304 0.510768 0.027914 0.040262
2 0.427493 0.531484 0.027037 0.035346
2 0.464185 0.418422 0.027739 0.044710
2 0.575053 0.668071 0.037395 0.043539
2 0.399666 0.570693 0.032128 0.041199
2 0.527739 0.331578 0.031250 0.042837
2 0.405372 0.410581 0.029494 0.039794
2 0.385534 0.627224 0.027388 0.041901
2 0.553810 0.585440 0.028968 0.037921
2 0.621138 0.509012 0.025632 0.035346
2 0.421524 0.614115 0.035815 0.037219
2 0.367100 0.443937 0.028090 0.036751
2 0.402037 0.452598 0.031250 0.042369
2 0.359551 0.579588 0.028441 0.038858
2 0.620084 0.550328 0.029846 0.039326
2 0.556443 0.544125 0.028968 0.037687
2 0.504916 0.370552 0.031952 0.043539
2 0.493592 0.580993 0.027914 0.039326
2 0.396945 0.492509 0.028441 0.035112
2 0.463571 0.589419 0.026510 0.036049
2 0.386763 0.531133 0.035815 0.039326
2 0.583831 0.425679 0.025808 0.034410
2 0.481127 0.665847 0.032830 0.040496
2 0.447331 0.654377 0.030197 0.043305
2 0.431180 0.328652 0.024930 0.035112
2 0.617539 0.507491 0.037395 0.041667
2 0.587781 0.378277 0.028090 0.033240
2 0.615607 0.674977 0.031426 0.044710
2 0.521857 0.406367 0.025456 0.033708
2 0.367802 0.357912 0.026685 0.036049
2 0.552844 0.425328 0.032303 0.058521
2 0.518083 0.613179 0.031952 0.047987
2 0.513518 0.549391 0.024579 0.035112
3 0.376359 0.410122 0.024723 0.036847
3 0.408107 0.373666 0.021506 0.027917
3 0.438680 0.376533 0.022960 0.030534
3 0.468896 0.379146 0.022530 0.027956
3 0.558157 0.380784 0.019637 0.034349
3 0.436601 0.416227 0.023483 0.028769
3 0.614136 0.427088 0.023920 0.031770
3 0.466794 0.460960 0.021838 0.027725
3 0.494677 0.460468 0.022591 0.032982
3 0.553276 0.462790 0.020411 0.032949
3 0.553745 0.501414 0.023689 0.030604
3 0.521771 0.501400 0.021773 0.029017
3 0.494296 0.498544 0.023002 0.029546
3 0.466508 0.498010 0.023608 0.028481
3 0.435381 0.497217 0.022212 0.026896
3 0.366366 0.536994 0.024631 0.031540
3 0.370802 0.612694 0.021801 0.030007
3 0.394324 0.661021 0.022028 0.028345
3 0.460007 0.621379 0.022309 0.030211
3 0.464400 0.537039 0.021731 0.033188
3 0.491982 0.538230 0.023057 0.029331
3 0.519226 0.582331 0.021362 0.025463
3 0.549658 0.661264 0.028323 0.027633
3 0.580097 0.624522 0.021380 0.027132
3 0.608754 0.625140 0.019006 0.023689
3 0.580695 0.583359 0.017899 0.022835
3 0.611236 0.579754 0.020460 0.031229
0 0.491645 0.497288 0.301822 0.405609
