0 0.485721 0.682350 0.504448 0.259831
3 0.357795 0.588406 0.016854 0.040105
3 0.450843 0.597846 0.027388 0.039326
3 0.478933 0.600655 0.027388 0.039326
3 0.508778 0.605337 0.027388 0.039326
3 0.536868 0.608614 0.027388 0.039326
3 0.567065 0.612360 0.027388 0.039326
3 0.594452 0.617041 0.027388 0.039326
3 0.567416 0.649813 0.027388 0.039326
3 0.593750 0.654494 0.027388 0.039326
3 0.623713 0.665339 0.028559 0.026060
3 0.652388 0.666276 0.025047 0.026060
3 0.679424 0.663858 0.027388 0.039326
3 0.710674 0.668539 0.027388 0.039326
3 0.507725 0.646536 0.027388 0.039326
3 0.477177 0.643727 0.027388 0.039326
3 0.446980 0.638109 0.027388 0.039326
3 0.419242 0.636704 0.027388 0.039326
3 0.389747 0.629213 0.027388 0.039326
3 0.334621 0.625468 0.027388 0.039326
3 0.304775 0.621723 0.027388 0.039326
3 0.273876 0.617978 0.027388 0.039326
3 0.268961 0.657303 0.027388 0.039326
3 0.297753 0.659644 0.027388 0.039326
3 0.351826 0.668539 0.027388 0.039326
3 0.385885 0.669007 0.027388 0.039326
3 0.418188 0.671348 0.027388 0.039326
3 0.444522 0.676030 0.027388 0.039326
3 0.473666 0.678839 0.027388 0.039326
3 0.502809 0.683989 0.027388 0.039326
3 0.325492 0.705524 0.027388 0.039326
3 0.354284 0.705056 0.027388 0.039326
3 0.382725 0.709738 0.027388 0.039326
3 0.471208 0.722378 0.027388 0.039326
3 0.500702 0.726124 0.027388 0.039326
3 0.265449 0.741105 0.027388 0.029963
3 0.292135 0.737828 0.027388 0.039326
3 0.324438 0.744382 0.027388 0.039326
3 0.350421 0.743446 0.027388 0.039326
3 0.376756 0.744850 0.027388 0.039326
3 0.404846 0.750000 0.027388 0.039326
3 0.437500 0.755150 0.027388 0.039326
3 0.468750 0.761236 0.027388 0.039326
3 0.497542 0.764981 0.027388 0.039326
3 0.529846 0.731742 0.027388 0.039326
3 0.529494 0.772472 0.027388 0.039326
3 0.559691 0.736423 0.027388 0.039326
3 0.555829 0.772472 0.027388 0.039326
3 0.583919 0.778558 0.027388 0.039326
3 0.615813 0.787530 0.026803 0.026060
3 0.648086 0.745435 0.027388 0.039326
3 0.645365 0.779494 0.027388 0.039326
3 0.648525 0.709270 0.027388 0.039326
3 0.674157 0.706461 0.027388 0.039326
3 0.679688 0.748596 0.027388 0.039326
3 0.674508 0.786985 0.027388 0.039326
3 0.705407 0.707865 0.027388 0.039326
3 0.702949 0.744850 0.027388 0.039326
3 0.702598 0.783240 0.027388 0.039326
3 0.714624 0.638694 0.027388 0.039326
3 0.532830 0.693176 0.031601 0.041550
3 0.558945 0.697858 0.032918 0.047402
2 0.262114 0.585323 0.031250 0.041433
2 0.295997 0.589771 0.032303 0.040496
2 0.328213 0.584972 0.040204 0.052903
2 0.353055 0.636587 0.034761 0.043305
2 0.323121 0.676147 0.032128 0.048923
2 0.282654 0.710908 0.032654 0.043539
2 0.251141 0.706929 0.033532 0.042603
2 0.405109 0.727996 0.034937 0.058989
2 0.442152 0.731390 0.043715 0.048923
2 0.415906 0.604284 0.034059 0.049391
2 0.384656 0.595740 0.034059 0.047753
2 0.541257 0.657772 0.044944 0.043539
2 0.590941 0.708450 0.039677 0.046114
2 0.594891 0.754213 0.030021 0.042135
2 0.630267 0.715356 0.045295 0.045880
2 0.624473 0.760534 0.040730 0.046348
2 0.629828 0.634714 0.032479 0.045178
2 0.663185 0.637289 0.034235 0.043773
2 0.691713 0.651217 0.029846 0.050094
