0 0.470945 0.595154 0.524052 0.258661
2 0.621313 0.519429 0.032303 0.057116
2 0.616046 0.571512 0.035463 0.042837
2 0.646506 0.539911 0.030372 0.052200
2 0.555916 0.523291 0.030723 0.040964
2 0.491310 0.596910 0.032479 0.054775
2 0.458480 0.673455 0.033883 0.046348
2 0.708129 0.533708 0.033532 0.041199
2 0.552756 0.604986 0.031074 0.042837
2 0.278880 0.579822 0.029670 0.062734
2 0.369909 0.509831 0.031250 0.039794
2 0.400456 0.591175 0.031952 0.043305
2 0.524754 0.520482 0.028792 0.038155
2 0.639133 0.695810 0.032830 0.060159
2 0.369206 0.597846 0.030197 0.059457
2 0.308813 0.503862 0.034059 0.041433
2 0.430829 0.513343 0.028792 0.040262
2 0.402037 0.514981 0.028441 0.064607
2 0.309428 0.669007 0.034586 0.051498
2 0.547753 0.689373 0.030197 0.048221
2 0.487272 0.683169 0.031074 0.051732
2 0.522121 0.604869 0.029494 0.046348
2 0.707777 0.704471 0.025456 0.033942
2 0.278090 0.500351 0.030899 0.040964
2 0.339800 0.511587 0.029319 0.064373
2 0.276159 0.666667 0.045997 0.051966
2 0.494558 0.515332 0.030899 0.051732
2 0.460147 0.598549 0.029846 0.044476
2 0.430478 0.599485 0.028441 0.058989
2 0.310130 0.577832 0.030723 0.059691
2 0.244294 0.581227 0.042310 0.041667
2 0.588132 0.524813 0.030899 0.040730
2 0.615783 0.615520 0.032479 0.044242
2 0.462518 0.518024 0.031426 0.047753
2 0.246401 0.497308 0.033532 0.040496
2 0.583567 0.607561 0.029494 0.043773
2 0.423543 0.675094 0.033883 0.048689
2 0.341643 0.581695 0.030899 0.063202
2 0.675650 0.526568 0.033883 0.056882
2 0.395453 0.678839 0.033181 0.051966
3 0.581694 0.559848 0.030430 0.035112
3 0.550386 0.561018 0.026334 0.035892
3 0.522296 0.558677 0.023994 0.029651
3 0.492158 0.557896 0.022238 0.031210
3 0.464946 0.555166 0.032186 0.031992
3 0.435393 0.555946 0.028090 0.035112
3 0.406426 0.552434 0.028675 0.032772
3 0.375702 0.550094 0.030430 0.035892
3 0.344979 0.551264 0.032186 0.031992
3 0.312793 0.548144 0.035697 0.033551
3 0.286166 0.543071 0.022238 0.035892
3 0.261294 0.541510 0.025163 0.039015
3 0.646067 0.575063 0.023408 0.028090
3 0.670353 0.566870 0.023994 0.039794
3 0.699029 0.571941 0.032186 0.040574
3 0.642556 0.606664 0.021067 0.028869
3 0.667135 0.608223 0.024579 0.036674
3 0.696103 0.610564 0.027505 0.036674
3 0.693762 0.652310 0.035697 0.034333
3 0.659819 0.646847 0.021652 0.045255
3 0.635534 0.649579 0.025750 0.041355
3 0.608322 0.649188 0.031017 0.028090
3 0.577892 0.646067 0.025163 0.024970
3 0.548046 0.644506 0.028675 0.028090
3 0.519078 0.643727 0.028090 0.021847
3 0.489233 0.643727 0.030430 0.020288
3 0.459972 0.635143 0.031601 0.029651
3 0.430711 0.632802 0.025750 0.032772
3 0.399403 0.627732 0.029846 0.028869
3 0.361950 0.626561 0.033357 0.031210
3 0.333861 0.625391 0.023994 0.033551
3 0.304893 0.623830 0.029261 0.033551
3 0.276803 0.623050 0.029261 0.035112
3 0.251638 0.621098 0.023408 0.034333
3 0.251347 0.658551 0.020483 0.039015
3 0.335323 0.668696 0.030430 0.042135
3 0.365753 0.673378 0.030430 0.043696
3 0.518200 0.681180 0.026334 0.032772
3 0.580232 0.683912 0.028675 0.041355
3 0.611540 0.691323 0.028090 0.040574
2 0.672928 0.698268 0.031601 0.044944
