2 0.499034 0.324321 0.026159 0.033474
2 0.458304 0.584153 0.027212 0.037219
2 0.554161 0.634129 0.025105 0.036049
2 0.415291 0.658591 0.030723 0.041433
2 0.619645 0.381554 0.028617 0.035112
2 0.588659 0.340005 0.029846 0.040496
2 0.521506 0.670880 0.026861 0.037921
2 0.581812 0.469569 0.025632 0.034644
2 0.574087 0.661400 0.025632 0.035815
2 0.370523 0.318937 0.028968 0.035815
2 0.489291 0.582514 0.027037 0.036751
2 0.487798 0.625468 0.028265 0.034644
2 0.525632 0.454471 0.025983 0.034878
2 0.589098 0.549625 0.027914 0.042603
2 0.583655 0.426732 0.026510 0.035581
2 0.612272 0.471676 0.025105 0.033240
2 0.528002 0.500702 0.026510 0.035581
2 0.395541 0.491573 0.026685 0.034176
2 0.558462 0.334621 0.026685 0.034878
2 0.446980 0.655899 0.029846 0.040262
2 0.496050 0.410581 0.026510 0.034176
2 0.583216 0.510300 0.028090 0.039326
2 0.367275 0.443352 0.028090 0.036517
2 0.386850 0.529377 0.029319 0.032537
2 0.493241 0.451194 0.026510 0.034878
2 0.454178 0.418539 0.026334 0.033240
2 0.406338 0.402271 0.026510 0.034410
2 0.461815 0.333450 0.027563 0.035346
2 0.386148 0.625000 0.027212 0.036049
2 0.523174 0.612008 0.030548 0.050796
2 0.621313 0.509363 0.025983 0.034176
2 0.429863 0.612243 0.030723 0.044710
2 0.367802 0.356390 0.024930 0.034410
2 0.575140 0.663155 0.036868 0.055243
2 0.358146 0.661517 0.029143 0.037921
2 0.619470 0.549860 0.026510 0.036517
2 0.432145 0.327130 0.026510 0.037687
2 0.557409 0.543539 0.028090 0.036517
2 0.527037 0.328418 0.028792 0.035581
2 0.399666 0.571746 0.030723 0.042369
2 0.436359 0.463366 0.025456 0.042369
2 0.366836 0.499415 0.028968 0.040496
2 0.482093 0.661868 0.027037 0.037687
2 0.460586 0.337547 0.037395 0.046348
2 0.454968 0.503862 0.026159 0.035815
2 0.617802 0.507491 0.038272 0.042135
2 0.589010 0.378394 0.028441 0.033474
2 0.615783 0.675445 0.031777 0.044242
2 0.523438 0.409644 0.025456 0.034644
2 0.618680 0.340356 0.027739 0.034644
2 0.555829 0.411517 0.028090 0.042135
2 0.536868 0.371372 0.026334 0.038624
2 0.507374 0.371021 0.023876 0.033708
2 0.390362 0.622191 0.040906 0.059457
2 0.402300 0.443586 0.031426 0.045412
2 0.494996 0.495669 0.025808 0.034878
0 0.491666 0.496730 0.303706 0.402884
3 0.408578 0.334473 0.023617 0.030681
3 0.379644 0.413804 0.021928 0.033287
3 0.407958 0.373769 0.021206 0.029684
3 0.439175 0.376842 0.021606 0.029590
3 0.469774 0.378268 0.021943 0.027760
3 0.558639 0.380651 0.020600 0.023162
3 0.613515 0.424572 0.020334 0.034537
3 0.436390 0.416070 0.020720 0.030016
3 0.465832 0.459284 0.024594 0.030613
3 0.551708 0.463457 0.023125 0.034281
3 0.552888 0.501826 0.023146 0.031430
3 0.437719 0.494970 0.022209 0.028642
3 0.373274 0.535049 0.019721 0.024529
3 0.371483 0.570908 0.020823 0.030705
3 0.368583 0.611522 0.015023 0.030784
3 0.433027 0.532418 0.024528 0.031751
3 0.429947 0.573476 0.023050 0.032720
3 0.460643 0.614733 0.022407 0.020040
3 0.461731 0.536088 0.024586 0.029731
3 0.491645 0.537046 0.024723 0.031643
3 0.521383 0.537605 0.022170 0.032762
3 0.519960 0.577329 0.025170 0.031063
3 0.549256 0.583764 0.020562 0.031449
3 0.580154 0.582610 0.019156 0.026021
3 0.609551 0.580300 0.018258 0.027638
3 0.610263 0.623443 0.022026 0.032779
3 0.578550 0.622168 0.021800 0.028666
3 0.397669 0.663497 0.022863 0.031739
