2 0.427581 0.332397 0.026861 0.035112
2 0.492363 0.547285 0.025808 0.036049
2 0.522121 0.338249 0.034410 0.043071
2 0.495874 0.463951 0.029319 0.040730
2 0.526598 0.425913 0.026159 0.039092
2 0.364379 0.625819 0.031777 0.041901
2 0.487623 0.503628 0.026159 0.034410
2 0.462781 0.461610 0.030548 0.040262
2 0.362535 0.327247 0.025281 0.034176
2 0.395453 0.329120 0.026861 0.033708
2 0.463220 0.596091 0.025808 0.034878
2 0.457251 0.502692 0.027212 0.035815
2 0.522823 0.379096 0.028792 0.037219
2 0.359726 0.670529 0.031601 0.040496
2 0.367188 0.413507 0.028617 0.037687
2 0.427493 0.421582 0.025281 0.035112
2 0.493153 0.329003 0.025281 0.035346
2 0.395277 0.632725 0.026861 0.033240
2 0.490520 0.412921 0.027739 0.035581
2 0.396506 0.506320 0.026861 0.035581
2 0.429775 0.470623 0.026685 0.033942
2 0.460411 0.331110 0.030372 0.041433
2 0.426966 0.510534 0.028090 0.037453
2 0.425123 0.369733 0.025808 0.033942
2 0.396945 0.418071 0.030197 0.042603
2 0.363764 0.579003 0.031952 0.042369
2 0.463571 0.552083 0.024052 0.035815
2 0.391678 0.589888 0.025281 0.038390
2 0.362096 0.366924 0.026861 0.035346
2 0.393873 0.368563 0.027212 0.034878
2 0.398964 0.462547 0.027212 0.036517
2 0.368241 0.538624 0.031074 0.041667
2 0.366397 0.498361 0.030548 0.035581
2 0.392556 0.671465 0.030548 0.043773
2 0.402300 0.546582 0.027212 0.036049
2 0.529933 0.470623 0.027212 0.035346
2 0.455758 0.372542 0.027739 0.034410
2 0.459796 0.416667 0.028792 0.037921
2 0.422226 0.597963 0.026334 0.034410
2 0.492100 0.374298 0.024228 0.036517
2 0.363150 0.454705 0.026861 0.035346
2 0.431794 0.553020 0.025456 0.036751
0 0.488270 0.503497 0.296869 0.394240
3 0.581740 0.506800 0.080848 0.351929
3 0.566185 0.587252 0.116452 0.192919
3 0.551573 0.627624 0.148090 0.117608
3 0.518125 0.648912 0.211108 0.074354
