2 0.459621 0.324906 0.025281 0.036049
2 0.610253 0.472612 0.029143 0.036049
2 0.425386 0.369499 0.024930 0.033474
2 0.389572 0.672402 0.029143 0.036751
2 0.401334 0.460908 0.027739 0.038390
2 0.611921 0.429307 0.026159 0.037921
2 0.583831 0.341409 0.029319 0.040964
2 0.553634 0.337664 0.025808 0.034878
2 0.522560 0.336728 0.032830 0.046114
2 0.550123 0.678605 0.025105 0.036049
2 0.524052 0.622191 0.026685 0.033240
2 0.362798 0.327949 0.024754 0.035112
2 0.522823 0.616339 0.031250 0.050562
2 0.485516 0.669593 0.025808 0.038624
2 0.395277 0.329588 0.026510 0.033240
2 0.489291 0.501990 0.026334 0.034410
2 0.581373 0.666550 0.028968 0.035346
2 0.615959 0.593867 0.028968 0.036517
2 0.455583 0.328301 0.037219 0.044710
2 0.552405 0.632842 0.027212 0.039092
2 0.520541 0.675796 0.026685 0.036985
2 0.615169 0.383427 0.026685 0.035581
2 0.357532 0.671465 0.027563 0.038155
2 0.367978 0.538507 0.031250 0.039560
2 0.370260 0.413272 0.027037 0.036283
2 0.419768 0.662921 0.026334 0.036517
2 0.456373 0.374064 0.025105 0.034644
2 0.576545 0.431648 0.033357 0.045412
2 0.399579 0.547168 0.027739 0.038155
2 0.523525 0.332163 0.029494 0.036517
2 0.365256 0.579822 0.029670 0.040730
2 0.491661 0.375468 0.024403 0.033240
2 0.391678 0.628745 0.030197 0.039794
2 0.392907 0.369382 0.026334 0.033708
2 0.395453 0.587079 0.029319 0.037453
2 0.613237 0.341526 0.025281 0.033240
2 0.424070 0.619031 0.031426 0.038624
2 0.362184 0.367626 0.026685 0.034878
2 0.404231 0.415145 0.030723 0.035815
2 0.363062 0.626522 0.025983 0.037219
2 0.614554 0.553722 0.027914 0.036751
2 0.493768 0.330758 0.025808 0.035112
2 0.616836 0.638226 0.028265 0.035815
2 0.490344 0.632257 0.027037 0.037921
2 0.367802 0.498478 0.030899 0.035346
2 0.581110 0.381437 0.026685 0.034410
2 0.426966 0.332514 0.025632 0.033474
2 0.398964 0.502224 0.026510 0.035815
2 0.610867 0.512992 0.028968 0.038155
2 0.615959 0.677317 0.030723 0.042369
2 0.581285 0.629916 0.026334 0.035581
2 0.518785 0.380033 0.025281 0.035346
2 0.548543 0.385300 0.026510 0.040262
2 0.451633 0.666316 0.028265 0.040028
2 0.364027 0.454120 0.027914 0.034644
0 0.489885 0.502995 0.295979 0.394426
3 0.432407 0.420735 0.023287 0.031547
3 0.465307 0.421358 0.022375 0.034349
3 0.491940 0.424015 0.022972 0.028743
3 0.519617 0.423687 0.020976 0.029644
3 0.550335 0.424956 0.020379 0.027502
3 0.581201 0.468668 0.017739 0.025974
3 0.580132 0.504157 0.019110 0.031409
3 0.579052 0.543579 0.021634 0.032226
3 0.578845 0.582985 0.021218 0.029892
3 0.547676 0.583193 0.019742 0.027184
3 0.548274 0.542776 0.022110 0.030620
3 0.548982 0.505461 0.021183 0.032458
3 0.549352 0.464862 0.023097 0.032409
3 0.519949 0.463191 0.020471 0.033748
3 0.519505 0.504441 0.023090 0.031976
3 0.518174 0.542140 0.020432 0.030908
3 0.518546 0.581454 0.021175 0.026828
3 0.489689 0.580993 0.024322 0.029026
3 0.490186 0.541589 0.024147 0.029806
3 0.461998 0.623565 0.026289 0.028343
3 0.460834 0.581629 0.025132 0.031861
3 0.462700 0.540925 0.023013 0.030037
3 0.464080 0.501632 0.019923 0.031039
3 0.466603 0.463493 0.020283 0.032790
3 0.491805 0.463572 0.026211 0.029827
3 0.433113 0.462420 0.022360 0.032205
3 0.433822 0.499768 0.022609 0.031997
3 0.433265 0.541442 0.020323 0.029513
3 0.431160 0.581294 0.023136 0.028071
