2 0.583919 0.341175 0.030197 0.040964
2 0.614730 0.383661 0.028968 0.037453
2 0.582163 0.628862 0.027739 0.036751
2 0.523438 0.335908 0.032830 0.046348
2 0.550825 0.676381 0.025456 0.040028
2 0.362360 0.327949 0.025281 0.036049
2 0.522999 0.546114 0.030197 0.040262
2 0.395190 0.330641 0.026334 0.035346
2 0.524666 0.430126 0.030372 0.042837
2 0.493504 0.416667 0.028090 0.036985
2 0.402563 0.548104 0.033357 0.043305
2 0.581548 0.670295 0.030372 0.047051
2 0.551176 0.631203 0.028265 0.041901
2 0.614993 0.593633 0.031601 0.036985
2 0.457777 0.327715 0.036341 0.050094
2 0.553459 0.420763 0.027212 0.038624
2 0.427581 0.332865 0.027563 0.034644
2 0.362184 0.624532 0.033006 0.050094
2 0.394312 0.371138 0.028792 0.038624
2 0.553810 0.337898 0.026510 0.037219
2 0.455934 0.372308 0.027739 0.037687
2 0.549245 0.420412 0.035990 0.041199
2 0.577598 0.430946 0.029143 0.042603
2 0.488237 0.375702 0.033006 0.043539
2 0.615871 0.676732 0.030899 0.043071
2 0.456636 0.502809 0.026685 0.036049
2 0.462518 0.417837 0.031074 0.044476
2 0.492714 0.374298 0.024052 0.036049
2 0.367890 0.536868 0.031426 0.040028
2 0.435920 0.469569 0.035463 0.041667
2 0.613764 0.341409 0.027388 0.034878
2 0.400456 0.592228 0.034410 0.041667
2 0.362798 0.368446 0.028265 0.036517
2 0.424947 0.369733 0.027563 0.037687
2 0.431970 0.425562 0.028617 0.043071
2 0.368943 0.578652 0.033181 0.040730
2 0.614730 0.553605 0.029670 0.037921
2 0.615344 0.343750 0.037219 0.048923
2 0.494294 0.331461 0.025105 0.039326
2 0.615520 0.636236 0.031601 0.038390
2 0.491485 0.500117 0.027563 0.036751
2 0.399052 0.419944 0.031952 0.044944
2 0.366924 0.497776 0.036868 0.038155
2 0.364379 0.455173 0.030021 0.035815
2 0.579266 0.386119 0.032128 0.042837
2 0.520365 0.671934 0.027037 0.042837
2 0.612096 0.429658 0.027563 0.042369
2 0.611218 0.511938 0.041959 0.044476
2 0.518522 0.380384 0.026510 0.036049
2 0.367363 0.412921 0.032479 0.042603
2 0.547402 0.381554 0.030899 0.038390
2 0.458129 0.553722 0.027563 0.039092
2 0.399666 0.462547 0.031074 0.044007
2 0.489905 0.544476 0.028617 0.036517
2 0.610516 0.471676 0.030723 0.036985
0 0.489048 0.504448 0.296482 0.392826
3 0.462726 0.461000 0.027748 0.037168
3 0.492805 0.460201 0.028216 0.038691
3 0.521636 0.462678 0.022672 0.037402
3 0.551448 0.464668 0.021438 0.035140
3 0.578474 0.461632 0.029840 0.039993
3 0.580188 0.500531 0.029759 0.039766
3 0.552767 0.504724 0.028755 0.032542
3 0.521879 0.501339 0.027841 0.038258
3 0.431710 0.502388 0.025406 0.032556
3 0.400525 0.499986 0.029749 0.040236
3 0.430428 0.541173 0.025183 0.036779
3 0.551025 0.541105 0.029953 0.041320
3 0.582107 0.546550 0.031255 0.044412
3 0.582082 0.587409 0.031206 0.037177
3 0.551088 0.585302 0.026570 0.036084
3 0.521152 0.586484 0.031069 0.038446
3 0.490000 0.583809 0.028453 0.037779
3 0.431959 0.582191 0.022391 0.037666
3 0.459954 0.585466 0.029224 0.036414
3 0.518794 0.624611 0.028690 0.038237
3 0.489322 0.624960 0.029442 0.035812
3 0.459085 0.623425 0.029830 0.038986
3 0.430147 0.620770 0.028134 0.032114
3 0.398292 0.619881 0.027621 0.028776
3 0.368308 0.655262 0.023834 0.026191
3 0.396081 0.656316 0.027884 0.029857
3 0.427333 0.658663 0.027184 0.026751
3 0.456155 0.659010 0.029821 0.025882
3 0.488388 0.658919 0.028741 0.022582
