2 0.339273 0.732210 0.037746 0.054775
2 0.359814 0.606859 0.035288 0.042369
2 0.489817 0.723666 0.030548 0.054073
2 0.550123 0.601943 0.030723 0.039560
2 0.554688 0.644312 0.032830 0.045178
2 0.552756 0.693586 0.030723 0.053839
2 0.520892 0.553371 0.033006 0.047285
2 0.521419 0.647004 0.030899 0.044007
2 0.517995 0.686915 0.044066 0.042837
2 0.393610 0.564841 0.030197 0.040262
2 0.487798 0.606273 0.030723 0.048689
2 0.337693 0.689373 0.036692 0.045880
2 0.423718 0.562617 0.032830 0.047519
2 0.489379 0.649462 0.035990 0.047051
2 0.643346 0.557233 0.033181 0.044710
2 0.611657 0.556297 0.030197 0.039560
2 0.243416 0.738296 0.034586 0.044007
2 0.430916 0.690543 0.028265 0.041667
2 0.362886 0.565660 0.031601 0.041901
2 0.642907 0.681297 0.047051 0.043305
2 0.429512 0.733965 0.032479 0.045646
2 0.583216 0.604167 0.034059 0.043071
2 0.330056 0.607561 0.033006 0.043773
2 0.613676 0.599368 0.034937 0.041901
2 0.586025 0.688319 0.036517 0.042837
2 0.271594 0.568235 0.036517 0.041433
2 0.368241 0.689373 0.034937 0.047285
2 0.394487 0.607093 0.035815 0.046114
2 0.278265 0.732093 0.044242 0.054541
2 0.459796 0.737594 0.028792 0.054307
2 0.367539 0.647589 0.032479 0.043773
2 0.644487 0.635066 0.034761 0.048689
2 0.462430 0.691479 0.037570 0.048689
2 0.397209 0.692533 0.031426 0.044710
2 0.238413 0.569757 0.033357 0.041667
2 0.426527 0.608614 0.028617 0.044007
2 0.583567 0.646536 0.030548 0.045412
2 0.301703 0.567182 0.032479 0.041199
2 0.456900 0.558287 0.034586 0.044476
2 0.518610 0.602294 0.030548 0.044476
2 0.614817 0.642322 0.031952 0.041667
2 0.304951 0.654143 0.038272 0.049860
2 0.248947 0.692650 0.043188 0.044944
2 0.332426 0.566479 0.028265 0.040262
2 0.398086 0.651334 0.031426 0.043773
2 0.457777 0.609199 0.032830 0.050328
2 0.581461 0.556999 0.030197 0.041433
2 0.487360 0.553488 0.031250 0.055478
2 0.551966 0.559808 0.029143 0.041901
2 0.337079 0.648876 0.033006 0.041199
2 0.451106 0.650632 0.036692 0.044710
2 0.265801 0.655665 0.037921 0.040730
3 0.312354 0.607053 0.027797 0.042135
3 0.282654 0.607835 0.030430 0.035112
3 0.251053 0.612516 0.029261 0.037453
3 0.283825 0.685276 0.030430 0.036283
3 0.315279 0.689567 0.027212 0.037844
3 0.313085 0.734043 0.026334 0.037062
3 0.374679 0.729752 0.031894 0.033942
3 0.403499 0.731702 0.025750 0.033162
3 0.431443 0.646458 0.027797 0.034333
3 0.491719 0.684106 0.029552 0.026919
3 0.522590 0.721950 0.025163 0.026140
3 0.550241 0.722924 0.028383 0.027310
3 0.581110 0.721365 0.026919 0.027310
3 0.610077 0.719412 0.028090 0.028869
3 0.612711 0.684885 0.023994 0.037062
3 0.641824 0.596325 0.025456 0.034721
3 0.645044 0.716486 0.033064 0.034721
3 0.673655 0.711610 0.026083 0.035447
3 0.698611 0.713116 0.028843 0.033776
3 0.669893 0.671482 0.024077 0.038123
3 0.695600 0.672652 0.029846 0.037788
3 0.670019 0.634363 0.021318 0.038123
3 0.695727 0.632523 0.032604 0.039794
3 0.666132 0.593399 0.028090 0.038457
3 0.694347 0.593064 0.032354 0.041131
3 0.666884 0.552935 0.023576 0.035112
3 0.693594 0.551934 0.029846 0.035112
0 0.474017 0.643727 0.495084 0.221598
