2 0.615081 0.531484 0.033532 0.040496
2 0.486921 0.691128 0.030021 0.046114
2 0.614905 0.572917 0.033532 0.040496
2 0.304775 0.669359 0.038975 0.059691
2 0.556355 0.528207 0.031250 0.041433
2 0.614466 0.657420 0.031952 0.043305
2 0.255179 0.502575 0.050035 0.041199
2 0.639221 0.700375 0.033006 0.061330
2 0.708041 0.539911 0.034059 0.041433
2 0.676001 0.576545 0.040204 0.041199
2 0.706285 0.709738 0.028441 0.036049
2 0.338044 0.553371 0.046173 0.044007
2 0.372103 0.514045 0.031777 0.040262
2 0.614817 0.616105 0.034761 0.044007
2 0.368416 0.638928 0.034235 0.061096
2 0.431970 0.557467 0.032830 0.041433
2 0.671173 0.701662 0.036166 0.050328
2 0.339624 0.595740 0.034586 0.042603
2 0.285200 0.586142 0.047577 0.049157
2 0.404670 0.516152 0.031952 0.061798
2 0.273262 0.673689 0.033181 0.053371
2 0.527475 0.651919 0.045822 0.041667
2 0.395365 0.679307 0.034059 0.045412
2 0.706197 0.665964 0.035288 0.045880
2 0.282391 0.546348 0.047226 0.041199
2 0.489027 0.604284 0.036692 0.041901
2 0.239115 0.673338 0.035463 0.043773
2 0.671787 0.658708 0.035288 0.048689
2 0.583567 0.653090 0.031952 0.044476
2 0.494996 0.518024 0.031777 0.051498
2 0.532391 0.566128 0.037044 0.042837
2 0.435657 0.599602 0.039150 0.042837
2 0.279494 0.630969 0.042135 0.044710
2 0.239642 0.631788 0.035815 0.043071
2 0.427230 0.644078 0.033883 0.043773
2 0.676176 0.616222 0.037044 0.042369
2 0.521419 0.610721 0.030548 0.044007
2 0.340502 0.510417 0.032830 0.041901
2 0.646155 0.543539 0.031074 0.053839
2 0.526246 0.525398 0.029670 0.038624
2 0.499561 0.562383 0.036341 0.042369
2 0.455671 0.689139 0.033532 0.059457
2 0.482707 0.646536 0.042310 0.041199
2 0.674508 0.529494 0.034761 0.049625
0 0.474895 0.606859 0.514396 0.256320
3 0.290116 0.502107 0.028968 0.042135
3 0.314695 0.502692 0.027212 0.045646
3 0.435832 0.514981 0.030723 0.042135
3 0.463922 0.521419 0.027212 0.040964
3 0.464361 0.555946 0.029846 0.037453
3 0.463044 0.596325 0.035990 0.055009
3 0.379652 0.549508 0.027212 0.038624
3 0.403353 0.550679 0.025456 0.043305
3 0.374386 0.588132 0.027212 0.038624
3 0.405548 0.593399 0.021067 0.039794
3 0.250176 0.546582 0.029846 0.044476
3 0.247981 0.585206 0.027212 0.042135
3 0.314256 0.554775 0.021067 0.049157
3 0.311622 0.593984 0.031601 0.040964
3 0.310744 0.633193 0.028090 0.032772
3 0.338395 0.639045 0.030723 0.044476
3 0.339273 0.675328 0.028968 0.042135
3 0.366924 0.678839 0.024579 0.032772
3 0.427493 0.685276 0.028090 0.043305
3 0.401598 0.636119 0.025456 0.040964
3 0.455144 0.639045 0.021945 0.042135
3 0.550825 0.605103 0.027212 0.039794
3 0.555653 0.567065 0.021067 0.043305
3 0.586376 0.529611 0.021067 0.038624
3 0.581548 0.565894 0.028968 0.043305
3 0.581548 0.605103 0.032479 0.039794
3 0.550825 0.644897 0.018434 0.035112
3 0.525369 0.688787 0.028968 0.033942
3 0.554336 0.685861 0.020190 0.037453
3 0.583304 0.689373 0.021945 0.037453
3 0.609638 0.688787 0.025456 0.033942
3 0.639923 0.649579 0.024579 0.037453
3 0.640362 0.616222 0.028968 0.038624
3 0.640801 0.575843 0.028090 0.035112
3 0.712781 0.584036 0.024579 0.044476
3 0.712342 0.618563 0.030723 0.040964
