2 0.394312 0.336142 0.037219 0.042603
2 0.379977 0.366952 0.000356 0.000445
2 0.370172 0.364232 0.032479 0.041199
2 0.369294 0.405899 0.031777 0.041667
2 0.368241 0.444288 0.032830 0.039326
2 0.367714 0.488062 0.032830 0.044476
2 0.364466 0.536049 0.030197 0.040262
2 0.364115 0.578535 0.033357 0.041433
2 0.357444 0.620669 0.034410 0.045178
2 0.359902 0.665496 0.027739 0.041199
2 0.389572 0.668422 0.028090 0.048923
2 0.387026 0.626639 0.028617 0.045880
2 0.396506 0.578535 0.033883 0.046582
2 0.397033 0.534878 0.033181 0.043071
2 0.399315 0.491105 0.032128 0.042135
2 0.401861 0.448151 0.033006 0.049391
2 0.405109 0.406952 0.027914 0.037219
2 0.426176 0.370318 0.037746 0.042603
2 0.431004 0.329471 0.026334 0.040028
2 0.437676 0.414677 0.023525 0.035815
2 0.432496 0.467697 0.028617 0.044007
2 0.429775 0.532186 0.029143 0.039560
2 0.430214 0.575140 0.030723 0.044007
2 0.424070 0.617626 0.034586 0.040496
2 0.418978 0.663390 0.028968 0.045880
2 0.449877 0.657537 0.029319 0.043071
2 0.461025 0.580993 0.025632 0.037921
2 0.466643 0.420646 0.029846 0.039794
2 0.467170 0.376287 0.028792 0.037687
2 0.462166 0.336610 0.033181 0.045412
2 0.497191 0.331695 0.026334 0.043071
2 0.525281 0.334036 0.028090 0.044007
2 0.557233 0.337898 0.028090 0.042369
2 0.501229 0.372191 0.031952 0.039794
2 0.499298 0.412336 0.024579 0.034878
2 0.526510 0.413155 0.024930 0.038390
2 0.493504 0.455758 0.028090 0.037921
2 0.492012 0.499064 0.027212 0.036517
2 0.491046 0.543890 0.028090 0.039560
2 0.490607 0.586610 0.024754 0.039794
2 0.489905 0.629799 0.027563 0.037687
2 0.480688 0.667018 0.038624 0.042837
2 0.517293 0.669944 0.024403 0.040262
2 0.523525 0.623830 0.035112 0.046348
2 0.520804 0.579120 0.036341 0.045880
2 0.524579 0.536166 0.032654 0.042369
2 0.522560 0.492860 0.027914 0.035815
2 0.526246 0.454003 0.028617 0.035815
2 0.533181 0.374415 0.030197 0.041901
2 0.556706 0.430009 0.024930 0.044007
2 0.551527 0.549860 0.028265 0.044476
2 0.556706 0.591409 0.028792 0.038624
2 0.556092 0.634129 0.026861 0.044007
2 0.547577 0.673338 0.028792 0.039560
2 0.578301 0.670178 0.031952 0.042603
2 0.587956 0.630267 0.028792 0.039560
2 0.618065 0.677669 0.031426 0.040730
2 0.620699 0.636353 0.027914 0.039092
2 0.615959 0.594569 0.033883 0.040730
2 0.618153 0.554307 0.031952 0.037453
2 0.583392 0.552434 0.030899 0.046816
2 0.612974 0.514162 0.038097 0.044242
2 0.583129 0.510885 0.027212 0.040496
2 0.580934 0.468282 0.028090 0.041433
2 0.614554 0.470740 0.029670 0.041199
2 0.619119 0.422636 0.026510 0.035346
2 0.586815 0.427669 0.027914 0.040730
2 0.584709 0.384012 0.035990 0.044710
2 0.619031 0.381788 0.028792 0.036049
2 0.617100 0.343048 0.034059 0.044242
2 0.587869 0.340356 0.028968 0.040730
0 0.493207 0.499673 0.304060 0.401655
3 0.366496 0.326351 0.019040 0.034726
3 0.405485 0.374045 0.022110 0.028675
3 0.433787 0.496676 0.024879 0.033612
3 0.463764 0.538909 0.027479 0.035372
3 0.461775 0.621828 0.027015 0.038914
3 0.464317 0.499361 0.025075 0.032743
3 0.466383 0.459511 0.025697 0.034188
3 0.553320 0.501608 0.025177 0.034115
3 0.552561 0.465545 0.021322 0.027533
3 0.582237 0.585859 0.022151 0.034080
3 0.555878 0.378729 0.020930 0.036484
