2 0.611482 0.512406 0.028792 0.037921
2 0.583919 0.341292 0.030197 0.040730
2 0.553459 0.420178 0.028617 0.040262
2 0.614730 0.383778 0.028617 0.037219
2 0.518434 0.380735 0.026685 0.035815
2 0.402388 0.531250 0.031952 0.044710
2 0.547753 0.381437 0.029846 0.037687
2 0.581812 0.628979 0.027739 0.036517
2 0.524052 0.336025 0.031601 0.046114
2 0.550825 0.676498 0.025456 0.039794
2 0.362711 0.328301 0.025281 0.035815
2 0.522823 0.546582 0.030197 0.040262
2 0.395365 0.329354 0.027037 0.033708
2 0.493592 0.419242 0.027563 0.036985
2 0.581548 0.671114 0.030021 0.045412
2 0.551440 0.631905 0.028090 0.040028
2 0.456900 0.323034 0.034586 0.041199
2 0.610253 0.472612 0.029846 0.035112
2 0.361131 0.625585 0.026685 0.034878
2 0.393258 0.369031 0.027037 0.033942
2 0.489291 0.545763 0.027739 0.038155
2 0.553810 0.337898 0.026510 0.036283
2 0.616222 0.637289 0.030197 0.035815
2 0.454705 0.368797 0.026334 0.036283
2 0.427493 0.474836 0.027037 0.041901
2 0.578476 0.430829 0.028792 0.041901
2 0.486745 0.375468 0.033532 0.043071
2 0.397735 0.458919 0.028968 0.039092
2 0.462166 0.460908 0.032830 0.038390
2 0.463922 0.415964 0.029670 0.042135
2 0.491661 0.374181 0.024052 0.036283
2 0.399666 0.411751 0.030372 0.042603
2 0.370787 0.536517 0.030548 0.042135
2 0.612886 0.341409 0.024930 0.033942
2 0.459094 0.552786 0.027388 0.037219
2 0.362447 0.369031 0.027563 0.037687
2 0.424421 0.370904 0.027563 0.039560
2 0.433111 0.423338 0.029143 0.039560
2 0.364466 0.578184 0.031250 0.044944
2 0.614291 0.553371 0.028792 0.037921
2 0.494294 0.331461 0.025456 0.038390
2 0.524315 0.429892 0.027914 0.040496
2 0.365959 0.573736 0.027212 0.031367
2 0.614730 0.593165 0.031777 0.036985
2 0.490783 0.501873 0.027212 0.036049
2 0.369206 0.415379 0.026334 0.033942
2 0.456285 0.500702 0.026685 0.036517
2 0.367539 0.498596 0.036341 0.040262
2 0.364379 0.455290 0.030372 0.035581
2 0.579091 0.386236 0.032128 0.042603
2 0.520716 0.673104 0.026685 0.041901
2 0.427756 0.332982 0.027563 0.034410
2 0.611657 0.512055 0.042486 0.045646
2 0.612096 0.430009 0.026861 0.041199
2 0.615959 0.676849 0.031074 0.042837
2 0.614730 0.344101 0.036692 0.048221
2 0.366397 0.413507 0.031601 0.040964
2 0.361482 0.624415 0.034059 0.058755
0 0.489961 0.503334 0.296997 0.394346
3 0.492739 0.462589 0.024570 0.034103
3 0.519721 0.465051 0.021183 0.029665
3 0.548778 0.464909 0.021947 0.030939
3 0.580349 0.465398 0.024229 0.035042
3 0.580383 0.502921 0.021954 0.033619
3 0.548590 0.504759 0.020400 0.031056
3 0.518399 0.503500 0.022051 0.031655
3 0.430851 0.501358 0.022518 0.027371
3 0.400616 0.496610 0.021738 0.027240
3 0.430911 0.538677 0.023808 0.031786
3 0.548985 0.542870 0.017683 0.029249
3 0.580704 0.544637 0.022597 0.034345
3 0.580090 0.584113 0.023708 0.030585
3 0.547437 0.583324 0.019266 0.029007
3 0.517781 0.582783 0.021984 0.027928
3 0.520170 0.621147 0.026764 0.028184
3 0.490248 0.660660 0.026612 0.022942
3 0.489991 0.619403 0.026097 0.032500
3 0.489347 0.581372 0.027151 0.028223
3 0.462140 0.584146 0.019552 0.024408
3 0.458097 0.618663 0.025511 0.027900
3 0.460167 0.658656 0.023799 0.025180
3 0.429538 0.655686 0.023404 0.023921
3 0.400894 0.657207 0.019953 0.025403
3 0.399449 0.618872 0.019403 0.031437
3 0.429335 0.620239 0.024164 0.031053
3 0.431763 0.582034 0.018488 0.029546
3 0.400176 0.581037 0.023199 0.030676
