0 0.541023 0.562968 0.308404 0.409644
2 0.632637 0.559808 0.032830 0.039092
2 0.416608 0.738764 0.031250 0.044476
2 0.512992 0.657303 0.030548 0.056180
2 0.413711 0.697449 0.033532 0.044710
2 0.536780 0.395716 0.030723 0.040028
2 0.538799 0.440075 0.034059 0.041199
2 0.604898 0.689373 0.033532 0.048221
2 0.469803 0.396887 0.028441 0.037219
2 0.510270 0.487008 0.031074 0.043305
2 0.571366 0.607912 0.035288 0.045412
2 0.632988 0.644429 0.032128 0.043071
2 0.663097 0.428020 0.029846 0.038624
2 0.595242 0.472144 0.037395 0.041199
2 0.512728 0.599719 0.030372 0.048221
2 0.473578 0.660463 0.028968 0.041901
2 0.502897 0.441245 0.027212 0.037453
2 0.443118 0.655080 0.028441 0.040964
2 0.666871 0.645014 0.031426 0.040496
2 0.454705 0.735604 0.031952 0.048923
2 0.451369 0.610838 0.034059 0.043305
2 0.413360 0.568235 0.032479 0.042369
2 0.630530 0.517907 0.032830 0.033474
2 0.629740 0.468984 0.035112 0.039560
2 0.479723 0.531718 0.041608 0.040964
2 0.446103 0.489817 0.031952 0.045178
2 0.477879 0.573619 0.036517 0.040496
2 0.478933 0.488764 0.030899 0.044944
2 0.469101 0.436096 0.030197 0.038390
2 0.411078 0.478699 0.033883 0.044944
2 0.628775 0.388694 0.034586 0.040964
2 0.503950 0.399228 0.033883 0.041433
2 0.661078 0.595740 0.035990 0.044944
2 0.417135 0.606859 0.032654 0.044710
2 0.662044 0.387757 0.029143 0.036283
2 0.408971 0.521653 0.029670 0.036751
2 0.540204 0.480103 0.029846 0.037453
2 0.448034 0.696863 0.039677 0.044007
2 0.631057 0.427903 0.032830 0.039326
2 0.412395 0.649813 0.031250 0.045412
2 0.481742 0.616105 0.027037 0.040262
3 0.407303 0.398720 0.038624 0.043696
3 0.410521 0.443195 0.043890 0.037453
3 0.442123 0.397161 0.025163 0.045255
3 0.441245 0.442807 0.033941 0.031992
3 0.442709 0.520442 0.033357 0.048378
3 0.442416 0.562577 0.029261 0.040574
3 0.508251 0.519272 0.027505 0.038233
3 0.507667 0.560236 0.026334 0.042135
3 0.477528 0.691713 0.036283 0.041355
3 0.507667 0.682741 0.026334 0.039015
3 0.476650 0.733457 0.033357 0.049937
3 0.509422 0.730337 0.027505 0.056180
3 0.539853 0.731117 0.028675 0.054618
3 0.534001 0.682350 0.029846 0.042914
3 0.535757 0.644506 0.039208 0.049937
3 0.536341 0.601201 0.031017 0.044476
3 0.538390 0.559848 0.031601 0.046037
3 0.535170 0.519663 0.033357 0.040574
3 0.563847 0.392088 0.029846 0.039794
3 0.596032 0.392479 0.034528 0.045255
3 0.563260 0.438125 0.031017 0.041355
3 0.595448 0.435002 0.032186 0.046037
3 0.564138 0.479089 0.035112 0.043696
3 0.566480 0.521224 0.033941 0.039015
3 0.594277 0.518102 0.034528 0.040574
3 0.663330 0.474017 0.033357 0.046037
3 0.666257 0.520054 0.029846 0.035112
3 0.665086 0.559848 0.039208 0.038233
3 0.595739 0.559066 0.033941 0.044476
3 0.566187 0.561018 0.034528 0.042135
3 0.596617 0.596910 0.040379 0.043696
3 0.633485 0.599251 0.039208 0.046816
3 0.600715 0.644118 0.040379 0.047596
3 0.565894 0.641386 0.045646 0.040574
3 0.569405 0.685471 0.036283 0.033551
3 0.572625 0.727217 0.027505 0.049937
3 0.600715 0.726046 0.034528 0.055400
3 0.631438 0.726435 0.038624 0.056180
3 0.665672 0.727605 0.048573 0.053839
3 0.634656 0.684691 0.029846 0.041355
3 0.669184 0.685471 0.047402 0.039794
