3 0.375874 0.333003 0.024921 0.033984
3 0.406754 0.335485 0.021138 0.034265
3 0.403411 0.372512 0.023815 0.024047
3 0.372560 0.538102 0.024145 0.032196
3 0.371006 0.619803 0.021038 0.022378
3 0.461789 0.622608 0.025871 0.034228
3 0.465149 0.538558 0.019719 0.037793
3 0.435334 0.499384 0.022119 0.029665
3 0.465890 0.500042 0.022370 0.029422
3 0.466387 0.460246 0.022195 0.030978
3 0.553460 0.504136 0.020778 0.028244
3 0.551462 0.466402 0.021462 0.027687
3 0.521861 0.582416 0.024292 0.033434
3 0.583657 0.586709 0.027333 0.034216
3 0.582988 0.624906 0.022482 0.027905
3 0.552344 0.664813 0.023225 0.031250
0 0.492429 0.502119 0.305320 0.403426
2 0.427142 0.334153 0.027388 0.036751
2 0.370787 0.363062 0.033006 0.044007
2 0.369558 0.408240 0.033708 0.043539
2 0.367539 0.448853 0.031426 0.042369
2 0.370084 0.494148 0.032303 0.045880
2 0.364379 0.583450 0.033883 0.041901
2 0.359112 0.665496 0.025456 0.037921
2 0.388518 0.677200 0.027037 0.045412
2 0.386499 0.628394 0.027914 0.045178
2 0.419593 0.662219 0.030899 0.045880
2 0.422314 0.619382 0.034937 0.040730
2 0.401246 0.571629 0.030723 0.039794
2 0.397384 0.529026 0.035288 0.041199
2 0.428195 0.535581 0.024228 0.034644
2 0.399930 0.485721 0.024228 0.035581
2 0.400720 0.446278 0.027212 0.035815
2 0.404582 0.403675 0.031777 0.043773
2 0.477265 0.667135 0.040555 0.042603
2 0.449175 0.656835 0.030372 0.044476
2 0.465765 0.586376 0.024579 0.038390
2 0.435393 0.579237 0.031601 0.044242
2 0.487535 0.626990 0.027739 0.036283
2 0.524579 0.673104 0.027037 0.037219
2 0.518346 0.618680 0.027563 0.037453
2 0.494645 0.583684 0.028617 0.040964
2 0.489642 0.544476 0.028441 0.039794
2 0.493065 0.499181 0.028265 0.037687
2 0.493592 0.454822 0.026159 0.034644
2 0.465502 0.420880 0.029319 0.039794
2 0.437588 0.463132 0.034235 0.053137
2 0.434252 0.419827 0.028968 0.047519
2 0.422051 0.375585 0.037921 0.044242
2 0.459709 0.340239 0.035288 0.047519
2 0.467170 0.378160 0.028441 0.036283
2 0.497279 0.412804 0.026861 0.039560
2 0.501843 0.372308 0.033181 0.041433
2 0.497630 0.331812 0.026510 0.043305
2 0.526510 0.335323 0.028792 0.043773
2 0.535551 0.373244 0.026159 0.035346
2 0.524930 0.412804 0.025983 0.040964
2 0.526949 0.454120 0.026510 0.036049
2 0.524842 0.493446 0.025456 0.036517
2 0.522560 0.537570 0.031426 0.044710
2 0.576457 0.669593 0.037044 0.043773
2 0.617714 0.677317 0.032479 0.040964
2 0.616485 0.634597 0.034235 0.042135
2 0.616222 0.593399 0.032654 0.038390
2 0.617451 0.553956 0.028792 0.036751
2 0.583129 0.551615 0.028617 0.043773
2 0.612096 0.513694 0.032128 0.041433
2 0.582777 0.510534 0.027212 0.039794
2 0.614379 0.470623 0.029319 0.040028
2 0.580495 0.468633 0.028968 0.041667
2 0.587518 0.425913 0.030372 0.041901
2 0.584445 0.384246 0.036517 0.045178
2 0.587781 0.340356 0.029143 0.040262
2 0.617188 0.342346 0.035288 0.044710
2 0.618768 0.382140 0.028968 0.036751
2 0.619031 0.422753 0.027037 0.034644
2 0.556882 0.338249 0.027388 0.041667
3 0.554658 0.379504 0.020832 0.038036
