2 0.395453 0.680829 0.033181 0.046114
2 0.615081 0.531601 0.033181 0.040262
2 0.614905 0.573502 0.033883 0.039794
2 0.304161 0.669242 0.038448 0.059457
2 0.556180 0.528441 0.030899 0.041433
2 0.614203 0.657537 0.031777 0.043071
2 0.255091 0.502809 0.050211 0.041199
2 0.455583 0.689022 0.033708 0.058287
2 0.371313 0.514513 0.033708 0.039794
2 0.499649 0.563202 0.036166 0.042603
2 0.488940 0.604284 0.036166 0.041433
2 0.639396 0.700609 0.033006 0.060861
2 0.707953 0.539794 0.033883 0.041667
2 0.405109 0.514981 0.032128 0.051966
2 0.481654 0.646536 0.039501 0.041199
2 0.675825 0.576662 0.040555 0.040964
2 0.486921 0.691128 0.029670 0.046114
2 0.706724 0.710206 0.027563 0.035581
2 0.279670 0.630501 0.041433 0.046582
2 0.284410 0.586728 0.046348 0.046582
2 0.614993 0.616105 0.034410 0.044007
2 0.368241 0.639396 0.033532 0.060627
2 0.432058 0.558287 0.032654 0.040262
2 0.671524 0.702715 0.035463 0.048689
2 0.339800 0.598549 0.034586 0.044944
2 0.427230 0.644078 0.034235 0.043773
2 0.436008 0.600070 0.038448 0.042369
2 0.337693 0.552551 0.041608 0.046582
2 0.273876 0.676732 0.031952 0.047753
2 0.527212 0.652505 0.045295 0.040964
2 0.706197 0.665964 0.034937 0.045880
2 0.281777 0.546582 0.046348 0.041199
2 0.238852 0.673689 0.035288 0.043539
2 0.672051 0.656133 0.034761 0.053839
2 0.583480 0.653090 0.032128 0.044944
2 0.674333 0.529494 0.034410 0.049625
2 0.494996 0.518727 0.032128 0.049625
2 0.532479 0.565894 0.037219 0.042369
2 0.239817 0.631788 0.036166 0.043071
2 0.675913 0.616456 0.035463 0.042837
2 0.521506 0.610838 0.030372 0.044242
2 0.645980 0.543422 0.031074 0.053137
2 0.526422 0.525281 0.030372 0.038858
0 0.475334 0.607444 0.515274 0.259831
3 0.292749 0.503862 0.032479 0.043305
3 0.321717 0.507374 0.027212 0.043305
3 0.347612 0.506788 0.029846 0.051498
3 0.240959 0.546582 0.025456 0.044476
3 0.241397 0.586376 0.031601 0.039794
3 0.310305 0.552434 0.023701 0.044476
3 0.307672 0.596325 0.021945 0.040964
3 0.305916 0.630267 0.025456 0.040964
3 0.335323 0.637875 0.029846 0.042135
3 0.334445 0.681765 0.029846 0.043305
3 0.362096 0.685276 0.030723 0.040964
3 0.369558 0.596910 0.028090 0.042135
3 0.371752 0.554775 0.028968 0.037453
3 0.402914 0.551849 0.029846 0.031601
3 0.402914 0.596910 0.031601 0.037453
3 0.399842 0.637289 0.025456 0.045646
3 0.434954 0.514981 0.028968 0.039794
3 0.464361 0.521419 0.031601 0.033942
3 0.465239 0.563553 0.033357 0.033942
3 0.459533 0.599836 0.025456 0.047987
3 0.456900 0.641971 0.023701 0.036283
3 0.423982 0.684106 0.029846 0.040964
3 0.514835 0.691713 0.034235 0.039794
3 0.544680 0.686447 0.030723 0.038624
3 0.550386 0.644897 0.029846 0.039794
3 0.548631 0.606859 0.028090 0.040964
3 0.552142 0.568820 0.021067 0.030431
3 0.583304 0.531367 0.030723 0.035112
3 0.580232 0.567650 0.036868 0.037453
3 0.576721 0.606859 0.036868 0.036283
3 0.640362 0.571746 0.025456 0.038624
3 0.639045 0.609785 0.028090 0.039794
3 0.642117 0.653675 0.028968 0.045646
3 0.578915 0.694054 0.034235 0.046816
3 0.610955 0.693469 0.028090 0.043305
3 0.711025 0.575843 0.031601 0.037453
3 0.707953 0.619148 0.032479 0.046816
