2 0.340853 0.697917 0.033883 0.059223
2 0.369119 0.571629 0.029670 0.049625
2 0.618416 0.531016 0.031777 0.040964
2 0.615081 0.615051 0.032830 0.041433
2 0.675474 0.573619 0.039150 0.041433
2 0.307935 0.691128 0.035815 0.042837
2 0.587781 0.533123 0.031250 0.040964
2 0.614466 0.698502 0.032303 0.044476
2 0.492012 0.697449 0.030021 0.042837
2 0.621225 0.658240 0.033883 0.043539
2 0.308901 0.647940 0.034586 0.043071
2 0.644487 0.694874 0.032654 0.047519
2 0.588220 0.658708 0.035639 0.044476
2 0.485165 0.527622 0.035288 0.041667
2 0.522735 0.700023 0.030021 0.046114
2 0.272823 0.612477 0.036868 0.043773
2 0.309954 0.606507 0.037395 0.042135
2 0.462079 0.526568 0.023525 0.038155
2 0.433725 0.566011 0.025808 0.036049
2 0.430653 0.694171 0.031952 0.052200
2 0.616222 0.573385 0.035463 0.040964
2 0.645102 0.614817 0.030723 0.049860
2 0.679775 0.619616 0.030548 0.037921
2 0.674508 0.697449 0.034761 0.049860
2 0.340502 0.651100 0.037746 0.043773
2 0.282654 0.517790 0.037219 0.062734
2 0.526334 0.569874 0.031952 0.036283
2 0.370260 0.690894 0.031601 0.052200
2 0.431970 0.524579 0.034235 0.046816
2 0.400808 0.526802 0.030899 0.040496
2 0.276949 0.688202 0.044066 0.044944
2 0.711464 0.661517 0.032128 0.043071
2 0.522647 0.654377 0.033006 0.046582
2 0.402739 0.689022 0.032303 0.050328
2 0.244470 0.522940 0.038097 0.040730
2 0.464449 0.653441 0.032830 0.046582
2 0.400632 0.568937 0.032303 0.040964
2 0.434077 0.605454 0.027563 0.037219
2 0.250263 0.645248 0.039150 0.046114
2 0.460762 0.569757 0.029670 0.042135
2 0.342521 0.525281 0.037921 0.040730
2 0.556619 0.652622 0.030723 0.061330
2 0.522735 0.526451 0.034586 0.043071
2 0.397033 0.613296 0.044768 0.042603
2 0.241749 0.606625 0.030197 0.042837
2 0.375176 0.526100 0.024579 0.037687
2 0.430916 0.643141 0.039150 0.040496
2 0.711113 0.615051 0.039150 0.047987
2 0.709796 0.704705 0.034761 0.044242
2 0.522823 0.609902 0.030197 0.043773
2 0.712254 0.530899 0.031952 0.041199
2 0.555126 0.531133 0.030197 0.040730
2 0.675035 0.659761 0.041081 0.047987
2 0.491749 0.573268 0.030899 0.041667
2 0.281864 0.570342 0.038799 0.041433
2 0.559077 0.573034 0.033883 0.043071
2 0.584357 0.615637 0.032830 0.043539
2 0.461113 0.700257 0.030372 0.045178
2 0.647647 0.527739 0.033357 0.045178
2 0.338220 0.573619 0.032830 0.044710
2 0.493680 0.652739 0.029846 0.045646
2 0.682409 0.532069 0.034059 0.040730
3 0.314445 0.546367 0.024958 0.079939
3 0.248381 0.565707 0.026257 0.039029
3 0.277128 0.646498 0.031080 0.039876
3 0.247251 0.695506 0.028678 0.041138
3 0.357735 0.613942 0.053016 0.034064
3 0.375425 0.630667 0.029877 0.069075
3 0.402944 0.648539 0.088425 0.037715
3 0.432293 0.607020 0.027742 0.116973
3 0.375039 0.526744 0.024422 0.037573
3 0.461870 0.528029 0.030715 0.037020
3 0.461722 0.606896 0.086599 0.040257
3 0.554282 0.609007 0.035295 0.033558
3 0.587047 0.570913 0.021239 0.033834
3 0.644975 0.573160 0.029415 0.038331
3 0.569900 0.700087 0.061849 0.039373
3 0.647151 0.655070 0.024405 0.033610
3 0.707247 0.575194 0.032238 0.037718
