2 0.464624 0.318235 0.026861 0.035815
2 0.449175 0.656718 0.029319 0.038155
2 0.384129 0.668656 0.026334 0.039560
2 0.589010 0.339068 0.029846 0.040028
2 0.615783 0.427903 0.027914 0.040262
2 0.587518 0.548572 0.029319 0.040496
2 0.549245 0.674625 0.026510 0.037453
2 0.368592 0.319054 0.025808 0.035112
2 0.518697 0.612711 0.031777 0.049860
2 0.482093 0.665145 0.032303 0.040964
2 0.400983 0.321746 0.026334 0.033942
2 0.416608 0.612477 0.028792 0.036751
2 0.580846 0.662570 0.028617 0.038155
2 0.582251 0.423338 0.028617 0.040496
2 0.520541 0.671114 0.025983 0.036517
2 0.367012 0.444640 0.027563 0.035346
2 0.489115 0.626404 0.025983 0.036985
2 0.558901 0.334621 0.026159 0.034878
2 0.617188 0.637172 0.028265 0.033240
2 0.461728 0.368797 0.026334 0.034878
2 0.536429 0.371021 0.026510 0.037453
2 0.396419 0.535698 0.028441 0.037687
2 0.400632 0.495904 0.026685 0.035815
2 0.373596 0.404963 0.028090 0.037921
2 0.612272 0.471793 0.026159 0.033474
2 0.527388 0.327364 0.026334 0.035346
2 0.619733 0.382022 0.028090 0.035112
2 0.397911 0.361774 0.026159 0.035815
2 0.364730 0.624064 0.028265 0.036049
2 0.552844 0.628628 0.027037 0.038624
2 0.620435 0.508193 0.029143 0.038858
2 0.618855 0.340005 0.027037 0.033942
2 0.417135 0.657303 0.028090 0.042603
2 0.366836 0.358965 0.026510 0.034410
2 0.429863 0.362945 0.025456 0.033474
2 0.356654 0.662219 0.026159 0.036517
2 0.619645 0.549625 0.026510 0.036985
2 0.499298 0.324087 0.026334 0.033474
2 0.618943 0.590590 0.026861 0.035112
2 0.404670 0.455407 0.027739 0.037687
2 0.451984 0.615403 0.027914 0.034644
2 0.365959 0.532303 0.025808 0.040730
2 0.407742 0.412453 0.027563 0.036049
2 0.432672 0.325609 0.024052 0.034644
2 0.615607 0.675796 0.031074 0.042603
2 0.520716 0.406601 0.026334 0.033240
2 0.503775 0.370904 0.032128 0.042369
2 0.552230 0.406133 0.026861 0.033240
2 0.582514 0.507022 0.029846 0.040730
2 0.586815 0.379213 0.026510 0.036517
2 0.368943 0.572917 0.030372 0.039560
2 0.371225 0.492978 0.028968 0.038390
2 0.519575 0.616690 0.028265 0.038155
0 0.492108 0.497862 0.300896 0.400339
3 0.436757 0.414146 0.022625 0.032411
3 0.557477 0.381021 0.020620 0.023902
3 0.469561 0.416369 0.019177 0.030616
3 0.496097 0.419398 0.024263 0.028874
3 0.435588 0.455012 0.023797 0.032994
3 0.468058 0.458490 0.020855 0.032147
3 0.494087 0.459647 0.022586 0.029782
3 0.522114 0.459984 0.021289 0.033572
3 0.553016 0.462512 0.022231 0.033949
3 0.582707 0.464314 0.019582 0.032872
3 0.581029 0.583593 0.020908 0.027987
3 0.579645 0.622720 0.022821 0.028212
3 0.549902 0.580684 0.021854 0.029970
3 0.549714 0.540152 0.020305 0.030056
3 0.551842 0.502037 0.022224 0.031852
3 0.520516 0.501234 0.022776 0.031805
3 0.520169 0.539197 0.019738 0.031266
3 0.519217 0.578591 0.019006 0.025782
3 0.490923 0.576739 0.024449 0.026760
3 0.491515 0.537816 0.023294 0.028502
3 0.493517 0.499110 0.022616 0.030681
3 0.466290 0.496564 0.019659 0.028706
3 0.463580 0.537135 0.022430 0.027142
3 0.462161 0.575897 0.021933 0.023516
3 0.431413 0.573853 0.022470 0.025672
3 0.398606 0.609576 0.017716 0.025332
3 0.401550 0.572626 0.017755 0.026337
3 0.433272 0.534309 0.021506 0.029291
3 0.434357 0.495541 0.023678 0.029785
