0 0.475334 0.609199 0.518785 0.268024
2 0.391854 0.674625 0.032303 0.065075
2 0.668890 0.706929 0.036166 0.051966
2 0.270980 0.671582 0.035288 0.045412
2 0.304424 0.665964 0.037921 0.052434
2 0.553897 0.531367 0.031601 0.040730
2 0.635358 0.706461 0.033708 0.061798
2 0.584884 0.537453 0.031426 0.063670
2 0.246752 0.499415 0.033532 0.040496
2 0.456548 0.682935 0.035639 0.042837
2 0.342170 0.516854 0.034059 0.061798
2 0.546261 0.696863 0.032128 0.047753
2 0.710060 0.588600 0.034586 0.041433
2 0.583129 0.617392 0.033181 0.043305
2 0.614817 0.544944 0.030899 0.060393
2 0.675737 0.535815 0.032303 0.051498
2 0.243153 0.622542 0.038624 0.044710
2 0.274579 0.585557 0.029494 0.047987
2 0.308813 0.508310 0.033357 0.042837
2 0.700930 0.670529 0.038799 0.045178
2 0.305126 0.593048 0.034761 0.041433
2 0.672489 0.585557 0.038448 0.044242
2 0.275983 0.629682 0.041784 0.043071
2 0.281513 0.542954 0.035288 0.043305
2 0.462430 0.522706 0.031601 0.049157
2 0.236921 0.669710 0.032830 0.042603
2 0.279055 0.502341 0.030372 0.040262
2 0.430390 0.520833 0.031074 0.040730
2 0.313466 0.551849 0.037395 0.042369
2 0.241661 0.581929 0.034235 0.037453
2 0.484814 0.690777 0.030372 0.052434
2 0.704793 0.628862 0.039853 0.042837
2 0.703739 0.717346 0.029670 0.034410
2 0.675650 0.632140 0.037746 0.047051
2 0.494909 0.521301 0.031952 0.054307
2 0.244733 0.538975 0.034761 0.048923
2 0.422665 0.682350 0.032128 0.058989
2 0.645892 0.536517 0.033006 0.063202
2 0.456636 0.644312 0.030899 0.042369
2 0.707865 0.546934 0.033708 0.041901
2 0.337518 0.600421 0.025105 0.032772
3 0.311183 0.625585 0.028968 0.050328
3 0.346735 0.558287 0.042135 0.051498
3 0.344979 0.633778 0.033357 0.043305
3 0.338834 0.672402 0.040379 0.038624
3 0.369996 0.674157 0.032479 0.042135
3 0.380091 0.513811 0.028090 0.039794
3 0.407303 0.517907 0.029846 0.043305
3 0.377897 0.553605 0.032479 0.042135
3 0.408181 0.553020 0.028090 0.045646
3 0.373508 0.588132 0.032479 0.040964
3 0.373947 0.629096 0.033357 0.038624
3 0.401598 0.630267 0.032479 0.038624
3 0.403353 0.594569 0.027212 0.037453
3 0.435832 0.558872 0.025456 0.040964
3 0.434515 0.596910 0.029846 0.032772
3 0.426176 0.634949 0.027212 0.040964
3 0.461289 0.560042 0.023701 0.036283
3 0.459972 0.599836 0.029846 0.040964
3 0.492890 0.565309 0.030723 0.037453
3 0.490695 0.605688 0.028090 0.036283
3 0.486306 0.644312 0.031601 0.040964
3 0.526246 0.526100 0.027212 0.043305
3 0.522735 0.564724 0.030723 0.036283
3 0.520541 0.600421 0.028090 0.046816
3 0.520541 0.640801 0.028090 0.043305
3 0.516591 0.688787 0.030723 0.050328
3 0.552581 0.571746 0.027212 0.040964
3 0.547314 0.609785 0.037746 0.042135
3 0.551703 0.645482 0.032479 0.038624
3 0.579354 0.572917 0.029846 0.040964
3 0.610516 0.575257 0.030723 0.036283
3 0.638606 0.575257 0.030723 0.040964
3 0.613150 0.615051 0.027212 0.040964
3 0.641678 0.620318 0.031601 0.051498
3 0.581548 0.651919 0.027212 0.035112
3 0.576721 0.694640 0.026334 0.040964
3 0.607005 0.698736 0.027212 0.056180
3 0.608322 0.654260 0.031601 0.044476
3 0.638167 0.657772 0.021067 0.032772
3 0.672402 0.667720 0.031601 0.040964
