2 0.681268 0.610955 0.032128 0.038858
2 0.432058 0.523525 0.033708 0.045646
2 0.710323 0.612360 0.030899 0.041199
2 0.372015 0.689958 0.032303 0.051264
2 0.616661 0.611540 0.031777 0.041433
2 0.676966 0.567767 0.039677 0.042369
2 0.308901 0.692299 0.035639 0.044242
2 0.587781 0.528909 0.031601 0.041433
2 0.622805 0.656835 0.035288 0.045880
2 0.616485 0.695108 0.030723 0.043305
2 0.494119 0.612828 0.030723 0.041667
2 0.524842 0.607678 0.030723 0.042603
2 0.308287 0.649462 0.030899 0.042837
2 0.646243 0.691245 0.031601 0.044476
2 0.589098 0.655314 0.034937 0.043305
2 0.558725 0.652622 0.033532 0.045412
2 0.616661 0.569874 0.035288 0.041901
2 0.586201 0.611540 0.033708 0.043773
2 0.713044 0.529728 0.031426 0.041199
2 0.276773 0.691831 0.037044 0.041901
2 0.278178 0.612945 0.035639 0.042369
2 0.311183 0.607210 0.035639 0.040262
2 0.464800 0.652973 0.032479 0.041901
2 0.431092 0.569640 0.031074 0.041901
2 0.493768 0.696278 0.030372 0.042369
2 0.462430 0.568352 0.029494 0.041667
2 0.311447 0.567182 0.036166 0.040262
2 0.618416 0.526685 0.031426 0.040262
2 0.647472 0.611657 0.035815 0.046816
2 0.492012 0.570693 0.029670 0.041199
2 0.367100 0.615988 0.033708 0.044710
2 0.554863 0.526919 0.029670 0.038858
2 0.494909 0.654143 0.030548 0.038155
2 0.283093 0.518258 0.043013 0.063202
2 0.369909 0.571161 0.034410 0.045412
2 0.343136 0.697097 0.033883 0.060393
2 0.401246 0.525866 0.030723 0.039560
2 0.525018 0.695927 0.030723 0.048689
2 0.340063 0.649462 0.038272 0.042837
2 0.403617 0.688904 0.034761 0.050094
2 0.712342 0.654728 0.033883 0.042135
2 0.243680 0.524930 0.036517 0.040496
2 0.246752 0.647706 0.033181 0.043539
2 0.455846 0.609785 0.035990 0.041667
2 0.682321 0.526217 0.034937 0.041199
2 0.486218 0.523876 0.035639 0.042603
2 0.676176 0.692650 0.033181 0.046348
2 0.677230 0.654143 0.039501 0.048923
2 0.277037 0.654611 0.034410 0.038624
2 0.400632 0.567182 0.030548 0.040730
2 0.243241 0.609082 0.033883 0.041667
2 0.431355 0.692767 0.030548 0.051264
2 0.340941 0.524579 0.038624 0.040730
2 0.405284 0.611072 0.033532 0.052669
2 0.711025 0.571512 0.034059 0.040496
2 0.585499 0.695576 0.030548 0.043773
2 0.710586 0.697449 0.033532 0.045178
2 0.523789 0.522823 0.033532 0.044242
2 0.558989 0.569757 0.033708 0.044944
2 0.527651 0.568118 0.028968 0.036517
2 0.277827 0.570810 0.031777 0.040964
2 0.462781 0.698853 0.030197 0.044710
2 0.647033 0.521887 0.033181 0.045646
2 0.340063 0.574321 0.031250 0.041433
2 0.524140 0.651919 0.032830 0.045880
2 0.480827 0.609558 0.490384 0.210775
3 0.314013 0.526400 0.018243 0.033762
3 0.372760 0.525501 0.024544 0.041327
3 0.461232 0.525653 0.024759 0.041632
3 0.583515 0.566706 0.024707 0.033226
3 0.644001 0.563462 0.022786 0.032980
3 0.553385 0.605705 0.025307 0.034752
3 0.643223 0.647320 0.023573 0.029036
3 0.553836 0.692917 0.027384 0.034396
3 0.435030 0.627224 0.023852 0.063748
3 0.402123 0.645747 0.084443 0.030569
3 0.342884 0.608883 0.019805 0.025508
3 0.248627 0.690955 0.024410 0.041400
3 0.249538 0.565485 0.026229 0.035463
