3 0.403792 0.369071 0.023408 0.026529
3 0.556238 0.381945 0.021652 0.039794
3 0.553020 0.466603 0.019896 0.026529
3 0.433344 0.500157 0.023994 0.024970
3 0.584328 0.588326 0.026334 0.029651
0 0.493621 0.499376 0.300211 0.394819
2 0.365520 0.318586 0.030197 0.042135
2 0.366222 0.363062 0.027388 0.036049
2 0.367012 0.404143 0.025808 0.035815
2 0.366836 0.441362 0.026861 0.034410
2 0.367802 0.487360 0.032303 0.043539
2 0.365169 0.536634 0.031250 0.040496
2 0.364379 0.578535 0.033883 0.040496
2 0.357619 0.621138 0.035112 0.045646
2 0.360516 0.665847 0.029670 0.043305
2 0.389923 0.668188 0.028090 0.048923
2 0.389484 0.625234 0.033181 0.048689
2 0.397560 0.578066 0.032479 0.043305
2 0.399140 0.533240 0.033532 0.044007
2 0.396857 0.492860 0.026510 0.034410
2 0.401773 0.449438 0.029670 0.046348
2 0.404143 0.406133 0.029494 0.041199
2 0.397296 0.336376 0.033708 0.042135
2 0.432058 0.371138 0.036868 0.046582
2 0.436973 0.417252 0.031952 0.046114
2 0.432409 0.464654 0.029846 0.041667
2 0.429775 0.532186 0.029494 0.038155
2 0.429336 0.575960 0.031426 0.047987
2 0.423718 0.616807 0.035639 0.042135
2 0.419154 0.662804 0.028968 0.046582
2 0.450228 0.654494 0.034235 0.050094
2 0.460938 0.585323 0.027914 0.041433
2 0.459972 0.538624 0.030197 0.041199
2 0.461113 0.497308 0.026861 0.036283
2 0.463132 0.458099 0.027739 0.037921
2 0.470769 0.417603 0.030372 0.041667
2 0.466117 0.374883 0.030548 0.039560
2 0.461289 0.334621 0.031777 0.044242
2 0.496313 0.332514 0.025632 0.042837
2 0.498683 0.382959 0.030723 0.041667
2 0.501492 0.421231 0.026510 0.036751
2 0.492978 0.459738 0.027037 0.035112
2 0.493329 0.502575 0.028441 0.035112
2 0.493153 0.544476 0.027739 0.038858
2 0.490432 0.584738 0.027212 0.040730
2 0.491046 0.629682 0.028441 0.041199
2 0.481917 0.667135 0.032654 0.042135
2 0.518434 0.668539 0.028792 0.043539
2 0.523789 0.623127 0.032830 0.046348
2 0.521155 0.579705 0.037395 0.048455
2 0.525281 0.535932 0.030548 0.041901
2 0.523086 0.493329 0.026159 0.035346
2 0.528441 0.414794 0.027739 0.038858
2 0.529758 0.373244 0.027563 0.038155
2 0.526861 0.333099 0.029846 0.044007
2 0.555829 0.430126 0.031952 0.045178
2 0.554161 0.497659 0.026159 0.038390
2 0.551440 0.550445 0.030899 0.045178
2 0.557848 0.590590 0.027563 0.036985
2 0.555916 0.634246 0.028968 0.046114
2 0.547577 0.673338 0.030197 0.040964
2 0.578301 0.670529 0.032303 0.042369
2 0.583743 0.550562 0.033357 0.043071
2 0.582163 0.509363 0.028792 0.040262
2 0.580846 0.468165 0.031777 0.047753
2 0.588571 0.426264 0.027212 0.039326
2 0.586289 0.384831 0.034937 0.047285
2 0.587518 0.340005 0.028617 0.040028
2 0.557145 0.337781 0.024403 0.037921
2 0.617802 0.343516 0.036166 0.048455
2 0.619119 0.382022 0.027914 0.035581
2 0.615256 0.469803 0.031074 0.043071
2 0.614115 0.512289 0.036517 0.041901
2 0.617714 0.552903 0.028265 0.037453
2 0.617188 0.593048 0.031777 0.038624
2 0.620084 0.636002 0.028090 0.038390
2 0.617802 0.677317 0.031952 0.041433
3 0.461143 0.616028 0.023408 0.024188
