2 0.606742 0.693001 0.026334 0.035346
2 0.664150 0.428137 0.027037 0.037921
2 0.540467 0.732327 0.029670 0.046582
2 0.417223 0.696512 0.032830 0.040496
2 0.538360 0.440543 0.033883 0.040730
2 0.575404 0.724719 0.037746 0.044944
2 0.511850 0.644546 0.035639 0.039560
2 0.450492 0.693469 0.034059 0.043305
2 0.510621 0.487125 0.030372 0.043539
2 0.603581 0.687266 0.033006 0.047753
2 0.571103 0.607444 0.035463 0.046816
2 0.632637 0.645482 0.032128 0.043305
2 0.469540 0.397004 0.028265 0.036985
2 0.412307 0.739700 0.031074 0.042603
2 0.415643 0.607093 0.031777 0.046582
2 0.414238 0.567416 0.031426 0.037453
2 0.444259 0.647823 0.027563 0.039092
2 0.503160 0.441362 0.027037 0.036283
2 0.666696 0.645131 0.030723 0.040262
2 0.540379 0.480454 0.029846 0.037687
2 0.630618 0.517322 0.032654 0.035112
2 0.478757 0.488062 0.030899 0.044476
2 0.503511 0.399930 0.033006 0.041901
2 0.445751 0.490286 0.031250 0.043773
2 0.413185 0.652154 0.030723 0.042603
2 0.445488 0.596325 0.031777 0.047051
2 0.511148 0.598549 0.034235 0.046348
2 0.469452 0.436213 0.029846 0.038155
2 0.628950 0.388811 0.033532 0.040730
2 0.595242 0.472261 0.037044 0.041433
2 0.661517 0.596091 0.035112 0.044710
2 0.479196 0.572917 0.034586 0.046114
2 0.408708 0.522004 0.029143 0.036517
2 0.482268 0.531601 0.040379 0.038390
2 0.629389 0.469218 0.034410 0.039560
2 0.662219 0.387875 0.028792 0.036049
2 0.537044 0.395599 0.030548 0.039326
2 0.632549 0.560393 0.032654 0.037921
2 0.411078 0.479401 0.031426 0.043071
2 0.451457 0.734902 0.036692 0.047051
2 0.631671 0.428137 0.030899 0.039326
0 0.538389 0.564919 0.304307 0.405743
3 0.407010 0.397549 0.036868 0.052278
3 0.440367 0.399110 0.036868 0.050719
3 0.408474 0.445147 0.036283 0.047596
3 0.442416 0.442025 0.032772 0.041355
3 0.443878 0.520442 0.035697 0.042135
3 0.441538 0.557116 0.036868 0.042135
3 0.477528 0.603153 0.036283 0.039015
3 0.477235 0.646458 0.036868 0.047596
3 0.477528 0.689764 0.038624 0.046816
3 0.478113 0.732678 0.032772 0.042135
3 0.510300 0.731117 0.031601 0.054618
3 0.508545 0.687423 0.032772 0.051498
3 0.505033 0.563748 0.030430 0.047596
3 0.510007 0.522395 0.028675 0.044476
3 0.534001 0.518493 0.029846 0.044476
3 0.533708 0.561018 0.032772 0.037453
3 0.535757 0.600421 0.028675 0.047596
3 0.537219 0.641777 0.026919 0.044476
3 0.535463 0.683130 0.035112 0.055400
3 0.569991 0.683521 0.031601 0.048378
3 0.566187 0.635534 0.032186 0.056959
3 0.566480 0.558287 0.033941 0.047596
3 0.565309 0.520054 0.033941 0.038233
3 0.566187 0.475578 0.029846 0.047596
3 0.563553 0.435393 0.031601 0.048378
3 0.565309 0.389356 0.028090 0.045255
3 0.594570 0.391309 0.035112 0.047596
3 0.596032 0.434614 0.038039 0.043696
3 0.597788 0.511079 0.040379 0.051498
3 0.597788 0.553605 0.035697 0.046037
3 0.598081 0.599251 0.031601 0.046816
3 0.629682 0.598860 0.036283 0.046037
3 0.600128 0.640606 0.038039 0.045255
3 0.601299 0.731117 0.032186 0.045255
3 0.634363 0.682350 0.032772 0.044476
3 0.634363 0.724485 0.031601 0.047596
3 0.665964 0.683521 0.047986 0.035892
3 0.671817 0.727605 0.038624 0.063202
3 0.664795 0.556725 0.036283 0.049157
3 0.665672 0.517713 0.038039 0.046037
3 0.662746 0.474017 0.034528 0.044476
