2 0.303546 0.724017 0.029494 0.040730
2 0.670383 0.586493 0.031777 0.041433
2 0.300386 0.684808 0.029494 0.039092
2 0.639045 0.718750 0.031952 0.055009
2 0.637026 0.543539 0.039150 0.050562
2 0.269400 0.684340 0.031426 0.047519
2 0.705671 0.632022 0.036692 0.043071
2 0.360779 0.561213 0.035112 0.040964
2 0.272472 0.734551 0.030548 0.052903
2 0.702774 0.589537 0.034761 0.041901
2 0.231303 0.649462 0.047928 0.046114
2 0.332075 0.689841 0.034586 0.042603
2 0.702598 0.711025 0.035463 0.045178
2 0.640976 0.630969 0.030548 0.041433
2 0.305039 0.647940 0.031074 0.046348
2 0.269136 0.604869 0.036517 0.040730
2 0.673718 0.632140 0.031426 0.047987
2 0.671261 0.714888 0.036692 0.044944
2 0.272296 0.643610 0.031601 0.038155
2 0.453301 0.639162 0.034059 0.046114
2 0.265098 0.563085 0.031250 0.041433
2 0.424333 0.636353 0.029846 0.057350
2 0.301001 0.603699 0.033181 0.043071
2 0.241661 0.731507 0.040906 0.050094
2 0.639308 0.672051 0.036341 0.045412
2 0.518258 0.645599 0.033708 0.050094
2 0.362096 0.653207 0.041959 0.058287
2 0.547928 0.639396 0.031601 0.062968
2 0.234199 0.564724 0.033006 0.041901
2 0.296875 0.562617 0.030899 0.040964
2 0.336113 0.600655 0.033883 0.042603
2 0.237623 0.689139 0.031426 0.044007
2 0.672138 0.672987 0.032128 0.044476
2 0.579968 0.637523 0.030723 0.061564
2 0.703037 0.671348 0.034586 0.044007
2 0.235604 0.607093 0.034059 0.042369
2 0.336113 0.727879 0.033883 0.052669
2 0.393434 0.643258 0.031250 0.044007
2 0.327686 0.560861 0.030372 0.041667
2 0.666257 0.534761 0.034059 0.049391
2 0.513343 0.597261 0.028792 0.046114
2 0.637026 0.588717 0.037044 0.042603
2 0.609638 0.633544 0.034586 0.044242
2 0.333216 0.644897 0.033357 0.044476
2 0.486394 0.635183 0.031777 0.047519
2 0.697244 0.547168 0.032830 0.040964
3 0.366266 0.599544 0.030284 0.042720
3 0.397647 0.596618 0.027212 0.036868
3 0.395014 0.556238 0.028968 0.036868
3 0.425957 0.555068 0.030284 0.038038
3 0.426396 0.596032 0.029407 0.033357
3 0.456022 0.554775 0.028968 0.039794
3 0.455583 0.593984 0.028968 0.036283
3 0.484989 0.592521 0.030723 0.040379
3 0.483673 0.552434 0.025456 0.038624
3 0.513518 0.553020 0.030723 0.038624
3 0.543144 0.551849 0.027651 0.039794
3 0.543364 0.591351 0.027212 0.040379
3 0.571673 0.548631 0.027651 0.038038
3 0.601738 0.548045 0.030723 0.035698
3 0.572770 0.589010 0.028090 0.038038
3 0.602835 0.588132 0.028529 0.035112
3 0.608761 0.670061 0.027212 0.030431
3 0.607883 0.706344 0.026334 0.035112
3 0.574526 0.670939 0.026334 0.029846
3 0.574526 0.706929 0.026334 0.033942
3 0.546217 0.670061 0.024140 0.030431
3 0.545997 0.708977 0.028968 0.034527
3 0.516810 0.671816 0.029407 0.028090
3 0.515713 0.708684 0.028968 0.033942
3 0.485428 0.672987 0.026334 0.031601
3 0.486087 0.708684 0.026773 0.035112
3 0.456900 0.675035 0.026334 0.031016
3 0.427712 0.674450 0.027651 0.031016
3 0.396111 0.674450 0.030284 0.035698
3 0.456900 0.711903 0.027212 0.034527
3 0.427712 0.709562 0.026773 0.036868
3 0.399403 0.712196 0.026334 0.033942
3 0.364071 0.682058 0.033796 0.031016
3 0.370216 0.716585 0.027651 0.034527
0 0.472042 0.630559 0.494645 0.212430
