2 0.459709 0.325375 0.025456 0.037453
2 0.425211 0.369148 0.025632 0.034644
2 0.389659 0.670529 0.029670 0.040496
2 0.400456 0.462079 0.029143 0.039326
2 0.583743 0.341643 0.029494 0.040964
2 0.553810 0.337547 0.026159 0.035581
2 0.586640 0.553488 0.030021 0.040964
2 0.550474 0.676966 0.025808 0.037453
2 0.524315 0.621372 0.026159 0.034410
2 0.362886 0.327832 0.024930 0.035815
2 0.485253 0.669476 0.028090 0.041199
2 0.395365 0.329588 0.027037 0.033708
2 0.362008 0.625468 0.025983 0.038390
2 0.581461 0.666901 0.028441 0.035581
2 0.616573 0.636587 0.029143 0.037219
2 0.521067 0.675562 0.026685 0.037453
2 0.614993 0.383778 0.026685 0.035346
2 0.357532 0.671582 0.027563 0.039326
2 0.362447 0.539209 0.029319 0.040496
2 0.369821 0.413975 0.027563 0.036751
2 0.420032 0.661868 0.025808 0.033474
2 0.456197 0.374415 0.026159 0.033942
2 0.577072 0.431531 0.033357 0.044710
2 0.393873 0.543071 0.029670 0.042603
2 0.610165 0.472495 0.028968 0.034410
2 0.523525 0.332046 0.029846 0.037219
2 0.491661 0.375351 0.024403 0.033474
2 0.390449 0.624415 0.029143 0.040964
2 0.393697 0.370084 0.028265 0.033708
2 0.370874 0.580993 0.033532 0.039794
2 0.553195 0.632140 0.027739 0.038155
2 0.613237 0.341409 0.025983 0.033474
2 0.421963 0.618797 0.029670 0.039092
2 0.362272 0.367743 0.026861 0.035112
2 0.404319 0.419593 0.027388 0.034410
2 0.617978 0.550445 0.027388 0.036751
2 0.493943 0.331110 0.025456 0.035815
2 0.616924 0.591292 0.028792 0.036517
2 0.489905 0.631671 0.026861 0.038155
2 0.457338 0.623713 0.026334 0.033942
2 0.367802 0.501053 0.032654 0.038624
2 0.581022 0.381203 0.026510 0.033942
2 0.427142 0.332514 0.025983 0.033474
2 0.398789 0.503277 0.027563 0.036049
2 0.615081 0.508427 0.036692 0.041199
2 0.611921 0.430243 0.026510 0.039326
2 0.615520 0.677083 0.029846 0.042369
2 0.582075 0.629096 0.026510 0.034410
2 0.518873 0.380384 0.025456 0.035581
2 0.547577 0.386470 0.029494 0.042603
2 0.451018 0.664560 0.027388 0.039326
2 0.364027 0.454354 0.028617 0.035112
0 0.488705 0.502573 0.297168 0.394447
3 0.434226 0.423329 0.023413 0.030492
3 0.433617 0.461870 0.022196 0.032664
3 0.433404 0.500005 0.019428 0.032467
3 0.431812 0.541126 0.023269 0.032001
3 0.400699 0.581625 0.020734 0.027170
3 0.429763 0.581149 0.023852 0.032460
3 0.460623 0.582551 0.023541 0.025901
3 0.489315 0.581316 0.023574 0.031231
3 0.518518 0.582704 0.022291 0.032449
3 0.548243 0.583759 0.020878 0.028221
3 0.579726 0.585845 0.022981 0.029370
3 0.579593 0.504010 0.020374 0.038919
3 0.581059 0.465770 0.020967 0.032664
3 0.550449 0.427266 0.020611 0.029000
3 0.549373 0.465770 0.018457 0.031100
3 0.548724 0.505480 0.020667 0.030934
3 0.548462 0.544951 0.021315 0.031852
3 0.519317 0.542809 0.020377 0.032247
3 0.490778 0.541117 0.024157 0.033542
3 0.461510 0.540772 0.022972 0.028174
3 0.462705 0.503366 0.021854 0.029827
3 0.490572 0.503247 0.023748 0.031149
3 0.519219 0.504583 0.022519 0.032264
3 0.519730 0.464991 0.020030 0.034225
3 0.520356 0.424160 0.018941 0.033713
3 0.492553 0.423661 0.021856 0.029593
3 0.491805 0.464087 0.023873 0.032420
3 0.464589 0.465501 0.022107 0.033687
3 0.463815 0.423794 0.021731 0.029862
