2 0.423631 0.725421 0.031601 0.055243
2 0.387640 0.644780 0.035112 0.045178
2 0.602089 0.544710 0.031074 0.041199
2 0.663009 0.581461 0.038448 0.042603
2 0.301176 0.737828 0.034937 0.046348
2 0.539853 0.551381 0.030548 0.040964
2 0.262465 0.565894 0.031250 0.063904
2 0.454793 0.732444 0.030372 0.055712
2 0.510007 0.635768 0.030899 0.042135
2 0.478230 0.600538 0.030899 0.043773
2 0.331987 0.688787 0.040028 0.057350
2 0.632637 0.699672 0.042310 0.058052
2 0.510709 0.679541 0.031250 0.047753
2 0.579178 0.676264 0.035463 0.049625
2 0.601562 0.587781 0.034235 0.041199
2 0.483936 0.721676 0.030021 0.044944
2 0.541871 0.678722 0.033883 0.058287
2 0.296963 0.652622 0.045471 0.045880
2 0.477089 0.553488 0.030021 0.048455
2 0.477089 0.547636 0.030021 0.060627
2 0.415994 0.561096 0.033181 0.045412
2 0.667486 0.707397 0.034410 0.046816
2 0.603581 0.629331 0.031250 0.042837
2 0.571190 0.549625 0.032128 0.041667
2 0.324526 0.569171 0.031074 0.042369
2 0.636675 0.626873 0.031426 0.051030
2 0.669242 0.625936 0.029494 0.038390
2 0.447419 0.600655 0.031074 0.043071
2 0.509480 0.547285 0.033708 0.046348
2 0.453388 0.683638 0.032128 0.053605
2 0.262202 0.660815 0.037746 0.043071
2 0.368768 0.722495 0.039853 0.067182
2 0.354810 0.567299 0.032654 0.042369
2 0.448999 0.555126 0.035639 0.045178
2 0.268697 0.736657 0.039501 0.044944
2 0.548894 0.726709 0.033181 0.050328
2 0.516591 0.720857 0.030723 0.047987
2 0.698560 0.665145 0.040028 0.043773
2 0.665028 0.539443 0.033708 0.041901
2 0.397209 0.720974 0.036692 0.058052
2 0.385358 0.562617 0.029143 0.041433
2 0.240081 0.695576 0.035990 0.048455
2 0.667662 0.668071 0.038624 0.048689
2 0.287482 0.577715 0.044768 0.047753
2 0.482883 0.678254 0.029319 0.046582
2 0.231654 0.658240 0.033532 0.043071
2 0.698736 0.619382 0.038272 0.051498
2 0.579442 0.719920 0.032830 0.055009
2 0.701194 0.708333 0.036517 0.044944
2 0.545471 0.592228 0.034410 0.049625
2 0.608409 0.709738 0.032128 0.050094
2 0.513694 0.596442 0.029494 0.042603
2 0.267293 0.618212 0.038799 0.042603
2 0.630969 0.537804 0.033357 0.045646
2 0.296787 0.695225 0.035639 0.042603
2 0.329968 0.612828 0.034235 0.055712
2 0.695312 0.535346 0.032128 0.041199
2 0.335323 0.737945 0.035463 0.061564
3 0.233660 0.593287 0.029587 0.086388
3 0.237144 0.743205 0.030700 0.047582
3 0.270300 0.696271 0.025618 0.037985
3 0.300488 0.612292 0.027475 0.033883
3 0.350077 0.650967 0.045895 0.020723
3 0.365118 0.645489 0.027986 0.104963
3 0.390899 0.604003 0.084231 0.029792
3 0.421045 0.640241 0.025144 0.100707
3 0.393478 0.675480 0.085880 0.032296
3 0.451559 0.636280 0.086169 0.033485
3 0.557410 0.630527 0.059110 0.032903
3 0.573497 0.611678 0.026910 0.073230
3 0.630035 0.580571 0.027628 0.040669
3 0.618030 0.662910 0.051603 0.029005
3 0.695571 0.576152 0.029953 0.034949
0 0.470067 0.637875 0.504740 0.241105
