2 0.636236 0.626873 0.031250 0.051966
2 0.329793 0.613647 0.035288 0.051264
2 0.602265 0.544710 0.031074 0.041199
2 0.517117 0.721325 0.031426 0.047987
2 0.602001 0.587313 0.034410 0.041199
2 0.663185 0.581344 0.037395 0.041901
2 0.301352 0.737945 0.034235 0.046114
2 0.539940 0.550913 0.030372 0.041433
2 0.509656 0.547519 0.033357 0.045412
2 0.608146 0.709504 0.032303 0.050562
2 0.510797 0.635300 0.032128 0.042603
2 0.260534 0.566479 0.028090 0.063670
2 0.485428 0.723432 0.028792 0.044710
2 0.385358 0.562383 0.028792 0.040964
2 0.478055 0.600070 0.029846 0.043305
2 0.578037 0.674391 0.037746 0.049625
2 0.635183 0.703301 0.035463 0.051732
2 0.424421 0.724485 0.030723 0.057116
2 0.477177 0.552083 0.030548 0.049391
2 0.416081 0.560861 0.032303 0.045412
2 0.603581 0.628979 0.031601 0.042603
2 0.298104 0.652622 0.045997 0.044944
2 0.571278 0.549508 0.031952 0.041433
2 0.447068 0.600772 0.030021 0.043773
2 0.667662 0.707280 0.034059 0.047051
2 0.418013 0.647589 0.035463 0.055009
2 0.368592 0.723198 0.041257 0.066245
2 0.355249 0.567182 0.031777 0.042135
2 0.268346 0.736657 0.039150 0.044476
2 0.700667 0.665145 0.035112 0.043773
2 0.513430 0.678371 0.030021 0.048689
2 0.664853 0.539560 0.033708 0.041667
2 0.396682 0.721910 0.037395 0.055243
2 0.227704 0.574906 0.037219 0.040730
2 0.240081 0.696746 0.036341 0.045178
2 0.285990 0.573619 0.042837 0.044710
2 0.544593 0.678254 0.030899 0.062032
2 0.448999 0.555478 0.035288 0.044944
2 0.484989 0.678956 0.028617 0.047519
2 0.262465 0.660932 0.036517 0.043305
2 0.230952 0.658474 0.032128 0.042603
2 0.385007 0.649696 0.035112 0.047519
2 0.698824 0.619265 0.038097 0.051264
2 0.701545 0.708216 0.036166 0.045178
2 0.545471 0.591994 0.034410 0.049157
2 0.324438 0.568820 0.030197 0.042603
2 0.666784 0.667135 0.039677 0.049625
2 0.513782 0.595740 0.028968 0.041199
2 0.267732 0.617626 0.040379 0.042369
2 0.669417 0.626170 0.029143 0.037453
2 0.456110 0.731859 0.031250 0.055478
2 0.630794 0.537570 0.033357 0.045646
2 0.296787 0.695459 0.035288 0.042135
2 0.454442 0.681414 0.032128 0.047753
2 0.695312 0.536400 0.031426 0.040964
2 0.334972 0.738062 0.035815 0.060393
3 0.235277 0.617123 0.028141 0.041985
3 0.244380 0.735719 0.026448 0.045098
3 0.270197 0.692633 0.028922 0.038511
3 0.300520 0.611098 0.026366 0.039300
3 0.390044 0.602788 0.082521 0.035164
3 0.345734 0.647757 0.039549 0.033031
3 0.358727 0.640063 0.025743 0.117516
3 0.394940 0.675023 0.089974 0.029824
3 0.466241 0.637449 0.055844 0.034263
3 0.557539 0.630864 0.058193 0.036695
3 0.572704 0.607739 0.028833 0.076276
3 0.622479 0.665541 0.056991 0.034265
3 0.631580 0.578851 0.026034 0.038785
3 0.697725 0.576079 0.028408 0.034803
3 0.565258 0.716952 0.061929 0.034092
0 0.469189 0.638460 0.508251 0.244616
