2 0.448473 0.657186 0.031074 0.038155
2 0.383164 0.668071 0.026510 0.037453
2 0.499034 0.324321 0.026159 0.033474
2 0.521155 0.671465 0.025808 0.036751
2 0.582602 0.422987 0.027563 0.040262
2 0.615783 0.427786 0.028617 0.040028
2 0.536956 0.371606 0.025808 0.038155
2 0.588220 0.549391 0.028265 0.036049
2 0.553634 0.675211 0.024754 0.035815
2 0.368680 0.318235 0.025632 0.033942
2 0.400632 0.322917 0.026334 0.035346
2 0.492363 0.449906 0.026861 0.036517
2 0.584884 0.663624 0.028968 0.039794
2 0.518258 0.612360 0.031601 0.049157
2 0.463395 0.335206 0.029670 0.038858
2 0.527388 0.499649 0.026685 0.033942
2 0.364993 0.531133 0.028792 0.041667
2 0.520277 0.408357 0.024754 0.032069
2 0.558813 0.334738 0.025983 0.035112
2 0.416520 0.612594 0.028617 0.036049
2 0.399403 0.493446 0.027739 0.035112
2 0.612184 0.471676 0.025983 0.033708
2 0.615783 0.674977 0.031426 0.044710
2 0.373157 0.403558 0.029319 0.037453
2 0.527300 0.327949 0.026510 0.035581
2 0.619821 0.382022 0.027914 0.035112
2 0.492188 0.496138 0.026861 0.034410
2 0.508076 0.368914 0.024228 0.036985
2 0.455934 0.420178 0.028792 0.038390
2 0.364817 0.622893 0.028090 0.038390
2 0.395541 0.531718 0.028441 0.033942
2 0.621401 0.508895 0.026510 0.035581
2 0.619382 0.340122 0.027037 0.033708
2 0.416959 0.655899 0.028441 0.038858
2 0.367802 0.356859 0.026334 0.033474
2 0.356478 0.662219 0.025808 0.036517
2 0.619558 0.549743 0.027739 0.037219
2 0.619558 0.591526 0.026334 0.036517
2 0.487886 0.583567 0.027037 0.037453
2 0.403529 0.452598 0.028617 0.038624
2 0.368768 0.576077 0.027563 0.039326
2 0.369119 0.489934 0.030372 0.037921
2 0.481654 0.666199 0.032128 0.038858
2 0.431970 0.325726 0.025105 0.035346
2 0.617626 0.507374 0.037570 0.041901
2 0.585762 0.378862 0.029319 0.037219
2 0.458304 0.617275 0.027563 0.036517
2 0.524315 0.455290 0.026510 0.034644
2 0.582514 0.506905 0.029494 0.040496
2 0.620523 0.341643 0.039853 0.048923
2 0.552756 0.411517 0.027563 0.044476
2 0.387114 0.669359 0.035815 0.054073
2 0.589098 0.339185 0.030021 0.039794
2 0.366310 0.444640 0.027563 0.034878
2 0.488501 0.626873 0.027212 0.038390
0 0.491135 0.498504 0.301672 0.402262
3 0.405830 0.371831 0.026317 0.032053
3 0.439568 0.377022 0.020053 0.028390
3 0.468734 0.378184 0.021036 0.027589
3 0.555815 0.380311 0.018464 0.020922
3 0.584145 0.464031 0.020114 0.032308
3 0.552094 0.461957 0.020386 0.034398
3 0.551417 0.501831 0.019033 0.028315
3 0.580537 0.582713 0.021092 0.030906
3 0.609835 0.622427 0.019998 0.030747
3 0.579212 0.621873 0.020781 0.028078
3 0.547853 0.619885 0.022439 0.031905
3 0.549201 0.578493 0.021622 0.030269
3 0.550012 0.539471 0.020906 0.031812
3 0.520102 0.537631 0.021945 0.034377
3 0.518488 0.578235 0.022231 0.032875
3 0.490232 0.537029 0.024238 0.034731
3 0.466239 0.458036 0.023067 0.032802
3 0.496406 0.417474 0.022540 0.028144
3 0.439749 0.416538 0.021587 0.030953
3 0.407590 0.413432 0.019300 0.030983
3 0.434974 0.455578 0.023739 0.032568
3 0.435009 0.494623 0.022639 0.032629
3 0.464484 0.497076 0.024238 0.031292
3 0.433824 0.534637 0.020270 0.031510
3 0.462820 0.535492 0.023253 0.031655
3 0.401426 0.572140 0.022187 0.023804
3 0.397618 0.609714 0.018081 0.024047
3 0.430841 0.574705 0.022496 0.025812
3 0.461343 0.574176 0.024979 0.026316
