0 0.491866 0.498596 0.308404 0.411985
3 0.406426 0.326936 0.029846 0.045255
3 0.406132 0.369850 0.030430 0.035892
3 0.370729 0.406133 0.034528 0.042914
3 0.361073 0.534099 0.026919 0.038233
3 0.362242 0.617587 0.026919 0.039794
3 0.396770 0.662062 0.025750 0.042914
3 0.431004 0.577013 0.026334 0.038233
3 0.432760 0.530588 0.029846 0.039015
3 0.431589 0.493134 0.021652 0.035892
3 0.435978 0.410815 0.019896 0.039794
3 0.438027 0.371021 0.028675 0.039794
3 0.469043 0.372191 0.026334 0.039015
3 0.467288 0.457240 0.026334 0.040574
3 0.496547 0.456461 0.026334 0.040574
3 0.555360 0.461142 0.024579 0.035892
3 0.560627 0.374923 0.026919 0.025749
3 0.621489 0.424469 0.031601 0.035892
3 0.555068 0.502107 0.029846 0.041355
3 0.463190 0.537219 0.026334 0.035112
3 0.493329 0.536828 0.030430 0.037453
3 0.523467 0.539169 0.026334 0.035892
3 0.521125 0.576234 0.022823 0.025749
3 0.550386 0.585206 0.028675 0.039015
3 0.580816 0.580524 0.023994 0.040574
3 0.614466 0.583256 0.030430 0.031992
3 0.579939 0.622268 0.026919 0.039794
3 0.614173 0.628120 0.031017 0.040574
3 0.547168 0.660892 0.029261 0.034333
2 0.371401 0.361774 0.033181 0.043773
2 0.367363 0.501990 0.031074 0.048923
2 0.362974 0.579237 0.034586 0.040028
2 0.388723 0.533474 0.043013 0.042603
2 0.399140 0.570225 0.031777 0.053839
2 0.391649 0.621840 0.036341 0.047051
2 0.360341 0.660112 0.032830 0.039794
2 0.401422 0.451311 0.031777 0.045880
2 0.396331 0.492509 0.027563 0.035112
2 0.367626 0.443820 0.028441 0.036985
2 0.405811 0.410112 0.026510 0.038390
2 0.436710 0.463600 0.024403 0.033942
2 0.431970 0.326779 0.026159 0.039794
2 0.458304 0.500468 0.032128 0.043539
2 0.458743 0.414794 0.036166 0.048689
2 0.462254 0.337196 0.031601 0.043305
2 0.458567 0.582631 0.025983 0.041667
2 0.428897 0.614583 0.031601 0.047987
2 0.414853 0.659176 0.031250 0.042603
2 0.447946 0.655080 0.030372 0.043305
2 0.489642 0.582865 0.026334 0.036517
2 0.488150 0.623947 0.027563 0.037219
2 0.479723 0.663272 0.039853 0.043773
2 0.495260 0.496840 0.025983 0.035346
2 0.496928 0.410698 0.025456 0.034410
2 0.503072 0.370201 0.032830 0.042837
2 0.499210 0.328886 0.025456 0.042603
2 0.528178 0.332514 0.028968 0.042369
2 0.536517 0.370084 0.025983 0.036985
2 0.525369 0.412453 0.028265 0.042135
2 0.525369 0.457046 0.026159 0.036751
2 0.528880 0.500000 0.024754 0.035112
2 0.523086 0.612125 0.030723 0.051498
2 0.521331 0.667252 0.029319 0.044710
2 0.552142 0.629916 0.031952 0.046348
2 0.575053 0.663272 0.035990 0.054073
2 0.589888 0.549040 0.032303 0.046114
2 0.555653 0.543539 0.030899 0.038858
2 0.557233 0.412687 0.028792 0.047285
2 0.558199 0.336493 0.026159 0.038624
2 0.588834 0.339654 0.029143 0.040262
2 0.588571 0.380501 0.030021 0.038624
2 0.584621 0.426849 0.036166 0.038624
2 0.582514 0.468984 0.024228 0.036283
2 0.583041 0.510651 0.028792 0.039560
2 0.617188 0.508310 0.036341 0.042369
2 0.616222 0.468633 0.033357 0.045880
2 0.620611 0.548104 0.026685 0.040496
2 0.616134 0.675796 0.031074 0.043539
2 0.619909 0.381788 0.028792 0.037453
2 0.621050 0.340590 0.036692 0.045412
2 0.372191 0.321863 0.033708 0.042603
3 0.461143 0.620318 0.029261 0.037453
