2 0.462956 0.596676 0.025983 0.033708
2 0.518522 0.427669 0.027563 0.038390
2 0.548543 0.376522 0.027914 0.035815
2 0.364027 0.576896 0.027212 0.033006
2 0.490520 0.374766 0.024930 0.036049
2 0.529055 0.470506 0.026510 0.034176
2 0.493153 0.549040 0.025281 0.034878
2 0.362711 0.326896 0.024579 0.034410
2 0.460674 0.416784 0.026685 0.036283
2 0.403441 0.546816 0.024930 0.035112
2 0.489817 0.503160 0.026334 0.034410
2 0.523876 0.508427 0.027037 0.036049
2 0.516678 0.368680 0.026334 0.035112
2 0.427493 0.332397 0.026334 0.034644
2 0.551264 0.425445 0.027037 0.037687
2 0.362447 0.670529 0.031426 0.040964
2 0.367714 0.414677 0.027212 0.035815
2 0.427230 0.421231 0.025456 0.033942
2 0.391415 0.590356 0.024754 0.039326
2 0.495435 0.462547 0.029494 0.038858
2 0.489115 0.413975 0.025281 0.035346
2 0.524754 0.326545 0.026685 0.035581
2 0.461728 0.331929 0.027388 0.036985
2 0.427230 0.509831 0.026510 0.035112
2 0.424157 0.368914 0.025632 0.032772
2 0.397209 0.415262 0.029319 0.037921
2 0.369909 0.628979 0.025281 0.034644
2 0.463483 0.551498 0.024228 0.033240
2 0.362272 0.366339 0.026159 0.035112
2 0.461640 0.461962 0.027914 0.038624
2 0.392907 0.368446 0.025983 0.034176
2 0.457690 0.503628 0.027388 0.035346
2 0.400544 0.462196 0.026510 0.034410
2 0.431794 0.553254 0.025456 0.035815
2 0.395365 0.329120 0.025983 0.032772
2 0.366924 0.499649 0.029494 0.033474
2 0.430390 0.470506 0.026861 0.033708
2 0.595330 0.427669 0.024579 0.032772
2 0.556443 0.332397 0.026861 0.034176
2 0.493680 0.328886 0.025281 0.034176
2 0.454178 0.372308 0.026685 0.033474
2 0.362798 0.454939 0.025808 0.034410
2 0.421173 0.597261 0.027388 0.033942
2 0.368943 0.540964 0.030021 0.035581
2 0.396770 0.506788 0.025983 0.034644
0 0.488948 0.502387 0.295513 0.395709
3 0.602907 0.359466 0.063492 0.090033
3 0.619027 0.550782 0.030188 0.294761
3 0.584043 0.569415 0.093646 0.252437
3 0.568919 0.612823 0.123090 0.169155
3 0.552288 0.630592 0.153028 0.126664
3 0.506059 0.648827 0.250181 0.085108
