2 0.337693 0.681765 0.038448 0.051264
2 0.574087 0.633778 0.033006 0.044242
2 0.275018 0.734785 0.030723 0.049157
2 0.362096 0.604986 0.037746 0.044710
2 0.667398 0.583099 0.040204 0.042135
2 0.579354 0.593867 0.034059 0.045412
2 0.305741 0.720154 0.028617 0.042837
2 0.515976 0.543071 0.033357 0.047753
2 0.546699 0.549391 0.030197 0.042135
2 0.426527 0.727060 0.032830 0.046348
2 0.446190 0.639396 0.037395 0.042837
2 0.546173 0.674743 0.031250 0.063904
2 0.585060 0.671348 0.038799 0.043071
2 0.361570 0.558521 0.034586 0.042135
2 0.488413 0.638928 0.037219 0.046582
2 0.301352 0.604050 0.039501 0.042837
2 0.514923 0.590356 0.031601 0.042603
2 0.302317 0.674508 0.034059 0.048455
2 0.638606 0.628394 0.033883 0.046114
2 0.393258 0.643727 0.033708 0.043071
2 0.265011 0.561447 0.031777 0.041901
2 0.484199 0.595154 0.030197 0.044242
2 0.394048 0.599719 0.034937 0.045880
2 0.490871 0.712430 0.030899 0.053605
2 0.459357 0.724134 0.036341 0.050796
2 0.461376 0.679658 0.036166 0.042837
2 0.699877 0.661283 0.040555 0.044944
2 0.234814 0.563436 0.033181 0.041667
2 0.332514 0.609316 0.027739 0.050094
2 0.242539 0.730805 0.040204 0.048689
2 0.422928 0.595389 0.029846 0.043305
2 0.296524 0.559925 0.030899 0.041667
2 0.514484 0.672636 0.032479 0.065777
2 0.546261 0.593165 0.030723 0.042135
2 0.427230 0.681648 0.028265 0.043071
2 0.276773 0.643258 0.038097 0.038858
2 0.239642 0.687617 0.033357 0.043773
2 0.237360 0.606156 0.037570 0.042369
2 0.327247 0.559925 0.030197 0.042603
2 0.672577 0.707748 0.036868 0.046114
2 0.577247 0.546465 0.031952 0.040964
2 0.454091 0.596091 0.032830 0.048923
2 0.394400 0.718516 0.036692 0.053605
2 0.270365 0.684106 0.032654 0.047987
2 0.267205 0.604752 0.032654 0.041901
2 0.337869 0.725187 0.035639 0.052903
3 0.394795 0.554483 0.030284 0.036868
3 0.425737 0.553312 0.027212 0.038038
3 0.454705 0.551849 0.027212 0.037453
3 0.483673 0.548045 0.028090 0.042720
3 0.603494 0.543949 0.025456 0.033357
3 0.630925 0.540730 0.026773 0.033942
3 0.659673 0.540438 0.028090 0.036868
3 0.686666 0.538682 0.027651 0.036868
3 0.602396 0.582573 0.026773 0.033357
3 0.632681 0.581110 0.027651 0.037453
3 0.695664 0.579061 0.020190 0.035698
3 0.604152 0.621781 0.026773 0.038038
3 0.544900 0.624707 0.029407 0.032186
3 0.515713 0.625000 0.030723 0.032772
3 0.424860 0.632900 0.023701 0.039209
3 0.367802 0.638460 0.023701 0.030431
3 0.341907 0.639923 0.028090 0.028675
3 0.311622 0.639338 0.031601 0.029846
3 0.237228 0.644019 0.032040 0.035698
3 0.369996 0.672402 0.028090 0.029260
3 0.400720 0.671524 0.029846 0.033357
3 0.370216 0.712488 0.029407 0.040379
3 0.487842 0.674743 0.020629 0.031601
3 0.518566 0.712196 0.025895 0.025749
3 0.548411 0.707807 0.032918 0.028675
3 0.579573 0.707221 0.028529 0.023993
3 0.606127 0.701955 0.027212 0.032186
3 0.604591 0.661868 0.020629 0.035112
3 0.633998 0.660990 0.034673 0.028675
3 0.635753 0.699614 0.031162 0.034527
3 0.664721 0.660990 0.027651 0.035698
3 0.666476 0.621489 0.025895 0.035112
3 0.692372 0.618563 0.025895 0.042135
3 0.699175 0.697858 0.018434 0.028675
0 0.467653 0.626756 0.500790 0.216526
