2 0.544417 0.526217 0.034059 0.043539
2 0.440836 0.527037 0.034761 0.045646
2 0.415028 0.695576 0.032654 0.046114
2 0.496489 0.438904 0.027037 0.036049
2 0.513518 0.662687 0.031952 0.046348
2 0.444961 0.699204 0.033883 0.042135
2 0.472086 0.488764 0.027388 0.041199
2 0.506408 0.567182 0.029670 0.040730
2 0.416081 0.738881 0.030899 0.042837
2 0.409410 0.528675 0.028792 0.038624
2 0.443557 0.656484 0.028617 0.042369
2 0.666520 0.644780 0.032479 0.040496
2 0.510534 0.526685 0.033006 0.043539
2 0.444259 0.571980 0.027914 0.040028
2 0.504126 0.399696 0.032830 0.041901
2 0.537746 0.565426 0.028090 0.039092
2 0.408796 0.479869 0.030021 0.044944
2 0.406250 0.434340 0.027388 0.036751
2 0.437851 0.436564 0.028441 0.037453
2 0.412395 0.650047 0.030548 0.044944
2 0.511763 0.616339 0.027739 0.042135
2 0.482005 0.617041 0.028617 0.042135
2 0.476387 0.532186 0.030723 0.040496
2 0.405284 0.395716 0.027563 0.035346
2 0.467960 0.435744 0.028265 0.039092
2 0.475948 0.573619 0.030197 0.041433
2 0.451896 0.610487 0.031250 0.043071
2 0.437237 0.396301 0.027914 0.037921
2 0.412570 0.570576 0.031601 0.041901
2 0.441099 0.484551 0.032128 0.045880
2 0.536341 0.483029 0.030197 0.040028
2 0.446805 0.738062 0.029494 0.042603
2 0.660376 0.600070 0.035990 0.041901
2 0.541169 0.606976 0.028617 0.039326
2 0.537482 0.395599 0.030723 0.037453
2 0.469891 0.397238 0.028968 0.036985
2 0.502370 0.481390 0.034586 0.043305
2 0.528441 0.446395 0.030548 0.044944
2 0.417837 0.606976 0.031250 0.044944
2 0.474105 0.660815 0.030372 0.041667
0 0.537674 0.563404 0.295918 0.399592
3 0.609189 0.481025 0.121703 0.189579
3 0.597978 0.557184 0.093427 0.345016
3 0.585686 0.678460 0.119171 0.100676
3 0.601180 0.602111 0.083445 0.041613
3 0.572056 0.702905 0.215976 0.076224
