0 0.537512 0.569210 0.306063 0.412765
2 0.605074 0.736306 0.027212 0.038155
2 0.656952 0.512289 0.033357 0.043305
2 0.456110 0.739466 0.035815 0.043539
2 0.629565 0.388928 0.027739 0.037219
2 0.622015 0.477411 0.032654 0.046114
2 0.564782 0.400164 0.030899 0.047987
2 0.570137 0.723549 0.032479 0.045412
2 0.403090 0.401334 0.027739 0.037687
2 0.537044 0.650515 0.029846 0.041667
2 0.506232 0.734668 0.030021 0.047987
2 0.433199 0.401334 0.028265 0.037219
2 0.573560 0.651568 0.032303 0.044242
2 0.603581 0.730103 0.031601 0.050562
2 0.660902 0.428488 0.028265 0.036751
2 0.412307 0.584855 0.028265 0.050328
2 0.466117 0.400983 0.028090 0.037453
2 0.594891 0.393141 0.027212 0.035815
2 0.664150 0.644780 0.031952 0.040496
2 0.498157 0.483263 0.025105 0.035346
2 0.629916 0.562617 0.034059 0.036751
2 0.439256 0.528909 0.028441 0.036751
2 0.435130 0.484668 0.029670 0.036751
2 0.500878 0.686330 0.034059 0.045880
2 0.531952 0.480337 0.027388 0.036517
2 0.449526 0.697683 0.034586 0.042837
2 0.499649 0.404377 0.032303 0.043773
2 0.412131 0.742743 0.031426 0.045880
2 0.540818 0.598549 0.034235 0.041199
2 0.467697 0.483731 0.027037 0.035815
2 0.659059 0.602177 0.035815 0.041901
2 0.572507 0.607912 0.034059 0.041199
2 0.532303 0.395833 0.028792 0.037921
2 0.592082 0.473666 0.032128 0.048923
2 0.503423 0.565894 0.029670 0.039560
2 0.415291 0.695810 0.032830 0.043773
2 0.540994 0.733263 0.030372 0.049860
2 0.500176 0.523057 0.027388 0.037219
2 0.635358 0.728581 0.034059 0.048923
2 0.659586 0.388343 0.027388 0.036517
2 0.406513 0.525281 0.029319 0.037453
2 0.627985 0.429658 0.030197 0.036751
2 0.654758 0.470272 0.037044 0.042135
3 0.405841 0.448659 0.034528 0.045255
3 0.405841 0.485330 0.034528 0.042135
3 0.412570 0.612905 0.038624 0.035112
3 0.411986 0.652310 0.033941 0.043696
3 0.446512 0.650358 0.032772 0.036674
3 0.445049 0.607053 0.033357 0.045255
3 0.443294 0.567259 0.036868 0.037453
3 0.438611 0.444366 0.026334 0.035112
3 0.471383 0.440854 0.034528 0.042135
3 0.498302 0.441245 0.032186 0.036674
3 0.530781 0.437343 0.030430 0.038233
3 0.556238 0.442025 0.028675 0.036674
3 0.589594 0.435393 0.035697 0.032772
3 0.561213 0.481819 0.043306 0.038233
3 0.534001 0.522004 0.032186 0.040574
3 0.470212 0.523565 0.034528 0.032772
3 0.476357 0.564918 0.036283 0.040574
3 0.477528 0.605494 0.035112 0.031210
3 0.478991 0.643336 0.033357 0.035112
3 0.476943 0.690152 0.032772 0.046037
3 0.480455 0.736580 0.029261 0.039015
3 0.507374 0.648017 0.029261 0.046037
3 0.507667 0.608614 0.022823 0.037453
3 0.532830 0.564529 0.031017 0.042914
3 0.562969 0.519663 0.030430 0.039015
3 0.563553 0.562189 0.031601 0.035112
3 0.536341 0.691323 0.031017 0.042135
3 0.569698 0.683521 0.035697 0.040574
3 0.599837 0.681180 0.032772 0.037453
3 0.629974 0.681180 0.027505 0.042135
3 0.663039 0.681571 0.033941 0.041355
3 0.666842 0.726046 0.040379 0.046037
3 0.599250 0.639436 0.032772 0.039794
3 0.632022 0.641386 0.037453 0.039015
3 0.592814 0.597301 0.033941 0.039794
3 0.627049 0.600812 0.036868 0.043696
3 0.661868 0.559457 0.046817 0.042135
3 0.597203 0.556725 0.038039 0.042914
3 0.592228 0.519272 0.032772 0.049157
3 0.621196 0.515761 0.041550 0.048378
