2 0.365432 0.317884 0.030021 0.040730
2 0.369206 0.364466 0.033708 0.041199
2 0.370435 0.406952 0.034761 0.043305
2 0.367275 0.442182 0.029143 0.036517
2 0.367714 0.487711 0.032479 0.044242
2 0.364554 0.537336 0.030021 0.039560
2 0.364554 0.578301 0.032479 0.038624
2 0.357356 0.620787 0.034937 0.044944
2 0.360341 0.665262 0.028968 0.041667
2 0.389659 0.668539 0.028617 0.049625
2 0.387816 0.625936 0.025632 0.044944
2 0.397647 0.577832 0.033006 0.042837
2 0.396945 0.535229 0.032303 0.041433
2 0.397472 0.492978 0.027388 0.036049
2 0.401422 0.449087 0.028968 0.045178
2 0.406250 0.408006 0.022823 0.033708
2 0.397911 0.336142 0.031074 0.041199
2 0.430916 0.322214 0.024754 0.037687
2 0.435744 0.372425 0.033708 0.045412
2 0.461113 0.335791 0.033532 0.046114
2 0.467521 0.374883 0.027739 0.038155
2 0.437763 0.416901 0.030723 0.044944
2 0.433287 0.464185 0.033357 0.043539
2 0.429688 0.532069 0.029670 0.038390
2 0.430214 0.576662 0.028265 0.043305
2 0.424070 0.617626 0.034937 0.039560
2 0.419329 0.662570 0.028265 0.045646
2 0.449702 0.657772 0.029670 0.044476
2 0.480513 0.667252 0.034761 0.042369
2 0.491046 0.629213 0.029494 0.041667
2 0.490959 0.584504 0.028968 0.041199
2 0.494031 0.544007 0.029494 0.040730
2 0.492714 0.501756 0.027914 0.035346
2 0.492363 0.459036 0.027212 0.035112
2 0.469891 0.418656 0.025456 0.040496
2 0.462079 0.459621 0.025281 0.033942
2 0.461025 0.496840 0.026334 0.034878
2 0.459709 0.538390 0.028265 0.038858
2 0.461025 0.585557 0.027388 0.040964
2 0.499649 0.421114 0.025281 0.036985
2 0.495787 0.382140 0.033006 0.046582
2 0.496489 0.332514 0.026334 0.043773
2 0.526334 0.331578 0.026334 0.042369
2 0.528265 0.372659 0.027739 0.036049
2 0.526861 0.413155 0.029846 0.039326
2 0.525456 0.452832 0.028792 0.037687
2 0.521857 0.492275 0.027914 0.036517
2 0.526598 0.534761 0.030021 0.041901
2 0.524579 0.577949 0.028792 0.038858
2 0.524403 0.623010 0.032303 0.044710
2 0.517117 0.669242 0.024754 0.041667
2 0.547226 0.673104 0.028441 0.039092
2 0.556531 0.634246 0.030197 0.045178
2 0.557145 0.590707 0.029319 0.037687
2 0.552581 0.549860 0.027914 0.043539
2 0.554161 0.495787 0.026159 0.041667
2 0.555653 0.426498 0.028441 0.045412
2 0.556180 0.379682 0.028441 0.040262
2 0.557760 0.337196 0.027037 0.040028
2 0.588132 0.340005 0.029494 0.040496
2 0.583743 0.385066 0.033357 0.045412
2 0.618065 0.342463 0.035288 0.046348
2 0.619031 0.382374 0.028792 0.035815
2 0.618943 0.423455 0.027563 0.035581
2 0.585586 0.426498 0.035288 0.043539
2 0.580671 0.466643 0.031074 0.041901
2 0.615432 0.469569 0.031426 0.043539
2 0.612974 0.512055 0.032479 0.041433
2 0.581812 0.509129 0.029143 0.040262
2 0.584182 0.550445 0.032128 0.042837
2 0.618241 0.552200 0.029319 0.037921
2 0.617626 0.594218 0.035463 0.043773
2 0.618768 0.635183 0.032128 0.040496
2 0.617890 0.677200 0.032128 0.041199
2 0.578476 0.670412 0.033006 0.043071
2 0.587781 0.632608 0.030899 0.045178
0 0.493628 0.499033 0.300197 0.401564
3 0.404370 0.372853 0.025734 0.029415
3 0.432946 0.499455 0.024366 0.025124
3 0.463044 0.620026 0.024872 0.033748
3 0.583506 0.587757 0.020007 0.030075
3 0.553355 0.465384 0.020567 0.020967
