2 0.431355 0.690426 0.029143 0.045646
2 0.583831 0.731273 0.034586 0.051498
2 0.641327 0.633076 0.034761 0.047519
2 0.429951 0.734785 0.030548 0.045880
2 0.360428 0.607093 0.035463 0.042369
2 0.673543 0.596676 0.041257 0.050094
2 0.612184 0.557935 0.030197 0.040028
2 0.554863 0.737008 0.032479 0.052200
2 0.612886 0.601943 0.034761 0.041433
2 0.336815 0.694405 0.038097 0.049860
2 0.552405 0.561096 0.029319 0.040730
2 0.521682 0.555009 0.031426 0.048221
2 0.518258 0.645482 0.033708 0.040028
2 0.515976 0.686798 0.038624 0.043071
2 0.395453 0.566128 0.029670 0.040964
2 0.488325 0.606039 0.029319 0.045880
2 0.554688 0.643844 0.034937 0.045178
2 0.581724 0.604284 0.031777 0.041433
2 0.491222 0.725421 0.030899 0.055712
2 0.306706 0.652037 0.043890 0.046582
2 0.426264 0.562734 0.032654 0.047285
2 0.612272 0.643727 0.032479 0.043071
2 0.550562 0.602060 0.030197 0.038858
2 0.367890 0.649579 0.032128 0.042603
2 0.395541 0.607561 0.037921 0.055009
2 0.330320 0.609551 0.033532 0.046816
2 0.460411 0.607912 0.033883 0.047285
2 0.641239 0.721325 0.038097 0.047519
2 0.464010 0.690309 0.035463 0.042603
2 0.455320 0.653441 0.037044 0.045178
2 0.367978 0.691362 0.033006 0.048455
2 0.364642 0.566011 0.033006 0.041199
2 0.249912 0.734434 0.043013 0.050796
2 0.523174 0.730688 0.029494 0.047987
2 0.550035 0.691831 0.033708 0.049860
2 0.642556 0.566011 0.031250 0.059925
2 0.582251 0.559223 0.029670 0.041199
2 0.672928 0.719101 0.038624 0.053839
2 0.238588 0.570693 0.033357 0.041667
2 0.489730 0.651451 0.034586 0.045412
2 0.614027 0.724134 0.032479 0.047987
2 0.428371 0.610604 0.029143 0.044710
2 0.253248 0.689256 0.052142 0.053605
2 0.638869 0.679190 0.035815 0.042837
2 0.301791 0.568001 0.031952 0.041433
2 0.582338 0.647121 0.028792 0.042837
2 0.459094 0.558052 0.034059 0.043539
2 0.461113 0.738647 0.030021 0.056414
2 0.704881 0.631788 0.045295 0.042603
2 0.333041 0.566128 0.028441 0.040028
2 0.398086 0.689724 0.034586 0.054073
2 0.519312 0.604752 0.030548 0.042837
2 0.586464 0.689022 0.039853 0.044710
2 0.489817 0.553956 0.030899 0.058287
2 0.269926 0.569405 0.033181 0.040496
2 0.337956 0.651217 0.035112 0.048221
3 0.688715 0.554012 0.059547 0.039050
3 0.704860 0.572622 0.030974 0.077830
3 0.256692 0.627006 0.049902 0.066433
3 0.271968 0.609611 0.082793 0.031643
3 0.298246 0.714085 0.040546 0.082978
3 0.345855 0.736856 0.134593 0.045810
3 0.412714 0.646713 0.055297 0.032502
3 0.611615 0.678354 0.025901 0.042727
3 0.669635 0.655206 0.026067 0.065091
3 0.642558 0.596919 0.023411 0.032790
3 0.689426 0.670758 0.057456 0.040019
3 0.706668 0.699672 0.031078 0.094724
0 0.472261 0.646653 0.505618 0.225890
