2 0.487096 0.692065 0.030021 0.045178
2 0.614905 0.573151 0.034235 0.040496
2 0.304688 0.669476 0.038799 0.059457
2 0.556794 0.528558 0.031426 0.041199
2 0.615256 0.531601 0.033181 0.040730
2 0.254652 0.502926 0.049333 0.041433
2 0.527827 0.652505 0.046524 0.040028
2 0.370348 0.514747 0.032479 0.040730
2 0.486218 0.605688 0.041257 0.041433
2 0.639396 0.700609 0.033708 0.061330
2 0.614203 0.657889 0.031777 0.043305
2 0.708041 0.540145 0.034059 0.041433
2 0.403178 0.518610 0.033532 0.055946
2 0.676001 0.576896 0.040555 0.040964
2 0.706022 0.709855 0.028968 0.036283
2 0.674333 0.529494 0.034761 0.050094
2 0.279407 0.631320 0.041608 0.044944
2 0.614993 0.616339 0.034761 0.043539
2 0.368504 0.639162 0.033708 0.061096
2 0.676001 0.616222 0.037746 0.042837
2 0.430302 0.560744 0.034761 0.041433
2 0.671348 0.702247 0.036517 0.050094
2 0.339800 0.598666 0.034586 0.044242
2 0.273876 0.675445 0.032303 0.050796
2 0.395716 0.681414 0.031952 0.047285
2 0.706461 0.666199 0.034761 0.045880
2 0.338132 0.552083 0.042486 0.046582
2 0.238852 0.673338 0.035288 0.044242
2 0.671787 0.658825 0.035639 0.048455
2 0.283093 0.546582 0.048631 0.041667
2 0.583655 0.652973 0.031777 0.044710
2 0.495787 0.517556 0.032654 0.058052
2 0.481829 0.648525 0.039853 0.040028
2 0.434779 0.604752 0.035990 0.046114
2 0.242978 0.629682 0.042486 0.048221
2 0.427317 0.644663 0.034410 0.044476
2 0.522560 0.611657 0.030372 0.042135
2 0.526861 0.525866 0.029143 0.039092
2 0.526861 0.568703 0.040379 0.047987
2 0.282479 0.588600 0.042486 0.043305
2 0.456197 0.689841 0.033883 0.057584
2 0.646155 0.540613 0.031074 0.060159
3 0.294329 0.507491 0.031777 0.036985
3 0.437939 0.518727 0.024052 0.034176
3 0.466029 0.520365 0.025105 0.034176
3 0.581110 0.568937 0.025632 0.034878
3 0.554073 0.568001 0.021770 0.033474
3 0.493855 0.562617 0.025632 0.030197
3 0.464361 0.559106 0.023525 0.033006
3 0.403617 0.556765 0.020014 0.031601
3 0.376843 0.550679 0.025808 0.037219
3 0.343662 0.510300 0.027914 0.039326
3 0.376317 0.591292 0.026861 0.033240
3 0.403880 0.594218 0.024403 0.033474
3 0.462166 0.597612 0.022296 0.030431
3 0.550737 0.605571 0.025632 0.035581
3 0.579617 0.607795 0.026159 0.036283
3 0.551966 0.644780 0.024228 0.037687
3 0.459884 0.635300 0.026510 0.037921
3 0.638694 0.648642 0.021419 0.036985
3 0.637202 0.610838 0.026861 0.047051
3 0.320181 0.509129 0.022384 0.031601
3 0.255881 0.545997 0.014923 0.030431
3 0.254126 0.585499 0.020190 0.033357
3 0.315133 0.590473 0.024579 0.036283
3 0.317767 0.546875 0.022823 0.036868
3 0.314475 0.623830 0.026773 0.036283
3 0.342126 0.629974 0.026773 0.029846
3 0.368241 0.679424 0.023701 0.029260
3 0.341248 0.669476 0.023262 0.040964
3 0.426396 0.677083 0.026773 0.028090
3 0.402914 0.631730 0.028090 0.031016
3 0.515713 0.687324 0.029846 0.031016
3 0.547533 0.683813 0.033796 0.036868
3 0.577159 0.685276 0.028968 0.040964
3 0.605908 0.689665 0.027651 0.033357
3 0.642995 0.577306 0.027212 0.019312
3 0.583304 0.530197 0.025456 0.038624
3 0.703783 0.579939 0.019751 0.029260
3 0.704003 0.616222 0.016678 0.031601
0 0.470506 0.598666 0.495962 0.238764
