3 0.367797 0.533244 0.022811 0.031845
3 0.369477 0.612633 0.025002 0.033006
3 0.461589 0.618511 0.020790 0.038521
3 0.466152 0.537636 0.022892 0.032825
3 0.436152 0.496840 0.022586 0.029260
3 0.466726 0.497114 0.020530 0.029808
3 0.493369 0.538500 0.021148 0.031430
3 0.519428 0.582140 0.019426 0.023518
3 0.551069 0.664279 0.020679 0.027060
3 0.580585 0.624242 0.021187 0.026575
3 0.582254 0.583729 0.019844 0.026697
3 0.611046 0.545613 0.016570 0.031613
3 0.553453 0.500691 0.023106 0.030716
3 0.522207 0.500473 0.017960 0.028724
3 0.494923 0.498621 0.023083 0.026580
3 0.495832 0.460454 0.021392 0.029834
3 0.466778 0.457884 0.021807 0.029375
3 0.554054 0.464000 0.020794 0.026004
3 0.613710 0.425957 0.018383 0.034185
3 0.556475 0.380618 0.022126 0.027779
3 0.471657 0.380236 0.021031 0.025456
3 0.438690 0.416362 0.020637 0.029045
3 0.439830 0.377671 0.020576 0.026566
0 0.492338 0.497672 0.303948 0.408413
2 0.371840 0.322097 0.032654 0.043071
2 0.402037 0.324204 0.026334 0.041199
2 0.369382 0.360370 0.029494 0.039560
2 0.370348 0.404846 0.035288 0.043305
2 0.368592 0.445459 0.030723 0.038390
2 0.368592 0.498713 0.033532 0.056882
2 0.363062 0.579354 0.034059 0.041199
2 0.358848 0.660229 0.032303 0.041901
2 0.388167 0.669593 0.028090 0.048455
2 0.384568 0.624649 0.028617 0.041433
2 0.417574 0.657420 0.028968 0.046582
2 0.421875 0.613998 0.036868 0.038858
2 0.448736 0.653792 0.029143 0.045412
2 0.400193 0.569757 0.034235 0.042135
2 0.434867 0.575140 0.032303 0.047285
2 0.388869 0.532303 0.041433 0.040262
2 0.428722 0.530782 0.030197 0.038624
2 0.398613 0.493329 0.031074 0.038624
2 0.438114 0.463600 0.031777 0.048923
2 0.400281 0.443820 0.032654 0.046348
2 0.405636 0.399930 0.028617 0.040496
2 0.430741 0.328418 0.024052 0.035581
2 0.461464 0.337547 0.034937 0.045880
2 0.499122 0.329354 0.026334 0.043539
2 0.504652 0.371723 0.031777 0.044476
2 0.496138 0.412336 0.025281 0.036751
2 0.465327 0.422051 0.025808 0.036517
2 0.463659 0.590239 0.025983 0.037219
2 0.480425 0.665262 0.033883 0.041199
2 0.488501 0.627692 0.025456 0.037219
2 0.493680 0.580875 0.027037 0.037219
2 0.516415 0.552669 0.028617 0.050094
2 0.518258 0.613179 0.031250 0.047519
2 0.520190 0.670061 0.026334 0.037687
2 0.527563 0.456929 0.025281 0.036049
2 0.522296 0.404494 0.023876 0.032303
2 0.537307 0.369499 0.023701 0.034878
2 0.528617 0.331929 0.030899 0.045412
2 0.558111 0.336610 0.025281 0.038390
2 0.589098 0.339185 0.028968 0.039326
2 0.617890 0.343399 0.033181 0.041667
2 0.619031 0.384363 0.029846 0.041667
2 0.587430 0.380618 0.028792 0.037453
2 0.584445 0.425211 0.025632 0.035815
2 0.551966 0.426966 0.026334 0.041199
2 0.581373 0.468165 0.027563 0.039794
2 0.614379 0.470623 0.029670 0.040028
2 0.616749 0.508193 0.035463 0.041667
2 0.583304 0.510768 0.027563 0.039794
2 0.588395 0.550796 0.032128 0.045412
2 0.556882 0.543422 0.028792 0.038624
2 0.615520 0.589888 0.030197 0.042135
2 0.554073 0.586025 0.029143 0.037687
2 0.614905 0.635183 0.032479 0.039560
2 0.555916 0.632491 0.024403 0.039794
2 0.574702 0.667837 0.036692 0.044007
2 0.616222 0.676615 0.031601 0.041901
3 0.407123 0.373940 0.025388 0.028467
