2 0.459972 0.322214 0.026685 0.036751
2 0.610516 0.472846 0.028968 0.035112
2 0.388869 0.671114 0.027388 0.040730
2 0.612184 0.428956 0.026685 0.036751
2 0.583831 0.341526 0.029319 0.040730
2 0.396155 0.584972 0.032128 0.042603
2 0.553722 0.337547 0.025983 0.034644
2 0.550386 0.677669 0.025983 0.036985
2 0.522823 0.546934 0.029846 0.039560
2 0.362798 0.327715 0.024754 0.034176
2 0.520980 0.616807 0.032128 0.051498
2 0.395277 0.329354 0.026159 0.033240
2 0.401159 0.548572 0.028792 0.034878
2 0.581900 0.668071 0.028968 0.039326
2 0.616046 0.593984 0.028792 0.035815
2 0.357356 0.671348 0.027212 0.038858
2 0.520716 0.675445 0.025983 0.036751
2 0.488852 0.500468 0.026159 0.034644
2 0.615081 0.383544 0.026861 0.035815
2 0.402739 0.417018 0.027739 0.037219
2 0.420734 0.662921 0.024403 0.035112
2 0.456548 0.373478 0.026510 0.035815
2 0.579266 0.430946 0.026861 0.041199
2 0.363852 0.454120 0.027563 0.034644
2 0.401422 0.458919 0.026861 0.033474
2 0.523613 0.332397 0.030372 0.037453
2 0.457865 0.501170 0.026334 0.036517
2 0.491573 0.375585 0.024930 0.033942
2 0.393258 0.369967 0.026685 0.033006
2 0.362360 0.624415 0.028792 0.036751
2 0.552581 0.632725 0.027212 0.039326
2 0.366397 0.576077 0.030899 0.042603
2 0.613150 0.341409 0.025456 0.033006
2 0.362360 0.367860 0.026334 0.035346
2 0.437763 0.410463 0.027212 0.037219
2 0.425211 0.369265 0.025983 0.033942
2 0.614466 0.553839 0.028441 0.036985
2 0.494119 0.330641 0.025105 0.034878
2 0.616573 0.637757 0.028792 0.035815
2 0.489993 0.544476 0.027037 0.035581
2 0.456724 0.552317 0.026510 0.036283
2 0.368592 0.496372 0.032128 0.037219
2 0.581197 0.381437 0.026510 0.034410
2 0.420558 0.625351 0.032479 0.037219
2 0.427054 0.332748 0.025808 0.033942
2 0.612184 0.513460 0.026685 0.037687
2 0.615959 0.677200 0.031074 0.043071
2 0.582251 0.629916 0.025808 0.034176
2 0.518873 0.380267 0.025456 0.035346
2 0.369909 0.413272 0.027388 0.036283
2 0.548367 0.384831 0.026510 0.039326
2 0.368504 0.535815 0.029846 0.036049
0 0.489218 0.503515 0.296142 0.395130
3 0.463401 0.422935 0.023244 0.034384
3 0.491647 0.423823 0.024724 0.033036
3 0.520114 0.422690 0.023141 0.038574
3 0.550592 0.426121 0.024403 0.032954
3 0.581677 0.467390 0.018690 0.031224
3 0.550355 0.465173 0.022760 0.034590
3 0.519965 0.463998 0.022841 0.033801
3 0.491385 0.464410 0.025374 0.031503
3 0.465025 0.464106 0.021810 0.029338
3 0.433315 0.461325 0.022762 0.033137
3 0.401996 0.501325 0.022156 0.041351
3 0.432993 0.501713 0.020948 0.035887
3 0.432240 0.538488 0.019442 0.029846
3 0.430397 0.581297 0.022779 0.031196
3 0.460550 0.583375 0.023392 0.024429
3 0.461059 0.618493 0.024412 0.027559
3 0.459940 0.659625 0.029196 0.027114
3 0.489626 0.659017 0.027705 0.022776
3 0.489296 0.620089 0.028218 0.027629
3 0.489714 0.580812 0.026712 0.027104
3 0.517774 0.580609 0.024314 0.025140
3 0.547679 0.582687 0.020922 0.027736
3 0.579508 0.584235 0.022546 0.027708
3 0.547472 0.543418 0.022848 0.031903
3 0.581383 0.542793 0.022786 0.033773
3 0.581066 0.505510 0.023320 0.032556
3 0.549754 0.504551 0.022730 0.032196
3 0.519649 0.502870 0.023381 0.031955
3 0.398462 0.621936 0.026794 0.028202
