2 0.432409 0.683052 0.028090 0.047753
2 0.432409 0.727996 0.030197 0.044944
2 0.488325 0.550913 0.030723 0.049391
2 0.459006 0.599134 0.032830 0.045178
2 0.611394 0.543656 0.028968 0.040964
2 0.556706 0.725772 0.031952 0.050796
2 0.613325 0.628979 0.032479 0.041199
2 0.641678 0.618680 0.034410 0.048689
2 0.401071 0.727528 0.030723 0.044944
2 0.551352 0.549391 0.029670 0.041667
2 0.639747 0.665964 0.035112 0.042603
2 0.520365 0.544710 0.031601 0.047285
2 0.517907 0.635885 0.033708 0.040028
2 0.645277 0.708216 0.035639 0.046114
2 0.517468 0.676615 0.037395 0.043773
2 0.672928 0.581227 0.040730 0.051030
2 0.332075 0.563202 0.029670 0.040730
2 0.398086 0.606625 0.032479 0.049391
2 0.493592 0.715590 0.030723 0.056648
2 0.424772 0.555478 0.033181 0.045880
2 0.581285 0.547285 0.031250 0.039794
2 0.582777 0.635885 0.030372 0.043305
2 0.587693 0.718984 0.031777 0.049391
2 0.550123 0.590122 0.030372 0.039794
2 0.400018 0.683521 0.032128 0.051030
2 0.465063 0.682116 0.034410 0.042603
2 0.364115 0.562734 0.032654 0.040730
2 0.331636 0.604284 0.032654 0.043773
2 0.487623 0.596559 0.030021 0.040964
2 0.457865 0.549977 0.035112 0.044242
2 0.369470 0.730220 0.032128 0.048455
2 0.525456 0.720506 0.030197 0.047285
2 0.711464 0.665379 0.033883 0.042837
2 0.551791 0.679541 0.032654 0.047753
2 0.463571 0.725655 0.029319 0.046816
2 0.711815 0.708684 0.034235 0.045178
2 0.237360 0.571278 0.032654 0.042369
2 0.395102 0.561798 0.029670 0.041199
2 0.426703 0.601358 0.028968 0.041667
2 0.337166 0.687734 0.032830 0.047753
2 0.300035 0.566596 0.033006 0.041901
2 0.588395 0.675328 0.038448 0.041199
2 0.677054 0.707982 0.033181 0.045178
2 0.490695 0.642322 0.034410 0.044476
2 0.362272 0.604167 0.035639 0.046348
2 0.455583 0.645482 0.034410 0.046114
2 0.677932 0.665847 0.038448 0.047987
2 0.612360 0.587430 0.033357 0.040964
2 0.554863 0.632140 0.033883 0.045646
2 0.616749 0.710674 0.031952 0.046816
2 0.641239 0.550796 0.031074 0.058521
2 0.519136 0.594686 0.030197 0.042369
2 0.581636 0.591175 0.032303 0.042369
2 0.268171 0.568235 0.032128 0.041433
2 0.704178 0.620435 0.046348 0.052200
3 0.273425 0.670199 0.090392 0.162182
3 0.337635 0.644707 0.217639 0.034731
3 0.290572 0.731257 0.125853 0.047093
3 0.611132 0.664176 0.026103 0.040901
3 0.637579 0.579494 0.025160 0.030712
3 0.673697 0.622039 0.023660 0.033092
3 0.690058 0.540309 0.059889 0.031931
3 0.709359 0.555101 0.034120 0.077116
3 0.245448 0.670253 0.032281 0.166985
3 0.260021 0.670400 0.066334 0.164143
3 0.272895 0.609309 0.091670 0.037282
0 0.477089 0.639045 0.506496 0.241105
