2 0.456636 0.321629 0.034761 0.038390
2 0.454793 0.499298 0.027914 0.037453
2 0.611394 0.472027 0.028617 0.039092
2 0.457075 0.408708 0.031777 0.043071
2 0.614817 0.383427 0.027388 0.036985
2 0.584006 0.340590 0.030021 0.041199
2 0.578037 0.424860 0.034937 0.043539
2 0.368943 0.539911 0.031426 0.042369
2 0.548192 0.378979 0.028265 0.035112
2 0.549421 0.675328 0.026510 0.036985
2 0.362447 0.327130 0.026159 0.035346
2 0.522999 0.545997 0.030197 0.040496
2 0.486570 0.505852 0.026861 0.036049
2 0.395190 0.328769 0.027739 0.034878
2 0.518522 0.425211 0.029319 0.042369
2 0.487008 0.413507 0.025983 0.036751
2 0.581900 0.670178 0.034235 0.044944
2 0.522209 0.467814 0.027563 0.038155
2 0.552581 0.469920 0.026861 0.039560
2 0.369470 0.582163 0.032128 0.041667
2 0.364115 0.454822 0.029494 0.036049
2 0.553722 0.337781 0.025983 0.038858
2 0.488501 0.545178 0.029319 0.038858
2 0.428546 0.471208 0.027037 0.039794
2 0.611306 0.429775 0.028792 0.040262
2 0.490169 0.373127 0.026334 0.038390
2 0.396857 0.418188 0.030021 0.041901
2 0.523701 0.334270 0.031250 0.045412
2 0.455144 0.363647 0.025808 0.034410
2 0.403002 0.532303 0.034937 0.050094
2 0.613852 0.341643 0.026159 0.036283
2 0.581548 0.377926 0.025456 0.034878
2 0.403704 0.532889 0.027914 0.039560
2 0.362711 0.367158 0.028090 0.037219
2 0.424860 0.368212 0.027037 0.034644
2 0.613325 0.554892 0.028265 0.037687
2 0.581987 0.466526 0.025983 0.035581
2 0.494119 0.330173 0.025456 0.038155
2 0.617451 0.637289 0.027388 0.036283
2 0.614817 0.595506 0.028090 0.036517
2 0.492978 0.464185 0.027037 0.038390
2 0.460762 0.459153 0.030723 0.043773
2 0.366573 0.501287 0.035463 0.036751
2 0.366749 0.413507 0.030197 0.040028
2 0.427493 0.332163 0.026685 0.035581
2 0.616222 0.676264 0.031601 0.042135
2 0.549070 0.418071 0.029670 0.043071
2 0.615432 0.343633 0.037395 0.052903
2 0.609375 0.514162 0.033006 0.040964
2 0.516766 0.378511 0.027914 0.036985
2 0.455144 0.553020 0.032479 0.050328
2 0.398350 0.464185 0.028441 0.040262
2 0.428634 0.423338 0.028617 0.040964
0 0.488984 0.503228 0.294269 0.392862
3 0.402444 0.497383 0.024222 0.030346
3 0.431294 0.501498 0.022233 0.029213
3 0.519010 0.501723 0.024443 0.031224
3 0.549105 0.501964 0.020260 0.033268
3 0.579968 0.502069 0.023467 0.036599
3 0.581603 0.543816 0.022052 0.032701
3 0.548192 0.539906 0.024285 0.035805
3 0.434264 0.539981 0.023490 0.034394
3 0.398810 0.579349 0.021636 0.033542
3 0.430471 0.580620 0.024096 0.028282
3 0.459278 0.581990 0.024364 0.024778
3 0.488954 0.579551 0.025193 0.030824
3 0.517906 0.581074 0.023404 0.030751
3 0.547395 0.581168 0.021522 0.029380
3 0.580762 0.582701 0.025054 0.030882
3 0.580286 0.621400 0.026441 0.025569
3 0.548883 0.621393 0.023329 0.027118
3 0.519212 0.621833 0.026017 0.024878
3 0.519659 0.663268 0.026912 0.028158
3 0.489415 0.659096 0.028459 0.022935
3 0.488755 0.619607 0.025966 0.029787
3 0.460100 0.616854 0.024835 0.028965
3 0.459177 0.657144 0.027669 0.026838
3 0.430128 0.656397 0.022242 0.023783
3 0.428543 0.618446 0.023754 0.024345
3 0.398866 0.617081 0.020578 0.026297
3 0.398782 0.658127 0.025091 0.022561
3 0.369233 0.656112 0.022173 0.027891
3 0.370211 0.617722 0.019449 0.026021
