2 0.395541 0.694054 0.031952 0.048689
2 0.486745 0.700960 0.030021 0.045646
2 0.305653 0.686330 0.039677 0.058521
2 0.553283 0.535463 0.030723 0.040964
2 0.490344 0.524930 0.031601 0.057350
2 0.582163 0.660698 0.031952 0.047987
2 0.483409 0.656835 0.045119 0.041199
2 0.484199 0.614115 0.041784 0.042369
2 0.639747 0.704354 0.031250 0.058989
2 0.611921 0.534761 0.032128 0.040028
2 0.672928 0.576662 0.039326 0.040496
2 0.519575 0.619148 0.030723 0.042603
2 0.238764 0.694522 0.035463 0.044944
2 0.281513 0.606273 0.047226 0.054775
2 0.278529 0.565075 0.046524 0.041667
2 0.366749 0.529260 0.032303 0.040730
2 0.704354 0.707280 0.031952 0.040028
2 0.612623 0.617275 0.034937 0.042603
2 0.366749 0.655782 0.033708 0.058287
2 0.674245 0.616690 0.035990 0.042837
2 0.495435 0.572214 0.034761 0.041901
2 0.672489 0.704588 0.033181 0.045880
2 0.336025 0.616339 0.035463 0.043071
2 0.426001 0.655782 0.033181 0.045178
2 0.272735 0.523759 0.032128 0.040496
2 0.428283 0.569405 0.032830 0.040964
2 0.399930 0.529494 0.031250 0.064139
2 0.273789 0.696278 0.033181 0.047051
2 0.526334 0.658474 0.044593 0.043539
2 0.454881 0.701194 0.031601 0.062968
2 0.705232 0.664794 0.036166 0.046816
2 0.242275 0.522589 0.033357 0.040964
2 0.305214 0.524228 0.030723 0.040496
2 0.669417 0.653558 0.035815 0.058052
2 0.670909 0.529728 0.034586 0.049157
2 0.430214 0.611423 0.046875 0.042603
2 0.279846 0.649228 0.044593 0.048455
2 0.338571 0.571746 0.040555 0.051732
2 0.242714 0.649813 0.045119 0.048689
2 0.612360 0.576428 0.033006 0.040964
2 0.336464 0.525749 0.032479 0.040262
2 0.528617 0.575609 0.037570 0.042603
2 0.612886 0.661049 0.031952 0.044007
2 0.522560 0.532537 0.030021 0.038858
2 0.642117 0.540847 0.030021 0.062968
2 0.704793 0.538507 0.032128 0.041901
3 0.240959 0.567065 0.032479 0.040964
3 0.239642 0.606273 0.035112 0.039794
3 0.312500 0.567650 0.022823 0.046816
3 0.308550 0.609199 0.025456 0.043305
3 0.310744 0.650164 0.031601 0.036283
3 0.336640 0.662453 0.027212 0.037453
3 0.334006 0.701662 0.035990 0.033942
3 0.366046 0.703418 0.031601 0.035112
3 0.376580 0.604518 0.029846 0.040964
3 0.378336 0.568235 0.021067 0.024579
3 0.401598 0.572331 0.025456 0.030431
3 0.409498 0.608029 0.023701 0.029260
3 0.404670 0.645482 0.028090 0.038624
3 0.433638 0.524930 0.029846 0.043305
3 0.460411 0.526100 0.037746 0.047987
3 0.463922 0.570576 0.028968 0.040964
3 0.462166 0.602177 0.027212 0.038624
3 0.459094 0.646653 0.028090 0.040964
3 0.424860 0.695810 0.031601 0.043305
3 0.520541 0.698736 0.028090 0.039794
3 0.552142 0.701662 0.035112 0.040964
3 0.583304 0.704003 0.025456 0.040964
3 0.611833 0.705173 0.022823 0.043305
3 0.550825 0.654846 0.030723 0.036283
3 0.552581 0.610955 0.030723 0.056180
3 0.551703 0.575843 0.032479 0.032772
3 0.581987 0.535463 0.028090 0.043305
3 0.583743 0.575257 0.033357 0.033942
3 0.578915 0.611540 0.023701 0.040964
3 0.639923 0.582280 0.031601 0.043305
3 0.639484 0.619733 0.030723 0.033942
3 0.639923 0.653090 0.028090 0.035112
3 0.706636 0.580524 0.029846 0.035112
3 0.706197 0.625000 0.028968 0.037453
0 0.470067 0.620904 0.511763 0.239934
