2 0.341380 0.737594 0.035288 0.058989
2 0.607005 0.543539 0.031426 0.042135
2 0.638167 0.617860 0.033708 0.048923
2 0.307233 0.735721 0.035815 0.046348
2 0.545295 0.550796 0.030197 0.044944
2 0.514484 0.547987 0.033532 0.046348
2 0.268610 0.565543 0.031250 0.063670
2 0.491836 0.725187 0.031074 0.043071
2 0.708041 0.665028 0.034410 0.042603
2 0.454178 0.551030 0.035463 0.044007
2 0.242012 0.737711 0.043364 0.044242
2 0.667837 0.582865 0.044593 0.042603
2 0.271682 0.657186 0.037746 0.047519
2 0.306970 0.649462 0.039150 0.043305
2 0.429600 0.730337 0.030899 0.044944
2 0.576545 0.546465 0.031601 0.040964
2 0.673104 0.705758 0.036166 0.048689
2 0.400281 0.725421 0.030548 0.048221
2 0.609199 0.629916 0.032303 0.043539
2 0.585938 0.721676 0.032830 0.051966
2 0.395629 0.685159 0.034937 0.051030
2 0.240783 0.694522 0.033532 0.041199
2 0.365871 0.687500 0.033708 0.050094
2 0.368416 0.731625 0.031074 0.049391
2 0.361131 0.568118 0.031250 0.043071
2 0.276685 0.736072 0.030548 0.041433
2 0.554775 0.727177 0.032654 0.050328
2 0.523174 0.720974 0.030197 0.047753
2 0.671173 0.539443 0.034761 0.042369
2 0.709182 0.708450 0.035639 0.044242
2 0.391503 0.566479 0.029846 0.041199
2 0.429951 0.682935 0.029494 0.051264
2 0.293890 0.576662 0.044944 0.047051
2 0.585586 0.674508 0.035990 0.047987
2 0.482883 0.553722 0.028968 0.051264
2 0.490081 0.680009 0.028968 0.051498
2 0.303459 0.692884 0.029670 0.043539
2 0.238852 0.656601 0.033532 0.044007
2 0.421436 0.561447 0.033181 0.045646
2 0.700316 0.619265 0.045295 0.051732
2 0.551352 0.591292 0.033181 0.057116
2 0.613940 0.710323 0.031952 0.046114
2 0.330758 0.568352 0.030197 0.041667
2 0.702159 0.540613 0.032830 0.041433
2 0.272033 0.616690 0.038097 0.042369
2 0.608058 0.587547 0.033883 0.042135
2 0.460850 0.728230 0.030899 0.046348
2 0.638079 0.537102 0.033532 0.045178
2 0.275018 0.699672 0.037044 0.036985
2 0.334709 0.610721 0.042310 0.045880
2 0.461201 0.680126 0.032303 0.048455
3 0.239505 0.594410 0.027230 0.073029
3 0.305994 0.606039 0.022098 0.041664
3 0.443782 0.619853 0.177123 0.056812
3 0.430732 0.639258 0.201352 0.020714
3 0.471366 0.616744 0.124612 0.063078
3 0.485088 0.608097 0.097049 0.083237
3 0.564115 0.629925 0.057305 0.027013
3 0.577897 0.603450 0.022835 0.072381
3 0.636357 0.574520 0.028566 0.039490
3 0.627969 0.661945 0.053924 0.039560
3 0.666278 0.620833 0.028718 0.041603
3 0.701926 0.578979 0.027447 0.034363
