2 0.431443 0.692533 0.030021 0.050796
2 0.646155 0.690660 0.031777 0.045646
2 0.372103 0.689256 0.032479 0.052200
2 0.647033 0.521536 0.033532 0.045880
2 0.676615 0.567650 0.040379 0.041199
2 0.308989 0.689256 0.034761 0.043305
2 0.588308 0.527973 0.030899 0.040964
2 0.622718 0.656016 0.035463 0.047051
2 0.554336 0.526334 0.030372 0.038624
2 0.616485 0.694522 0.030723 0.043539
2 0.522472 0.650515 0.034059 0.047285
2 0.493855 0.694405 0.030197 0.044710
2 0.432321 0.522355 0.033532 0.046114
2 0.310832 0.647121 0.035639 0.043773
2 0.588834 0.654728 0.035463 0.043539
2 0.709796 0.612477 0.031952 0.042369
2 0.485692 0.523993 0.035639 0.042369
2 0.585060 0.610370 0.032830 0.043773
2 0.616749 0.569171 0.036166 0.041433
2 0.680126 0.610721 0.033708 0.038858
2 0.712956 0.529494 0.031601 0.041667
2 0.274403 0.611072 0.040028 0.042837
2 0.311886 0.605220 0.039150 0.044710
2 0.618592 0.526568 0.031426 0.040028
2 0.461728 0.566245 0.031250 0.041667
2 0.648613 0.610955 0.033181 0.045880
2 0.399754 0.612008 0.036166 0.046114
2 0.616310 0.610370 0.032128 0.043305
2 0.492275 0.569405 0.030197 0.042369
2 0.676440 0.691713 0.033357 0.047753
2 0.340941 0.648876 0.035463 0.043539
2 0.282391 0.516854 0.036341 0.062734
2 0.464010 0.608029 0.035815 0.041433
2 0.371138 0.565309 0.033708 0.046816
2 0.401246 0.525047 0.030723 0.040730
2 0.277739 0.688085 0.042486 0.043773
2 0.525018 0.694757 0.030723 0.048689
2 0.682145 0.525983 0.035639 0.041199
2 0.712079 0.654728 0.034059 0.042135
2 0.244733 0.523291 0.038624 0.040028
2 0.252195 0.645014 0.040906 0.046114
2 0.342697 0.523876 0.037921 0.040730
2 0.558725 0.568469 0.032479 0.044242
2 0.677230 0.654260 0.039853 0.049157
2 0.492802 0.649110 0.028792 0.043539
2 0.461201 0.651802 0.033006 0.042837
2 0.402914 0.568586 0.033006 0.041199
2 0.242100 0.606273 0.030197 0.043071
2 0.584709 0.695108 0.030372 0.043773
2 0.710762 0.697566 0.033181 0.045412
2 0.524315 0.607327 0.032128 0.042369
2 0.523174 0.522355 0.034410 0.044710
2 0.527388 0.567416 0.029846 0.037453
2 0.282742 0.569522 0.038799 0.040262
2 0.462956 0.696629 0.030197 0.044007
2 0.340853 0.573736 0.032830 0.047753
2 0.558901 0.654728 0.033883 0.050094
2 0.711552 0.570927 0.033357 0.040730
2 0.342609 0.696863 0.034235 0.058521
2 0.402914 0.688202 0.032654 0.047753
3 0.249591 0.566870 0.036868 0.042914
3 0.317474 0.526294 0.034528 0.036674
3 0.318938 0.566870 0.033941 0.036674
3 0.345272 0.605494 0.035112 0.040574
3 0.372191 0.603153 0.031601 0.039015
3 0.377165 0.642556 0.032186 0.046037
3 0.280021 0.646847 0.025163 0.034333
3 0.248127 0.689373 0.029261 0.039794
3 0.406426 0.648017 0.031017 0.046037
3 0.435978 0.646458 0.031601 0.039794
3 0.437149 0.607835 0.030430 0.040574
3 0.435686 0.565700 0.029846 0.039015
3 0.495962 0.607444 0.027505 0.041355
3 0.553897 0.605494 0.032186 0.035892
3 0.554191 0.687811 0.031601 0.039794
3 0.645190 0.650358 0.022823 0.036674
3 0.645190 0.566479 0.028675 0.046816
3 0.587254 0.565700 0.027505 0.045255
3 0.377165 0.523565 0.028675 0.046816
3 0.464654 0.527465 0.030430 0.039015
0 0.476943 0.610955 0.505618 0.223159
