0 0.486306 0.586376 0.511470 0.264513
2 0.433901 0.663975 0.031777 0.044710
2 0.686798 0.605571 0.034410 0.042135
2 0.373244 0.657889 0.030197 0.041901
2 0.474368 0.493212 0.027739 0.047753
2 0.556794 0.675913 0.030021 0.047051
2 0.622805 0.597378 0.029670 0.043071
2 0.657918 0.559691 0.030723 0.039794
2 0.535551 0.501170 0.031426 0.044007
2 0.618065 0.680009 0.031426 0.044476
2 0.529143 0.585206 0.030899 0.045880
2 0.291784 0.472729 0.030197 0.061564
2 0.463659 0.673923 0.030899 0.058989
2 0.382725 0.489232 0.030548 0.040262
2 0.627107 0.643610 0.034761 0.046114
2 0.648701 0.681765 0.030197 0.043773
2 0.594979 0.640098 0.030197 0.045646
2 0.719013 0.566948 0.035288 0.040730
2 0.503950 0.496138 0.032830 0.043305
2 0.311534 0.648057 0.036341 0.041901
2 0.494733 0.667720 0.029846 0.043305
2 0.563904 0.636470 0.035112 0.051030
2 0.723139 0.524228 0.032303 0.042369
2 0.279758 0.643844 0.039150 0.042837
2 0.281689 0.564490 0.033532 0.045178
2 0.319259 0.563670 0.040555 0.038858
2 0.440397 0.538390 0.030372 0.040730
2 0.627019 0.556180 0.031074 0.042135
2 0.375263 0.616339 0.031777 0.041667
2 0.379213 0.536049 0.031250 0.051966
2 0.317855 0.523525 0.031074 0.040028
2 0.598490 0.510651 0.030899 0.039560
2 0.654846 0.601358 0.035815 0.043071
2 0.688378 0.561213 0.034059 0.040496
2 0.466555 0.575726 0.034235 0.049391
2 0.679073 0.686681 0.029143 0.044242
2 0.344891 0.612594 0.031777 0.044007
2 0.347525 0.531133 0.032128 0.049157
2 0.470154 0.620084 0.029143 0.044944
2 0.535200 0.546231 0.031777 0.037687
2 0.471735 0.539092 0.028090 0.039326
2 0.344013 0.659761 0.032830 0.054541
2 0.444961 0.493329 0.031777 0.046582
2 0.526159 0.674391 0.030197 0.044007
2 0.715502 0.609785 0.033181 0.042603
2 0.718136 0.651451 0.031074 0.043539
2 0.257549 0.473783 0.037219 0.041199
2 0.499561 0.627458 0.028617 0.040028
2 0.410112 0.532303 0.031952 0.039794
2 0.253248 0.598900 0.034586 0.042369
2 0.498771 0.586493 0.029494 0.040496
2 0.591819 0.594335 0.032654 0.042135
2 0.597525 0.552200 0.030021 0.041199
2 0.682233 0.646067 0.043890 0.050562
2 0.373244 0.577949 0.035463 0.043071
2 0.441011 0.610487 0.032654 0.048221
2 0.352001 0.484199 0.031952 0.041901
2 0.315485 0.607327 0.035463 0.045646
2 0.250176 0.558169 0.032303 0.043305
2 0.413536 0.490871 0.029319 0.041199
2 0.587430 0.679190 0.029846 0.044242
2 0.711991 0.692650 0.036341 0.046816
2 0.408796 0.614232 0.031426 0.043071
2 0.322595 0.476475 0.030723 0.055946
2 0.660639 0.514630 0.030899 0.046114
2 0.566362 0.507608 0.032654 0.039560
2 0.501756 0.545763 0.030197 0.041433
2 0.286341 0.524579 0.034761 0.040262
2 0.565836 0.549977 0.033006 0.043773
2 0.629038 0.513460 0.031250 0.040496
2 0.413272 0.573619 0.035112 0.042369
2 0.527651 0.629331 0.033532 0.045178
2 0.693118 0.519546 0.033006 0.040964
2 0.404231 0.657537 0.030723 0.043071
3 0.560335 0.589108 0.029846 0.039015
3 0.443000 0.573502 0.033941 0.035892
3 0.349661 0.572722 0.029846 0.046816
3 0.265392 0.514981 0.041550 0.039015
3 0.251347 0.644506 0.033357 0.045255
3 0.650163 0.638265 0.033941 0.049937
2 0.278090 0.607795 0.025281 0.034410
