2 0.335323 0.738764 0.035463 0.060393
2 0.633515 0.627458 0.030372 0.055478
2 0.329705 0.612125 0.039677 0.050562
2 0.662921 0.580173 0.036868 0.042837
2 0.301264 0.737711 0.033708 0.046114
2 0.540643 0.551732 0.030021 0.042135
2 0.612447 0.671934 0.034586 0.043773
2 0.608058 0.712313 0.031777 0.044476
2 0.602177 0.544827 0.031250 0.040496
2 0.260358 0.566713 0.028441 0.063670
2 0.548104 0.671465 0.032654 0.062968
2 0.484726 0.724368 0.029846 0.043305
2 0.510534 0.634949 0.032303 0.041433
2 0.636938 0.705758 0.031952 0.045880
2 0.572244 0.631788 0.031426 0.042603
2 0.602353 0.587196 0.035463 0.040964
2 0.668364 0.626404 0.030899 0.036985
2 0.515449 0.721676 0.030899 0.049157
2 0.261938 0.660815 0.037570 0.044476
2 0.297314 0.653090 0.045119 0.044476
2 0.424070 0.725538 0.031777 0.055946
2 0.477001 0.548221 0.030197 0.059457
2 0.415818 0.561096 0.033181 0.044944
2 0.603055 0.628394 0.030548 0.042369
2 0.331373 0.692182 0.039501 0.051030
2 0.571278 0.549391 0.031601 0.041667
2 0.667310 0.708567 0.031952 0.043071
2 0.509393 0.550211 0.033181 0.045178
2 0.365871 0.725655 0.034410 0.061330
2 0.478055 0.600890 0.030548 0.043071
2 0.355162 0.567650 0.031952 0.042603
2 0.269487 0.736657 0.040730 0.044944
2 0.578915 0.673455 0.037395 0.044476
2 0.664589 0.539560 0.034586 0.042135
2 0.396067 0.721442 0.033708 0.056648
2 0.698121 0.665028 0.039853 0.043539
2 0.227528 0.574672 0.036868 0.041199
2 0.385621 0.564490 0.028265 0.041901
2 0.239730 0.697097 0.035639 0.044476
2 0.666257 0.667018 0.040730 0.049391
2 0.286341 0.573385 0.043539 0.044242
2 0.446717 0.555360 0.038448 0.044710
2 0.485077 0.678839 0.029143 0.048221
2 0.454354 0.684925 0.032303 0.052903
2 0.447156 0.600772 0.030548 0.043773
2 0.231215 0.658357 0.032654 0.042837
2 0.698736 0.619148 0.038272 0.051498
2 0.701896 0.707748 0.034761 0.044710
2 0.546173 0.592463 0.035815 0.050094
2 0.324087 0.568703 0.030899 0.042369
2 0.512465 0.596910 0.031952 0.044007
2 0.267820 0.617978 0.040906 0.042135
2 0.455232 0.732561 0.030548 0.054541
2 0.630530 0.537453 0.033532 0.044944
2 0.297051 0.695225 0.035463 0.042603
2 0.512904 0.679073 0.030021 0.047285
2 0.695049 0.534995 0.031952 0.040496
3 0.232863 0.617652 0.032676 0.033682
3 0.243804 0.736615 0.027637 0.035962
3 0.270216 0.695236 0.027790 0.037474
3 0.302763 0.608661 0.022663 0.034426
3 0.384278 0.655906 0.127173 0.033722
3 0.393903 0.644885 0.087897 0.109998
3 0.421527 0.642156 0.148283 0.053038
3 0.543248 0.631559 0.026101 0.024043
3 0.560895 0.718937 0.059055 0.031816
3 0.573155 0.587968 0.023883 0.040522
3 0.629008 0.577669 0.026743 0.034862
3 0.700588 0.573979 0.034134 0.033727
