2 0.426703 0.639630 0.032830 0.043773
2 0.557409 0.525515 0.031250 0.039794
2 0.637728 0.699321 0.032128 0.061096
2 0.527914 0.563553 0.033708 0.044710
2 0.521594 0.607561 0.029494 0.040964
2 0.339185 0.579471 0.030899 0.060627
2 0.613676 0.655665 0.031074 0.043539
2 0.708129 0.539677 0.033883 0.041433
2 0.613676 0.614583 0.034937 0.043305
2 0.675298 0.576194 0.041257 0.041433
2 0.704617 0.709621 0.028617 0.035815
2 0.674772 0.528558 0.034586 0.049625
2 0.372630 0.507022 0.031074 0.040730
2 0.452949 0.683638 0.039677 0.051732
2 0.614817 0.571044 0.033708 0.040496
2 0.400632 0.593516 0.031952 0.043773
2 0.675562 0.615637 0.036517 0.042603
2 0.669066 0.699204 0.037570 0.052903
2 0.367802 0.597378 0.032303 0.059457
2 0.404846 0.509831 0.033006 0.062266
2 0.277124 0.578301 0.029670 0.063904
2 0.485253 0.687617 0.029846 0.044242
2 0.526071 0.648408 0.046173 0.040730
2 0.704968 0.665613 0.034937 0.046582
2 0.246840 0.493563 0.033708 0.040496
2 0.241485 0.577481 0.036692 0.041199
2 0.667749 0.656484 0.039853 0.051732
2 0.309340 0.501756 0.033357 0.041433
2 0.495962 0.514864 0.031250 0.053605
2 0.487447 0.601709 0.038799 0.042369
2 0.434779 0.598549 0.033532 0.046348
2 0.307321 0.579588 0.030372 0.060861
2 0.432496 0.553137 0.031777 0.040730
2 0.645804 0.538390 0.030723 0.061330
2 0.582338 0.651217 0.031601 0.044007
2 0.341907 0.504331 0.035639 0.054073
2 0.526685 0.521887 0.029494 0.039092
2 0.278792 0.496957 0.030548 0.040262
2 0.615959 0.530197 0.033532 0.040730
2 0.479810 0.643727 0.039326 0.042135
3 0.323903 0.546065 0.188353 0.047954
3 0.322575 0.647917 0.182839 0.086409
3 0.331947 0.676072 0.212688 0.034686
3 0.460555 0.573610 0.028164 0.165634
3 0.451692 0.510742 0.051324 0.039902
3 0.479835 0.558682 0.056113 0.040583
3 0.581808 0.567196 0.029254 0.127837
3 0.551833 0.615169 0.029831 0.131711
3 0.566408 0.603984 0.057207 0.043799
3 0.641698 0.620206 0.025130 0.102774
3 0.707837 0.601922 0.026612 0.075569
0 0.477662 0.604082 0.494245 0.252766
