0 0.481625 0.684301 0.492744 0.263733
3 0.275983 0.578652 0.037219 0.042135
3 0.307935 0.580993 0.030899 0.044944
3 0.337605 0.583567 0.029143 0.041667
3 0.363062 0.588015 0.027388 0.039326
3 0.392205 0.589419 0.027388 0.039326
3 0.422051 0.594569 0.027388 0.039326
3 0.450843 0.597846 0.027388 0.039326
3 0.478933 0.600655 0.027388 0.039326
3 0.508778 0.605337 0.027388 0.039326
3 0.536868 0.608614 0.027388 0.039326
3 0.567065 0.612360 0.027388 0.039326
3 0.594452 0.617041 0.027388 0.039326
3 0.622542 0.619850 0.027388 0.039326
3 0.651334 0.621255 0.027388 0.039326
3 0.679073 0.624064 0.027388 0.039326
3 0.708567 0.626873 0.027388 0.039326
3 0.567416 0.649813 0.027388 0.039326
3 0.593750 0.654494 0.027388 0.039326
3 0.624298 0.658708 0.027388 0.039326
3 0.650632 0.659644 0.027388 0.039326
3 0.679424 0.663858 0.027388 0.039326
3 0.710674 0.668539 0.027388 0.039326
3 0.507725 0.646536 0.027388 0.039326
3 0.477177 0.643727 0.027388 0.039326
3 0.446980 0.638109 0.027388 0.039326
3 0.419242 0.636704 0.027388 0.039326
3 0.389747 0.629213 0.027388 0.039326
3 0.333743 0.620007 0.025632 0.028401
3 0.304775 0.621723 0.027388 0.039326
3 0.273876 0.617978 0.027388 0.039326
3 0.268961 0.657303 0.027388 0.039326
3 0.295413 0.659644 0.022705 0.039326
3 0.351826 0.668539 0.027388 0.039326
3 0.385885 0.669007 0.027388 0.039326
3 0.418188 0.671348 0.027388 0.039326
3 0.444522 0.676030 0.027388 0.039326
3 0.473666 0.678839 0.027388 0.039326
3 0.502809 0.683989 0.027388 0.039326
3 0.267205 0.695693 0.027388 0.039326
3 0.294768 0.699906 0.025632 0.034644
3 0.325198 0.709815 0.030314 0.030742
3 0.354284 0.705056 0.027388 0.039326
3 0.382725 0.709738 0.027388 0.039326
3 0.471208 0.722378 0.027388 0.039326
3 0.500702 0.726124 0.027388 0.039326
3 0.265449 0.736423 0.027388 0.039326
3 0.292135 0.737828 0.027388 0.039326
3 0.324438 0.744382 0.027388 0.039326
3 0.350421 0.743446 0.027388 0.039326
3 0.376756 0.744850 0.027388 0.039326
3 0.403968 0.755461 0.029143 0.028401
3 0.437207 0.759441 0.027972 0.030742
3 0.468750 0.761236 0.027388 0.039326
3 0.497542 0.764981 0.027388 0.039326
3 0.529846 0.731742 0.027388 0.039326
3 0.529494 0.772472 0.027388 0.039326
3 0.559691 0.736423 0.027388 0.039326
3 0.555829 0.772472 0.027388 0.039326
3 0.590941 0.740637 0.027388 0.039326
3 0.583919 0.778558 0.027388 0.039326
3 0.617978 0.740637 0.027388 0.039326
3 0.615520 0.780899 0.027388 0.039326
3 0.646770 0.737828 0.027388 0.039326
3 0.645365 0.779494 0.027388 0.039326
3 0.648525 0.709270 0.027388 0.039326
3 0.674157 0.706461 0.027388 0.039326
3 0.671348 0.743914 0.027388 0.039326
3 0.674508 0.786985 0.027388 0.039326
3 0.705407 0.707865 0.027388 0.039326
3 0.702949 0.744850 0.027388 0.039326
3 0.702598 0.783240 0.027388 0.039326
2 0.351387 0.634714 0.037746 0.042369
2 0.321717 0.673455 0.036341 0.056648
2 0.406162 0.725070 0.033883 0.056414
2 0.443820 0.728816 0.044242 0.047519
2 0.541784 0.653441 0.041433 0.046582
2 0.537834 0.699789 0.029319 0.043773
2 0.566011 0.697800 0.031952 0.060393
2 0.599105 0.701428 0.036341 0.045178
2 0.630618 0.710557 0.045295 0.045646
