0 0.50488 0.539331 0.325754 0.426285 0.981955
2 0.384351 0.425845 0.0318537 0.040809 0.936088
2 0.36405 0.639196 0.0395143 0.046004 0.927403
2 0.399831 0.604613 0.0297229 0.0417552 0.921588
2 0.655157 0.401989 0.0344368 0.0467772 0.899393
2 0.630967 0.578203 0.0327725 0.0410479 0.89436
2 0.508458 0.497425 0.030345 0.0386159 0.881131
2 0.647774 0.444369 0.0332913 0.037715 0.869909
2 0.358059 0.682168 0.0325214 0.0427348 0.862245
2 0.369385 0.550743 0.0322367 0.0412646 0.860299
2 0.448713 0.703865 0.0283131 0.043292 0.858183
2 0.379796 0.468827 0.0371003 0.0408617 0.855263
2 0.371564 0.59289 0.032144 0.0492529 0.84352
2 0.609363 0.694811 0.0395327 0.0415327 0.841096
2 0.384163 0.509582 0.0347429 0.0418465 0.834026
2 0.399468 0.342099 0.0356216 0.04996 0.831526
2 0.547099 0.463529 0.0288168 0.0341508 0.819985
2 0.584553 0.436017 0.0310727 0.0374936 0.819259
2 0.632872 0.534442 0.0411386 0.0462272 0.799374
2 0.624162 0.618245 0.03139 0.0421616 0.7851
2 0.400563 0.390538 0.0273171 0.0365509 0.776931
2 0.620344 0.659478 0.0335818 0.0418925 0.775721
2 0.641817 0.489444 0.0307711 0.0403798 0.7722
2 0.615223 0.449922 0.027961 0.0428028 0.77153
2 0.468769 0.521073 0.0336351 0.0427256 0.769493
2 0.584068 0.399055 0.0313568 0.0382916 0.767882
2 0.392543 0.677036 0.0325325 0.0569661 0.763824
2 0.529306 0.365821 0.0319112 0.045478 0.760652
2 0.433635 0.346815 0.0283644 0.0383204 0.738742
2 0.560321 0.376014 0.0292922 0.0393122 0.732152
2 0.465271 0.35127 0.0293054 0.0412476 0.718256
2 0.478992 0.710102 0.0300929 0.0468872 0.693237
2 0.621471 0.39205 0.031778 0.0433743 0.682242
2 0.547917 0.429282 0.0275198 0.0332506 0.672278
2 0.352883 0.680829 0.0454544 0.0426011 0.672094
2 0.576748 0.727864 0.0269542 0.0415427 0.665507
2 0.491821 0.372888 0.0300296 0.0439158 0.664741
2 0.509791 0.714957 0.0308738 0.0483564 0.658265
2 0.42055 0.693987 0.0281474 0.0471756 0.608837
3 0.497901 0.578847 0.0323705 0.0424688 0.576421
2 0.436442 0.569495 0.0301895 0.0460431 0.536635
2 0.462736 0.407173 0.0262789 0.0332897 0.526015
2 0.607552 0.740618 0.0329937 0.0539154 0.520685
3 0.559764 0.595212 0.0330034 0.0440801 0.454327
2 0.547197 0.718614 0.0315013 0.0448151 0.425867
3 0.562781 0.553444 0.0320343 0.0404238 0.416087
3 0.493435 0.620844 0.0311014 0.0434949 0.405008
3 0.533154 0.545255 0.0292135 0.041438 0.400472
3 0.526803 0.584902 0.0328721 0.0399729 0.358865
3 0.523918 0.624476 0.0377506 0.0508842 0.357039
2 0.429432 0.438717 0.0255276 0.0409659 0.334054
2 0.617378 0.425583 0.0286521 0.0258425 0.325564
3 0.463177 0.614092 0.0306184 0.0424738 0.314673
2 0.393679 0.422357 0.0275255 0.0377888 0.305039
3 0.556571 0.606307 0.0328297 0.052725 0.303251
2 0.35743 0.59333 0.0332557 0.0472518 0.296648
3 0.468592 0.570985 0.0289759 0.0451453 0.296505
3 0.593713 0.562968 0.0294235 0.0423139 0.293961
3 0.433345 0.609297 0.0267578 0.0375312 0.282801
3 0.574739 0.684202 0.0305517 0.0409871 0.280486
3 0.592485 0.589796 0.0311205 0.0485987 0.27816
3 0.548527 0.677607 0.0295958 0.0393087 0.270622
3 0.397537 0.638344 0.0273452 0.0320366 0.269658
2 0.458875 0.444667 0.0236544 0.0367351 0.26891
2 0.513325 0.462171 0.0268381 0.0349579 0.267234
3 0.406078 0.556508 0.0304291 0.0451724 0.264308
3 0.554683 0.63754 0.0332623 0.0418421 0.262976
2 0.495603 0.712229 0.0406047 0.0488296 0.262897
3 0.510692 0.581383 0.0306671 0.0418203 0.259961
2 0.565521 0.3837 0.0248646 0.0364244 0.259515
0 0.503912 0.546131 0.316025 0.451699 0.911725
2 0.528727 0.367176 0.0296401 0.0405508 0.906549
2 0.372727 0.593891 0.0334489 0.0458907 0.894977
2 0.40043 0.390801 0.0293216 0.0384906 0.893248
2 0.507334 0.498239 0.0294454 0.0392829 0.890832
2 0.433316 0.34607 0.0271016 0.0374074 0.889287
2 0.646776 0.445534 0.0299809 0.0386824 0.885381
2 0.384014 0.5099 0.0362915 0.042382 0.881872
2 0.359541 0.681634 0.0309309 0.0429513 0.881857
2 0.621915 0.617418 0.0309423 0.0406322 0.878938
2 0.640454 0.491209 0.0325808 0.0400209 0.8789
2 0.464687 0.353221 0.0271051 0.0378481 0.87877
2 0.626059 0.536173 0.0365359 0.0431466 0.878499
2 0.586336 0.438481 0.0308502 0.0388352 0.874389
2 0.560738 0.376655 0.027504 0.0365268 0.872072
2 0.652308 0.404897 0.0342814 0.0408535 0.871624
2 0.363832 0.638175 0.0355115 0.0428593 0.868138
2 0.629382 0.578163 0.0313446 0.0397325 0.867325
2 0.617257 0.658862 0.0337354 0.0402511 0.865365
2 0.368481 0.550553 0.0319733 0.040017 0.862516
2 0.435198 0.570993 0.0309855 0.0445485 0.858248
2 0.584205 0.400209 0.0343901 0.0425008 0.857924
2 0.54656 0.462059 0.0288866 0.0367623 0.857732
2 0.400233 0.60456 0.0312767 0.0436133 0.85757
2 0.615202 0.451216 0.0297217 0.048867 0.854841
2 0.392205 0.674634 0.0335101 0.0507823 0.851495
2 0.40177 0.343835 0.0295563 0.0444587 0.851462
2 0.622851 0.39351 0.0305526 0.0405887 0.848647
2 0.478602 0.708768 0.0288921 0.0455138 0.847018
2 0.379965 0.468585 0.0345785 0.0371373 0.841776
2 0.448962 0.70229 0.0288368 0.0437924 0.841571
2 0.607076 0.69408 0.0406802 0.0437338 0.839267
2 0.606123 0.744238 0.0349638 0.049693 0.836549
2 0.546667 0.716541 0.0353077 0.0460439 0.836239
2 0.387571 0.42694 0.0318951 0.039731 0.829277
2 0.491868 0.372739 0.031849 0.0487937 0.827083
2 0.469076 0.523481 0.0385039 0.0463997 0.817251
2 0.420824 0.690324 0.0301604 0.0444789 0.806622
2 0.510139 0.713232 0.0313236 0.0490497 0.749986
2 0.573783 0.727776 0.0332162 0.0429693 0.736552
3 0.490807 0.413552 0.0330911 0.0436291 0.719018
3 0.405721 0.55797 0.0346722 0.0455359 0.687887
3 0.582709 0.646566 0.0364658 0.04757 0.622471
3 0.589535 0.605395 0.0383672 0.0484312 0.618534
3 0.425641 0.437802 0.0398629 0.045374 0.609667
3 0.502288 0.541499 0.0359392 0.0457417 0.602102
3 0.563489 0.558059 0.0348836 0.0485019 0.597468
3 0.496115 0.582727 0.0351064 0.0478654 0.595346
3 0.419124 0.478271 0.0342487 0.0439387 0.583778
3 0.412824 0.518255 0.0389415 0.0483798 0.574268
3 0.634801 0.743989 0.0233255 0.0379001 0.573293
3 0.48535 0.454458 0.0335186 0.0417377 0.569667
3 0.490967 0.623169 0.0352513 0.0468468 0.566776
3 0.593552 0.564663 0.0367293 0.0463377 0.564045
3 0.461727 0.61562 0.0355245 0.0477029 0.564037
3 0.466111 0.57265 0.0383632 0.0496546 0.561529
3 0.451022 0.482952 0.0326003 0.0397892 0.558418
3 0.397385 0.639654 0.0307629 0.0359845 0.548511
3 0.599524 0.523338 0.0356537 0.0419786 0.542283
3 0.557389 0.596912 0.0364731 0.0488592 0.530897
3 0.425653 0.648267 0.0358966 0.0465059 0.530152
3 0.538705 0.508284 0.0389841 0.0448855 0.511466
3 0.455119 0.657366 0.0339815 0.0507343 0.510523
3 0.431009 0.609029 0.0335724 0.0426964 0.508499
3 0.607847 0.487916 0.03317 0.0395563 0.508123
3 0.520999 0.630321 0.0353254 0.0458335 0.50652
3 0.575808 0.478447 0.036273 0.0436186 0.503657
3 0.527468 0.588934 0.0366692 0.0524311 0.485348
3 0.519552 0.419319 0.0320804 0.0453065 0.482803
3 0.533368 0.549169 0.0354242 0.0465909 0.47895
2 0.548631 0.427207 0.0313084 0.0369436 0.47631
3 0.551474 0.639015 0.0362358 0.0489843 0.470422
3 0.569451 0.516805 0.036777 0.046766 0.465073
3 0.442726 0.521958 0.0276638 0.0427678 0.457204
3 0.457978 0.446101 0.0288228 0.04161 0.445477
3 0.513115 0.460656 0.0287843 0.0394414 0.445012
3 0.429948 0.398294 0.0360558 0.0450429 0.435192
3 0.546285 0.675142 0.0349266 0.0419906 0.405926
3 0.485107 0.662663 0.0351945 0.0459337 0.405508
3 0.515774 0.670798 0.0355773 0.0465737 0.402714
3 0.577522 0.685963 0.0345952 0.0449643 0.388169
2 0.462631 0.410077 0.0286082 0.0375146 0.311072
3 0.584947 0.480772 0.0544448 0.0485448 0.291996
