2 0.512072 0.503508 0.0267469 0.0365061 0.835346
2 0.514728 0.464406 0.0234876 0.033689 0.729925
2 0.466056 0.411613 0.021394 0.0284856 0.729064
2 0.548765 0.432672 0.0244449 0.0300001 0.711747
2 0.520622 0.424465 0.0254763 0.0346855 0.699039
0 0.503853 0.544014 0.308273 0.432231 0.697119
2 0.544627 0.46922 0.0233874 0.0316752 0.347676
0 0.506424 0.550233 0.308788 0.461784 0.915077
2 0.512671 0.503466 0.029207 0.0391395 0.883222
3 0.498727 0.367368 0.0337663 0.059345 0.506726
3 0.537203 0.549599 0.0357122 0.047371 0.38753
3 0.506617 0.544079 0.0360807 0.0453187 0.379484
3 0.541958 0.509164 0.0339782 0.0431604 0.352064
3 0.493004 0.414601 0.0313234 0.0460295 0.350287
3 0.412762 0.562682 0.0376717 0.0494115 0.338879
3 0.408543 0.602559 0.0377287 0.0491231 0.327677
3 0.568782 0.671086 0.159053 0.233709 0.317892
2 0.460978 0.45182 0.0259045 0.0358526 0.305701
3 0.527579 0.373324 0.0351612 0.0588843 0.293562
3 0.461504 0.658087 0.0354916 0.047513 0.286263
3 0.426831 0.698186 0.036742 0.0562934 0.284475
3 0.46599 0.618059 0.0347613 0.0468573 0.282064
3 0.594463 0.609577 0.132897 0.351897 0.275162
3 0.496417 0.624004 0.035262 0.0490417 0.275059
3 0.476211 0.535961 0.0361035 0.0480975 0.268202
3 0.494799 0.674806 0.308274 0.225421 0.263271
3 0.417187 0.520902 0.0383089 0.0474389 0.262498
3 0.48686 0.456294 0.0336179 0.0428391 0.261535
3 0.444613 0.567309 0.0334221 0.0538804 0.258877
3 0.39364 0.434602 0.0485195 0.0465661 0.255992
3 0.532541 0.588839 0.0363259 0.0498454 0.254647
3 0.432019 0.650927 0.0343333 0.0455767 0.25298
