0 0.485355 0.600393 0.312121 0.409584 0.979599
2 0.612989 0.51137 0.0305866 0.0399311 0.97212
2 0.613835 0.551974 0.0312563 0.0435202 0.936686
2 0.608168 0.732806 0.0309498 0.0424853 0.906404
2 0.448745 0.726578 0.0305737 0.0453156 0.903793
2 0.607643 0.776613 0.0327709 0.046936 0.896861
2 0.581309 0.515751 0.0325254 0.0400625 0.89497
2 0.618133 0.429951 0.0302321 0.0414384 0.894899
2 0.388605 0.495478 0.0300852 0.0450769 0.885216
2 0.389419 0.545376 0.0341121 0.0422661 0.876175
2 0.428132 0.415751 0.028511 0.0387589 0.873816
2 0.415754 0.724457 0.0286164 0.0434064 0.869931
2 0.605641 0.690165 0.0327673 0.0475888 0.869388
2 0.573625 0.733506 0.0327881 0.0449725 0.858488
2 0.386903 0.589464 0.0305251 0.0398805 0.848896
2 0.617479 0.472155 0.0309278 0.0388672 0.843759
2 0.413657 0.765905 0.0291519 0.0410837 0.834845
2 0.355201 0.548126 0.0335283 0.042457 0.827704
2 0.380446 0.761901 0.0323869 0.0471486 0.823714
2 0.550717 0.51402 0.0264816 0.0389202 0.822136
2 0.418901 0.679339 0.030629 0.0418005 0.817208
2 0.359665 0.674909 0.0315426 0.0475136 0.810394
2 0.365398 0.626852 0.037248 0.0436307 0.808743
2 0.352085 0.589211 0.0335559 0.0400711 0.801805
2 0.388251 0.686668 0.028861 0.0415713 0.801036
2 0.445389 0.768728 0.0312596 0.043912 0.795153
2 0.480557 0.761401 0.0349377 0.050201 0.79229
2 0.492579 0.47453 0.0314768 0.0515516 0.788283
3 0.516365 0.594271 0.0326313 0.0419454 0.78378
2 0.58418 0.469619 0.0311413 0.0420966 0.783503
2 0.394423 0.639946 0.0324603 0.0497927 0.770491
2 0.587193 0.426562 0.0302048 0.0397075 0.766563
2 0.395605 0.415767 0.0293358 0.0379576 0.764561
2 0.395399 0.455123 0.0299543 0.0375997 0.764547
2 0.609531 0.643052 0.0356033 0.0458296 0.762828
3 0.425078 0.545298 0.034693 0.0421948 0.759246
2 0.448277 0.684263 0.0281223 0.0420371 0.75449
2 0.458547 0.429349 0.0325121 0.0505464 0.743877
2 0.583056 0.556355 0.0287332 0.038171 0.742223
2 0.606043 0.593711 0.0342667 0.0420924 0.735885
2 0.48406 0.715969 0.0341179 0.0439987 0.735216
2 0.356925 0.46399 0.0305564 0.0386969 0.731666
3 0.455497 0.631756 0.0298033 0.0431564 0.730864
2 0.485655 0.675695 0.0296806 0.0390632 0.726634
2 0.518272 0.437801 0.0354403 0.0444403 0.716763
2 0.362957 0.718637 0.0347376 0.0423465 0.704867
3 0.518583 0.553015 0.0329605 0.0433978 0.699175
2 0.492564 0.419908 0.0291464 0.0425224 0.668034
2 0.481751 0.55921 0.0323647 0.0469506 0.664122
2 0.357668 0.503612 0.0362465 0.0422508 0.662937
3 0.518625 0.511303 0.0327982 0.0391527 0.658506
2 0.574039 0.692877 0.0288293 0.0401008 0.654206
2 0.554885 0.425096 0.0296403 0.0418302 0.650184
3 0.48414 0.633946 0.0294399 0.0417621 0.646846
2 0.55092 0.596465 0.0288299 0.0400368 0.63778
2 0.348527 0.760202 0.0313747 0.0447437 0.632023
3 0.45669 0.587623 0.0256955 0.0385971 0.618366
3 0.544877 0.637733 0.0298328 0.0412873 0.603879
2 0.421805 0.505685 0.0322102 0.0385127 0.595863
2 0.522988 0.475475 0.0270474 0.0350033 0.595847
2 0.552468 0.55633 0.0293161 0.0393448 0.590288
3 0.424022 0.633324 0.0318884 0.0509081 0.585453
2 0.462254 0.515974 0.029958 0.046807 0.56881
3 0.516862 0.612592 0.0335717 0.0731653 0.566963
2 0.364172 0.419544 0.0370155 0.0498229 0.566417
2 0.539421 0.691157 0.0322446 0.0495475 0.561198
3 0.425094 0.587945 0.0345886 0.0409055 0.551227
3 0.515549 0.6359 0.0314622 0.0408231 0.545871
2 0.573498 0.775072 0.029704 0.0464327 0.536096
2 0.577735 0.614893 0.0258427 0.0342354 0.533431
3 0.458674 0.550318 0.0250334 0.0360626 0.511365
3 0.539672 0.726006 0.0290959 0.0302086 0.500073
3 0.516056 0.582936 0.0353175 0.0637878 0.498496
3 0.538462 0.769339 0.031443 0.0547287 0.477576
3 0.484623 0.596238 0.0288944 0.0346202 0.461605
2 0.519633 0.455973 0.0331653 0.0658626 0.451041
3 0.513012 0.679676 0.0287066 0.0425361 0.427037
3 0.510457 0.767809 0.0275599 0.0566145 0.426485
2 0.573435 0.650547 0.0312586 0.0430596 0.422101
3 0.49048 0.509793 0.0296579 0.0391426 0.391516
3 0.428997 0.464715 0.0291243 0.0418167 0.389789
2 0.577523 0.588948 0.0244282 0.0307552 0.38511
2 0.368574 0.632611 0.0394045 0.0529137 0.37983
2 0.580912 0.566323 0.0286074 0.0463355 0.377102
3 0.512352 0.718793 0.0283443 0.0401014 0.375232
3 0.539215 0.732404 0.0305045 0.0404176 0.368047
2 0.423408 0.724565 0.0389004 0.0469498 0.367984
2 0.548917 0.475349 0.025079 0.0363102 0.358586
3 0.489413 0.512471 0.0232227 0.034701 0.354744
3 0.451131 0.588389 0.0394536 0.0424236 0.350329
3 0.428554 0.443109 0.0274641 0.0212168 0.339347
3 0.423259 0.524184 0.0352149 0.0743575 0.328041
3 0.544381 0.646683 0.0315654 0.0533635 0.312738
2 0.476806 0.676941 0.0404442 0.0460518 0.285178
2 0.392411 0.487996 0.0341614 0.0445347 0.274887
3 0.388806 0.722313 0.0273007 0.0352331 0.270105
3 0.638856 0.641171 0.024164 0.043874 0.269469
2 0.391376 0.682831 0.0291297 0.0410494 0.260452
0 0.482849 0.595223 0.3104 0.41989 0.915024
2 0.364497 0.627167 0.0344512 0.0445901 0.912225
2 0.348472 0.760807 0.0312424 0.0426543 0.901851
2 0.61317 0.511397 0.0297012 0.037364 0.897771
2 0.41724 0.72537 0.0302297 0.0424918 0.89703
2 0.354137 0.547778 0.0323047 0.0405205 0.896443
2 0.549091 0.59767 0.0289703 0.0388519 0.895813
2 0.49072 0.420754 0.0276595 0.0382063 0.894723
2 0.445161 0.768893 0.0296507 0.0413974 0.892526
2 0.581943 0.557057 0.0299809 0.0401184 0.889112
2 0.616022 0.472117 0.0330143 0.0392059 0.887995
2 0.551169 0.556473 0.0307749 0.0394964 0.887525
2 0.581829 0.514859 0.0291476 0.0396027 0.886716
2 0.481977 0.562851 0.03403 0.0431889 0.885227
2 0.484835 0.675757 0.0311482 0.0404814 0.884269
2 0.359336 0.674508 0.031438 0.0454722 0.883627
2 0.524084 0.476418 0.0289097 0.0385913 0.88326
2 0.389197 0.546631 0.0331665 0.0397917 0.883134
2 0.388646 0.685328 0.0290257 0.043543 0.882461
2 0.395628 0.454771 0.0293915 0.038199 0.882301
2 0.492682 0.472979 0.0313638 0.0483108 0.880538
2 0.607425 0.734078 0.0330578 0.0420963 0.880372
2 0.419332 0.679001 0.0292355 0.0447551 0.87933
2 0.606241 0.77635 0.0331355 0.0457784 0.878523
2 0.395507 0.415057 0.028112 0.0368311 0.878408
2 0.583678 0.470564 0.0297475 0.0405161 0.878398
2 0.414107 0.766772 0.0286142 0.0368656 0.875476
2 0.551337 0.514896 0.0285429 0.0381704 0.874997
2 0.484535 0.719218 0.0364367 0.0446779 0.874376
2 0.386571 0.591914 0.0289947 0.0390022 0.873985
2 0.365867 0.422507 0.0348687 0.0452384 0.873932
2 0.612756 0.554655 0.031134 0.0454844 0.873108
2 0.555401 0.426083 0.0291379 0.040883 0.872617
2 0.606174 0.595719 0.0325788 0.0381322 0.871383
2 0.480095 0.761363 0.03876 0.0459871 0.87023
2 0.427312 0.416945 0.0276107 0.0388652 0.868217
2 0.457004 0.432207 0.0307915 0.0455594 0.866942
2 0.586962 0.428041 0.030323 0.0384176 0.86375
2 0.42146 0.507155 0.03117 0.0384457 0.861457
2 0.462925 0.522008 0.0306698 0.0487995 0.861257
2 0.518685 0.438736 0.034995 0.0454462 0.860909
2 0.571629 0.689989 0.0318958 0.0422438 0.85938
2 0.356798 0.464024 0.0317027 0.0371523 0.854462
2 0.35548 0.503954 0.0337821 0.0402939 0.854227
2 0.364811 0.718168 0.0361401 0.0413249 0.853772
2 0.604224 0.689993 0.0323901 0.0452676 0.852823
2 0.448048 0.727063 0.0295705 0.0418371 0.85171
2 0.61756 0.431863 0.0273034 0.0370538 0.850292
2 0.57303 0.774033 0.0304433 0.0431059 0.849048
2 0.57119 0.731132 0.0329839 0.0408817 0.848397
2 0.449494 0.682788 0.0296025 0.0463895 0.84825
2 0.610539 0.644927 0.0346072 0.0435165 0.84696
2 0.538468 0.698343 0.0322957 0.0548689 0.831244
2 0.579134 0.611071 0.0282351 0.043339 0.828847
2 0.380723 0.760759 0.0329979 0.0478149 0.825814
2 0.394304 0.642307 0.0325155 0.0419403 0.823941
2 0.388158 0.496986 0.0326313 0.0460054 0.821157
2 0.572044 0.647556 0.0333191 0.0456046 0.816951
2 0.352377 0.59052 0.0326692 0.0373559 0.801273
3 0.489563 0.514003 0.0306567 0.0446194 0.735788
3 0.518811 0.513463 0.033895 0.0430138 0.703894
3 0.484251 0.634939 0.0338028 0.045481 0.691783
3 0.517849 0.555292 0.0346239 0.0445456 0.680162
3 0.51646 0.595926 0.0361096 0.0451936 0.679022
3 0.460412 0.470611 0.0300959 0.0419315 0.674906
3 0.514912 0.637104 0.0324832 0.0446808 0.671253
3 0.428272 0.466544 0.0330799 0.0439106 0.665469
3 0.544967 0.640056 0.0331781 0.0444739 0.658018
3 0.424848 0.591473 0.0385556 0.0434471 0.652132
3 0.541417 0.769307 0.0368038 0.0542962 0.633771
3 0.455917 0.591667 0.0325972 0.0425664 0.628495
3 0.513111 0.719651 0.0292859 0.0417098 0.613109
3 0.427295 0.54986 0.0415109 0.0456028 0.590356
3 0.485302 0.59632 0.0335816 0.0416938 0.576587
3 0.454363 0.553305 0.0267706 0.0399972 0.570578
3 0.511533 0.767574 0.0300614 0.0524153 0.568822
3 0.455079 0.634154 0.0304817 0.0441515 0.562642
3 0.424627 0.631473 0.0333537 0.042455 0.534644
3 0.513028 0.678891 0.03352 0.0439037 0.515121
3 0.551355 0.475089 0.0327901 0.0421965 0.444784
2 0.338355 0.731883 0.0175459 0.0281492 0.397517
