0 0.476703 0.540219 0.311236 0.411538 0.986483
2 0.356343 0.517624 0.0326371 0.0483145 0.92706
2 0.404773 0.661416 0.0334798 0.0459821 0.907228
2 0.35186 0.612605 0.034173 0.0485092 0.906229
2 0.479031 0.451645 0.0292179 0.0393365 0.896484
2 0.544641 0.505231 0.0291066 0.0396803 0.886317
2 0.47839 0.406578 0.0347247 0.0448279 0.881245
2 0.401104 0.704491 0.0321463 0.0438258 0.863557
2 0.602199 0.631191 0.0291372 0.0404755 0.858807
2 0.346322 0.570705 0.0338243 0.0428093 0.858107
2 0.449048 0.447913 0.0299795 0.0395396 0.851424
2 0.41491 0.485753 0.0321847 0.0389422 0.849832
2 0.484468 0.362513 0.0286895 0.0421661 0.840048
2 0.610715 0.464631 0.0313496 0.0400322 0.838076
2 0.610033 0.419764 0.0318993 0.0460423 0.823087
2 0.376758 0.481807 0.033641 0.0405091 0.818919
2 0.469907 0.71009 0.0299295 0.0451047 0.80207
2 0.416096 0.442913 0.0305222 0.0386558 0.787592
2 0.421208 0.397436 0.027883 0.0399429 0.779988
2 0.51782 0.365827 0.0283018 0.0399553 0.779267
2 0.510446 0.540077 0.0303001 0.0412141 0.774209
2 0.423892 0.357849 0.0283228 0.0400963 0.770289
2 0.455465 0.374111 0.03219 0.0486945 0.767484
2 0.514719 0.496889 0.0272843 0.0384565 0.756484
2 0.478823 0.492973 0.0297384 0.0382299 0.756443
2 0.504105 0.708199 0.0341427 0.0496927 0.748605
2 0.537609 0.46494 0.027729 0.0391088 0.74645
2 0.545443 0.589459 0.0320196 0.0440609 0.744432
2 0.612432 0.375775 0.035817 0.0436898 0.74208
2 0.435295 0.666571 0.0294085 0.0423163 0.737103
2 0.507566 0.58166 0.0330168 0.0400996 0.729306
2 0.431572 0.61637 0.0413033 0.0427948 0.726594
2 0.517204 0.411588 0.0295996 0.0395724 0.724785
2 0.40954 0.574459 0.0330937 0.0424134 0.714892
2 0.442949 0.57554 0.0318024 0.0417488 0.702637
2 0.35684 0.402799 0.0333618 0.0396496 0.702045
2 0.542587 0.54671 0.0315218 0.0424582 0.697799
3 0.570793 0.543267 0.0296639 0.0391277 0.692132
2 0.391684 0.358 0.0275755 0.0380117 0.684667
2 0.467164 0.669469 0.0297894 0.0410761 0.679454
3 0.449871 0.490096 0.0294537 0.0397741 0.65144
2 0.384211 0.540469 0.028688 0.044105 0.647978
2 0.545593 0.634691 0.0348903 0.0483116 0.633258
2 0.551509 0.384709 0.0353228 0.0404708 0.604656
2 0.432699 0.707546 0.0310263 0.0434331 0.599165
2 0.469417 0.627648 0.0305521 0.0461757 0.588398
2 0.41378 0.532661 0.0317754 0.0429398 0.587261
2 0.472022 0.544942 0.0347973 0.050044 0.56936
2 0.579014 0.582253 0.0364054 0.0440923 0.558201
3 0.447278 0.530195 0.0301978 0.0381295 0.556912
2 0.36125 0.363638 0.0325273 0.0433517 0.556308
2 0.568001 0.686217 0.0350908 0.04043 0.540577
2 0.572781 0.649822 0.0309704 0.0407968 0.540541
3 0.474756 0.582839 0.0292172 0.0368711 0.534721
2 0.577852 0.408853 0.0323683 0.0453467 0.529928
2 0.509542 0.632238 0.0360948 0.059863 0.52497
2 0.536783 0.681624 0.0260769 0.0417154 0.518109
3 0.563235 0.721884 0.0334245 0.0394342 0.515611
2 0.382196 0.615795 0.0324773 0.049097 0.507223
3 0.573142 0.465139 0.0313342 0.039021 0.506108
2 0.354648 0.443049 0.0292525 0.0400873 0.504157
3 0.603674 0.581179 0.0345851 0.0456049 0.502443
2 0.597199 0.683231 0.0303963 0.0465431 0.493143
3 0.54422 0.423344 0.028658 0.0358884 0.47147
2 0.368025 0.663335 0.0400561 0.0501408 0.457674
3 0.380459 0.571917 0.0284382 0.0348626 0.456251
3 0.536644 0.717291 0.027093 0.0419159 0.453513
3 0.571853 0.503575 0.0276686 0.0390147 0.450271
2 0.603686 0.516226 0.0325365 0.0479913 0.414803
3 0.407889 0.617212 0.0329464 0.0457461 0.404863
3 0.607233 0.587643 0.0314642 0.0478409 0.382869
3 0.401964 0.616107 0.0319788 0.0440699 0.365066
3 0.571385 0.53394 0.031382 0.0558831 0.360226
2 0.529936 0.416259 0.0235697 0.0393028 0.35569
3 0.50825 0.671457 0.0303208 0.0313525 0.353673
2 0.468735 0.540553 0.0455872 0.0502016 0.351317
2 0.384554 0.529194 0.0285546 0.0545838 0.351013
2 0.513928 0.460162 0.0276174 0.0372031 0.335462
2 0.359796 0.479447 0.0326855 0.0361925 0.329294
2 0.384538 0.444066 0.0307776 0.036416 0.316273
3 0.435969 0.531537 0.0423851 0.0415705 0.306991
2 0.451739 0.412441 0.0245512 0.0345011 0.289155
3 0.637683 0.576365 0.0304607 0.0453343 0.288353
3 0.470277 0.626487 0.031439 0.048369 0.276627
3 0.500232 0.669543 0.0273139 0.0340714 0.270006
2 0.34878 0.584169 0.0378008 0.0418214 0.258802
2 0.597649 0.373966 0.0431548 0.0451447 0.253323
2 0.384799 0.562697 0.026663 0.0493307 0.253177
2 0.351065 0.612349 0.0350253 0.046272 0.909469
2 0.39186 0.358305 0.0266481 0.03788 0.903577
2 0.478939 0.49351 0.0297749 0.0391549 0.903131
2 0.485098 0.362899 0.0287215 0.0412254 0.902045
2 0.479694 0.451544 0.0289084 0.0398019 0.901549
0 0.476115 0.53754 0.308759 0.424979 0.901305
2 0.510555 0.540806 0.0300861 0.0391264 0.900423
2 0.518112 0.412274 0.0301657 0.0403534 0.900334
2 0.55086 0.385127 0.0360918 0.0441961 0.8962
2 0.565653 0.684631 0.0349271 0.043967 0.894571
2 0.541726 0.546207 0.0292379 0.0399782 0.893479
2 0.405394 0.660731 0.0329424 0.0445723 0.891693
2 0.380957 0.616585 0.0298303 0.0453583 0.890237
2 0.506621 0.581929 0.0302892 0.0404739 0.890137
2 0.422993 0.357813 0.028378 0.0383743 0.889206
2 0.408975 0.574543 0.0336618 0.0410114 0.888988
2 0.442624 0.577444 0.0310067 0.0411536 0.887491
2 0.40163 0.704833 0.0309458 0.0424626 0.886794
2 0.449294 0.448486 0.0289149 0.0391384 0.885597
2 0.477064 0.405243 0.0342425 0.0428046 0.885278
2 0.609522 0.46404 0.030887 0.0402475 0.885208
2 0.421423 0.397693 0.0300176 0.0397451 0.88389
2 0.544203 0.505638 0.0291647 0.0394912 0.883564
2 0.534643 0.683172 0.0315007 0.0443956 0.882891
2 0.413464 0.486219 0.0323528 0.0396051 0.880997
2 0.41665 0.442532 0.0293495 0.0389133 0.880844
2 0.455294 0.373685 0.0315353 0.0480182 0.878896
2 0.365838 0.666953 0.0342545 0.0466892 0.877834
2 0.356134 0.518064 0.0327179 0.0489268 0.874633
2 0.51449 0.495497 0.0279302 0.0384855 0.870365
2 0.470035 0.710413 0.0297235 0.0413947 0.869354
2 0.346688 0.569959 0.0356039 0.0411105 0.867879
2 0.544138 0.589755 0.0326949 0.0423249 0.867374
2 0.362442 0.363263 0.0307375 0.043866 0.867314
2 0.413472 0.534384 0.0322165 0.0388131 0.867066
2 0.612969 0.376484 0.0301931 0.0362046 0.863532
2 0.467785 0.669444 0.0290885 0.0406329 0.86311
2 0.577961 0.580612 0.0344344 0.0436632 0.861492
2 0.386295 0.443163 0.0298709 0.0401734 0.859086
2 0.352489 0.442843 0.0300761 0.0384009 0.854936
2 0.505419 0.707997 0.0361559 0.0490153 0.854164
2 0.355648 0.403573 0.0314557 0.037129 0.851485
2 0.432999 0.707666 0.0305341 0.0416211 0.848708
2 0.51876 0.366026 0.0269047 0.0390315 0.847629
2 0.602488 0.519047 0.0297993 0.0532628 0.847135
2 0.600434 0.630811 0.0334679 0.0421467 0.836473
2 0.54054 0.637304 0.0316999 0.0446853 0.823712
2 0.595443 0.685045 0.0295593 0.0454414 0.819154
2 0.577732 0.408825 0.0325745 0.0580107 0.818798
2 0.376482 0.483232 0.0385027 0.045155 0.816726
2 0.57195 0.641796 0.0314551 0.0501702 0.813154
2 0.608679 0.421327 0.0328884 0.0417724 0.805058
2 0.435593 0.665575 0.0303088 0.0456499 0.8046
2 0.469676 0.626514 0.031315 0.0447271 0.797109
2 0.472062 0.547969 0.0375358 0.0530372 0.796584
2 0.383132 0.538199 0.0282185 0.0455066 0.792181
2 0.432281 0.616851 0.0390783 0.0428455 0.787725
3 0.572636 0.54324 0.0327097 0.037344 0.781592
2 0.510545 0.633283 0.0328471 0.050465 0.77399
3 0.573626 0.505579 0.0329361 0.0434207 0.767937
2 0.538222 0.466336 0.0317225 0.0442118 0.752346
3 0.532712 0.719294 0.0281772 0.0425663 0.735074
3 0.391185 0.406638 0.0326434 0.0407127 0.72675
3 0.545544 0.423867 0.0330446 0.0409452 0.711889
3 0.560861 0.724314 0.0324348 0.0400555 0.690491
3 0.449276 0.492986 0.0339661 0.0414317 0.690146
3 0.374887 0.704642 0.0330122 0.0434157 0.680433
3 0.606724 0.589479 0.0309547 0.0433512 0.664316
3 0.409149 0.61533 0.0286873 0.0412136 0.656044
3 0.474444 0.581594 0.033717 0.0427525 0.641545
3 0.604942 0.552544 0.0358363 0.0410627 0.620295
3 0.381767 0.57165 0.0281231 0.0406033 0.613992
3 0.593757 0.725376 0.0402509 0.043927 0.613144
3 0.445488 0.534646 0.0296496 0.0408574 0.597737
3 0.345735 0.48032 0.0304222 0.0351437 0.506508
3 0.502591 0.666692 0.0332523 0.0415497 0.472398
3 0.335516 0.682072 0.0294015 0.0319516 0.466585
3 0.574676 0.464477 0.0362614 0.0427365 0.451264
3 0.340831 0.694744 0.0402438 0.055717 0.2943
3 0.33803 0.685842 0.0358057 0.0383006 0.265559
3 0.512195 0.460204 0.0314021 0.0406529 0.264186
3 0.455098 0.413596 0.0257325 0.0323968 0.255411
