2 0.465753 0.410337 0.0220937 0.0293156 0.76747
2 0.548849 0.431443 0.0249193 0.0309305 0.680976
0 0.498362 0.548239 0.300888 0.424899 0.38297
2 0.520003 0.424613 0.0242953 0.0319823 0.381588
2 0.515298 0.463314 0.0232476 0.0335675 0.340461
2 0.544635 0.468117 0.0229208 0.0306823 0.327105
0 0.50546 0.551532 0.309825 0.469249 0.864149
2 0.460989 0.450706 0.0257252 0.036123 0.477419
3 0.498756 0.367345 0.0317501 0.0585864 0.299492
3 0.405437 0.346865 0.0466192 0.0617069 0.292984
3 0.573123 0.642134 0.164064 0.298066 0.28666
3 0.399576 0.394899 0.045491 0.0448956 0.268166
3 0.49563 0.673441 0.305581 0.230528 0.266625
3 0.413086 0.56254 0.0377177 0.048831 0.2656
3 0.392951 0.434447 0.0471191 0.0448239 0.253222
