0 0.504904 0.540909 0.325643 0.426316 0.983786
2 0.364041 0.638422 0.0407429 0.0469882 0.939094
2 0.452195 0.441077 0.0290041 0.0414052 0.919634
2 0.655353 0.401407 0.0353219 0.0480994 0.91168
2 0.484907 0.670516 0.0276148 0.0391009 0.890655
2 0.368758 0.549918 0.032149 0.0423475 0.871693
2 0.448827 0.703823 0.0286411 0.0434038 0.868837
2 0.400513 0.603623 0.0305565 0.0415039 0.859509
2 0.630892 0.577055 0.0322234 0.0413246 0.847601
2 0.591594 0.600813 0.0319177 0.047226 0.846032
2 0.64725 0.444854 0.0342807 0.0395376 0.845929
2 0.356326 0.681622 0.0362372 0.043529 0.833338
2 0.583638 0.436105 0.0326554 0.0392593 0.824036
2 0.371732 0.592287 0.033205 0.0489297 0.821558
2 0.509599 0.713976 0.0323635 0.0464452 0.816256
2 0.622814 0.617119 0.0324772 0.0423133 0.808103
2 0.609977 0.695458 0.0407156 0.0408596 0.804429
2 0.546594 0.464109 0.0293281 0.0345011 0.798024
2 0.382695 0.509033 0.0364237 0.0426691 0.79319
2 0.392185 0.676675 0.0326308 0.0563671 0.788914
2 0.50851 0.499001 0.030917 0.03877 0.785814
2 0.405388 0.349289 0.0295189 0.0500235 0.783801
2 0.632966 0.533742 0.0432343 0.0455975 0.777261
2 0.642346 0.489578 0.0322063 0.0413509 0.77472
2 0.583617 0.398941 0.0321159 0.0389543 0.75979
2 0.43475 0.345898 0.0289784 0.0413978 0.745376
2 0.458387 0.393288 0.0306805 0.0407992 0.739002
2 0.547546 0.429666 0.0275295 0.0332236 0.721801
2 0.614927 0.447489 0.0281637 0.0458793 0.714463
2 0.620123 0.658354 0.0337875 0.0425473 0.711213
2 0.497915 0.586142 0.0297034 0.0446387 0.707628
2 0.52971 0.36578 0.0310824 0.0449556 0.701836
2 0.560294 0.602469 0.0278549 0.0381133 0.693542
2 0.477999 0.709826 0.0295957 0.0471134 0.687876
2 0.444425 0.484778 0.0303233 0.0383681 0.687499
2 0.56034 0.376169 0.0297695 0.0394652 0.680653
2 0.497081 0.37299 0.0314142 0.0495737 0.668297
2 0.575791 0.728701 0.0302755 0.0472784 0.662417
2 0.620259 0.391742 0.0337059 0.0452179 0.651544
2 0.467944 0.522026 0.0359205 0.0436424 0.611941
2 0.420143 0.695331 0.0301399 0.0495886 0.611132
2 0.607247 0.740256 0.0334843 0.0548846 0.607903
2 0.528467 0.591259 0.0310693 0.0437087 0.588482
2 0.436025 0.569559 0.0306324 0.0465306 0.550906
2 0.468599 0.351887 0.0302112 0.0429594 0.547029
2 0.456816 0.660242 0.0327122 0.0510628 0.527562
2 0.490521 0.628321 0.0292761 0.0454834 0.527235
2 0.514327 0.669864 0.0339357 0.0412393 0.505041
3 0.51953 0.631499 0.0327127 0.0392695 0.478264
3 0.574154 0.682478 0.0294714 0.0412918 0.440908
3 0.547141 0.675824 0.031967 0.0411763 0.434
2 0.426752 0.43899 0.0230299 0.0387423 0.39125
2 0.54612 0.718266 0.0323286 0.0463524 0.384635
3 0.580402 0.643411 0.030756 0.0432268 0.376416
3 0.533267 0.544662 0.0299511 0.0414722 0.373216
2 0.616324 0.433562 0.030177 0.0408782 0.365376
3 0.461965 0.613172 0.0312498 0.0442057 0.335602
2 0.514072 0.462833 0.0271574 0.0361146 0.333983
3 0.553728 0.636677 0.0346628 0.0382808 0.326035
3 0.433317 0.609747 0.026889 0.0379514 0.319953
3 0.563613 0.557024 0.0325106 0.0463501 0.319744
3 0.405772 0.556521 0.0312148 0.0457634 0.300438
3 0.440729 0.519796 0.0279242 0.0384332 0.287917
2 0.568655 0.385642 0.0279471 0.0372584 0.287456
3 0.457976 0.658864 0.032163 0.0504273 0.285699
3 0.419161 0.518134 0.0342533 0.0424271 0.27452
3 0.46968 0.564744 0.0319693 0.0459802 0.273316
3 0.39788 0.637531 0.0281184 0.0330813 0.253521
0 0.496834 0.552953 0.314532 0.445588 0.913074
2 0.498333 0.584798 0.0287272 0.0414069 0.911175
2 0.52912 0.367032 0.0293405 0.0407856 0.909389
2 0.507222 0.499871 0.0296697 0.0386498 0.891905
2 0.560663 0.600931 0.0278562 0.0429401 0.888331
2 0.372502 0.592651 0.0331842 0.0456445 0.88656
2 0.496381 0.373807 0.0309383 0.0474496 0.886313
2 0.485383 0.66922 0.0290834 0.0426336 0.884005
2 0.359373 0.681322 0.0309745 0.0428889 0.883751
2 0.640257 0.491158 0.0333967 0.0404122 0.88188
2 0.625996 0.53543 0.0379545 0.0428854 0.881286
2 0.593209 0.599863 0.0319514 0.05049 0.880988
2 0.444389 0.485025 0.0318387 0.0398303 0.87795
2 0.405051 0.352883 0.0300713 0.0474936 0.874941
2 0.585787 0.438109 0.0314491 0.0389837 0.874074
2 0.5606 0.376611 0.0278412 0.0366452 0.873931
2 0.529688 0.591216 0.0296527 0.0429086 0.873559
2 0.646569 0.445351 0.0301458 0.0388592 0.873451
2 0.616974 0.658141 0.034007 0.0404441 0.870272
2 0.434244 0.344549 0.0267545 0.037594 0.869625
2 0.622938 0.616606 0.0280391 0.0383176 0.867831
2 0.652375 0.40456 0.0341993 0.0410958 0.867473
2 0.369161 0.549617 0.0318406 0.0401006 0.866993
2 0.468697 0.521671 0.0382879 0.0431005 0.86672
2 0.456544 0.391923 0.0290866 0.038858 0.865781
2 0.363866 0.637777 0.0359139 0.0430806 0.865748
2 0.628691 0.577417 0.0324173 0.0402066 0.865146
2 0.399878 0.604569 0.0308485 0.0432977 0.863984
2 0.546305 0.461874 0.0291293 0.0373463 0.862164
2 0.384691 0.509102 0.0372837 0.0430913 0.861035
2 0.584176 0.399563 0.0343927 0.0418329 0.858644
2 0.615287 0.45095 0.0293724 0.0494206 0.858488
2 0.467192 0.35456 0.0285025 0.0412713 0.855357
2 0.452182 0.441404 0.0296576 0.0400326 0.855024
2 0.449016 0.702735 0.0285516 0.0425869 0.854087
2 0.435066 0.570885 0.0311394 0.0442552 0.853745
2 0.606886 0.693784 0.0407471 0.0436298 0.850501
2 0.392218 0.67373 0.0334834 0.050442 0.848251
2 0.622957 0.393128 0.0307587 0.0410601 0.839598
2 0.606042 0.74447 0.0341657 0.0484893 0.838202
2 0.546961 0.716469 0.0339659 0.0457517 0.833506
2 0.478502 0.711608 0.0296998 0.0414045 0.818354
2 0.421022 0.691084 0.0294313 0.0458957 0.817688
2 0.491306 0.627662 0.030242 0.0422299 0.792365
3 0.490694 0.412682 0.0332648 0.0430239 0.743474
2 0.510974 0.713171 0.0319125 0.0484507 0.712223
2 0.574442 0.728549 0.0326968 0.043338 0.706057
3 0.502414 0.541462 0.035225 0.0456513 0.686095
3 0.58298 0.645787 0.0370613 0.0465128 0.672404
3 0.405731 0.557419 0.0349387 0.0451091 0.669449
3 0.53292 0.549693 0.0338566 0.0458974 0.6585
3 0.520597 0.630398 0.0366796 0.0470303 0.656484
3 0.466005 0.573281 0.036777 0.0492179 0.633855
3 0.423327 0.438018 0.0333543 0.0427256 0.633549
3 0.461252 0.615704 0.0353078 0.0474616 0.624427
3 0.479926 0.493412 0.0317079 0.043213 0.623467
3 0.428129 0.396075 0.0340644 0.0450905 0.604485
3 0.516346 0.671139 0.0336616 0.0451848 0.58641
3 0.599711 0.522972 0.0345159 0.0406659 0.584088
3 0.595432 0.562158 0.0322543 0.0411848 0.582379
3 0.442082 0.522722 0.0290118 0.0441264 0.579336
3 0.513124 0.459891 0.0293823 0.0402073 0.577781
3 0.634352 0.743882 0.0242055 0.0390742 0.572444
3 0.431173 0.60836 0.0337251 0.0433902 0.56865
3 0.397167 0.640087 0.0305431 0.0365193 0.566281
3 0.546208 0.675661 0.0341346 0.040773 0.562714
3 0.575334 0.477978 0.035378 0.0436281 0.555884
3 0.564735 0.558206 0.0337883 0.048716 0.554856
3 0.412401 0.517484 0.0387514 0.0484561 0.551463
3 0.538912 0.507938 0.0378598 0.044222 0.551202
3 0.484483 0.45413 0.0341951 0.0419718 0.534702
3 0.425438 0.648314 0.035838 0.0464108 0.529541
3 0.607573 0.487951 0.0328979 0.0394921 0.527317
3 0.397278 0.43242 0.0278604 0.0386824 0.519836
3 0.569247 0.516028 0.0352041 0.0451987 0.514782
3 0.577656 0.686172 0.034683 0.0458748 0.512706
3 0.552135 0.637754 0.0367579 0.0475702 0.510312
3 0.454917 0.657077 0.0337238 0.0508816 0.494691
3 0.401705 0.393708 0.0328917 0.0422533 0.482744
3 0.478919 0.486803 0.0322948 0.0346073 0.480826
3 0.519643 0.418592 0.0320916 0.0461446 0.456503
2 0.548273 0.425622 0.0328401 0.0398095 0.347721
3 0.383733 0.467413 0.0455035 0.0423064 0.342126
3 0.392665 0.430805 0.0343122 0.039682 0.274101
3 0.583614 0.480301 0.0519933 0.0486119 0.264961
3 0.392144 0.392052 0.0390311 0.0388965 0.257185
