0 0.504866 0.539733 0.326409 0.423322 0.98378
2 0.451933 0.440954 0.0295881 0.0417753 0.950971
2 0.36431 0.638601 0.0396482 0.0462257 0.938221
2 0.655026 0.401861 0.0346482 0.0474289 0.903899
2 0.630882 0.577985 0.0330499 0.0420085 0.896371
2 0.400579 0.60351 0.0308871 0.0417694 0.862554
2 0.368779 0.550554 0.032656 0.0416684 0.859776
2 0.371476 0.592442 0.0324077 0.0484849 0.853659
2 0.448809 0.703978 0.0281636 0.0428452 0.852973
2 0.608694 0.695382 0.0380019 0.0406614 0.828019
2 0.647536 0.445127 0.034621 0.0394 0.826621
2 0.358469 0.681715 0.0321915 0.0432759 0.824135
2 0.583726 0.435722 0.0321508 0.0383311 0.819162
2 0.405418 0.350037 0.0292411 0.0490622 0.815633
2 0.383026 0.509231 0.0362323 0.043217 0.788856
2 0.546604 0.463906 0.0289793 0.0348542 0.788479
2 0.508351 0.49883 0.0307362 0.0390133 0.785181
2 0.392332 0.677402 0.032706 0.0571579 0.781435
2 0.458292 0.393218 0.0307049 0.0404135 0.772815
2 0.620197 0.6592 0.0338173 0.0428078 0.772098
2 0.583969 0.398912 0.0316349 0.038812 0.765098
2 0.642125 0.489492 0.0318391 0.0410711 0.758723
2 0.632938 0.534143 0.0420314 0.0459054 0.741107
2 0.623546 0.61762 0.0308286 0.0420121 0.733997
2 0.509521 0.715058 0.0305668 0.0476611 0.727726
2 0.560292 0.376516 0.0298853 0.0395448 0.725725
2 0.547503 0.429593 0.0272584 0.032714 0.717257
2 0.529533 0.365869 0.0312002 0.0453139 0.715395
2 0.478454 0.710236 0.0298117 0.0469183 0.713151
2 0.434782 0.345627 0.0286492 0.0418995 0.7039
2 0.620213 0.392102 0.0329346 0.0450569 0.694496
3 0.497756 0.578325 0.0320738 0.0426237 0.68121
2 0.576306 0.727562 0.0288256 0.0448451 0.672431
2 0.444438 0.484821 0.0305685 0.0388513 0.668581
2 0.615003 0.447892 0.0275152 0.0445527 0.648505
2 0.497264 0.373467 0.0305854 0.0479771 0.645532
2 0.351979 0.680106 0.0444184 0.0428044 0.614603
2 0.468371 0.351802 0.0303759 0.0441851 0.600448
2 0.467913 0.521814 0.0362591 0.0432446 0.595143
2 0.420394 0.693604 0.0295047 0.0516329 0.545252
3 0.532853 0.544418 0.0301765 0.0412865 0.540854
2 0.435634 0.569373 0.0299461 0.0465619 0.52806
2 0.607543 0.740374 0.0326853 0.0544301 0.520185
3 0.49344 0.620742 0.0322047 0.044455 0.483808
3 0.559829 0.594996 0.0330489 0.0443665 0.45176
3 0.522616 0.625964 0.036655 0.0474643 0.424412
2 0.546958 0.71913 0.0322795 0.0436912 0.422739
3 0.527688 0.58433 0.0344161 0.0412482 0.418254
3 0.562575 0.55284 0.0327875 0.0412011 0.409744
2 0.363015 0.593024 0.0422778 0.0472961 0.409644
3 0.463787 0.614242 0.0326912 0.0426437 0.403761
3 0.468363 0.571051 0.0308792 0.0454838 0.37594
2 0.426528 0.439532 0.0223517 0.0380977 0.375078
2 0.616664 0.432384 0.0298748 0.0363918 0.370521
3 0.54832 0.677101 0.0303865 0.0398133 0.359907
3 0.406059 0.55674 0.0301885 0.0454917 0.356098
3 0.576843 0.683525 0.0326731 0.0406517 0.345143
3 0.419521 0.518294 0.0347433 0.0418193 0.342791
3 0.594275 0.562919 0.0307432 0.0428454 0.325202
3 0.433145 0.609706 0.0264528 0.0380127 0.324945
3 0.501601 0.557883 0.035769 0.0742902 0.315524
2 0.562423 0.381171 0.0272518 0.0403044 0.314962
2 0.504386 0.71254 0.0390031 0.0493486 0.313758
3 0.556543 0.607384 0.0328736 0.0535781 0.312689
2 0.513469 0.462778 0.027576 0.0358977 0.309406
3 0.554687 0.637045 0.0334747 0.0417811 0.305727
3 0.439934 0.519784 0.0275383 0.0382264 0.298035
2 0.429534 0.398936 0.0284019 0.0405713 0.296243
3 0.592358 0.588947 0.0321466 0.0535169 0.289879
2 0.495926 0.712395 0.0365148 0.0484772 0.288908
3 0.584291 0.643985 0.0332487 0.0437919 0.279612
3 0.444322 0.520561 0.0248087 0.0385586 0.271997
3 0.421321 0.477813 0.0257649 0.0402535 0.271971
3 0.397657 0.637539 0.0276608 0.0326676 0.267713
3 0.507704 0.580519 0.0339092 0.042774 0.26415
3 0.538618 0.504772 0.0302149 0.0430274 0.263448
2 0.613965 0.43898 0.0279961 0.0483688 0.262151
2 0.456539 0.659973 0.0320414 0.0494341 0.256997
3 0.457571 0.658489 0.0303328 0.0482493 0.255384
3 0.5037 0.539013 0.0318327 0.0412577 0.254559
2 0.485983 0.452813 0.0258935 0.0364795 0.253595
2 0.529034 0.366946 0.0294181 0.0409242 0.910874
0 0.503094 0.545731 0.317318 0.449851 0.908738
2 0.372315 0.59305 0.0332485 0.0453215 0.893481
2 0.496259 0.373541 0.0311293 0.0474184 0.889494
2 0.507181 0.499811 0.0296201 0.0384537 0.887445
2 0.359504 0.681201 0.0312168 0.0430107 0.885888
2 0.646673 0.445543 0.0301178 0.0391166 0.879479
2 0.640279 0.491157 0.0331688 0.040348 0.87835
2 0.444111 0.485004 0.0315565 0.0396874 0.878332
2 0.585891 0.43798 0.0313705 0.0388587 0.877476
2 0.405064 0.352595 0.0304202 0.047674 0.877408
2 0.384785 0.508979 0.0380586 0.0429786 0.877294
2 0.625697 0.535708 0.03786 0.0432659 0.877148
2 0.621553 0.616829 0.0311045 0.0414161 0.876529
2 0.560567 0.376558 0.0279194 0.036901 0.875092
2 0.368713 0.550083 0.0319967 0.0406963 0.873677
2 0.434247 0.344562 0.0268178 0.037931 0.873459
2 0.628853 0.577903 0.0322535 0.0396618 0.873357
2 0.652395 0.40449 0.0338478 0.0410783 0.867392
2 0.617083 0.658614 0.0338966 0.0406313 0.867303
2 0.456573 0.392233 0.0292143 0.0395119 0.866329
2 0.363834 0.63776 0.036046 0.0431228 0.86371
2 0.546597 0.461771 0.0285579 0.036736 0.862868
2 0.468784 0.521506 0.0380842 0.0427944 0.862818
2 0.399987 0.604006 0.030898 0.0438726 0.858571
2 0.584188 0.39964 0.0346583 0.0418038 0.856006
2 0.615201 0.450693 0.0297109 0.0499213 0.85295
2 0.435039 0.570808 0.0312204 0.0441991 0.851662
2 0.452489 0.440976 0.0304732 0.0402632 0.849426
2 0.467161 0.35492 0.028661 0.0419875 0.847217
2 0.392111 0.673777 0.0332848 0.0502428 0.846995
2 0.478539 0.708664 0.0291145 0.0468429 0.846346
2 0.448943 0.70227 0.0286715 0.0438712 0.841067
2 0.606072 0.744474 0.0347605 0.049014 0.84091
2 0.623002 0.393107 0.0310264 0.0412064 0.837656
2 0.606729 0.69376 0.0416906 0.0436622 0.836316
2 0.420884 0.690433 0.0287969 0.0440884 0.831354
2 0.54619 0.71644 0.0359931 0.0461054 0.812324
2 0.509833 0.712558 0.0310559 0.047908 0.793659
3 0.490489 0.412784 0.0336029 0.0433638 0.733179
2 0.574296 0.727164 0.0336548 0.0420312 0.704095
3 0.405827 0.556778 0.0344627 0.0449371 0.669118
3 0.423574 0.437762 0.0330983 0.0428151 0.640929
3 0.58247 0.646359 0.0371741 0.0468564 0.637162
3 0.50226 0.541281 0.0361186 0.0452971 0.620699
3 0.589216 0.605301 0.038252 0.0480954 0.619995
3 0.479992 0.493068 0.0315828 0.0430542 0.608673
3 0.428153 0.396011 0.0337377 0.0449007 0.607364
3 0.495867 0.582513 0.0350896 0.0480839 0.600625
3 0.563361 0.558092 0.0350584 0.0484145 0.589157
3 0.442138 0.522463 0.0299089 0.0431892 0.578469
3 0.593523 0.564348 0.0369336 0.0464959 0.576276
3 0.484609 0.453838 0.034505 0.0424437 0.572706
3 0.431445 0.608056 0.0338745 0.0435874 0.569484
3 0.51324 0.459904 0.0294779 0.0404091 0.569372
3 0.412618 0.517601 0.0387986 0.0483676 0.563742
3 0.396985 0.639599 0.0307677 0.0368095 0.562645
3 0.574714 0.477794 0.034934 0.0432804 0.55759
3 0.490686 0.622485 0.0353425 0.0465415 0.555437
3 0.466243 0.572235 0.0382943 0.0501251 0.553896
3 0.461487 0.614894 0.0360039 0.0472275 0.541953
3 0.557491 0.596636 0.0360779 0.0486527 0.538739
3 0.599392 0.523114 0.0355756 0.0420612 0.538501
3 0.402537 0.393976 0.0314161 0.0418864 0.538177
3 0.42521 0.647802 0.0357361 0.0467142 0.531145
3 0.397818 0.432435 0.0282458 0.0388039 0.525891
3 0.606837 0.487757 0.0341445 0.0397281 0.523488
3 0.538462 0.508375 0.0386049 0.044912 0.519865
3 0.521016 0.630479 0.0350348 0.0465252 0.513746
3 0.455081 0.657007 0.0335501 0.0502551 0.510895
3 0.527358 0.588177 0.036706 0.052604 0.502858
3 0.569142 0.516405 0.0368464 0.0468868 0.4851
3 0.551235 0.638571 0.0362373 0.0486404 0.473922
3 0.479023 0.48677 0.0321108 0.0347006 0.472461
3 0.546213 0.674758 0.0348323 0.0420461 0.460773
3 0.515591 0.670499 0.0355756 0.0468367 0.458552
3 0.519399 0.418123 0.0320922 0.0463557 0.453155
3 0.532822 0.548118 0.0350021 0.0451528 0.45169
2 0.548281 0.425828 0.032893 0.0395926 0.439302
3 0.577249 0.685922 0.0345441 0.0449465 0.432354
3 0.484893 0.661958 0.035338 0.0459867 0.427228
3 0.383102 0.467348 0.0460532 0.0426654 0.350109
3 0.392668 0.430554 0.035036 0.0398393 0.277577
3 0.584131 0.480216 0.05382 0.0487641 0.253507
