0 0.476956 0.537365 0.312844 0.409123 0.978651
2 0.417871 0.401944 0.0288758 0.0395351 0.929434
2 0.352829 0.518596 0.0359279 0.046382 0.923456
2 0.404165 0.574924 0.0331192 0.0401204 0.897354
2 0.341615 0.570675 0.0369548 0.0430557 0.878005
2 0.606638 0.47727 0.0310616 0.0401232 0.87316
2 0.539595 0.505711 0.0286916 0.0411059 0.872273
2 0.448583 0.453433 0.0292538 0.0367911 0.866207
2 0.50497 0.545776 0.0289969 0.0413583 0.860958
2 0.346996 0.610969 0.0337967 0.0446569 0.859742
2 0.514304 0.460521 0.0324751 0.0393093 0.839413
2 0.372697 0.484408 0.036706 0.0417042 0.826838
2 0.57599 0.47234 0.0283943 0.0396929 0.825809
2 0.605303 0.433843 0.0367829 0.0467122 0.823844
2 0.348065 0.442596 0.0321663 0.0392196 0.81851
2 0.468214 0.596156 0.0330763 0.0481094 0.813121
2 0.382482 0.443496 0.0325802 0.0393945 0.811661
2 0.387844 0.401588 0.0313753 0.0434361 0.807968
2 0.47799 0.497618 0.0303532 0.0404778 0.805256
2 0.33162 0.695573 0.0334407 0.0474312 0.783629
2 0.421548 0.361213 0.0292918 0.0393871 0.77637
2 0.353769 0.401636 0.0318599 0.0413205 0.769774
2 0.366929 0.699901 0.0326795 0.0519916 0.768608
2 0.414761 0.446606 0.0308951 0.0395052 0.765896
2 0.443001 0.499486 0.0350256 0.0514676 0.765592
2 0.479568 0.454819 0.0280531 0.0369546 0.763589
2 0.516085 0.420179 0.0298345 0.0404203 0.761157
2 0.547155 0.390977 0.0318053 0.0409496 0.756752
2 0.357303 0.653584 0.0401231 0.0418461 0.756213
2 0.548183 0.459368 0.0288773 0.0414148 0.750065
2 0.509615 0.503192 0.0268764 0.0377742 0.749755
2 0.469605 0.546798 0.039394 0.0514476 0.744957
2 0.358683 0.357574 0.0351583 0.048431 0.742826
2 0.558761 0.68896 0.0292517 0.0420288 0.742209
2 0.467646 0.682264 0.0302773 0.0385455 0.731673
2 0.604159 0.523794 0.0326425 0.0545949 0.71965
3 0.565862 0.596762 0.0305101 0.0402651 0.71881
2 0.535218 0.550217 0.0283085 0.0408424 0.70842
2 0.397598 0.662874 0.0304058 0.0407096 0.707521
2 0.614607 0.386337 0.032015 0.0447699 0.699638
2 0.436937 0.586397 0.029433 0.042453 0.699129
2 0.451051 0.377262 0.0310108 0.0488299 0.698487
3 0.498819 0.629047 0.0290897 0.0413002 0.695444
2 0.571444 0.514995 0.0298496 0.0409797 0.689589
2 0.376352 0.618452 0.0294714 0.0427271 0.681421
2 0.529665 0.681955 0.0285544 0.0417147 0.672232
2 0.516951 0.3736 0.0295836 0.0405669 0.665716
2 0.407502 0.533331 0.032081 0.039889 0.661366
2 0.396256 0.706597 0.0323982 0.0479144 0.659357
2 0.581993 0.38024 0.0260185 0.0406419 0.655334
2 0.536113 0.59518 0.0293623 0.0423627 0.65113
2 0.38985 0.356101 0.027663 0.0390688 0.648323
2 0.501103 0.586719 0.0311348 0.0407884 0.646297
2 0.569927 0.556236 0.0303906 0.0394671 0.630505
2 0.475694 0.41488 0.0345241 0.0421179 0.628634
3 0.547019 0.426493 0.0304318 0.0358803 0.627678
2 0.573919 0.421432 0.0305491 0.0412963 0.622788
2 0.409694 0.49005 0.0326201 0.0409282 0.605188
3 0.597642 0.595598 0.0359896 0.0455273 0.590279
2 0.43211 0.631107 0.0401354 0.0458733 0.566367
2 0.379064 0.546257 0.0254612 0.0363101 0.565205
3 0.496894 0.671544 0.0308315 0.0434023 0.547428
3 0.532766 0.635289 0.0317625 0.0437817 0.484276
3 0.433117 0.665428 0.0327187 0.0354496 0.476936
3 0.433916 0.703893 0.0312536 0.0451581 0.475667
3 0.468588 0.638327 0.0302734 0.0418605 0.432395
2 0.372239 0.702632 0.0391078 0.0537988 0.418295
3 0.56156 0.63754 0.0326212 0.0419739 0.393822
3 0.468924 0.631515 0.0309632 0.0366948 0.393754
3 0.595555 0.638397 0.0380162 0.0432177 0.393632
3 0.598562 0.578686 0.0356318 0.0581487 0.379749
2 0.359307 0.516853 0.046917 0.0436591 0.319919
2 0.454539 0.416333 0.024525 0.0388396 0.310221
3 0.440513 0.541045 0.0315448 0.0424657 0.30251
3 0.602266 0.563421 0.0298128 0.0299736 0.289409
3 0.46808 0.711897 0.0309809 0.0475176 0.277833
3 0.405708 0.618591 0.0310012 0.0478345 0.277361
3 0.499739 0.601102 0.0322863 0.0604415 0.262823
3 0.624624 0.599003 0.0282168 0.0489128 0.258032
3 0.624799 0.637266 0.0244401 0.0401383 0.252653
2 0.479633 0.455223 0.0289486 0.0396491 0.914178
0 0.471663 0.539281 0.310933 0.420917 0.911302
2 0.529536 0.681338 0.0294402 0.0455878 0.908233
2 0.477945 0.499072 0.0298294 0.0393029 0.906963
2 0.536212 0.59662 0.0297393 0.0411828 0.905362
2 0.399103 0.661545 0.0316709 0.0416029 0.90524
2 0.510526 0.503372 0.0279782 0.0379333 0.902893
2 0.382672 0.443188 0.0318471 0.0405039 0.902188
2 0.515969 0.419526 0.029569 0.0387017 0.899918
2 0.448928 0.453564 0.0286316 0.038975 0.89981
2 0.559489 0.689249 0.0288419 0.0425928 0.898638
2 0.390477 0.357412 0.0267387 0.0381656 0.896961
2 0.607171 0.477643 0.0293962 0.0396362 0.896603
2 0.513057 0.461301 0.0304443 0.0388947 0.894989
2 0.535717 0.551024 0.0286908 0.0398671 0.891969
2 0.387692 0.403999 0.03276 0.045515 0.891946
2 0.504883 0.546646 0.0292903 0.0393251 0.890839
2 0.568665 0.55722 0.0313034 0.0401219 0.890458
2 0.409472 0.534631 0.0329313 0.039326 0.888258
2 0.437669 0.585031 0.0300916 0.0420195 0.885559
2 0.572143 0.513838 0.0304145 0.0394457 0.885505
2 0.422525 0.361432 0.0277827 0.038705 0.885096
2 0.345925 0.611605 0.033816 0.045903 0.884938
2 0.360624 0.360092 0.0312882 0.0446059 0.8836
2 0.540583 0.50625 0.0295888 0.0389652 0.882124
2 0.410107 0.489119 0.0309174 0.0417092 0.881795
2 0.475428 0.414434 0.0344386 0.0409258 0.87861
2 0.500329 0.587366 0.0285483 0.0394499 0.877444
2 0.418666 0.403189 0.0301624 0.0407174 0.87659
2 0.452058 0.376093 0.0309099 0.0477266 0.873676
2 0.415619 0.446955 0.0326615 0.0397297 0.873433
2 0.543703 0.39277 0.0341205 0.0436068 0.873343
2 0.582097 0.382671 0.0270074 0.038799 0.872906
2 0.605032 0.43496 0.0335953 0.0418611 0.872338
2 0.353244 0.519414 0.0322002 0.0477151 0.86764
2 0.340538 0.570032 0.0331591 0.0406002 0.864824
2 0.517807 0.3746 0.0286106 0.0396325 0.864634
2 0.358725 0.653624 0.0387847 0.0426523 0.861948
2 0.404323 0.574804 0.0333746 0.0407739 0.861833
2 0.467304 0.681664 0.0315464 0.0412943 0.860622
2 0.57647 0.470097 0.0289292 0.040745 0.859817
2 0.573603 0.42133 0.0324834 0.0465697 0.856795
2 0.376685 0.617025 0.0310393 0.0446609 0.852317
2 0.349022 0.442515 0.0326251 0.0396711 0.849137
2 0.612117 0.38797 0.0300848 0.0374393 0.847664
2 0.355367 0.403729 0.0331969 0.0407664 0.845514
2 0.468347 0.596043 0.030533 0.0427522 0.845261
2 0.441021 0.501792 0.035744 0.0489951 0.842306
2 0.602495 0.530696 0.0299731 0.0495812 0.841949
2 0.468092 0.549781 0.0381719 0.0455398 0.837566
2 0.549431 0.458757 0.0348894 0.0466782 0.830455
2 0.333652 0.695031 0.034283 0.0446717 0.825171
2 0.39775 0.706604 0.0324442 0.0445375 0.824971
2 0.373866 0.486275 0.0409858 0.0473985 0.823963
2 0.367314 0.700296 0.0329789 0.0438305 0.823368
2 0.378853 0.539212 0.0278946 0.0493978 0.797022
2 0.425832 0.631038 0.031016 0.0457601 0.794817
3 0.564517 0.596564 0.0329404 0.0449836 0.717652
3 0.59985 0.563075 0.0369546 0.0392716 0.71433
3 0.523262 0.719878 0.0340773 0.0518384 0.693917
3 0.462922 0.717718 0.0342192 0.0476864 0.684942
3 0.486634 0.371642 0.0299113 0.0531765 0.673022
3 0.431777 0.709462 0.035273 0.0524928 0.635306
3 0.529223 0.63589 0.0332072 0.046252 0.633971
3 0.56033 0.637317 0.034786 0.0452753 0.619824
3 0.498305 0.630199 0.0345055 0.0449209 0.607055
3 0.592458 0.682777 0.0388074 0.0435297 0.599504
3 0.44086 0.541943 0.0305371 0.0377385 0.595408
3 0.492871 0.717291 0.035573 0.0512983 0.591914
3 0.597748 0.600303 0.0402593 0.0449843 0.561573
3 0.497085 0.672612 0.0319902 0.0464146 0.558564
3 0.377294 0.573155 0.0281209 0.038966 0.548025
3 0.594444 0.641265 0.0395201 0.0467496 0.529258
3 0.405447 0.61758 0.0302734 0.0423685 0.52334
3 0.553349 0.727653 0.0340304 0.0491994 0.516749
3 0.587003 0.728596 0.0418299 0.0558992 0.483674
3 0.465956 0.629102 0.0346939 0.0392491 0.459717
3 0.543462 0.427718 0.029157 0.0357435 0.417887
3 0.452909 0.416011 0.0230675 0.0374603 0.386361
3 0.345024 0.481411 0.0304789 0.0347444 0.362246
3 0.329237 0.650644 0.0305232 0.03983 0.306217
3 0.348999 0.482217 0.0272079 0.0387821 0.280059
