0 0.504674 0.53879 0.325845 0.423649 0.981852
2 0.36417 0.638423 0.0401941 0.046318 0.940038
2 0.452171 0.441173 0.0292244 0.041407 0.935952
2 0.655116 0.401783 0.0349524 0.0473939 0.906427
2 0.484994 0.670504 0.0276093 0.0391055 0.89784
2 0.368799 0.550255 0.0321053 0.0419474 0.886292
2 0.631031 0.577911 0.0324899 0.0418087 0.883815
2 0.448748 0.704112 0.0286506 0.0432195 0.875318
2 0.400892 0.603689 0.0313928 0.0423709 0.845972
2 0.356954 0.681759 0.0348106 0.0434209 0.842536
2 0.647483 0.444975 0.0346326 0.0393641 0.839688
2 0.583792 0.435528 0.0317234 0.0393959 0.823346
2 0.371633 0.592218 0.0329199 0.0489888 0.820686
2 0.609925 0.695286 0.0401868 0.0407679 0.8185
2 0.405699 0.349525 0.0296301 0.0496708 0.808002
2 0.509724 0.714141 0.0325594 0.0468281 0.800151
2 0.382824 0.509169 0.0359645 0.0426521 0.798353
2 0.392162 0.677487 0.0326079 0.0575925 0.774835
2 0.508348 0.499043 0.030543 0.0391034 0.771082
2 0.546794 0.464141 0.0288168 0.0347543 0.770558
2 0.583659 0.398768 0.0316883 0.0389489 0.770023
2 0.633377 0.533685 0.0436013 0.0463001 0.769773
2 0.434866 0.345536 0.0285851 0.042101 0.757826
2 0.619985 0.659304 0.0340013 0.0419164 0.755669
2 0.642094 0.489401 0.0319299 0.0411021 0.74158
2 0.458115 0.392902 0.0302765 0.0406072 0.740271
2 0.623576 0.617438 0.030925 0.0423065 0.718853
2 0.529726 0.365653 0.0314861 0.0451294 0.709089
2 0.478312 0.710355 0.0295402 0.0470395 0.708868
2 0.560295 0.376475 0.0301806 0.0396519 0.699937
2 0.576305 0.727421 0.0286309 0.0447037 0.684466
2 0.444484 0.48484 0.0305872 0.0388315 0.678257
2 0.547664 0.429558 0.0272913 0.0333104 0.672731
2 0.614945 0.448631 0.0278334 0.0434867 0.672172
2 0.620595 0.391875 0.0337062 0.043085 0.668738
2 0.497065 0.373316 0.0312593 0.0484643 0.660906
2 0.498692 0.58545 0.0294333 0.0441055 0.650118
2 0.467965 0.521621 0.0360426 0.0433035 0.618304
2 0.419876 0.694556 0.0288843 0.0479763 0.615588
2 0.468412 0.351797 0.0300926 0.0425611 0.607633
2 0.607422 0.740076 0.0330667 0.0548416 0.547748
2 0.457176 0.660473 0.031926 0.0508723 0.543718
3 0.532463 0.544266 0.0295292 0.0412701 0.499422
2 0.513999 0.670032 0.0325479 0.0405463 0.492294
2 0.435479 0.569891 0.0300015 0.0464644 0.478085
2 0.547359 0.718616 0.0325247 0.0440705 0.469141
3 0.559555 0.595505 0.0332274 0.0444755 0.397968
2 0.489825 0.628337 0.0278356 0.0453715 0.384443
3 0.547374 0.676081 0.032651 0.0408089 0.3713
3 0.562611 0.553315 0.0329517 0.0415485 0.362356
3 0.433176 0.609292 0.0271084 0.0378614 0.345722
3 0.462146 0.613329 0.0309551 0.0438227 0.336616
3 0.57678 0.683162 0.0333895 0.0410823 0.332022
3 0.40582 0.556579 0.030497 0.0454625 0.33139
3 0.519574 0.626354 0.0334934 0.04898 0.329805
3 0.469443 0.565301 0.0323245 0.0469854 0.324084
2 0.426537 0.439131 0.0228086 0.0378752 0.316355
2 0.514195 0.462921 0.0277732 0.0361769 0.313993
2 0.616791 0.428312 0.0301061 0.0316888 0.298157
3 0.458382 0.658798 0.0313503 0.0499578 0.2843
3 0.504375 0.539127 0.0324797 0.0418667 0.283984
3 0.439396 0.520213 0.027701 0.0387202 0.282832
2 0.566808 0.384025 0.0276911 0.0384294 0.281188
3 0.419971 0.518699 0.0358254 0.0421854 0.275817
3 0.529306 0.586377 0.0313984 0.0405495 0.274938
3 0.594043 0.562943 0.0299789 0.0427364 0.266176
2 0.613488 0.436915 0.027692 0.0470936 0.253705
3 0.538291 0.504979 0.0302158 0.043593 0.25127
3 0.592509 0.588865 0.0317293 0.0534342 0.251118
0 0.495797 0.554706 0.312468 0.450379 0.920601
2 0.529065 0.36685 0.0293201 0.0411017 0.908638
2 0.498788 0.585477 0.0287069 0.0413989 0.902897
2 0.359279 0.681075 0.0309896 0.0432532 0.889264
2 0.507264 0.499784 0.0296443 0.0385661 0.887527
2 0.49635 0.373787 0.0309219 0.0470059 0.886827
2 0.485443 0.669245 0.0289871 0.0425471 0.885706
2 0.372461 0.592535 0.0331795 0.0456326 0.881116
2 0.443977 0.485057 0.0311087 0.0398145 0.877
2 0.64011 0.491264 0.033028 0.0405024 0.876487
2 0.621716 0.616988 0.0307042 0.0407569 0.876095
2 0.384964 0.508991 0.0380645 0.0431741 0.875967
2 0.58587 0.438111 0.0312287 0.0387794 0.874127
2 0.405093 0.352458 0.0303093 0.047525 0.873945
2 0.5606 0.37669 0.0277695 0.03676 0.873445
2 0.434326 0.344513 0.0269313 0.0376559 0.872794
2 0.628938 0.577766 0.0321336 0.0399066 0.872085
2 0.646492 0.445493 0.0303246 0.0392472 0.870813
2 0.369064 0.549615 0.031933 0.0402902 0.870234
2 0.625987 0.535407 0.0365799 0.0424422 0.870038
2 0.652378 0.404488 0.0339401 0.0410825 0.865994
2 0.456564 0.392146 0.0292361 0.039418 0.865615
2 0.617138 0.658551 0.0338263 0.0407966 0.865293
2 0.546506 0.46178 0.0282422 0.0368691 0.863539
2 0.363833 0.637559 0.035799 0.0429064 0.862094
2 0.615265 0.450811 0.0296846 0.0506517 0.861517
2 0.584166 0.399817 0.0346672 0.0421612 0.860453
2 0.399935 0.604328 0.0311456 0.0438976 0.860422
2 0.468859 0.521825 0.0382099 0.0434585 0.85775
2 0.434989 0.57087 0.0308124 0.0440906 0.853599
2 0.448906 0.702573 0.029022 0.0433202 0.846934
2 0.39206 0.673539 0.0335375 0.0501783 0.846878
2 0.452275 0.441263 0.0298799 0.0405372 0.845762
2 0.467117 0.354791 0.0286069 0.0418022 0.845734
2 0.606067 0.744213 0.0347694 0.0493864 0.838732
2 0.622967 0.39315 0.0304507 0.0408229 0.836343
2 0.606512 0.693751 0.0419406 0.0436315 0.832733
2 0.546533 0.716428 0.0341919 0.0456299 0.825063
2 0.420851 0.691038 0.0292718 0.046213 0.799036
2 0.47863 0.711471 0.0303511 0.0416641 0.786008
2 0.490916 0.627274 0.0296443 0.0423701 0.784229
3 0.490686 0.412859 0.0338343 0.0439111 0.733531
2 0.510954 0.713116 0.0316012 0.0478451 0.7068
2 0.57412 0.726742 0.0338809 0.0420758 0.703799
3 0.405806 0.557038 0.0342893 0.0451014 0.671049
3 0.50235 0.54123 0.035785 0.0455307 0.665057
3 0.582469 0.646264 0.0370925 0.0467275 0.645568
3 0.423392 0.437502 0.033109 0.0428027 0.638297
3 0.465942 0.573429 0.0370582 0.0494044 0.637763
3 0.589273 0.60513 0.0385015 0.0481622 0.629582
3 0.461107 0.615542 0.0356509 0.0473843 0.624748
3 0.428163 0.39626 0.0339287 0.0446586 0.617844
3 0.563462 0.557904 0.0350466 0.0483124 0.616086
3 0.479868 0.493496 0.0318981 0.0432772 0.595988
3 0.528762 0.588815 0.0373431 0.0495223 0.591815
3 0.43114 0.608361 0.0338935 0.0433807 0.587831
3 0.39821 0.432561 0.027596 0.0391821 0.5783
3 0.593527 0.564143 0.0368123 0.0464247 0.577368
3 0.513127 0.459881 0.0294525 0.0407967 0.573602
3 0.516088 0.670799 0.033284 0.045754 0.573346
3 0.575497 0.477991 0.0353947 0.0438438 0.571713
3 0.483953 0.454468 0.0339381 0.0419705 0.571411
3 0.442387 0.522933 0.02876 0.0442491 0.56942
3 0.59933 0.522922 0.0356487 0.0417634 0.561482
3 0.607127 0.487767 0.0335521 0.0395564 0.552044
3 0.412589 0.517719 0.039236 0.0485215 0.545163
3 0.546071 0.675314 0.034771 0.0418555 0.536137
3 0.425246 0.648431 0.035385 0.0466958 0.534498
3 0.557885 0.597141 0.0352 0.0476647 0.532704
3 0.39689 0.639912 0.0315385 0.0366881 0.530678
3 0.538822 0.508415 0.0384811 0.0448538 0.529139
3 0.521014 0.629147 0.0360942 0.0467185 0.511042
3 0.455029 0.656936 0.0339972 0.0508499 0.508572
3 0.401465 0.393479 0.0330489 0.0418241 0.499306
3 0.551247 0.638667 0.0361192 0.0486727 0.497819
3 0.47889 0.48693 0.0323834 0.0346956 0.487268
3 0.569145 0.516418 0.0363099 0.0464547 0.480867
3 0.634364 0.743074 0.0238927 0.0386851 0.467677
3 0.533103 0.548823 0.0346172 0.0460133 0.466326
3 0.518887 0.418565 0.0311663 0.045453 0.410683
2 0.548493 0.425809 0.03283 0.0399979 0.403855
3 0.577238 0.685807 0.0344364 0.0451357 0.387995
3 0.383193 0.467309 0.0459776 0.0420037 0.354616
3 0.58249 0.480214 0.0496046 0.0483041 0.294452
