0 0.504866 0.539733 0.326409 0.423322 0.98378
2 0.451933 0.440954 0.0295881 0.0417753 0.950971
2 0.36431 0.638601 0.0396482 0.0462257 0.938221
2 0.655026 0.401861 0.0346482 0.0474289 0.903899
2 0.630882 0.577985 0.0330499 0.0420085 0.896371
2 0.400579 0.60351 0.0308871 0.0417694 0.862554
2 0.368779 0.550554 0.032656 0.0416684 0.859776
2 0.371476 0.592442 0.0324077 0.0484849 0.853659
2 0.448809 0.703978 0.0281636 0.0428452 0.852973
2 0.608694 0.695382 0.0380019 0.0406614 0.828019
2 0.647536 0.445127 0.034621 0.0394 0.826621
2 0.358469 0.681715 0.0321915 0.0432759 0.824135
2 0.583726 0.435722 0.0321508 0.0383311 0.819162
2 0.405418 0.350037 0.0292411 0.0490622 0.815633
2 0.383026 0.509231 0.0362323 0.043217 0.788856
2 0.546604 0.463906 0.0289793 0.0348542 0.788479
2 0.508351 0.49883 0.0307362 0.0390133 0.785181
2 0.392332 0.677402 0.032706 0.0571579 0.781435
2 0.458292 0.393218 0.0307049 0.0404135 0.772815
2 0.620197 0.6592 0.0338173 0.0428078 0.772098
2 0.583969 0.398912 0.0316349 0.038812 0.765098
2 0.642125 0.489492 0.0318391 0.0410711 0.758723
2 0.632938 0.534143 0.0420314 0.0459054 0.741107
2 0.623546 0.61762 0.0308286 0.0420121 0.733997
2 0.509521 0.715058 0.0305668 0.0476611 0.727726
2 0.560292 0.376516 0.0298853 0.0395448 0.725725
2 0.547503 0.429593 0.0272584 0.032714 0.717257
2 0.529533 0.365869 0.0312002 0.0453139 0.715395
2 0.478454 0.710236 0.0298117 0.0469183 0.713151
2 0.434782 0.345627 0.0286492 0.0418995 0.7039
2 0.620213 0.392102 0.0329346 0.0450569 0.694496
3 0.497756 0.578325 0.0320738 0.0426237 0.68121
2 0.576306 0.727562 0.0288256 0.0448451 0.672431
2 0.444438 0.484821 0.0305685 0.0388513 0.668581
2 0.615003 0.447892 0.0275152 0.0445527 0.648505
2 0.497264 0.373467 0.0305854 0.0479771 0.645532
2 0.351979 0.680106 0.0444184 0.0428044 0.614603
2 0.468371 0.351802 0.0303759 0.0441851 0.600448
2 0.467913 0.521814 0.0362591 0.0432446 0.595143
2 0.420394 0.693604 0.0295047 0.0516329 0.545252
3 0.532853 0.544418 0.0301765 0.0412865 0.540854
2 0.435634 0.569373 0.0299461 0.0465619 0.52806
2 0.607543 0.740374 0.0326853 0.0544301 0.520185
3 0.49344 0.620742 0.0322047 0.044455 0.483808
3 0.559829 0.594996 0.0330489 0.0443665 0.45176
3 0.522616 0.625964 0.036655 0.0474643 0.424412
2 0.546958 0.71913 0.0322795 0.0436912 0.422739
3 0.527688 0.58433 0.0344161 0.0412482 0.418254
3 0.562575 0.55284 0.0327875 0.0412011 0.409744
2 0.363015 0.593024 0.0422778 0.0472961 0.409644
3 0.463787 0.614242 0.0326912 0.0426437 0.403761
3 0.468363 0.571051 0.0308792 0.0454838 0.37594
2 0.426528 0.439532 0.0223517 0.0380977 0.375078
2 0.616664 0.432384 0.0298748 0.0363918 0.370521
3 0.54832 0.677101 0.0303865 0.0398133 0.359907
3 0.406059 0.55674 0.0301885 0.0454917 0.356098
3 0.576843 0.683525 0.0326731 0.0406517 0.345143
3 0.419521 0.518294 0.0347433 0.0418193 0.342791
3 0.594275 0.562919 0.0307432 0.0428454 0.325202
3 0.433145 0.609706 0.0264528 0.0380127 0.324945
3 0.501601 0.557883 0.035769 0.0742902 0.315524
2 0.562423 0.381171 0.0272518 0.0403044 0.314962
2 0.504386 0.71254 0.0390031 0.0493486 0.313758
3 0.556543 0.607384 0.0328736 0.0535781 0.312689
2 0.513469 0.462778 0.027576 0.0358977 0.309406
3 0.554687 0.637045 0.0334747 0.0417811 0.305727
3 0.439934 0.519784 0.0275383 0.0382264 0.298035
2 0.429534 0.398936 0.0284019 0.0405713 0.296243
3 0.592358 0.588947 0.0321466 0.0535169 0.289879
2 0.495926 0.712395 0.0365148 0.0484772 0.288908
3 0.584291 0.643985 0.0332487 0.0437919 0.279612
3 0.444322 0.520561 0.0248087 0.0385586 0.271997
3 0.421321 0.477813 0.0257649 0.0402535 0.271971
3 0.397657 0.637539 0.0276608 0.0326676 0.267713
3 0.507704 0.580519 0.0339092 0.042774 0.26415
3 0.538618 0.504772 0.0302149 0.0430274 0.263448
2 0.613965 0.43898 0.0279961 0.0483688 0.262151
2 0.456539 0.659973 0.0320414 0.0494341 0.256997
3 0.457571 0.658489 0.0303328 0.0482493 0.255384
3 0.5037 0.539013 0.0318327 0.0412577 0.254559
2 0.485983 0.452813 0.0258935 0.0364795 0.253595
