0 0.504904 0.540909 0.325643 0.426316 0.983786
2 0.364041 0.638422 0.0407429 0.0469882 0.939094
2 0.452195 0.441077 0.0290041 0.0414052 0.919634
2 0.655353 0.401407 0.0353219 0.0480994 0.91168
2 0.484907 0.670516 0.0276148 0.0391009 0.890655
2 0.368758 0.549918 0.032149 0.0423475 0.871693
2 0.448827 0.703823 0.0286411 0.0434038 0.868837
2 0.400513 0.603623 0.0305565 0.0415039 0.859509
2 0.630892 0.577055 0.0322234 0.0413246 0.847601
2 0.591594 0.600813 0.0319177 0.047226 0.846032
2 0.64725 0.444854 0.0342807 0.0395376 0.845929
2 0.356326 0.681622 0.0362372 0.043529 0.833338
2 0.583638 0.436105 0.0326554 0.0392593 0.824036
2 0.371732 0.592287 0.033205 0.0489297 0.821558
2 0.509599 0.713976 0.0323635 0.0464452 0.816256
2 0.622814 0.617119 0.0324772 0.0423133 0.808103
2 0.609977 0.695458 0.0407156 0.0408596 0.804429
2 0.546594 0.464109 0.0293281 0.0345011 0.798024
2 0.382695 0.509033 0.0364237 0.0426691 0.79319
2 0.392185 0.676675 0.0326308 0.0563671 0.788914
2 0.50851 0.499001 0.030917 0.03877 0.785814
2 0.405388 0.349289 0.0295189 0.0500235 0.783801
2 0.632966 0.533742 0.0432343 0.0455975 0.777261
2 0.642346 0.489578 0.0322063 0.0413509 0.77472
2 0.583617 0.398941 0.0321159 0.0389543 0.75979
2 0.43475 0.345898 0.0289784 0.0413978 0.745376
2 0.458387 0.393288 0.0306805 0.0407992 0.739002
2 0.547546 0.429666 0.0275295 0.0332236 0.721801
2 0.614927 0.447489 0.0281637 0.0458793 0.714463
2 0.620123 0.658354 0.0337875 0.0425473 0.711213
2 0.497915 0.586142 0.0297034 0.0446387 0.707628
2 0.52971 0.36578 0.0310824 0.0449556 0.701836
2 0.560294 0.602469 0.0278549 0.0381133 0.693542
2 0.477999 0.709826 0.0295957 0.0471134 0.687876
2 0.444425 0.484778 0.0303233 0.0383681 0.687499
2 0.56034 0.376169 0.0297695 0.0394652 0.680653
2 0.497081 0.37299 0.0314142 0.0495737 0.668297
2 0.575791 0.728701 0.0302755 0.0472784 0.662417
2 0.620259 0.391742 0.0337059 0.0452179 0.651544
2 0.467944 0.522026 0.0359205 0.0436424 0.611941
2 0.420143 0.695331 0.0301399 0.0495886 0.611132
2 0.607247 0.740256 0.0334843 0.0548846 0.607903
2 0.528467 0.591259 0.0310693 0.0437087 0.588482
2 0.436025 0.569559 0.0306324 0.0465306 0.550906
2 0.468599 0.351887 0.0302112 0.0429594 0.547029
2 0.456816 0.660242 0.0327122 0.0510628 0.527562
2 0.490521 0.628321 0.0292761 0.0454834 0.527235
2 0.514327 0.669864 0.0339357 0.0412393 0.505041
3 0.51953 0.631499 0.0327127 0.0392695 0.478264
3 0.574154 0.682478 0.0294714 0.0412918 0.440908
3 0.547141 0.675824 0.031967 0.0411763 0.434
2 0.426752 0.43899 0.0230299 0.0387423 0.39125
2 0.54612 0.718266 0.0323286 0.0463524 0.384635
3 0.580402 0.643411 0.030756 0.0432268 0.376416
3 0.533267 0.544662 0.0299511 0.0414722 0.373216
2 0.616324 0.433562 0.030177 0.0408782 0.365376
3 0.461965 0.613172 0.0312498 0.0442057 0.335602
2 0.514072 0.462833 0.0271574 0.0361146 0.333983
3 0.553728 0.636677 0.0346628 0.0382808 0.326035
3 0.433317 0.609747 0.026889 0.0379514 0.319953
3 0.563613 0.557024 0.0325106 0.0463501 0.319744
3 0.405772 0.556521 0.0312148 0.0457634 0.300438
3 0.440729 0.519796 0.0279242 0.0384332 0.287917
2 0.568655 0.385642 0.0279471 0.0372584 0.287456
3 0.457976 0.658864 0.032163 0.0504273 0.285699
3 0.419161 0.518134 0.0342533 0.0424271 0.27452
3 0.46968 0.564744 0.0319693 0.0459802 0.273316
3 0.39788 0.637531 0.0281184 0.0330813 0.253521
