0 0.485355 0.600393 0.312121 0.409584 0.979599
2 0.612989 0.51137 0.0305866 0.0399311 0.97212
2 0.613835 0.551974 0.0312563 0.0435202 0.936686
2 0.608168 0.732806 0.0309498 0.0424853 0.906404
2 0.448745 0.726578 0.0305737 0.0453156 0.903793
2 0.607643 0.776613 0.0327709 0.046936 0.896861
2 0.581309 0.515751 0.0325254 0.0400625 0.89497
2 0.618133 0.429951 0.0302321 0.0414384 0.894899
2 0.388605 0.495478 0.0300852 0.0450769 0.885216
2 0.389419 0.545376 0.0341121 0.0422661 0.876175
2 0.428132 0.415751 0.028511 0.0387589 0.873816
2 0.415754 0.724457 0.0286164 0.0434064 0.869931
2 0.605641 0.690165 0.0327673 0.0475888 0.869388
2 0.573625 0.733506 0.0327881 0.0449725 0.858488
2 0.386903 0.589464 0.0305251 0.0398805 0.848896
2 0.617479 0.472155 0.0309278 0.0388672 0.843759
2 0.413657 0.765905 0.0291519 0.0410837 0.834845
2 0.355201 0.548126 0.0335283 0.042457 0.827704
2 0.380446 0.761901 0.0323869 0.0471486 0.823714
2 0.550717 0.51402 0.0264816 0.0389202 0.822136
2 0.418901 0.679339 0.030629 0.0418005 0.817208
2 0.359665 0.674909 0.0315426 0.0475136 0.810394
2 0.365398 0.626852 0.037248 0.0436307 0.808743
2 0.352085 0.589211 0.0335559 0.0400711 0.801805
2 0.388251 0.686668 0.028861 0.0415713 0.801036
2 0.445389 0.768728 0.0312596 0.043912 0.795153
2 0.480557 0.761401 0.0349377 0.050201 0.79229
2 0.492579 0.47453 0.0314768 0.0515516 0.788283
3 0.516365 0.594271 0.0326313 0.0419454 0.78378
2 0.58418 0.469619 0.0311413 0.0420966 0.783503
2 0.394423 0.639946 0.0324603 0.0497927 0.770491
2 0.587193 0.426562 0.0302048 0.0397075 0.766563
2 0.395605 0.415767 0.0293358 0.0379576 0.764561
2 0.395399 0.455123 0.0299543 0.0375997 0.764547
2 0.609531 0.643052 0.0356033 0.0458296 0.762828
3 0.425078 0.545298 0.034693 0.0421948 0.759246
2 0.448277 0.684263 0.0281223 0.0420371 0.75449
2 0.458547 0.429349 0.0325121 0.0505464 0.743877
2 0.583056 0.556355 0.0287332 0.038171 0.742223
2 0.606043 0.593711 0.0342667 0.0420924 0.735885
2 0.48406 0.715969 0.0341179 0.0439987 0.735216
2 0.356925 0.46399 0.0305564 0.0386969 0.731666
3 0.455497 0.631756 0.0298033 0.0431564 0.730864
2 0.485655 0.675695 0.0296806 0.0390632 0.726634
2 0.518272 0.437801 0.0354403 0.0444403 0.716763
2 0.362957 0.718637 0.0347376 0.0423465 0.704867
3 0.518583 0.553015 0.0329605 0.0433978 0.699175
2 0.492564 0.419908 0.0291464 0.0425224 0.668034
2 0.481751 0.55921 0.0323647 0.0469506 0.664122
2 0.357668 0.503612 0.0362465 0.0422508 0.662937
3 0.518625 0.511303 0.0327982 0.0391527 0.658506
2 0.574039 0.692877 0.0288293 0.0401008 0.654206
2 0.554885 0.425096 0.0296403 0.0418302 0.650184
3 0.48414 0.633946 0.0294399 0.0417621 0.646846
2 0.55092 0.596465 0.0288299 0.0400368 0.63778
2 0.348527 0.760202 0.0313747 0.0447437 0.632023
3 0.45669 0.587623 0.0256955 0.0385971 0.618366
3 0.544877 0.637733 0.0298328 0.0412873 0.603879
2 0.421805 0.505685 0.0322102 0.0385127 0.595863
2 0.522988 0.475475 0.0270474 0.0350033 0.595847
2 0.552468 0.55633 0.0293161 0.0393448 0.590288
3 0.424022 0.633324 0.0318884 0.0509081 0.585453
2 0.462254 0.515974 0.029958 0.046807 0.56881
3 0.516862 0.612592 0.0335717 0.0731653 0.566963
2 0.364172 0.419544 0.0370155 0.0498229 0.566417
2 0.539421 0.691157 0.0322446 0.0495475 0.561198
3 0.425094 0.587945 0.0345886 0.0409055 0.551227
3 0.515549 0.6359 0.0314622 0.0408231 0.545871
2 0.573498 0.775072 0.029704 0.0464327 0.536096
2 0.577735 0.614893 0.0258427 0.0342354 0.533431
3 0.458674 0.550318 0.0250334 0.0360626 0.511365
3 0.539672 0.726006 0.0290959 0.0302086 0.500073
3 0.516056 0.582936 0.0353175 0.0637878 0.498496
3 0.538462 0.769339 0.031443 0.0547287 0.477576
3 0.484623 0.596238 0.0288944 0.0346202 0.461605
2 0.519633 0.455973 0.0331653 0.0658626 0.451041
3 0.513012 0.679676 0.0287066 0.0425361 0.427037
3 0.510457 0.767809 0.0275599 0.0566145 0.426485
2 0.573435 0.650547 0.0312586 0.0430596 0.422101
3 0.49048 0.509793 0.0296579 0.0391426 0.391516
3 0.428997 0.464715 0.0291243 0.0418167 0.389789
2 0.577523 0.588948 0.0244282 0.0307552 0.38511
2 0.368574 0.632611 0.0394045 0.0529137 0.37983
2 0.580912 0.566323 0.0286074 0.0463355 0.377102
3 0.512352 0.718793 0.0283443 0.0401014 0.375232
3 0.539215 0.732404 0.0305045 0.0404176 0.368047
2 0.423408 0.724565 0.0389004 0.0469498 0.367984
2 0.548917 0.475349 0.025079 0.0363102 0.358586
3 0.489413 0.512471 0.0232227 0.034701 0.354744
3 0.451131 0.588389 0.0394536 0.0424236 0.350329
3 0.428554 0.443109 0.0274641 0.0212168 0.339347
3 0.423259 0.524184 0.0352149 0.0743575 0.328041
3 0.544381 0.646683 0.0315654 0.0533635 0.312738
2 0.476806 0.676941 0.0404442 0.0460518 0.285178
2 0.392411 0.487996 0.0341614 0.0445347 0.274887
3 0.388806 0.722313 0.0273007 0.0352331 0.270105
3 0.638856 0.641171 0.024164 0.043874 0.269469
2 0.391376 0.682831 0.0291297 0.0410494 0.260452
