0 0.50488 0.539331 0.325754 0.426285 0.981955
2 0.384351 0.425845 0.0318537 0.040809 0.936088
2 0.36405 0.639196 0.0395143 0.046004 0.927403
2 0.399831 0.604613 0.0297229 0.0417552 0.921588
2 0.655157 0.401989 0.0344368 0.0467772 0.899393
2 0.630967 0.578203 0.0327725 0.0410479 0.89436
2 0.508458 0.497425 0.030345 0.0386159 0.881131
2 0.647774 0.444369 0.0332913 0.037715 0.869909
2 0.358059 0.682168 0.0325214 0.0427348 0.862245
2 0.369385 0.550743 0.0322367 0.0412646 0.860299
2 0.448713 0.703865 0.0283131 0.043292 0.858183
2 0.379796 0.468827 0.0371003 0.0408617 0.855263
2 0.371564 0.59289 0.032144 0.0492529 0.84352
2 0.609363 0.694811 0.0395327 0.0415327 0.841096
2 0.384163 0.509582 0.0347429 0.0418465 0.834026
2 0.399468 0.342099 0.0356216 0.04996 0.831526
2 0.547099 0.463529 0.0288168 0.0341508 0.819985
2 0.584553 0.436017 0.0310727 0.0374936 0.819259
2 0.632872 0.534442 0.0411386 0.0462272 0.799374
2 0.624162 0.618245 0.03139 0.0421616 0.7851
2 0.400563 0.390538 0.0273171 0.0365509 0.776931
2 0.620344 0.659478 0.0335818 0.0418925 0.775721
2 0.641817 0.489444 0.0307711 0.0403798 0.7722
2 0.615223 0.449922 0.027961 0.0428028 0.77153
2 0.468769 0.521073 0.0336351 0.0427256 0.769493
2 0.584068 0.399055 0.0313568 0.0382916 0.767882
2 0.392543 0.677036 0.0325325 0.0569661 0.763824
2 0.529306 0.365821 0.0319112 0.045478 0.760652
2 0.433635 0.346815 0.0283644 0.0383204 0.738742
2 0.560321 0.376014 0.0292922 0.0393122 0.732152
2 0.465271 0.35127 0.0293054 0.0412476 0.718256
2 0.478992 0.710102 0.0300929 0.0468872 0.693237
2 0.621471 0.39205 0.031778 0.0433743 0.682242
2 0.547917 0.429282 0.0275198 0.0332506 0.672278
2 0.352883 0.680829 0.0454544 0.0426011 0.672094
2 0.576748 0.727864 0.0269542 0.0415427 0.665507
2 0.491821 0.372888 0.0300296 0.0439158 0.664741
2 0.509791 0.714957 0.0308738 0.0483564 0.658265
2 0.42055 0.693987 0.0281474 0.0471756 0.608837
3 0.497901 0.578847 0.0323705 0.0424688 0.576421
2 0.436442 0.569495 0.0301895 0.0460431 0.536635
2 0.462736 0.407173 0.0262789 0.0332897 0.526015
2 0.607552 0.740618 0.0329937 0.0539154 0.520685
3 0.559764 0.595212 0.0330034 0.0440801 0.454327
2 0.547197 0.718614 0.0315013 0.0448151 0.425867
3 0.562781 0.553444 0.0320343 0.0404238 0.416087
3 0.493435 0.620844 0.0311014 0.0434949 0.405008
3 0.533154 0.545255 0.0292135 0.041438 0.400472
3 0.526803 0.584902 0.0328721 0.0399729 0.358865
3 0.523918 0.624476 0.0377506 0.0508842 0.357039
2 0.429432 0.438717 0.0255276 0.0409659 0.334054
2 0.617378 0.425583 0.0286521 0.0258425 0.325564
3 0.463177 0.614092 0.0306184 0.0424738 0.314673
2 0.393679 0.422357 0.0275255 0.0377888 0.305039
3 0.556571 0.606307 0.0328297 0.052725 0.303251
2 0.35743 0.59333 0.0332557 0.0472518 0.296648
3 0.468592 0.570985 0.0289759 0.0451453 0.296505
3 0.593713 0.562968 0.0294235 0.0423139 0.293961
3 0.433345 0.609297 0.0267578 0.0375312 0.282801
3 0.574739 0.684202 0.0305517 0.0409871 0.280486
3 0.592485 0.589796 0.0311205 0.0485987 0.27816
3 0.548527 0.677607 0.0295958 0.0393087 0.270622
3 0.397537 0.638344 0.0273452 0.0320366 0.269658
2 0.458875 0.444667 0.0236544 0.0367351 0.26891
2 0.513325 0.462171 0.0268381 0.0349579 0.267234
3 0.406078 0.556508 0.0304291 0.0451724 0.264308
3 0.554683 0.63754 0.0332623 0.0418421 0.262976
2 0.495603 0.712229 0.0406047 0.0488296 0.262897
3 0.510692 0.581383 0.0306671 0.0418203 0.259961
2 0.565521 0.3837 0.0248646 0.0364244 0.259515
