0 0.476703 0.540219 0.311236 0.411538 0.986483
2 0.356343 0.517624 0.0326371 0.0483145 0.92706
2 0.404773 0.661416 0.0334798 0.0459821 0.907228
2 0.35186 0.612605 0.034173 0.0485092 0.906229
2 0.479031 0.451645 0.0292179 0.0393365 0.896484
2 0.544641 0.505231 0.0291066 0.0396803 0.886317
2 0.47839 0.406578 0.0347247 0.0448279 0.881245
2 0.401104 0.704491 0.0321463 0.0438258 0.863557
2 0.602199 0.631191 0.0291372 0.0404755 0.858807
2 0.346322 0.570705 0.0338243 0.0428093 0.858107
2 0.449048 0.447913 0.0299795 0.0395396 0.851424
2 0.41491 0.485753 0.0321847 0.0389422 0.849832
2 0.484468 0.362513 0.0286895 0.0421661 0.840048
2 0.610715 0.464631 0.0313496 0.0400322 0.838076
2 0.610033 0.419764 0.0318993 0.0460423 0.823087
2 0.376758 0.481807 0.033641 0.0405091 0.818919
2 0.469907 0.71009 0.0299295 0.0451047 0.80207
2 0.416096 0.442913 0.0305222 0.0386558 0.787592
2 0.421208 0.397436 0.027883 0.0399429 0.779988
2 0.51782 0.365827 0.0283018 0.0399553 0.779267
2 0.510446 0.540077 0.0303001 0.0412141 0.774209
2 0.423892 0.357849 0.0283228 0.0400963 0.770289
2 0.455465 0.374111 0.03219 0.0486945 0.767484
2 0.514719 0.496889 0.0272843 0.0384565 0.756484
2 0.478823 0.492973 0.0297384 0.0382299 0.756443
2 0.504105 0.708199 0.0341427 0.0496927 0.748605
2 0.537609 0.46494 0.027729 0.0391088 0.74645
2 0.545443 0.589459 0.0320196 0.0440609 0.744432
2 0.612432 0.375775 0.035817 0.0436898 0.74208
2 0.435295 0.666571 0.0294085 0.0423163 0.737103
2 0.507566 0.58166 0.0330168 0.0400996 0.729306
2 0.431572 0.61637 0.0413033 0.0427948 0.726594
2 0.517204 0.411588 0.0295996 0.0395724 0.724785
2 0.40954 0.574459 0.0330937 0.0424134 0.714892
2 0.442949 0.57554 0.0318024 0.0417488 0.702637
2 0.35684 0.402799 0.0333618 0.0396496 0.702045
2 0.542587 0.54671 0.0315218 0.0424582 0.697799
3 0.570793 0.543267 0.0296639 0.0391277 0.692132
2 0.391684 0.358 0.0275755 0.0380117 0.684667
2 0.467164 0.669469 0.0297894 0.0410761 0.679454
3 0.449871 0.490096 0.0294537 0.0397741 0.65144
2 0.384211 0.540469 0.028688 0.044105 0.647978
2 0.545593 0.634691 0.0348903 0.0483116 0.633258
2 0.551509 0.384709 0.0353228 0.0404708 0.604656
2 0.432699 0.707546 0.0310263 0.0434331 0.599165
2 0.469417 0.627648 0.0305521 0.0461757 0.588398
2 0.41378 0.532661 0.0317754 0.0429398 0.587261
2 0.472022 0.544942 0.0347973 0.050044 0.56936
2 0.579014 0.582253 0.0364054 0.0440923 0.558201
3 0.447278 0.530195 0.0301978 0.0381295 0.556912
2 0.36125 0.363638 0.0325273 0.0433517 0.556308
2 0.568001 0.686217 0.0350908 0.04043 0.540577
2 0.572781 0.649822 0.0309704 0.0407968 0.540541
3 0.474756 0.582839 0.0292172 0.0368711 0.534721
2 0.577852 0.408853 0.0323683 0.0453467 0.529928
2 0.509542 0.632238 0.0360948 0.059863 0.52497
2 0.536783 0.681624 0.0260769 0.0417154 0.518109
3 0.563235 0.721884 0.0334245 0.0394342 0.515611
2 0.382196 0.615795 0.0324773 0.049097 0.507223
3 0.573142 0.465139 0.0313342 0.039021 0.506108
2 0.354648 0.443049 0.0292525 0.0400873 0.504157
3 0.603674 0.581179 0.0345851 0.0456049 0.502443
2 0.597199 0.683231 0.0303963 0.0465431 0.493143
3 0.54422 0.423344 0.028658 0.0358884 0.47147
2 0.368025 0.663335 0.0400561 0.0501408 0.457674
3 0.380459 0.571917 0.0284382 0.0348626 0.456251
3 0.536644 0.717291 0.027093 0.0419159 0.453513
3 0.571853 0.503575 0.0276686 0.0390147 0.450271
2 0.603686 0.516226 0.0325365 0.0479913 0.414803
3 0.407889 0.617212 0.0329464 0.0457461 0.404863
3 0.607233 0.587643 0.0314642 0.0478409 0.382869
3 0.401964 0.616107 0.0319788 0.0440699 0.365066
3 0.571385 0.53394 0.031382 0.0558831 0.360226
2 0.529936 0.416259 0.0235697 0.0393028 0.35569
3 0.50825 0.671457 0.0303208 0.0313525 0.353673
2 0.468735 0.540553 0.0455872 0.0502016 0.351317
2 0.384554 0.529194 0.0285546 0.0545838 0.351013
2 0.513928 0.460162 0.0276174 0.0372031 0.335462
2 0.359796 0.479447 0.0326855 0.0361925 0.329294
2 0.384538 0.444066 0.0307776 0.036416 0.316273
3 0.435969 0.531537 0.0423851 0.0415705 0.306991
2 0.451739 0.412441 0.0245512 0.0345011 0.289155
3 0.637683 0.576365 0.0304607 0.0453343 0.288353
3 0.470277 0.626487 0.031439 0.048369 0.276627
3 0.500232 0.669543 0.0273139 0.0340714 0.270006
2 0.34878 0.584169 0.0378008 0.0418214 0.258802
2 0.597649 0.373966 0.0431548 0.0451447 0.253323
2 0.384799 0.562697 0.026663 0.0493307 0.253177
