0 0.504674 0.53879 0.325845 0.423649 0.981852
2 0.36417 0.638423 0.0401941 0.046318 0.940038
2 0.452171 0.441173 0.0292244 0.041407 0.935952
2 0.655116 0.401783 0.0349524 0.0473939 0.906427
2 0.484994 0.670504 0.0276093 0.0391055 0.89784
2 0.368799 0.550255 0.0321053 0.0419474 0.886292
2 0.631031 0.577911 0.0324899 0.0418087 0.883815
2 0.448748 0.704112 0.0286506 0.0432195 0.875318
2 0.400892 0.603689 0.0313928 0.0423709 0.845972
2 0.356954 0.681759 0.0348106 0.0434209 0.842536
2 0.647483 0.444975 0.0346326 0.0393641 0.839688
2 0.583792 0.435528 0.0317234 0.0393959 0.823346
2 0.371633 0.592218 0.0329199 0.0489888 0.820686
2 0.609925 0.695286 0.0401868 0.0407679 0.8185
2 0.405699 0.349525 0.0296301 0.0496708 0.808002
2 0.509724 0.714141 0.0325594 0.0468281 0.800151
2 0.382824 0.509169 0.0359645 0.0426521 0.798353
2 0.392162 0.677487 0.0326079 0.0575925 0.774835
2 0.508348 0.499043 0.030543 0.0391034 0.771082
2 0.546794 0.464141 0.0288168 0.0347543 0.770558
2 0.583659 0.398768 0.0316883 0.0389489 0.770023
2 0.633377 0.533685 0.0436013 0.0463001 0.769773
2 0.434866 0.345536 0.0285851 0.042101 0.757826
2 0.619985 0.659304 0.0340013 0.0419164 0.755669
2 0.642094 0.489401 0.0319299 0.0411021 0.74158
2 0.458115 0.392902 0.0302765 0.0406072 0.740271
2 0.623576 0.617438 0.030925 0.0423065 0.718853
2 0.529726 0.365653 0.0314861 0.0451294 0.709089
2 0.478312 0.710355 0.0295402 0.0470395 0.708868
2 0.560295 0.376475 0.0301806 0.0396519 0.699937
2 0.576305 0.727421 0.0286309 0.0447037 0.684466
2 0.444484 0.48484 0.0305872 0.0388315 0.678257
2 0.547664 0.429558 0.0272913 0.0333104 0.672731
2 0.614945 0.448631 0.0278334 0.0434867 0.672172
2 0.620595 0.391875 0.0337062 0.043085 0.668738
2 0.497065 0.373316 0.0312593 0.0484643 0.660906
2 0.498692 0.58545 0.0294333 0.0441055 0.650118
2 0.467965 0.521621 0.0360426 0.0433035 0.618304
2 0.419876 0.694556 0.0288843 0.0479763 0.615588
2 0.468412 0.351797 0.0300926 0.0425611 0.607633
2 0.607422 0.740076 0.0330667 0.0548416 0.547748
2 0.457176 0.660473 0.031926 0.0508723 0.543718
3 0.532463 0.544266 0.0295292 0.0412701 0.499422
2 0.513999 0.670032 0.0325479 0.0405463 0.492294
2 0.435479 0.569891 0.0300015 0.0464644 0.478085
2 0.547359 0.718616 0.0325247 0.0440705 0.469141
3 0.559555 0.595505 0.0332274 0.0444755 0.397968
2 0.489825 0.628337 0.0278356 0.0453715 0.384443
3 0.547374 0.676081 0.032651 0.0408089 0.3713
3 0.562611 0.553315 0.0329517 0.0415485 0.362356
3 0.433176 0.609292 0.0271084 0.0378614 0.345722
3 0.462146 0.613329 0.0309551 0.0438227 0.336616
3 0.57678 0.683162 0.0333895 0.0410823 0.332022
3 0.40582 0.556579 0.030497 0.0454625 0.33139
3 0.519574 0.626354 0.0334934 0.04898 0.329805
3 0.469443 0.565301 0.0323245 0.0469854 0.324084
2 0.426537 0.439131 0.0228086 0.0378752 0.316355
2 0.514195 0.462921 0.0277732 0.0361769 0.313993
2 0.616791 0.428312 0.0301061 0.0316888 0.298157
3 0.458382 0.658798 0.0313503 0.0499578 0.2843
3 0.504375 0.539127 0.0324797 0.0418667 0.283984
3 0.439396 0.520213 0.027701 0.0387202 0.282832
2 0.566808 0.384025 0.0276911 0.0384294 0.281188
3 0.419971 0.518699 0.0358254 0.0421854 0.275817
3 0.529306 0.586377 0.0313984 0.0405495 0.274938
3 0.594043 0.562943 0.0299789 0.0427364 0.266176
2 0.613488 0.436915 0.027692 0.0470936 0.253705
3 0.538291 0.504979 0.0302158 0.043593 0.25127
3 0.592509 0.588865 0.0317293 0.0534342 0.251118
