0 0.476956 0.537365 0.312844 0.409123 0.978651
2 0.417871 0.401944 0.0288758 0.0395351 0.929434
2 0.352829 0.518596 0.0359279 0.046382 0.923456
2 0.404165 0.574924 0.0331192 0.0401204 0.897354
2 0.341615 0.570675 0.0369548 0.0430557 0.878005
2 0.606638 0.47727 0.0310616 0.0401232 0.87316
2 0.539595 0.505711 0.0286916 0.0411059 0.872273
2 0.448583 0.453433 0.0292538 0.0367911 0.866207
2 0.50497 0.545776 0.0289969 0.0413583 0.860958
2 0.346996 0.610969 0.0337967 0.0446569 0.859742
2 0.514304 0.460521 0.0324751 0.0393093 0.839413
2 0.372697 0.484408 0.036706 0.0417042 0.826838
2 0.57599 0.47234 0.0283943 0.0396929 0.825809
2 0.605303 0.433843 0.0367829 0.0467122 0.823844
2 0.348065 0.442596 0.0321663 0.0392196 0.81851
2 0.468214 0.596156 0.0330763 0.0481094 0.813121
2 0.382482 0.443496 0.0325802 0.0393945 0.811661
2 0.387844 0.401588 0.0313753 0.0434361 0.807968
2 0.47799 0.497618 0.0303532 0.0404778 0.805256
2 0.33162 0.695573 0.0334407 0.0474312 0.783629
2 0.421548 0.361213 0.0292918 0.0393871 0.77637
2 0.353769 0.401636 0.0318599 0.0413205 0.769774
2 0.366929 0.699901 0.0326795 0.0519916 0.768608
2 0.414761 0.446606 0.0308951 0.0395052 0.765896
2 0.443001 0.499486 0.0350256 0.0514676 0.765592
2 0.479568 0.454819 0.0280531 0.0369546 0.763589
2 0.516085 0.420179 0.0298345 0.0404203 0.761157
2 0.547155 0.390977 0.0318053 0.0409496 0.756752
2 0.357303 0.653584 0.0401231 0.0418461 0.756213
2 0.548183 0.459368 0.0288773 0.0414148 0.750065
2 0.509615 0.503192 0.0268764 0.0377742 0.749755
2 0.469605 0.546798 0.039394 0.0514476 0.744957
2 0.358683 0.357574 0.0351583 0.048431 0.742826
2 0.558761 0.68896 0.0292517 0.0420288 0.742209
2 0.467646 0.682264 0.0302773 0.0385455 0.731673
2 0.604159 0.523794 0.0326425 0.0545949 0.71965
3 0.565862 0.596762 0.0305101 0.0402651 0.71881
2 0.535218 0.550217 0.0283085 0.0408424 0.70842
2 0.397598 0.662874 0.0304058 0.0407096 0.707521
2 0.614607 0.386337 0.032015 0.0447699 0.699638
2 0.436937 0.586397 0.029433 0.042453 0.699129
2 0.451051 0.377262 0.0310108 0.0488299 0.698487
3 0.498819 0.629047 0.0290897 0.0413002 0.695444
2 0.571444 0.514995 0.0298496 0.0409797 0.689589
2 0.376352 0.618452 0.0294714 0.0427271 0.681421
2 0.529665 0.681955 0.0285544 0.0417147 0.672232
2 0.516951 0.3736 0.0295836 0.0405669 0.665716
2 0.407502 0.533331 0.032081 0.039889 0.661366
2 0.396256 0.706597 0.0323982 0.0479144 0.659357
2 0.581993 0.38024 0.0260185 0.0406419 0.655334
2 0.536113 0.59518 0.0293623 0.0423627 0.65113
2 0.38985 0.356101 0.027663 0.0390688 0.648323
2 0.501103 0.586719 0.0311348 0.0407884 0.646297
2 0.569927 0.556236 0.0303906 0.0394671 0.630505
2 0.475694 0.41488 0.0345241 0.0421179 0.628634
3 0.547019 0.426493 0.0304318 0.0358803 0.627678
2 0.573919 0.421432 0.0305491 0.0412963 0.622788
2 0.409694 0.49005 0.0326201 0.0409282 0.605188
3 0.597642 0.595598 0.0359896 0.0455273 0.590279
2 0.43211 0.631107 0.0401354 0.0458733 0.566367
2 0.379064 0.546257 0.0254612 0.0363101 0.565205
3 0.496894 0.671544 0.0308315 0.0434023 0.547428
3 0.532766 0.635289 0.0317625 0.0437817 0.484276
3 0.433117 0.665428 0.0327187 0.0354496 0.476936
3 0.433916 0.703893 0.0312536 0.0451581 0.475667
3 0.468588 0.638327 0.0302734 0.0418605 0.432395
2 0.372239 0.702632 0.0391078 0.0537988 0.418295
3 0.56156 0.63754 0.0326212 0.0419739 0.393822
3 0.468924 0.631515 0.0309632 0.0366948 0.393754
3 0.595555 0.638397 0.0380162 0.0432177 0.393632
3 0.598562 0.578686 0.0356318 0.0581487 0.379749
2 0.359307 0.516853 0.046917 0.0436591 0.319919
2 0.454539 0.416333 0.024525 0.0388396 0.310221
3 0.440513 0.541045 0.0315448 0.0424657 0.30251
3 0.602266 0.563421 0.0298128 0.0299736 0.289409
3 0.46808 0.711897 0.0309809 0.0475176 0.277833
3 0.405708 0.618591 0.0310012 0.0478345 0.277361
3 0.499739 0.601102 0.0322863 0.0604415 0.262823
3 0.624624 0.599003 0.0282168 0.0489128 0.258032
3 0.624799 0.637266 0.0244401 0.0401383 0.252653
