0 0.47504 0.563926 0.31907 0.4134 0.985326
2 0.4256 0.42454 0.0299984 0.0391408 0.96137
2 0.424889 0.689614 0.0290115 0.0417109 0.921679
2 0.396851 0.673258 0.0315865 0.044557 0.915179
2 0.617628 0.468653 0.0332352 0.0406368 0.909091
2 0.582355 0.767688 0.0325785 0.0470204 0.907678
2 0.527754 0.451849 0.026767 0.0349993 0.900624
2 0.394606 0.41616 0.031278 0.0413641 0.899628
2 0.484867 0.487284 0.0304554 0.0398134 0.890432
2 0.548615 0.496852 0.0283916 0.0365375 0.87797
2 0.447955 0.522427 0.0292364 0.0381161 0.874453
2 0.460767 0.68845 0.0342861 0.0422102 0.87013
2 0.55981 0.41045 0.0321392 0.0419203 0.868499
2 0.434232 0.378937 0.0305046 0.0401111 0.857525
2 0.350293 0.501346 0.0343895 0.0411779 0.853668
2 0.387758 0.458643 0.0291565 0.0399812 0.835658
2 0.585601 0.723433 0.0311983 0.0478357 0.832989
2 0.371241 0.380078 0.031471 0.0426053 0.829521
2 0.49579 0.442354 0.0314541 0.0476664 0.82584
2 0.39082 0.725016 0.0291519 0.040502 0.82146
2 0.449011 0.482634 0.0283413 0.0414829 0.816484
2 0.422224 0.732982 0.0296255 0.0431066 0.810616
2 0.373686 0.634698 0.0289827 0.0407222 0.805395
2 0.623781 0.423879 0.0329868 0.0455029 0.799367
2 0.544845 0.537013 0.0304376 0.0395388 0.797473
2 0.591305 0.416852 0.0293013 0.0406524 0.795286
2 0.496209 0.396087 0.0292797 0.0391131 0.788642
2 0.422183 0.466308 0.028352 0.0383156 0.774796
2 0.465094 0.443761 0.0275023 0.0431819 0.771255
2 0.369106 0.686615 0.0292529 0.0452825 0.769171
2 0.473611 0.644552 0.0370895 0.0427551 0.765538
2 0.478858 0.526792 0.0298792 0.0393585 0.752224
2 0.466059 0.393269 0.0296144 0.0509626 0.749147
3 0.448266 0.558385 0.026594 0.0364434 0.74376
2 0.458323 0.732856 0.0334586 0.0483462 0.742862
2 0.402483 0.374564 0.0283812 0.0376603 0.726927
2 0.523637 0.416042 0.0309717 0.0388079 0.723828
2 0.417607 0.511354 0.0294307 0.0386853 0.707101
2 0.517466 0.488893 0.030904 0.0409326 0.693938
2 0.606497 0.544968 0.0321441 0.0451032 0.689207
3 0.383678 0.547111 0.0321711 0.0378074 0.68019
2 0.383423 0.509545 0.0317172 0.0408738 0.674146
2 0.532338 0.658903 0.0321781 0.0422447 0.665471
3 0.444523 0.600699 0.0300344 0.0455484 0.664411
2 0.372433 0.678036 0.029205 0.0510063 0.614686
2 0.338314 0.67389 0.0272687 0.0457086 0.600838
2 0.43783 0.650498 0.0291933 0.0422296 0.596557
2 0.59705 0.637617 0.0336988 0.0446259 0.594349
3 0.472547 0.60348 0.0284063 0.0390608 0.592027
2 0.57507 0.547668 0.0301845 0.039213 0.576779
2 0.343901 0.626424 0.0317587 0.0461993 0.573304
3 0.417231 0.54971 0.0330378 0.0385618 0.573146
3 0.414985 0.593121 0.0321636 0.0446955 0.568851
3 0.381653 0.589007 0.0335296 0.04826 0.566432
3 0.475521 0.565019 0.028257 0.0385231 0.538379
2 0.547517 0.756645 0.028587 0.0480583 0.524904
3 0.506462 0.570295 0.0311583 0.0394425 0.492
3 0.504746 0.612084 0.0350763 0.0452909 0.490366
2 0.354482 0.45695 0.0332568 0.0390427 0.480441
3 0.497876 0.653633 0.0274931 0.0398546 0.463341
3 0.492034 0.69561 0.0306425 0.0414206 0.456918
2 0.54397 0.596302 0.0327682 0.0456462 0.453658
2 0.325292 0.710564 0.042544 0.0463487 0.439436
3 0.612033 0.506906 0.0331032 0.0387884 0.435407
3 0.520257 0.699676 0.0292042 0.0420821 0.434432
3 0.510851 0.530059 0.0296354 0.0405935 0.373513
2 0.550324 0.458509 0.0226141 0.0356636 0.357278
3 0.505439 0.597223 0.0353412 0.0676422 0.35545
2 0.387646 0.670023 0.0384071 0.0361892 0.337446
3 0.619208 0.684624 0.0238584 0.0368517 0.337082
3 0.466914 0.579379 0.0463375 0.0603286 0.327201
3 0.593028 0.679447 0.0374804 0.0446033 0.306811
3 0.494187 0.679558 0.0321933 0.0702185 0.298071
3 0.580381 0.505772 0.0319008 0.0431137 0.287191
3 0.345619 0.581413 0.0406495 0.0473714 0.286678
3 0.602044 0.593377 0.0368431 0.0504425 0.28574
3 0.547927 0.707079 0.0299353 0.0455172 0.284117
3 0.572294 0.587104 0.0288792 0.0430662 0.2828
2 0.52754 0.451539 0.0335709 0.0400903 0.280671
3 0.581374 0.461996 0.0311529 0.0433827 0.275246
3 0.565454 0.629373 0.0333872 0.0426991 0.273773
3 0.559863 0.668689 0.0314674 0.0416672 0.272634
2 0.51134 0.530414 0.029895 0.0400228 0.267411
3 0.448129 0.53803 0.0290843 0.0530925 0.262213
2 0.579188 0.505427 0.0321806 0.0425765 0.254788
